Kind,Name,AvgCyclomaticModified,AvgEssential,AvgLineBlank,AvgLineComment,CountClassCoupled,CountDeclClass,CountDeclClassVariable,CountDeclFile,CountDeclInstanceMethod,CountDeclMethodAll,CountDeclMethodDefault,CountDeclMethodPrivate,CountDeclMethodPublic,CountLine,CountLineCode,CountLineCodeExe,CountOutput,CountPathLog,CountStmt,Cyclomatic,CyclomaticStrict,Knots,MaxCyclomaticModified,MaxEssential,MaxInheritanceTree,MinEssentialKnots,AvgCyclomatic,AvgCyclomaticStrict,AvgLine,AvgLineCode,CountClassBase,CountClassDerived,CountDeclClassMethod,CountDeclExecutableUnit,CountDeclFunction,CountDeclInstanceVariable,CountDeclMethod,CountDeclMethodProtected,CountInput,CountLineBlank,CountLineCodeDecl,CountLineComment,CountPath,CountSemicolon,CountStmtDecl,CountStmtExe,CyclomaticModified,Essential,MaxCyclomatic,MaxCyclomaticStrict,MaxEssentialKnots,MaxNesting,PercentLackOfCohesion,SumCyclomatic,SumCyclomaticStrict,SumEssential,SumCyclomaticModified,RatioCommentToCode
File,"AVLTree.java",3,2,0,4,,3,0,,26,,5,6,15,632,379,264,,,275,,,,10,5,,,3,3,19,13,,,0,26,24,9,26,0,,66,54,187,,200,56,219,,,10,13,,3,,95,98,60,87,0.49
File,"AVLTreeTest.java",2,1,2,0,,1,0,,8,,0,3,5,175,128,90,,,107,,,,3,1,,,2,2,17,14,,,0,8,8,0,8,0,,29,43,18,,89,36,71,,,3,3,,2,,17,17,8,17,0.14
File,"Abs.java",1,1,0,1,,1,0,,1,,0,0,1,34,8,1,,,6,,,,1,1,,,1,1,4,3,,,0,1,1,0,1,0,,3,5,23,,4,5,1,,,1,1,,0,,1,1,1,1,2.88
File,"AbstractConvergenceChecker.java",1,1,0,3,,1,2,,5,,0,0,5,89,27,8,,,18,,,,1,1,,,1,1,7,3,,,0,4,5,2,5,0,,8,16,54,,13,12,6,,,1,1,,0,,4,4,4,4,2.00
File,"AbstractDifferentiableUnivariateSolver.java",1,1,0,5,,1,0,,4,,0,0,0,80,26,6,,,15,,,,1,1,,,1,1,10,4,,,0,4,4,1,4,4,,7,15,47,,10,9,6,,,1,1,,0,,4,4,4,4,1.81
File,"AbstractFieldMatrix.java",2,1,1,2,,4,0,,70,,0,0,60,1123,748,452,,,624,,,,9,7,,,2,2,15,11,,,4,66,74,3,74,14,,149,218,227,,441,258,366,,,9,9,,3,,179,190,74,179,0.30
File,"AbstractFormat.java",1,1,0,6,,1,1,,9,,0,0,6,210,83,33,,,57,,,,4,1,,,1,1,11,5,,,4,13,13,2,13,7,,25,37,102,,39,30,27,,,4,5,,2,,18,19,13,18,1.23
File,"AbstractIntegerDistribution.java",2,1,0,8,,1,1,,8,,0,1,5,208,101,58,,,72,,,,9,5,,,2,3,19,10,,,0,8,8,1,8,2,,17,34,91,,48,32,40,,,9,14,,2,,23,29,12,23,0.90
File,"AbstractIntegrator.java",1,1,1,3,,2,0,,24,,0,0,18,414,223,108,,,170,,,,15,4,,,1,2,12,8,,,0,23,24,10,24,6,,70,87,121,,117,82,88,,,15,17,,3,,44,46,26,44,0.54
File,"AbstractLeastSquaresOptimizer.java",1,1,0,9,,1,1,,12,,0,0,8,315,127,61,,,112,,,,4,1,,,1,1,18,8,,,0,12,12,9,12,4,,25,58,163,,88,59,53,,,4,4,,3,,23,23,12,23,1.28
File,"AbstractLeastSquaresOptimizerAbstractTest.java",1,1,0,0,,3,1,,24,,0,0,24,529,402,288,,,247,,,,2,1,,,1,1,15,14,,,0,23,24,3,24,0,,48,165,79,,216,123,124,,,2,2,,1,,29,29,23,29,0.20
File,"AbstractLeastSquaresOptimizerTest.java",1,1,0,0,,2,0,,4,,0,0,4,98,73,45,,,58,,,,2,1,,,1,1,14,13,,,1,5,5,0,5,1,,12,39,13,,51,37,21,,,2,2,,1,,6,6,5,6,0.18
File,"AbstractLeastSquaresOptimizerTestValidation.java",4,1,9,22,,2,1,,4,,0,1,3,319,154,109,,,131,,,,8,1,,,4,4,64,33,,,0,4,4,0,4,0,,44,80,125,,110,80,51,,,8,8,,2,,17,17,4,17,0.81
File,"AbstractLinearOptimizer.java",1,1,0,2,,1,1,,11,,0,0,4,159,59,17,,,42,,,,2,1,,,1,1,7,4,,,0,10,11,6,11,7,,27,31,73,,30,26,16,,,2,2,,1,,11,11,10,11,1.24
File,"AbstractListChromosome.java",1,1,0,4,,1,0,,7,,0,0,5,102,27,6,,,20,,,,1,1,,,1,1,7,3,,,0,5,7,1,7,2,,10,15,65,,14,14,6,,,1,1,,0,,5,5,5,5,2.41
File,"AbstractMultipleLinearRegression.java",2,1,0,8,,1,0,,21,,0,0,10,384,158,79,,,121,,,,9,1,,,2,2,15,7,,,0,19,21,3,21,11,,29,55,199,,81,58,63,,,9,9,,3,,41,43,19,41,1.26
File,"AbstractParameterizable.java",1,1,0,2,,1,0,,5,,0,0,3,81,35,12,,,26,,,,3,3,,,1,1,8,5,,,0,5,5,1,5,2,,11,13,35,,14,14,12,,,3,3,,2,,9,9,7,9,1.00
File,"AbstractPolynomialSolver.java",1,1,0,4,,1,0,,5,,0,0,0,81,28,6,,,15,,,,1,1,,,1,1,8,4,,,0,5,5,1,5,5,,6,16,47,,9,9,6,,,1,1,,0,,5,5,5,5,1.68
File,"AbstractRandomGenerator.java",1,1,0,10,,1,0,,13,,0,0,13,272,79,41,,,61,,,,5,4,,,1,1,17,6,,,0,11,13,1,13,0,,18,27,175,,39,29,32,,,5,5,,3,,21,21,14,21,2.22
File,"AbstractRandomGeneratorTest.java",1,1,0,0,,1,0,,2,,0,0,1,38,12,4,,,8,,,,1,1,,,1,1,4,4,,,0,2,2,0,2,1,,5,6,21,,5,5,3,,,1,1,,0,,2,2,2,2,1.75
File,"AbstractRealDistribution.java",3,1,1,8,,2,2,,8,,0,0,6,229,111,65,,,77,,,,15,6,,,3,3,21,12,,,0,8,8,2,8,2,,23,36,95,,51,35,42,,,15,19,,5,,25,29,13,25,0.86
File,"AbstractRealDistributionTest.java",1,1,1,0,,5,2,,24,,0,0,24,209,165,115,,,119,,,,5,4,,,1,1,12,11,,,0,24,24,0,24,0,,27,41,17,,78,60,59,,,5,6,,1,,40,44,36,40,0.10
File,"AbstractRealMatrix.java",2,1,1,1,,6,0,,69,,0,0,67,951,673,418,,,581,,,,10,7,,,2,2,13,10,,,0,63,69,6,69,2,,132,191,146,,419,245,336,,,10,10,,3,,160,165,71,160,0.22
File,"AbstractRegion.java",2,1,1,5,,4,0,,36,,0,6,23,642,347,218,,,233,,,,18,7,,,2,3,16,10,,,0,34,36,5,36,7,,92,87,203,,152,87,146,,,20,27,,3,,97,109,40,89,0.59
File,"AbstractScalarDifferentiableOptimizer.java",1,1,0,4,,1,0,,4,,0,0,1,81,28,4,,,18,,,,1,1,,,1,1,8,3,,,0,4,4,1,4,3,,7,20,46,,13,14,4,,,1,1,,0,,4,4,4,4,1.64
File,"AbstractSimplex.java",2,1,0,8,,1,0,,14,,0,1,7,345,156,80,,,129,,,,10,5,,,2,2,18,9,,,1,14,15,3,15,7,,27,49,162,,89,55,74,,,10,10,,4,,39,41,18,39,1.04
File,"AbstractStepInterpolator.java",1,1,1,6,,1,0,,30,,0,2,19,592,278,173,,,228,,,,5,1,,,1,1,16,9,,,0,26,30,18,30,9,,89,67,225,,186,63,165,,,5,5,,3,,43,43,26,43,0.81
File,"AbstractStorelessUnivariateStatistic.java",2,1,0,12,,1,0,,10,,0,0,10,184,59,22,,,39,,,,3,3,,,2,2,19,6,,,0,6,10,0,10,0,,13,25,112,,25,19,20,,,3,4,,2,,13,14,8,13,1.90
File,"AbstractSubHyperplane.java",1,1,0,3,,1,0,,12,,0,1,9,159,65,26,,,38,,,,5,1,,,1,1,10,5,,,0,9,12,2,12,2,,23,35,71,,26,24,14,,,5,5,,1,,13,13,9,13,1.09
File,"AbstractUnivariateSolver.java",1,1,0,6,,1,0,,3,,0,0,0,61,18,3,,,9,,,,1,1,,,1,1,10,4,,,0,3,3,0,3,3,,3,11,40,,5,6,3,,,1,1,,0,,3,3,3,3,2.22
File,"AbstractUnivariateStatistic.java",2,1,1,13,,1,0,,12,,0,0,7,289,92,39,,,61,,,,9,1,,,2,2,22,7,,,0,10,12,1,12,5,,28,30,169,,37,23,38,,,9,10,,2,,25,27,10,25,1.84
File,"AbstractUnivariateStatisticTest.java",6,1,0,8,,1,0,,2,,0,0,2,103,68,45,,,49,,,,9,1,,,6,6,30,26,,,0,2,2,6,2,0,,6,16,37,,36,16,33,,,9,9,,2,,12,12,2,12,0.54
File,"AbstractWell.java",1,1,1,7,,1,1,,8,,0,0,3,186,66,32,,,54,,,,4,1,,,1,1,15,7,,,0,7,8,7,8,5,,30,26,91,,42,24,30,,,4,4,,2,,11,11,7,11,1.38
File,"AbtractIntegerDistributionTest.java",1,1,0,0,,2,1,,9,,0,0,9,105,67,35,,,49,,,,3,3,,,1,1,6,6,,,0,9,9,3,9,0,,13,22,26,,32,23,26,,,3,3,,1,,15,16,11,15,0.39
File,"Acos.java",1,1,0,1,,2,0,,3,,0,0,3,45,16,5,,,11,,,,1,1,,,1,1,5,4,,,0,3,3,0,3,0,,4,7,25,,7,8,3,,,1,1,,0,,3,3,3,3,1.56
File,"Acosh.java",1,1,0,1,,2,0,,3,,0,0,3,45,16,5,,,11,,,,1,1,,,1,1,5,4,,,0,3,3,0,3,0,,4,7,25,,7,8,3,,,1,1,,0,,3,3,3,3,1.56
File,"AdamsBashforthIntegrator.java",4,1,9,14,,1,1,,3,,0,0,3,315,106,74,,,83,,,,12,1,,,4,4,55,31,,,0,3,3,0,3,0,,36,44,173,,72,35,48,,,12,12,,3,,14,14,3,14,1.63
File,"AdamsBashforthIntegratorTest.java",1,1,2,0,,1,0,,6,,0,0,6,157,110,72,,,80,,,,3,1,,,1,1,18,15,,,0,6,6,0,6,0,,28,59,19,,70,51,29,,,3,3,,2,,9,9,6,9,0.17
File,"AdamsIntegrator.java",1,1,0,11,,1,0,,6,,0,0,5,134,44,9,,,21,,,,1,1,,,1,1,17,6,,,0,5,6,1,6,1,,12,29,78,,15,14,7,,,1,1,,0,,5,5,5,5,1.77
File,"AdamsMoultonIntegrator.java",3,1,4,8,,2,1,,7,,0,0,7,411,146,94,,,115,,,,11,1,,,3,3,31,18,,,0,7,7,4,7,0,,51,59,214,,96,50,65,,,11,11,,3,,21,21,7,21,1.47
File,"AdamsMoultonIntegratorTest.java",1,1,2,0,,1,0,,6,,0,0,6,157,110,72,,,80,,,,3,1,,,1,1,18,15,,,0,6,6,0,6,0,,28,59,19,,70,51,29,,,3,3,,2,,9,9,6,9,0.17
File,"AdamsNordsieckTransformer.java",2,1,2,10,,1,1,,6,,0,2,5,340,115,64,,,106,,,,4,1,,,2,2,26,13,,,1,7,7,2,7,0,,30,62,195,,87,63,43,,,4,4,,2,,17,17,7,17,1.70
File,"AdaptiveStepsizeIntegrator.java",2,1,2,8,,1,0,,13,,0,0,10,372,159,81,,,113,,,,12,1,,,2,2,21,11,,,0,12,13,8,13,3,,53,60,161,,85,42,71,,,12,13,,2,,31,35,12,31,1.01
File,"Add.java",1,1,0,1,,1,0,,1,,0,0,1,33,7,1,,,5,,,,1,1,,,1,1,4,3,,,0,1,1,0,1,0,,3,4,23,,3,4,1,,,1,1,,0,,1,1,1,1,3.29
File,"AggregateSummaryStatistics.java",1,1,0,7,,2,2,,20,,0,0,21,416,162,81,,,106,,,,8,3,,,1,1,14,6,,,1,21,21,3,21,0,,33,52,221,,61,46,60,,,8,10,,2,,33,36,25,33,1.36
File,"AggregateSummaryStatisticsTest.java",3,1,3,8,,1,0,,7,,0,2,5,297,169,117,,,170,,,,6,3,,,3,3,30,19,,,1,8,8,0,8,1,,41,64,87,,141,77,93,,,6,8,,2,,29,31,10,29,0.51
File,"AllowedSolution.java",1,1,0,0,,1,0,,2,,0,0,2,76,8,0,,,2,,,,1,1,,,1,1,0,0,,,0,2,0,5,2,0,,8,7,60,,2,2,0,,,1,1,,0,,2,2,2,2,7.50
File,"AnyMatrix.java",0,0,0,0,,1,0,,3,,3,0,0,48,6,0,,,5,,,,0,0,,,0,0,0,0,,,0,0,3,0,3,0,,7,5,35,,4,5,0,,,0,0,,0,,0,0,0,0,5.83
File,"ArgUtils.java",3,1,0,5,,1,0,,1,,0,1,1,56,21,9,,,16,,,,5,1,,,3,3,13,8,,,1,2,2,0,2,0,,3,7,32,,7,9,7,,,5,5,,4,,6,6,2,6,1.52
File,"ArgUtilsTest.java",1,1,1,3,,1,0,,2,,0,1,1,76,42,26,,,19,,,,2,1,,,1,1,21,17,,,0,2,2,0,2,0,,7,14,27,,15,13,6,,,2,2,,1,,3,3,2,3,0.64
File,"ArithmeticUtils.java",4,1,1,16,,1,1,,1,,0,3,24,958,440,291,,,308,,,,11,6,,,4,5,32,15,,,26,27,27,0,27,0,,58,74,476,,194,80,228,,,11,15,,4,,117,137,39,117,1.08
File,"ArithmeticUtilsTest.java",3,1,1,2,,1,1,,25,,0,5,20,769,602,450,,,450,,,,9,3,,,3,3,27,22,,,0,25,25,0,25,0,,79,132,88,,358,112,338,,,9,11,,3,,91,95,27,91,0.15
File,"Array2DRowFieldMatrix.java",2,1,0,4,,1,1,,34,,0,2,32,589,349,192,,,294,,,,8,1,,,2,2,14,9,,,0,34,34,1,34,0,,54,129,186,,216,127,167,,,8,8,,3,,79,80,34,79,0.53
File,"Array2DRowRealMatrix.java",2,1,0,3,,1,1,,31,,0,2,29,528,335,186,,,285,,,,8,1,,,2,2,14,9,,,0,31,31,1,31,0,,50,124,143,,208,124,161,,,8,8,,3,,78,79,31,78,0.43
File,"Array2DRowRealMatrixTest.java",2,1,0,1,,3,0,,51,,0,7,42,1154,944,683,,,682,,,,10,1,,,2,2,18,16,,,0,51,51,40,51,2,,93,283,118,,537,242,440,,,10,10,,3,,152,152,51,152,0.12
File,"ArrayFieldVector.java",2,1,0,4,,1,1,,62,,0,2,58,879,490,280,,,393,,,,7,7,,,2,2,12,7,,,0,62,62,2,62,2,,69,109,322,,263,133,260,,,7,7,,3,,131,136,68,131,0.66
File,"ArrayFieldVectorTest.java",1,1,1,0,,2,1,,50,,0,2,47,660,462,310,,,358,,,,6,1,,,1,1,10,8,,,0,50,50,10,50,1,,129,192,70,,288,170,188,,,6,6,,1,,68,68,50,68,0.15
File,"ArrayRealVector.java",2,1,0,3,,1,2,,61,,0,0,59,884,574,323,,,449,,,,7,7,,,2,2,12,8,,,0,61,61,1,61,2,,71,188,239,,309,183,266,,,7,7,,3,,136,136,72,136,0.42
File,"ArrayRealVectorTest.java",1,1,1,1,,4,1,,88,,0,1,86,1433,1072,758,,,881,,,,5,1,,,1,1,13,11,,,0,88,88,13,88,1,,243,506,118,,761,458,423,,,5,5,,2,,118,118,88,118,0.11
File,"Asin.java",1,1,0,1,,2,0,,3,,0,0,3,45,16,5,,,11,,,,1,1,,,1,1,5,4,,,0,3,3,0,3,0,,4,7,25,,7,8,3,,,1,1,,0,,3,3,3,3,1.56
File,"Asinh.java",1,1,0,1,,2,0,,3,,0,0,3,45,16,5,,,11,,,,1,1,,,1,1,5,4,,,0,3,3,0,3,0,,4,7,25,,7,8,3,,,1,1,,0,,3,3,3,3,1.56
File,"Atan.java",1,1,0,1,,2,0,,3,,0,0,3,45,16,5,,,11,,,,1,1,,,1,1,5,4,,,0,3,3,0,3,0,,4,7,25,,7,8,3,,,1,1,,0,,3,3,3,3,1.56
File,"Atan2.java",1,1,0,1,,1,0,,1,,0,0,1,34,8,1,,,6,,,,1,1,,,1,1,4,3,,,0,1,1,0,1,0,,3,5,23,,4,5,1,,,1,1,,0,,1,1,1,1,2.88
File,"Atanh.java",1,1,0,1,,2,0,,3,,0,0,3,45,16,5,,,11,,,,1,1,,,1,1,5,4,,,0,3,3,0,3,0,,4,7,25,,7,8,3,,,1,1,,0,,3,3,3,3,1.56
File,"BOBYQAOptimizer.java",20,5,11,35,,2,17,,11,,1,11,2,2484,1636,1243,,,1504,,,,129,31,,,21,22,149,105,,,4,15,15,22,15,1,,194,385,689,,1197,479,1025,,,137,139,,6,,328,337,80,312,0.42
File,"BOBYQAOptimizerTest.java",1,1,0,0,,15,1,,52,,17,4,33,624,455,241,,,330,,,,10,1,,,1,1,8,7,,,2,54,54,13,54,0,,82,216,91,,235,187,143,,,10,10,,3,,84,85,54,84,0.20
File,"BSPTree.java",2,1,1,9,,2,0,,22,,1,5,16,635,290,198,,,204,,,,6,5,,,2,3,23,13,,,0,21,22,5,22,0,,66,51,281,,154,49,155,,,8,9,,3,,57,63,30,50,0.97
File,"BSPTreeVisitor.java",1,1,0,0,,2,0,,5,,3,0,2,115,15,0,,,7,,,,1,1,,,1,1,0,0,,,0,2,3,6,5,0,,16,13,84,,6,7,0,,,1,1,,0,,2,2,2,2,5.60
File,"BaseAbstractMultivariateOptimizer.java",1,1,0,3,,1,0,,10,,0,0,6,149,67,25,,,50,,,,4,1,,,1,1,8,5,,,0,9,10,5,10,4,,15,29,67,,36,27,23,,,4,4,,1,,13,13,9,13,1.00
File,"BaseAbstractMultivariateSimpleBoundsOptimizer.java",3,1,0,3,,1,0,,6,,0,0,4,140,77,34,,,59,,,,13,1,,,3,3,14,10,,,0,6,6,2,6,2,,11,30,52,,40,28,31,,,13,13,,3,,18,18,6,18,0.68
File,"BaseAbstractMultivariateVectorOptimizer.java",1,1,0,3,,1,0,,11,,0,0,5,164,78,31,,,58,,,,6,1,,,1,1,9,5,,,0,10,11,6,11,6,,15,31,71,,41,29,29,,,6,6,,1,,16,16,10,16,0.91
File,"BaseAbstractUnivariateIntegrator.java",1,1,0,6,,1,4,,15,,0,0,7,281,109,41,,,73,,,,3,1,,,1,1,12,5,,,0,14,15,8,15,8,,39,54,133,,55,39,34,,,3,3,,1,,17,17,14,17,1.22
File,"BaseAbstractUnivariateOptimizer.java",1,1,0,3,,1,0,,12,,0,0,9,161,76,27,,,53,,,,3,1,,,1,1,8,5,,,0,11,12,7,12,3,,14,35,71,,38,28,25,,,3,3,,1,,14,14,11,14,0.93
File,"BaseAbstractUnivariateSolver.java",1,1,0,5,,1,2,,23,,0,0,11,299,120,42,,,75,,,,2,1,,,1,1,9,4,,,0,22,23,8,23,12,,21,57,158,,51,41,34,,,2,2,,1,,23,23,22,23,1.32
File,"BaseMultivariateMultiStartOptimizer.java",2,1,0,6,,2,0,,8,,0,1,6,191,86,42,,,61,,,,5,3,,,2,2,17,10,,,0,8,8,6,8,1,,17,31,89,,44,28,33,,,5,5,,2,,19,20,10,19,1.03
File,"BaseMultivariateOptimizer.java",0,0,0,0,,1,0,,1,,1,0,0,57,7,0,,,4,,,,0,0,,,0,0,0,0,,,0,0,1,0,1,0,,3,6,47,,3,4,0,,,0,0,,0,,0,0,0,0,6.71
File,"BaseMultivariateSimpleBoundsOptimizer.java",0,0,0,0,,1,0,,1,,1,0,0,64,8,0,,,4,,,,0,0,,,0,0,0,0,,,0,0,1,0,1,0,,3,7,53,,3,4,0,,,0,0,,0,,0,0,0,0,6.62
File,"BaseMultivariateVectorMultiStartOptimizer.java",2,1,0,6,,2,0,,9,,0,2,6,203,96,48,,,70,,,,6,3,,,2,2,17,10,,,0,9,9,6,9,1,,18,34,90,,51,32,38,,,6,6,,2,,21,22,11,21,0.94
File,"BaseMultivariateVectorOptimizer.java",0,0,0,0,,1,0,,1,,1,0,0,59,7,0,,,4,,,,0,0,,,0,0,0,0,,,0,0,1,0,1,0,,3,6,49,,3,4,0,,,0,0,,0,,0,0,0,0,7.00
File,"BaseOptimizer.java",0,0,0,0,,1,0,,3,,3,0,0,60,6,0,,,5,,,,0,0,,,0,0,0,0,,,0,0,3,0,3,0,,4,5,50,,4,5,0,,,0,0,,0,,0,0,0,0,8.33
File,"BaseSecantSolver.java",3,3,1,5,,2,1,,9,,0,0,5,273,146,89,,,87,,,,20,21,,,4,4,20,14,,,0,9,7,5,9,4,,27,44,100,,64,27,60,,,30,30,,4,,38,38,29,28,0.68
File,"BaseSecantSolverAbstractTest.java",2,1,1,4,,1,0,,11,,0,1,8,258,167,106,,,124,,,,4,3,,,2,2,21,16,,,0,9,11,0,11,2,,25,84,69,,99,66,58,,,4,4,,2,,24,25,13,24,0.41
File,"BaseUnivariateOptimizer.java",0,0,0,0,,1,0,,2,,2,0,0,85,12,0,,,7,,,,0,0,,,0,0,0,0,,,0,0,2,0,2,0,,4,11,69,,6,7,0,,,0,0,,0,,0,0,0,0,5.75
File,"BaseUnivariateSolver.java",0,0,0,0,,1,0,,8,,8,0,0,139,12,0,,,11,,,,0,0,,,0,0,0,0,,,0,0,8,0,8,0,,10,11,117,,10,11,0,,,0,0,,0,,0,0,0,0,9.75
File,"Beta.java",1,1,0,10,,2,1,,3,,0,1,6,207,80,44,,,40,,,,3,1,,,1,2,20,10,,,6,9,9,0,9,2,,15,26,113,,26,19,21,,,3,9,,1,,13,22,9,13,1.41
File,"BetaDistribution.java",1,1,0,4,,1,2,,16,,0,1,14,226,95,45,,,70,,,,6,4,,,1,1,9,5,,,0,16,16,4,16,1,,18,36,113,,45,35,35,,,6,7,,2,,24,25,21,24,1.19
File,"BetaDistributionTest.java",1,1,1,0,,1,0,,5,,0,2,3,305,276,254,,,83,,,,3,1,,,1,1,55,53,,,0,5,5,0,5,0,,12,18,17,,74,18,65,,,3,3,,1,,8,8,5,8,0.06
File,"BetaTest.java",1,1,0,0,,1,0,,19,,0,2,17,122,82,21,,,44,,,,1,1,,,1,1,3,3,,,0,19,19,0,19,0,,21,43,19,,24,25,19,,,1,1,,0,,19,19,19,19,0.23
File,"BiDiagonalTransformer.java",6,1,2,6,,1,0,,10,,4,2,4,381,232,156,,,231,,,,15,1,,,6,6,31,22,,,0,10,10,6,10,0,,50,68,99,,174,97,134,,,15,15,,5,,64,64,10,64,0.43
File,"BiDiagonalTransformerTest.java",1,1,0,0,,1,0,,12,,0,4,8,204,159,107,,,101,,,,6,1,,,1,1,11,11,,,0,12,12,2,12,0,,25,76,20,,83,54,47,,,6,8,,4,,17,19,12,17,0.13
File,"BicubicSplineInterpolatingFunction.java",2,1,1,5,,7,2,,25,,0,6,19,545,307,196,,,235,,,,12,4,,,2,2,19,12,,,0,25,25,10,25,0,,60,123,178,,172,115,120,,,12,15,,2,,61,66,28,61,0.58
File,"BicubicSplineInterpolatingFunctionTest.java",3,1,1,2,,14,0,,18,,0,0,18,447,345,252,,,297,,,,12,1,,,3,3,26,22,,,0,18,18,0,18,0,,31,106,71,,239,130,167,,,12,12,,2,,57,57,18,57,0.21
File,"BicubicSplineInterpolator.java",6,1,3,10,,1,0,,3,,0,2,1,143,77,47,,,74,,,,14,1,,,6,6,36,22,,,0,3,3,0,3,0,,14,30,52,,57,37,37,,,14,16,,2,,18,20,3,18,0.68
File,"BicubicSplineInterpolatorTest.java",2,1,3,3,,3,0,,5,,0,0,5,170,111,77,,,95,,,,5,1,,,2,2,28,21,,,0,5,5,0,5,0,,21,40,38,,81,40,55,,,5,5,,2,,13,13,5,13,0.34
File,"BigFraction.java",1,1,0,10,,1,16,,53,,0,1,53,1142,416,238,,,287,,,,8,1,,,1,1,18,6,,,1,54,54,2,54,0,,99,139,628,,192,122,165,,,8,11,,2,,96,102,54,96,1.51
File,"BigFractionField.java",1,1,0,2,,2,2,,5,,0,2,4,83,27,7,,,19,,,,1,1,,,1,1,4,2,,,1,6,6,0,6,0,,12,14,44,,11,14,5,,,1,1,,0,,6,6,6,6,1.63
File,"BigFractionFieldTest.java",1,1,0,0,,1,0,,3,,0,0,3,43,19,4,,,12,,,,1,1,,,1,1,3,3,,,0,3,3,0,3,0,,7,12,17,,8,9,3,,,1,1,,0,,3,3,3,3,0.89
File,"BigFractionFormat.java",1,1,1,7,,1,1,,8,,0,0,13,288,120,65,,,84,,,,4,5,,,1,1,16,7,,,6,14,14,0,14,1,,34,44,134,,60,37,47,,,5,5,,1,,25,26,18,24,1.12
File,"BigFractionFormatTest.java",1,1,1,0,,1,0,,21,,0,0,20,332,259,162,,,181,,,,3,1,,,1,1,12,10,,,0,21,21,2,21,1,,49,96,24,,151,73,108,,,3,3,,1,,29,29,21,29,0.09
File,"BigFractionTest.java",1,1,2,0,,1,0,,29,,0,2,27,625,496,382,,,408,,,,5,1,,,1,1,18,15,,,0,29,29,0,29,0,,93,130,36,,362,99,309,,,5,5,,2,,43,44,29,43,0.07
File,"BigReal.java",1,1,0,3,,1,3,,34,,0,0,34,326,136,49,,,93,,,,3,3,,,1,1,6,3,,,0,34,34,3,34,0,,45,53,145,,54,51,42,,,3,3,,1,,38,38,36,38,1.07
File,"BigRealField.java",1,1,0,2,,2,2,,5,,0,2,4,84,27,7,,,19,,,,1,1,,,1,1,4,2,,,1,6,6,0,6,0,,13,14,44,,11,14,5,,,1,1,,0,,6,6,6,6,1.63
File,"BigRealFieldTest.java",1,1,0,0,,1,0,,3,,0,0,3,43,19,4,,,12,,,,1,1,,,1,1,3,3,,,0,3,3,0,3,0,,7,12,17,,8,9,3,,,1,1,,0,,3,3,3,3,0.89
File,"BigRealTest.java",1,1,0,0,,1,0,,14,,0,0,14,189,154,99,,,97,,,,2,1,,,1,1,9,9,,,0,14,14,0,14,0,,19,68,16,,80,51,46,,,2,2,,1,,15,16,14,15,0.10
File,"BinaryChromosome.java",2,1,0,5,,1,0,,4,,0,0,3,103,45,19,,,33,,,,5,5,,,2,2,13,7,,,1,5,5,0,5,2,,9,15,49,,19,15,18,,,5,5,,2,,12,13,9,12,1.09
File,"BinaryChromosomeTest.java",2,1,0,0,,1,0,,3,,0,0,3,65,39,21,,,28,,,,3,1,,,2,2,11,10,,,0,3,3,0,3,0,,9,18,17,,20,16,12,,,3,3,,2,,6,6,3,6,0.44
File,"BinaryMutation.java",3,1,3,9,,1,0,,1,,0,0,1,57,18,8,,,15,,,,3,1,,,3,3,23,11,,,0,1,1,0,1,0,,8,11,31,,12,11,4,,,3,3,,1,,3,3,1,3,1.72
File,"BinaryMutationTest.java",4,1,2,2,,1,0,,1,,0,0,1,44,19,9,,,18,,,,4,1,,,4,4,17,13,,,0,1,1,0,1,0,,7,10,18,,13,11,7,,,4,4,,3,,4,4,1,4,0.95
File,"BinomialDistribution.java",1,1,0,5,,1,1,,10,,0,0,10,162,67,31,,,46,,,,3,1,,,1,1,11,5,,,0,10,10,2,10,0,,13,23,82,,30,23,23,,,3,4,,1,,17,19,10,17,1.22
File,"BinomialDistributionTest.java",1,1,0,1,,1,0,,11,,0,0,11,145,88,48,,,62,,,,2,1,,,1,1,8,6,,,0,11,11,0,11,0,,19,32,38,,49,22,40,,,2,2,,1,,12,12,11,12,0.43
File,"BisectionSolver.java",1,1,0,4,,1,1,,4,,0,0,3,90,39,19,,,28,,,,4,3,,,1,1,13,8,,,0,4,4,0,4,1,,7,16,44,,20,14,14,,,4,4,,2,,7,7,6,7,1.13
File,"BisectionSolverTest.java",1,1,4,0,,1,0,,3,,0,0,3,91,54,34,,,47,,,,1,1,,,1,1,18,14,,,0,3,3,0,3,0,,18,22,19,,43,19,28,,,1,1,,0,,3,3,3,3,0.35
File,"BitsStreamGenerator.java",1,1,0,3,,1,0,,14,,0,0,13,168,82,44,,,64,,,,4,3,,,1,1,10,7,,,0,10,14,1,14,1,,23,34,63,,48,34,30,,,4,4,,2,,16,16,12,16,0.77
File,"BitsStreamGeneratorTest.java",1,1,0,0,,3,0,,8,,0,0,6,83,42,12,,,25,,,,1,1,,,1,1,3,3,,,0,8,8,1,8,2,,14,21,27,,14,15,10,,,1,1,,0,,8,8,8,8,0.64
File,"BivariateFunction.java",0,0,0,0,,1,0,,1,,1,0,0,36,4,0,,,3,,,,0,0,,,0,0,0,0,,,0,0,1,0,1,0,,3,3,29,,2,3,0,,,0,0,,0,,0,0,0,0,7.25
File,"BivariateGridInterpolator.java",0,0,0,0,,1,0,,1,,1,0,0,45,6,0,,,4,,,,0,0,,,0,0,0,0,,,0,0,1,0,1,0,,2,5,37,,3,4,0,,,0,0,,0,,0,0,0,0,6.17
File,"BlockFieldMatrix.java",3,1,2,4,,1,2,,50,,1,3,48,1549,1068,758,,,965,,,,8,1,,,3,3,26,19,,,2,52,52,5,52,0,,167,460,314,,776,504,461,,,8,8,,7,,189,191,52,189,0.29
File,"BlockFieldMatrixTest.java",3,1,0,1,,3,0,,59,,0,8,51,1378,1165,799,,,839,,,,23,1,,,3,3,18,16,,,0,59,59,39,59,0,,114,405,100,,654,315,524,,,23,23,,3,,194,197,59,194,0.09
File,"BlockRealMatrix.java",3,1,1,4,,1,2,,52,,1,3,50,1536,1088,765,,,990,,,,8,1,,,3,3,25,19,,,2,54,54,5,54,0,,139,464,309,,791,513,477,,,8,8,,7,,198,200,54,198,0.28
File,"BlockRealMatrixTest.java",3,1,0,1,,3,0,,61,,0,8,51,1282,1064,746,,,848,,,,23,1,,,3,3,17,15,,,0,61,61,39,61,2,,114,335,105,,662,324,524,,,23,23,,3,,193,196,61,193,0.10
File,"BoundaryAttribute.java",1,1,0,7,,1,0,,3,,0,0,3,84,17,4,,,12,,,,1,1,,,1,1,11,3,,,0,3,3,2,3,0,,8,9,59,,8,8,4,,,1,1,,0,,3,3,3,3,3.47
File,"BoundarySizeVisitor.java",1,1,0,1,,1,0,,5,,0,0,5,66,27,8,,,17,,,,3,1,,,1,1,6,4,,,0,5,5,1,5,0,,9,12,30,,9,10,7,,,3,3,,1,,7,7,5,7,1.11
File,"BracketFinder.java",2,1,1,4,,1,2,,12,,0,1,11,287,150,99,,,117,,,,16,5,,,2,2,16,10,,,0,12,12,8,12,0,,27,45,110,,92,44,73,,,16,16,,3,,30,30,16,30,0.73
File,"BracketFinderTest.java",1,1,1,0,,5,0,,8,,0,0,8,118,81,50,,,58,,,,2,1,,,1,1,12,11,,,0,8,8,0,8,0,,17,28,20,,47,24,34,,,2,2,,1,,10,10,8,10,0.25
File,"BracketedUnivariateSolver.java",0,0,0,0,,1,0,,2,,2,0,0,93,9,0,,,5,,,,0,0,,,0,0,0,0,,,0,0,2,0,2,0,,6,8,78,,4,5,0,,,0,0,,0,,0,0,0,0,8.67
File,"BracketingNthOrderBrentSolver.java",4,2,4,10,,1,4,,9,,0,1,7,403,214,143,,,159,,,,23,13,,,4,5,36,21,,,0,9,9,2,9,1,,58,67,131,,125,53,106,,,27,31,,4,,41,45,21,37,0.61
File,"BracketingNthOrderBrentSolverDFP.java",3,2,4,13,,1,1,,10,,0,1,9,438,205,140,,,158,,,,25,13,,,4,4,36,19,,,0,10,10,5,10,0,,61,59,172,,125,54,104,,,29,33,,4,,42,46,22,38,0.84
File,"BracketingNthOrderBrentSolverDFPTest.java",1,1,0,0,,8,0,,13,,0,1,12,171,126,80,,,80,,,,4,1,,,1,1,11,10,,,0,13,13,4,13,0,,19,45,26,,63,41,39,,,8,8,,1,,21,21,13,17,0.21
File,"BracketingNthOrderBrentSolverTest.java",1,1,0,0,,10,0,,32,,0,2,27,210,156,86,,,111,,,,3,1,,,1,1,5,4,,,0,30,32,3,32,3,,25,56,29,,77,56,55,,,3,3,,1,,32,32,30,32,0.19
File,"BrentOptimizer.java",9,2,5,14,,1,2,,3,,0,0,2,271,169,122,,,119,,,,24,5,,,9,11,70,51,,,0,3,3,2,3,1,,22,48,82,,92,42,77,,,24,30,,6,,28,34,7,28,0.49
File,"BrentOptimizerTest.java",1,1,0,1,,2,0,,8,,0,0,8,160,114,72,,,89,,,,3,3,,,1,1,14,12,,,0,8,8,0,8,0,,16,55,30,,74,50,39,,,3,3,,1,,14,14,10,14,0.26
File,"BrentSolver.java",3,2,2,9,,1,1,,6,,0,1,4,229,127,88,,,92,,,,11,6,,,3,4,30,19,,,0,6,6,0,6,1,,19,40,83,,70,35,57,,,11,17,,3,,21,27,13,21,0.65
File,"BrentSolverTest.java",2,1,2,14,,1,0,,5,,0,0,5,240,130,94,,,109,,,,4,1,,,2,2,37,22,,,0,5,5,0,5,0,,16,37,97,,98,32,77,,,4,4,,1,,10,10,5,10,0.75
File,"CMAESOptimizer.java",3,1,0,6,,3,6,,31,,1,33,18,1346,808,504,,,672,,,,30,21,,,3,3,19,13,,,22,53,53,50,53,1,,83,255,482,,506,286,386,,,30,36,,4,,175,186,84,175,0.60
File,"CMAESOptimizerTest.java",1,1,0,0,,15,2,,55,,17,3,37,698,580,337,,,402,,,,10,1,,,1,1,9,8,,,2,57,57,12,57,0,,79,287,43,,305,240,162,,,10,10,,3,,86,87,57,86,0.07
File,"CardanEulerSingularityException.java",2,1,0,6,,1,1,,1,,0,0,1,45,10,2,,,7,,,,2,1,,,2,2,9,3,,,0,1,1,0,1,0,,7,7,28,,5,6,1,,,2,2,,0,,2,2,1,2,2.80
File,"CauchyDistribution.java",1,1,0,5,,1,2,,17,,0,0,16,219,82,32,,,58,,,,4,1,,,1,1,9,4,,,0,17,17,3,17,1,,19,33,118,,36,30,28,,,4,5,,1,,21,22,17,21,1.44
File,"CauchyDistributionTest.java",1,1,0,0,,1,0,,10,,0,0,10,121,71,32,,,42,,,,3,1,,,1,1,6,5,,,0,10,10,1,10,0,,17,29,33,,29,19,23,,,3,3,,1,,12,12,10,12,0.46
File,"Cbrt.java",1,1,0,1,,2,0,,3,,0,0,3,45,16,5,,,11,,,,1,1,,,1,1,5,4,,,0,3,3,0,3,0,,4,7,25,,7,8,3,,,1,1,,0,,3,3,3,3,1.56
File,"Ceil.java",1,1,0,1,,1,0,,1,,0,0,1,34,8,1,,,6,,,,1,1,,,1,1,4,3,,,0,1,1,0,1,0,,3,5,23,,4,5,1,,,1,1,,0,,1,1,1,1,2.88
File,"CertifiedDataAbstractTest.java",3,1,1,1,,1,0,,7,,0,1,3,160,108,61,,,79,,,,6,6,,,3,3,16,13,,,0,6,7,3,7,3,,25,44,27,,60,42,37,,,6,6,,4,,18,19,11,18,0.25
File,"CertifiedDataTest.java",3,1,5,4,,1,0,,3,,0,1,2,153,94,69,,,74,,,,7,1,,,3,3,36,26,,,0,3,3,2,3,0,,26,24,33,,64,22,52,,,7,7,,2,,9,9,3,9,0.35
File,"Characterization.java",1,1,0,3,,1,0,,6,,0,0,6,90,37,16,,,24,,,,4,1,,,1,1,8,5,,,0,6,6,2,6,0,,11,11,42,,14,11,13,,,4,4,,2,,9,11,6,9,1.14
File,"ChiSquareTest.java",3,1,2,24,,1,0,,15,,0,5,10,678,228,123,,,168,,,,9,1,,,3,3,41,14,,,0,15,15,0,15,0,,53,81,398,,120,67,101,,,9,11,,3,,47,52,15,47,1.75
File,"ChiSquareTestTest.java",2,1,2,4,,1,0,,7,,0,0,7,261,182,132,,,112,,,,6,1,,,2,2,30,23,,,0,7,7,1,7,0,,29,59,50,,91,46,66,,,6,6,,1,,20,20,7,20,0.27
File,"ChiSquaredDistribution.java",1,1,0,4,,1,2,,14,,0,0,13,164,52,17,,,35,,,,1,1,,,1,1,7,3,,,0,14,14,2,14,1,,15,22,97,,20,20,15,,,1,1,,0,,14,14,14,14,1.87
File,"ChiSquaredDistributionTest.java",1,1,0,1,,1,0,,12,,0,1,11,137,81,39,,,51,,,,2,1,,,1,1,6,5,,,0,12,12,0,12,0,,19,32,37,,37,22,29,,,2,2,,1,,13,13,12,13,0.46
File,"CholeskyDecomposition.java",3,1,1,6,,2,2,,11,,0,1,10,307,151,90,,,144,,,,10,1,,,3,3,20,12,,,0,11,11,4,11,0,,34,53,122,,106,68,76,,,10,10,,3,,36,36,11,36,0.81
File,"CholeskyDecompositionTest.java",1,1,0,1,,1,0,,9,,0,0,9,138,96,59,,,54,,,,3,1,,,1,1,9,8,,,0,9,9,1,9,0,,16,45,26,,42,34,20,,,3,3,,2,,11,11,9,11,0.27
File,"CholeskySolverTest.java",2,1,1,2,,1,0,,4,,0,1,3,112,73,47,,,36,,,,4,1,,,2,2,17,14,,,0,4,4,1,4,0,,14,25,25,,26,18,18,,,4,4,,1,,9,9,4,9,0.34
File,"Chromosome.java",1,1,0,8,,1,1,,5,,0,0,3,110,31,14,,,22,,,,3,3,,,1,1,14,5,,,0,5,5,1,5,2,,8,10,71,,11,11,11,,,3,3,,2,,9,9,7,9,2.29
File,"ChromosomePair.java",1,1,0,4,,1,0,,4,,0,0,4,69,20,6,,,14,,,,1,1,,,1,1,8,3,,,0,4,4,2,4,0,,6,9,43,,9,8,6,,,1,1,,0,,4,4,4,4,2.15
File,"ChromosomeTest.java",1,1,0,0,,11,0,,13,,0,0,12,111,80,41,,,53,,,,1,1,,,1,1,7,7,,,0,13,13,1,13,1,,14,34,17,,38,31,22,,,1,1,,0,,13,13,13,13,0.21
File,"CircleProblem.java",1,1,1,1,,2,0,,9,,0,1,8,173,101,62,,,91,,,,4,1,,,1,1,13,10,,,0,9,9,4,9,0,,21,50,51,,75,53,38,,,4,4,,3,,15,15,9,15,0.50
File,"CircleScalar.java",1,1,0,0,,3,0,,9,,0,1,8,95,60,32,,,48,,,,2,1,,,1,1,7,6,,,0,9,9,1,9,0,,14,25,21,,32,30,18,,,2,2,,1,,12,12,9,12,0.35
File,"CircleVectorial.java",1,1,0,0,,2,0,,8,,0,1,7,97,61,34,,,53,,,,3,1,,,1,1,7,7,,,0,8,8,1,8,0,,15,26,21,,38,31,22,,,3,3,,1,,12,12,8,12,0.34
File,"ClassicalRungeKuttaIntegrator.java",1,1,0,5,,1,3,,1,,0,0,1,75,18,7,,,7,,,,1,1,,,1,1,9,4,,,0,1,1,0,1,0,,9,14,48,,5,6,1,,,1,1,,0,,1,1,1,1,2.67
File,"ClassicalRungeKuttaIntegratorTest.java",1,1,1,0,,6,0,,21,,0,0,21,300,234,149,,,173,,,,7,1,,,1,1,13,11,,,0,21,21,2,21,0,,47,86,19,,134,93,80,,,7,7,,3,,37,37,21,37,0.08
File,"ClassicalRungeKuttaStepInterpolator.java",1,1,0,4,,1,1,,4,,0,0,2,134,55,36,,,42,,,,4,1,,,1,2,16,11,,,0,4,4,0,4,2,,12,33,67,,34,31,11,,,4,5,,2,,7,8,4,7,1.22
File,"ClassicalRungeKuttaStepInterpolatorTest.java",2,1,3,0,,1,0,,2,,0,0,2,91,60,34,,,51,,,,4,1,,,2,2,25,21,,,0,2,2,0,2,0,,15,39,16,,44,38,13,,,4,4,,2,,5,5,2,5,0.27
File,"Cluster.java",1,1,0,4,,1,1,,4,,0,0,4,74,22,6,,,17,,,,1,1,,,1,1,7,3,,,0,4,4,2,4,0,,11,12,41,,12,12,5,,,1,1,,0,,4,4,4,4,1.86
File,"Clusterable.java",0,0,0,0,,1,0,,2,,2,0,0,46,6,0,,,5,,,,0,0,,,0,0,0,0,,,0,0,2,0,2,0,,6,5,34,,4,5,0,,,0,0,,0,,0,0,0,0,5.67
File,"Complex.java",2,1,0,15,,1,6,,42,,0,0,42,1233,403,234,,,262,,,,6,6,,,2,2,25,8,,,2,44,44,4,44,2,,85,102,745,,161,94,168,,,6,8,,2,,101,126,80,101,1.85
File,"ComplexField.java",1,1,0,2,,2,2,,5,,0,2,4,84,27,7,,,19,,,,1,1,,,1,1,4,2,,,1,6,6,0,6,0,,13,14,44,,11,14,5,,,1,1,,0,,6,6,6,6,1.63
File,"ComplexFieldTest.java",1,1,0,0,,1,0,,3,,0,0,3,42,19,4,,,12,,,,1,1,,,1,1,3,3,,,0,3,3,0,3,0,,6,12,17,,8,9,3,,,1,1,,0,,3,3,3,3,0.89
File,"ComplexFormat.java",1,1,0,7,,1,1,,16,,0,1,19,397,177,99,,,127,,,,5,7,,,1,1,16,7,,,4,20,20,3,20,0,,43,58,177,,91,51,76,,,7,7,,1,,37,38,26,35,1.00
File,"ComplexFormatAbstractTest.java",1,1,0,0,,1,0,,34,,0,0,31,310,248,142,,,184,,,,1,1,,,1,1,6,6,,,0,32,34,2,34,3,,46,165,16,,151,134,50,,,1,1,,0,,32,32,32,32,0.06
File,"ComplexFormatTest.java",1,1,0,0,,1,0,,2,,0,0,0,33,12,2,,,7,,,,1,1,,,1,1,3,3,,,0,2,2,0,2,2,,5,7,16,,4,5,2,,,1,1,,0,,2,2,2,2,1.33
File,"ComplexTest.java",1,1,0,0,,2,1,,126,,0,0,125,1330,1038,649,,,772,,,,3,1,,,1,1,7,6,,,0,126,126,22,126,1,,174,469,118,,642,347,425,,,3,3,,2,,128,128,126,128,0.11
File,"ComplexUtils.java",1,1,0,14,,1,0,,1,,0,1,1,72,16,5,,,11,,,,2,1,,,1,1,19,5,,,1,2,2,0,2,0,,6,7,50,,7,7,4,,,2,2,,1,,3,3,2,3,3.12
File,"ComplexUtilsTest.java",1,1,0,0,,1,0,,5,,0,0,4,103,72,49,,,55,,,,4,1,,,1,1,10,10,,,0,5,5,9,5,1,,12,25,19,,46,24,31,,,4,4,,2,,8,8,5,8,0.26
File,"CompositeFormat.java",2,1,1,8,,1,0,,1,,0,2,7,220,101,57,,,71,,,,4,4,,,2,2,20,10,,,8,9,9,0,9,0,,21,41,98,,52,32,39,,,4,5,,3,,19,23,12,19,0.97
File,"ConjugateGradient.java",3,1,0,7,,1,2,,4,,0,0,4,226,107,70,,,82,,,,9,4,,,3,3,31,23,,,0,4,4,2,4,0,,12,42,107,,69,35,47,,,9,11,,2,,12,14,7,12,1.00
File,"ConjugateGradientFormula.java",1,1,0,0,,1,0,,2,,0,0,2,49,5,0,,,2,,,,1,1,,,1,1,0,0,,,0,2,0,2,2,0,,5,4,39,,1,2,0,,,1,1,,0,,2,2,2,2,7.80
File,"ConjugateGradientTest.java",1,1,0,0,,9,0,,49,,0,3,46,607,516,362,,,424,,,,6,1,,,1,1,14,12,,,0,49,49,0,49,0,,54,215,37,,349,238,186,,,6,6,,3,,74,74,49,74,0.07
File,"Constant.java",1,1,0,1,,1,0,,3,,0,0,3,48,14,3,,,10,,,,1,1,,,1,1,4,3,,,0,3,3,1,3,0,,6,7,28,,6,7,3,,,1,1,,0,,3,3,3,3,2.00
File,"ContinuedFraction.java",3,2,2,10,,1,1,,7,,0,0,4,201,87,58,,,69,,,,13,6,,,3,4,27,15,,,0,5,7,0,7,3,,20,30,95,,51,31,38,,,13,16,,4,,17,20,10,17,1.09
File,"ContinuedFractionTest.java",1,1,1,0,,2,0,,3,,0,0,3,46,20,9,,,12,,,,1,1,,,1,1,7,6,,,0,3,3,0,3,0,,7,9,19,,8,9,3,,,1,1,,0,,3,3,3,3,0.95
File,"ContinuousOutputModel.java",3,2,2,6,,1,1,,10,,0,1,9,360,168,111,,,128,,,,10,6,,,3,3,24,14,,,0,10,10,5,10,0,,47,55,145,,94,53,75,,,10,12,,2,,32,34,20,32,0.86
File,"ContinuousOutputModelTest.java",1,1,1,0,,2,0,,12,,0,2,10,191,134,82,,,103,,,,3,1,,,1,1,12,10,,,0,12,12,2,12,0,,32,57,27,,86,51,52,,,3,3,,2,,16,16,12,16,0.20
File,"ConvergenceChecker.java",0,0,0,0,,1,0,,1,,1,0,0,56,4,0,,,3,,,,0,0,,,0,0,0,0,,,0,0,1,0,1,0,,2,3,50,,2,3,0,,,0,0,,0,,0,0,0,0,12.50
File,"ConvergenceException.java",1,1,0,5,,1,1,,2,,0,0,2,51,13,3,,,9,,,,1,1,,,1,1,8,3,,,0,2,2,0,2,0,,4,8,34,,6,7,2,,,1,1,,0,,2,2,2,2,2.62
File,"CorrelatedRandomVectorGenerator.java",1,1,1,8,,1,0,,6,,0,0,6,185,60,27,,,50,,,,4,1,,,1,1,17,8,,,0,6,6,4,6,0,,21,26,104,,38,24,26,,,4,4,,2,,11,11,6,11,1.73
File,"CorrelatedRandomVectorGeneratorTest.java",3,1,1,0,,1,0,,5,,0,0,5,126,94,54,,,83,,,,5,1,,,3,3,16,15,,,0,5,5,3,5,0,,18,47,14,,67,47,36,,,5,5,,2,,15,15,5,15,0.15
File,"Cos.java",1,1,0,1,,2,0,,3,,0,0,3,45,16,5,,,11,,,,1,1,,,1,1,5,4,,,0,3,3,0,3,0,,4,7,25,,7,8,3,,,1,1,,0,,3,3,3,3,1.56
File,"Cosh.java",1,1,0,1,,1,0,,2,,0,0,2,39,11,2,,,8,,,,1,1,,,1,1,4,3,,,0,2,2,0,2,0,,4,6,24,,5,6,2,,,1,1,,0,,2,2,2,2,2.18
File,"Covariance.java",1,1,0,8,,1,0,,14,,0,1,9,273,94,48,,,73,,,,5,1,,,1,1,14,5,,,0,14,14,2,14,4,,18,39,161,,52,40,33,,,5,5,,2,,21,22,14,21,1.71
File,"CovarianceTest.java",2,1,1,5,,1,0,,6,,0,0,5,242,175,138,,,74,,,,5,1,,,2,2,22,15,,,0,6,6,2,6,1,,21,47,46,,60,43,31,,,5,5,,2,,13,13,6,13,0.26
File,"CrossoverPolicy.java",0,0,0,0,,1,0,,1,,1,0,0,35,4,0,,,3,,,,0,0,,,0,0,0,0,,,0,0,1,0,1,0,,1,3,30,,2,3,0,,,0,0,,0,,0,0,0,0,7.50
File,"CurveFitter.java",1,1,0,6,,3,0,,12,,0,0,12,206,76,32,,,57,,,,2,1,,,1,1,12,5,,,0,12,12,3,12,0,,21,35,109,,37,36,21,,,2,2,,1,,15,15,12,15,1.43
File,"CurveFitterTest.java",1,1,5,1,,3,0,,7,,0,0,7,152,94,67,,,80,,,,2,1,,,1,1,21,14,,,0,7,7,0,7,0,,37,43,21,,70,41,39,,,2,2,,1,,9,9,7,9,0.22
File,"DctNormalization.java",1,1,0,0,,1,0,,2,,0,0,2,70,5,0,,,2,,,,1,1,,,1,1,0,0,,,0,2,0,2,2,0,,2,4,63,,2,2,0,,,1,1,,0,,2,2,2,2,12.60
File,"Decimal10.java",1,1,0,0,,1,0,,17,,5,0,10,99,63,17,,,36,,,,1,1,,,1,1,3,3,,,0,17,17,0,17,2,,20,28,16,,18,19,17,,,1,1,,0,,17,17,17,17,0.25
File,"Decimal64.java",1,1,0,5,,1,6,,21,,0,0,21,304,98,32,,,62,,,,2,1,,,1,1,8,3,,,0,21,21,1,21,0,,36,45,170,,39,34,28,,,2,2,,1,,22,22,21,22,1.73
File,"Decimal64Field.java",1,1,0,2,,1,1,,4,,0,1,4,62,20,5,,,14,,,,1,1,,,1,1,4,2,,,1,5,5,0,5,0,,8,10,34,,8,10,4,,,1,1,,0,,5,5,5,5,1.70
File,"Decimal64Test.java",1,1,5,0,,1,8,,8,,0,0,8,421,346,311,,,317,,,,1,1,,,1,1,45,40,,,0,8,8,0,8,0,,59,34,16,,308,26,291,,,1,1,,0,,8,8,8,8,0.05
File,"DecompositionSolver.java",0,0,0,0,,1,0,,4,,4,0,0,74,7,0,,,6,,,,0,0,,,0,0,0,0,,,0,0,4,0,4,0,,8,6,59,,5,6,0,,,0,0,,0,,0,0,0,0,8.43
File,"DefaultFieldMatrixChangingVisitor.java",1,1,0,1,,1,0,,4,,0,0,4,59,18,3,,,11,,,,1,1,,,1,1,4,3,,,0,4,4,1,4,0,,7,10,34,,6,8,3,,,1,1,,0,,4,4,4,4,1.89
File,"DefaultFieldMatrixPreservingVisitor.java",1,1,0,1,,1,0,,4,,0,0,4,57,16,2,,,10,,,,1,1,,,1,1,4,2,,,0,4,4,1,4,0,,7,10,34,,5,8,2,,,1,1,,0,,4,4,4,4,2.12
File,"DefaultIterativeLinearSolverEvent.java",1,1,0,7,,1,1,,7,,0,0,7,144,49,18,,,32,,,,2,1,,,1,1,12,5,,,0,7,7,4,7,0,,14,23,81,,23,15,17,,,2,2,,1,,8,8,7,8,1.65
File,"DefaultMeasurementModel.java",1,1,0,4,,1,0,,4,,0,0,4,77,23,6,,,15,,,,1,1,,,1,1,8,4,,,0,4,4,2,4,0,,8,12,46,,10,10,5,,,1,1,,0,,4,4,4,4,2.00
File,"DefaultProcessModel.java",1,1,0,4,,1,0,,8,,0,0,8,138,56,18,,,31,,,,1,1,,,1,1,9,5,,,0,8,8,5,8,0,,14,29,68,,22,19,12,,,1,1,,0,,8,8,8,8,1.21
File,"DefaultRealMatrixChangingVisitor.java",1,1,0,1,,1,0,,3,,0,0,3,45,12,2,,,7,,,,1,1,,,1,1,4,3,,,0,3,3,0,3,0,,4,6,29,,3,5,2,,,1,1,,0,,3,3,3,3,2.42
File,"DefaultRealMatrixPreservingVisitor.java",1,1,0,1,,1,0,,3,,0,0,3,43,10,1,,,6,,,,1,1,,,1,1,3,2,,,0,3,3,0,3,0,,4,6,29,,2,5,1,,,1,1,,0,,3,3,3,3,2.90
File,"DefaultTransformer.java",2,1,1,3,,1,1,,3,,0,0,3,82,34,14,,,21,,,,4,3,,,2,2,12,8,,,0,3,3,0,3,0,,12,13,36,,13,10,11,,,4,4,,1,,7,7,5,7,1.06
File,"DefaultTransformerTest.java",1,1,0,2,,1,0,,7,,0,0,7,106,56,25,,,39,,,,2,1,,,1,1,8,5,,,0,7,7,0,7,0,,12,37,38,,30,30,9,,,2,2,,1,,8,8,7,8,0.68
File,"DescriptiveStatistics.java",1,1,0,6,,1,3,,49,,0,0,50,742,283,143,,,192,,,,5,1,,,1,1,11,4,,,1,50,50,12,50,0,,74,98,386,,129,92,100,,,5,5,,2,,66,67,50,66,1.36
File,"DescriptiveStatisticsTest.java",1,1,0,0,,5,1,,25,,0,0,24,344,263,164,,,216,,,,4,1,,,1,1,9,8,,,0,25,25,2,25,1,,38,86,43,,175,81,135,,,4,4,,2,,36,36,25,36,0.16
File,"Dfp.java",4,2,4,6,,1,21,,67,,0,1,52,2494,1518,1085,,,1204,,,,33,21,,,5,6,32,21,,,2,69,69,5,69,16,,429,235,592,,879,260,944,,,33,39,,4,,352,430,199,336,0.39
File,"DfpDec.java",2,1,2,3,,1,0,,19,,0,0,10,369,226,145,,,158,,,,14,6,,,2,3,16,11,,,0,19,19,0,19,9,,63,49,89,,112,42,116,,,21,38,,2,,52,71,26,45,0.39
File,"DfpDecTest.java",1,1,21,3,,1,0,,6,,0,1,5,565,391,361,,,158,,,,4,1,,,1,2,86,62,,,0,6,6,3,6,0,,140,21,38,,148,16,142,,,4,7,,1,,9,12,6,9,0.10
File,"DfpField.java",1,1,0,6,,2,14,,38,,0,4,38,758,304,164,,,247,,,,8,3,,,1,1,13,6,,,4,42,40,28,42,0,,129,120,325,,190,117,130,,,8,13,,2,,59,65,50,59,1.07
File,"DfpMath.java",4,3,6,12,,1,1,,1,,0,1,10,970,528,393,,,424,,,,29,24,,,4,5,43,24,,,20,21,21,0,21,10,,170,123,278,,326,130,294,,,29,40,,4,,100,119,64,100,0.53
File,"DfpMathTest.java",1,1,25,7,,1,0,,5,,0,1,4,587,401,372,,,154,,,,4,1,,,1,2,108,77,,,0,5,5,5,5,0,,140,22,54,,145,18,136,,,4,7,,1,,8,11,5,8,0.13
File,"DfpTest.java",1,1,9,7,,1,0,,30,,0,2,28,1628,1211,1086,,,698,,,,16,1,,,1,1,50,38,,,0,30,30,6,30,0,,333,76,255,,641,48,650,,,16,16,,2,,56,59,30,56,0.21
File,"DftNormalization.java",1,1,0,0,,1,0,,2,,0,0,2,61,5,0,,,2,,,,1,1,,,1,1,0,0,,,0,2,0,2,2,0,,2,4,54,,2,2,0,,,1,1,,0,,2,2,2,2,10.80
File,"DifferentiableMultivariateFunction.java",0,0,0,0,,1,0,,2,,2,0,0,51,5,0,,,4,,,,0,0,,,0,0,0,0,,,0,0,2,0,2,0,,5,4,41,,3,4,0,,,0,0,,0,,0,0,0,0,8.20
File,"DifferentiableMultivariateMultiStartOptimizer.java",1,1,0,9,,1,0,,1,,0,0,1,51,12,1,,,6,,,,1,1,,,1,1,14,5,,,0,1,1,0,1,0,,3,9,36,,4,5,1,,,1,1,,0,,1,1,1,1,3.00
File,"DifferentiableMultivariateMultiStartOptimizerTest.java",1,1,0,0,,4,0,,10,,0,1,9,140,102,56,,,81,,,,2,1,,,1,1,9,8,,,0,10,10,1,10,0,,20,48,18,,61,49,32,,,2,2,,1,,14,14,10,14,0.18
File,"DifferentiableMultivariateOptimizer.java",0,0,0,0,,1,0,,0,,0,0,0,36,4,0,,,3,,,,0,0,,,0,0,0,0,,,0,0,0,0,0,0,,3,4,29,,2,3,0,,,0,0,,0,,0,0,0,0,7.25
File,"DifferentiableMultivariateVectorFunction.java",0,0,0,0,,1,0,,1,,1,0,0,36,5,0,,,3,,,,0,0,,,0,0,0,0,,,0,0,1,0,1,0,,5,4,26,,2,3,0,,,0,0,,0,,0,0,0,0,5.20
File,"DifferentiableMultivariateVectorMultiStartOptimizer.java",1,1,0,9,,1,0,,1,,0,0,1,52,13,1,,,6,,,,1,1,,,1,1,15,6,,,0,1,1,0,1,0,,3,10,36,,4,5,1,,,1,1,,0,,1,1,1,1,2.77
File,"DifferentiableMultivariateVectorMultiStartOptimizerTest.java",1,1,0,0,,5,1,,8,,0,0,8,184,90,44,,,62,,,,3,1,,,1,1,9,9,,,0,8,8,2,8,0,,16,45,78,,49,39,23,,,3,3,,1,,10,10,8,10,0.87
File,"DifferentiableMultivariateVectorOptimizer.java",0,0,0,0,,1,0,,0,,0,0,0,31,4,0,,,3,,,,0,0,,,0,0,0,0,,,0,0,0,0,0,0,,3,4,24,,2,3,0,,,0,0,,0,,0,0,0,0,6.00
File,"DifferentiableUnivariateFunction.java",0,0,0,0,,1,0,,1,,1,0,0,34,5,0,,,3,,,,0,0,,,0,0,0,0,,,0,0,1,0,1,0,,3,4,26,,2,3,0,,,0,0,,0,,0,0,0,0,5.20
File,"DifferentiableUnivariateMatrixFunction.java",0,0,0,0,,1,0,,1,,1,0,0,35,5,0,,,3,,,,0,0,,,0,0,0,0,,,0,0,1,0,1,0,,3,4,27,,2,3,0,,,0,0,,0,,0,0,0,0,5.40
File,"DifferentiableUnivariateSolver.java",0,0,0,0,,1,0,,0,,0,0,0,29,4,0,,,3,,,,0,0,,,0,0,0,0,,,0,0,0,0,0,0,,3,4,22,,2,3,0,,,0,0,,0,,0,0,0,0,5.50
File,"DifferentiableUnivariateVectorFunction.java",0,0,0,0,,1,0,,1,,1,0,0,35,5,0,,,3,,,,0,0,,,0,0,0,0,,,0,0,1,0,1,0,,3,4,27,,2,3,0,,,0,0,,0,,0,0,0,0,5.40
File,"DimensionMismatchException.java",1,1,0,5,,1,1,,3,,0,0,3,65,20,5,,,13,,,,1,1,,,1,1,9,4,,,0,3,3,1,3,0,,5,12,40,,9,9,4,,,1,1,,0,,3,3,3,3,2.00
File,"DimensionMismatchExceptionTest.java",1,1,0,0,,1,0,,1,,0,0,1,34,11,3,,,8,,,,1,1,,,1,1,5,5,,,0,1,1,0,1,0,,2,7,21,,6,6,2,,,1,1,,0,,1,1,1,1,1.91
File,"Divide.java",1,1,0,1,,1,0,,1,,0,0,1,33,7,1,,,5,,,,1,1,,,1,1,4,3,,,0,1,1,0,1,0,,3,4,23,,3,4,1,,,1,1,,0,,1,1,1,1,3.29
File,"DividedDifferenceInterpolator.java",2,1,2,23,,1,1,,1,,0,0,1,115,30,17,,,28,,,,3,1,,,2,2,36,11,,,1,2,2,0,2,1,,9,15,77,,23,16,12,,,3,3,,2,,4,4,2,4,2.57
File,"DividedDifferenceInterpolatorTest.java",2,1,2,5,,1,0,,4,,0,0,3,147,81,52,,,81,,,,3,1,,,2,2,24,17,,,0,4,4,0,4,1,,16,36,50,,71,35,46,,,3,3,,1,,9,9,4,9,0.62
File,"DormandPrince54Integrator.java",1,1,1,6,,1,10,,4,,0,0,3,162,59,32,,,30,,,,3,1,,,1,1,15,8,,,0,4,4,0,4,1,,28,43,75,,24,23,7,,,3,3,,1,,6,6,4,6,1.27
File,"DormandPrince54IntegratorTest.java",1,1,1,0,,4,0,,18,,0,0,18,341,269,174,,,195,,,,5,1,,,1,1,14,12,,,0,18,18,8,18,0,,53,129,19,,163,113,82,,,5,5,,2,,28,28,18,28,0.07
File,"DormandPrince54StepInterpolator.java",2,1,2,3,,1,12,,6,,0,0,4,223,112,73,,,91,,,,7,1,,,2,2,20,14,,,0,6,6,5,6,2,,46,48,65,,77,42,49,,,7,8,,2,,13,14,6,13,0.58
File,"DormandPrince54StepInterpolatorTest.java",2,1,1,0,,2,0,,5,,0,0,5,144,111,75,,,90,,,,4,1,,,2,2,24,22,,,0,5,5,0,5,0,,17,65,16,,78,64,26,,,4,4,,2,,10,10,5,10,0.14
File,"DormandPrince853Integrator.java",1,1,1,6,,1,20,,4,,0,0,3,287,127,99,,,47,,,,4,1,,,1,1,18,11,,,0,4,4,0,4,1,,51,101,109,,40,37,10,,,4,4,,1,,7,7,4,7,0.86
File,"DormandPrince853IntegratorTest.java",1,1,1,0,,6,0,,25,,0,0,25,394,313,210,,,231,,,,5,1,,,1,1,13,12,,,0,25,25,6,25,0,,62,142,19,,190,130,101,,,5,5,,2,,38,38,25,38,0.06
File,"DormandPrince853StepInterpolator.java",3,1,4,3,,1,43,,9,,0,0,6,491,272,206,,,198,,,,9,1,,,3,3,28,20,,,0,9,9,3,9,3,,111,130,108,,169,105,93,,,9,10,,3,,32,33,9,32,0.40
File,"DormandPrince853StepInterpolatorTest.java",2,1,1,0,,2,0,,5,,0,0,5,144,111,75,,,90,,,,4,1,,,2,2,24,22,,,0,5,5,0,5,0,,17,65,16,,78,64,26,,,4,4,,2,,10,10,5,10,0.14
File,"DoubleArray.java",0,0,0,0,,1,0,,8,,8,0,0,111,11,0,,,10,,,,0,0,,,0,0,0,0,,,0,0,8,0,8,0,,11,10,89,,9,10,0,,,0,0,,0,,0,0,0,0,8.09
File,"DoubleArrayAbstractTest.java",1,1,2,0,,1,0,,4,,0,0,4,135,92,69,,,53,,,,2,1,,,1,1,22,19,,,0,4,4,2,4,0,,21,17,22,,45,16,37,,,2,2,,1,,7,7,4,7,0.24
File,"DstNormalization.java",1,1,0,0,,1,0,,2,,0,0,2,61,5,0,,,2,,,,1,1,,,1,1,0,0,,,0,2,0,2,2,0,,2,4,54,,1,2,0,,,1,1,,0,,2,2,2,2,10.80
File,"DummyBinaryChromosome.java",1,1,0,0,,1,0,,4,,0,0,4,44,17,4,,,11,,,,1,1,,,1,1,3,3,,,0,4,4,0,4,0,,7,8,20,,6,7,4,,,1,1,,0,,4,4,4,4,1.18
File,"DummyLocalizable.java",1,1,0,1,,1,1,,4,,0,0,4,58,19,5,,,13,,,,1,1,,,1,1,4,3,,,0,4,4,1,4,0,,9,10,30,,8,9,4,,,1,1,,0,,4,4,4,4,1.58
File,"DummyRandomKey.java",1,1,0,0,,1,0,,4,,0,0,4,44,17,4,,,11,,,,1,1,,,1,1,3,3,,,0,4,4,0,4,0,,7,8,20,,6,7,4,,,1,1,,0,,4,4,4,4,1.18
File,"DummyStepHandler.java",1,1,0,4,,2,1,,4,,0,2,3,90,18,3,,,11,,,,1,1,,,1,1,7,2,,,1,5,5,0,5,0,,11,9,61,,4,9,2,,,1,1,,0,,5,5,5,5,3.39
File,"DummyStepInterpolator.java",1,1,1,6,,1,1,,7,,0,0,5,152,55,22,,,39,,,,3,1,,,1,1,13,5,,,0,7,7,1,7,2,,22,23,75,,27,18,21,,,3,3,,2,,11,11,7,11,1.36
File,"DummyStepInterpolatorTest.java",1,1,2,0,,2,0,,7,,0,0,6,136,94,52,,,79,,,,3,1,,,1,1,12,10,,,0,7,7,0,7,1,,25,46,17,,65,42,37,,,3,3,,1,,12,12,7,12,0.18
File,"EigenDecomposition.java",5,1,1,8,,2,0,,23,,0,7,16,890,537,366,,,481,,,,33,9,,,5,5,32,22,,,0,23,23,14,23,0,,66,138,287,,359,173,308,,,33,34,,6,,120,124,36,120,0.53
File,"EigenDecompositionTest.java",1,1,1,1,,1,0,,29,,1,3,26,641,499,313,,,320,,,,9,1,,,1,2,17,14,,,3,32,32,2,32,2,,74,242,68,,259,164,156,,,9,9,,4,,60,65,32,60,0.14
File,"EigenSolverTest.java",2,1,1,2,,1,0,,4,,0,0,4,139,99,68,,,53,,,,4,1,,,2,2,25,21,,,0,4,4,0,4,0,,13,41,27,,42,31,22,,,4,4,,1,,10,10,4,10,0.27
File,"ElitisticListPopulation.java",1,1,0,7,,1,0,,5,,0,0,5,113,39,16,,,30,,,,2,1,,,1,1,14,6,,,0,5,5,1,5,0,,12,19,62,,22,17,13,,,2,3,,1,,7,8,5,7,1.59
File,"ElitisticListPopulationTest.java",1,1,0,0,,2,1,,10,,0,0,10,105,69,29,,,50,,,,2,1,,,1,1,5,4,,,0,10,10,1,10,0,,20,42,16,,37,35,15,,,2,2,,1,,11,11,10,11,0.23
File,"EmbeddedRungeKuttaIntegrator.java",3,1,4,7,,1,0,,11,,0,0,8,378,178,107,,,141,,,,22,1,,,3,3,28,17,,,0,9,11,9,11,3,,63,64,137,,113,54,87,,,22,23,,5,,30,31,9,30,0.77
File,"Embedding.java",0,0,0,0,,1,0,,2,,2,0,0,62,7,0,,,6,,,,0,0,,,0,0,0,0,,,0,0,2,0,2,0,,9,6,46,,5,6,0,,,0,0,,0,,0,0,0,0,6.57
File,"EmpiricalDistribution.java",1,1,0,6,,5,2,,28,,0,2,26,568,252,138,,,192,,,,6,5,,,1,1,14,7,,,0,26,28,11,28,0,,56,92,262,,140,92,100,,,6,6,,4,,45,45,32,45,1.04
File,"EmpiricalDistributionTest.java",1,1,0,2,,1,0,,18,,0,3,15,279,185,108,,,147,,,,3,1,,,1,1,11,8,,,0,18,18,5,18,0,,30,72,65,,117,63,84,,,3,3,,2,,28,28,18,28,0.35
File,"EquationsMapper.java",1,1,0,4,,1,1,,5,,0,0,5,98,32,11,,,22,,,,2,1,,,1,1,9,4,,,0,5,5,2,5,0,,13,14,53,,14,12,10,,,2,2,,1,,7,7,5,7,1.66
File,"Erf.java",3,1,0,14,,1,1,,1,,0,1,3,130,33,19,,,19,,,,5,1,,,3,3,21,7,,,3,4,4,0,4,0,,9,10,88,,11,10,9,,,5,6,,1,,14,15,4,14,2.67
File,"ErfTest.java",1,1,0,2,,1,0,,10,,0,0,10,216,160,116,,,108,,,,3,1,,,1,2,16,14,,,0,10,10,0,10,0,,17,56,39,,89,49,59,,,3,6,,2,,16,20,10,16,0.24
File,"Euclidean1D.java",1,1,0,3,,2,2,,4,,0,2,3,83,25,6,,,18,,,,1,1,,,1,1,6,2,,,1,5,5,0,5,0,,12,14,46,,11,14,4,,,1,1,,0,,5,5,5,5,1.84
File,"Euclidean2D.java",1,1,0,2,,2,2,,4,,0,2,3,75,24,6,,,17,,,,1,1,,,1,1,5,2,,,1,5,5,0,5,0,,12,13,39,,10,13,4,,,1,1,,0,,5,5,5,5,1.62
File,"Euclidean3D.java",1,1,0,2,,2,2,,4,,0,2,3,75,24,6,,,17,,,,1,1,,,1,1,5,2,,,1,5,5,0,5,0,,12,13,39,,10,13,4,,,1,1,,0,,5,5,5,5,1.62
File,"EuclideanIntegerPoint.java",2,1,0,2,,1,1,,7,,0,0,7,120,66,32,,,55,,,,5,5,,,2,2,10,7,,,0,7,7,1,7,0,,14,22,40,,35,25,30,,,5,5,,2,,17,17,11,17,0.61
File,"EuclideanIntegerPointTest.java",1,1,0,0,,1,0,,4,,0,0,4,64,38,17,,,29,,,,1,1,,,1,1,6,6,,,0,4,4,0,4,0,,10,22,16,,24,18,11,,,1,1,,0,,4,4,4,4,0.42
File,"EulerIntegrator.java",1,1,0,4,,1,3,,1,,0,0,1,72,13,2,,,7,,,,1,1,,,1,1,7,3,,,0,1,1,0,1,0,,9,9,50,,5,6,1,,,1,1,,0,,1,1,1,1,3.85
File,"EulerIntegratorTest.java",1,1,2,0,,3,0,,10,,0,0,10,179,132,81,,,96,,,,7,1,,,1,1,14,12,,,0,10,10,0,10,0,,31,55,16,,78,55,41,,,7,7,,3,,17,17,10,17,0.12
File,"EulerStepInterpolator.java",1,1,0,4,,1,1,,4,,0,0,2,100,30,11,,,21,,,,4,1,,,1,2,10,5,,,0,4,4,0,4,2,,12,12,58,,13,10,11,,,4,5,,2,,7,8,4,7,1.93
File,"EulerStepInterpolatorTest.java",2,1,3,0,,2,0,,6,,0,0,5,187,138,93,,,118,,,,4,1,,,2,2,21,18,,,0,6,6,0,6,1,,33,65,16,,103,64,54,,,4,4,,2,,12,12,6,12,0.12
File,"EventHandler.java",1,1,0,0,,2,0,,6,,4,0,2,197,13,0,,,7,,,,1,1,,,1,1,0,0,,,0,2,4,4,6,0,,22,11,162,,6,7,0,,,1,1,,0,,2,2,2,2,12.46
File,"EventState.java",2,1,1,6,,2,0,,12,,0,0,12,344,170,103,,,124,,,,11,6,,,2,2,20,12,,,0,12,12,14,12,0,,52,62,122,,101,55,69,,,11,14,,3,,28,34,17,28,0.72
File,"EventStateTest.java",1,1,1,0,,4,1,,13,,0,0,13,143,91,53,,,68,,,,1,1,,,1,1,8,7,,,0,13,13,1,13,0,,29,37,23,,53,37,31,,,1,1,,0,,13,13,13,13,0.25
File,"ExceptionContext.java",1,1,0,7,,1,1,,18,,0,8,10,335,149,73,,,118,,,,4,1,,,1,1,14,7,,,0,18,18,4,18,0,,20,68,166,,88,62,56,,,4,4,,3,,28,28,18,28,1.11
File,"ExceptionContextProvider.java",0,0,0,0,,1,0,,1,,1,0,0,34,4,0,,,3,,,,0,0,,,0,0,0,0,,,0,0,1,0,1,0,,2,3,28,,2,3,0,,,0,0,,0,,0,0,0,0,7.00
File,"ExceptionContextTest.java",1,1,2,0,,2,0,,6,,1,0,5,131,84,47,,,69,,,,3,1,,,1,1,13,10,,,0,6,6,0,6,0,,20,48,28,,57,44,25,,,3,3,,1,,9,9,6,9,0.33
File,"Exp.java",1,1,0,1,,2,0,,3,,0,0,3,45,16,5,,,11,,,,1,1,,,1,1,5,4,,,0,3,3,0,3,0,,4,7,25,,7,8,3,,,1,1,,0,,3,3,3,3,1.56
File,"ExpandableStatefulODE.java",1,1,1,5,,2,0,,18,,0,0,18,326,128,62,,,99,,,,3,1,,,1,1,12,6,,,0,18,18,10,18,0,,57,44,141,,67,46,53,,,3,3,,1,,27,27,18,27,1.10
File,"Expm1.java",1,1,0,1,,2,0,,3,,0,0,3,45,16,5,,,11,,,,1,1,,,1,1,5,4,,,0,3,3,0,3,0,,4,7,25,,7,8,3,,,1,1,,0,,3,3,3,3,1.56
File,"Expm1Function.java",1,1,0,0,,2,0,,3,,0,0,3,39,14,5,,,9,,,,1,1,,,1,1,4,4,,,0,3,3,0,3,0,,4,5,21,,5,6,3,,,1,1,,0,,3,3,3,3,1.50
File,"ExponentialDistribution.java",1,1,0,5,,1,2,,16,,0,0,15,224,85,34,,,58,,,,3,1,,,1,1,10,4,,,0,16,16,2,16,1,,20,33,119,,36,29,29,,,3,4,,1,,21,22,16,21,1.40
File,"ExponentialDistributionTest.java",1,1,0,0,,1,0,,12,,0,0,12,135,82,37,,,54,,,,1,1,,,1,1,6,5,,,0,12,12,0,12,0,,20,37,33,,41,25,29,,,1,1,,0,,12,12,12,12,0.40
File,"FDistribution.java",1,1,0,6,,1,2,,16,,0,0,14,283,113,58,,,74,,,,3,1,,,1,1,13,6,,,0,16,16,5,16,2,,31,49,139,,51,42,32,,,3,3,,1,,22,22,16,22,1.23
File,"FDistributionTest.java",1,1,0,0,,1,0,,13,,0,0,13,159,103,54,,,68,,,,3,1,,,1,1,7,6,,,0,13,13,0,13,0,,22,43,34,,51,30,38,,,3,3,,1,,16,16,13,16,0.33
File,"FastCosineTransformer.java",2,1,1,8,,1,1,,4,,0,0,3,187,77,45,,,63,,,,5,3,,,2,2,26,16,,,0,4,4,1,4,1,,15,32,96,,51,31,32,,,5,5,,2,,11,11,6,11,1.25
File,"FastCosineTransformerTest.java",2,1,0,1,,1,0,,14,,10,0,5,278,200,106,,,146,,,,10,1,,,2,2,12,11,,,1,15,15,4,15,0,,32,77,46,,111,62,84,,,10,10,,2,,34,34,15,34,0.23
File,"FastFourierTransformer.java",3,1,2,11,,2,3,,13,,0,4,12,690,377,269,,,284,,,,13,4,,,3,3,33,19,,,3,16,16,3,16,0,,72,157,241,,226,128,156,,,13,13,,3,,57,58,21,56,0.64
File,"FastFourierTransformerTest.java",3,1,0,0,,1,1,,12,,0,6,12,564,472,314,,,411,,,,6,1,,,3,3,26,24,,,6,18,18,0,18,0,,40,164,52,,341,172,239,,,6,6,,3,,71,71,18,71,0.11
File,"FastHadamardTransformer.java",2,1,3,39,,1,1,,5,,0,0,3,326,74,44,,,65,,,,5,1,,,2,2,55,12,,,0,5,5,0,5,2,,27,30,225,,50,34,31,,,5,5,,2,,14,14,5,14,3.04
File,"FastHadamardTransformerTest.java",1,1,0,2,,1,0,,8,,0,4,4,126,67,35,,,55,,,,3,1,,,1,1,10,7,,,0,8,8,0,8,0,,17,27,42,,40,28,27,,,3,3,,1,,14,14,8,14,0.63
File,"FastMath.java",5,3,6,13,,4,47,,1,,0,12,59,3798,2145,1683,,,1638,,,,30,28,,,5,6,46,26,,,70,71,71,4,71,0,,596,644,1115,,1305,532,1106,,,30,39,,3,,364,443,253,358,0.52
File,"FastMathCalc.java",2,1,4,9,,1,5,,1,,9,8,0,659,381,306,,,312,,,,5,3,,,2,2,32,19,,,16,17,17,0,17,0,,96,92,214,,263,80,232,,,5,5,,2,,46,48,21,46,0.56
File,"FastMathLiteralArrays.java",1,1,0,4,,1,5,,1,,5,1,0,6176,6103,6084,,,18,,,,1,1,,,1,1,7,2,,,5,6,6,0,6,0,,10,18,1087,,11,13,5,,,1,1,,0,,6,6,6,6,0.18
File,"FastMathStrictComparisonTest.java",4,2,0,1,,1,4,,2,,0,5,3,248,199,128,,,138,,,,12,12,,,4,5,20,19,,,6,8,8,4,8,0,,15,80,55,,98,59,79,,,12,16,,7,,34,42,23,34,0.28
File,"FastMathTest.java",2,1,3,1,,1,2,,50,,0,5,45,1108,756,536,,,587,,,,5,1,,,2,2,19,13,,,0,50,50,2,50,0,,244,312,108,,480,256,331,,,5,5,,3,,103,103,50,103,0.14
File,"FastMathTestPerformance.java",1,1,0,0,,61,4,,81,,0,1,82,1014,880,745,,,643,,,,4,1,,,1,1,13,12,,,2,83,83,0,83,0,,107,163,36,,499,261,382,,,4,4,,1,,143,143,83,143,0.04
File,"FastSineTransformer.java",2,1,1,9,,1,1,,4,,0,0,3,190,71,41,,,57,,,,6,3,,,2,2,25,14,,,0,4,4,1,4,1,,15,28,105,,45,28,29,,,6,6,,1,,11,11,6,11,1.48
File,"FastSineTransformerTest.java",2,1,0,1,,1,0,,16,,11,0,6,301,205,111,,,160,,,,10,1,,,2,2,12,9,,,1,17,17,4,17,0,,34,76,62,,121,68,92,,,10,10,,2,,40,40,17,40,0.30
File,"Field.java",0,0,0,0,,1,0,,3,,3,0,0,59,6,0,,,5,,,,0,0,,,0,0,0,0,,,0,0,3,0,3,0,,5,5,48,,4,5,0,,,0,0,,0,,0,0,0,0,8.00
File,"FieldDecompositionSolver.java",0,0,0,0,,1,0,,4,,4,0,0,76,8,0,,,7,,,,0,0,,,0,0,0,0,,,0,0,4,0,4,0,,8,7,60,,6,7,0,,,0,0,,0,,0,0,0,0,7.50
File,"FieldElement.java",0,0,0,0,,1,0,,8,,8,0,0,79,11,0,,,10,,,,0,0,,,0,0,0,0,,,0,0,8,0,8,0,,10,10,58,,9,10,0,,,0,0,,0,,0,0,0,0,5.27
File,"FieldLUDecomposition.java",4,1,2,5,,2,0,,13,,0,1,12,453,263,163,,,259,,,,13,3,,,4,5,26,18,,,0,13,13,12,13,0,,59,77,134,,195,106,153,,,13,13,,3,,63,66,15,63,0.51
File,"FieldLUDecompositionTest.java",2,1,1,1,,1,0,,9,,0,0,9,303,241,176,,,174,,,,10,1,,,2,2,25,22,,,0,9,9,5,9,0,,30,103,33,,147,75,99,,,10,10,,3,,26,26,9,26,0.14
File,"FieldLUSolverTest.java",2,1,0,1,,1,0,,6,,0,1,6,177,134,81,,,90,,,,7,1,,,2,2,16,14,,,1,7,7,4,7,0,,14,56,30,,70,41,49,,,7,7,,2,,19,19,7,19,0.22
File,"FieldMatrix.java",0,0,0,0,,1,0,,50,,50,0,0,779,62,0,,,54,,,,0,0,,,0,0,0,0,,,0,0,50,0,50,0,,53,61,664,,53,54,0,,,0,0,,0,,0,0,0,0,10.71
File,"FieldMatrixChangingVisitor.java",0,0,0,0,,1,0,,3,,3,0,0,58,8,0,,,6,,,,0,0,,,0,0,0,0,,,0,0,3,0,3,0,,5,7,45,,5,6,0,,,0,0,,0,,0,0,0,0,5.62
File,"FieldMatrixImplTest.java",3,1,0,1,,3,0,,51,,0,7,42,1146,952,680,,,677,,,,10,1,,,3,3,18,16,,,0,51,51,39,51,2,,88,284,107,,530,233,444,,,10,10,,3,,156,156,51,156,0.11
File,"FieldMatrixPreservingVisitor.java",0,0,0,0,,1,0,,3,,3,0,0,57,8,0,,,6,,,,0,0,,,0,0,0,0,,,0,0,3,0,3,0,,5,7,44,,5,6,0,,,0,0,,0,,0,0,0,0,5.50
File,"FieldVector.java",0,0,0,0,,1,0,,29,,29,0,0,271,38,0,,,33,,,,0,0,,,0,0,0,0,,,0,0,29,0,29,0,,32,37,201,,32,33,0,,,0,0,,0,,0,0,0,0,5.29
File,"FirstMoment.java",1,1,0,4,,1,1,,7,,0,0,8,166,64,30,,,48,,,,2,1,,,1,1,9,5,,,1,8,8,4,8,0,,17,27,85,,38,21,27,,,2,2,,1,,9,9,8,9,1.33
File,"FirstMomentTest.java",1,1,0,3,,1,0,,2,,0,0,2,47,14,2,,,9,,,,1,1,,,1,1,6,3,,,0,2,2,1,2,0,,6,9,27,,6,7,2,,,1,1,,0,,2,2,2,2,1.93
File,"FirstOrderConverter.java",1,1,1,5,,1,0,,3,,0,0,3,115,25,11,,,21,,,,1,1,,,1,1,12,5,,,0,3,3,5,3,0,,17,10,73,,17,10,11,,,1,1,,0,,3,3,3,3,2.92
File,"FirstOrderConverterTest.java",1,1,0,0,,2,0,,8,,0,1,7,108,72,30,,,52,,,,3,1,,,1,1,7,6,,,0,8,8,2,8,0,,20,41,16,,38,32,20,,,3,3,,2,,12,12,8,12,0.22
File,"FirstOrderDifferentialEquations.java",0,0,0,0,,1,0,,2,,2,0,0,63,5,0,,,4,,,,0,0,,,0,0,0,0,,,0,0,2,0,2,0,,8,4,50,,3,4,0,,,0,0,,0,,0,0,0,0,10.00
File,"FirstOrderIntegrator.java",0,0,0,0,,1,0,,1,,1,0,0,63,8,0,,,5,,,,0,0,,,0,0,0,0,,,0,0,1,0,1,0,,7,7,48,,4,5,0,,,0,0,,0,,0,0,0,0,6.00
File,"Fitness.java",0,0,0,0,,1,0,,1,,1,0,0,35,4,0,,,3,,,,0,0,,,0,0,0,0,,,0,0,1,0,1,0,,3,3,28,,2,3,0,,,0,0,,0,,0,0,0,0,7.00
File,"FitnessCachingTest.java",1,1,1,3,,2,8,,3,,0,1,3,95,51,29,,,35,,,,2,1,,,1,1,10,8,,,1,4,4,0,4,0,,19,29,30,,28,26,9,,,2,2,,1,,5,5,4,5,0.59
File,"FixedElapsedTime.java",1,1,0,6,,1,0,,3,,0,0,3,81,22,8,,,16,,,,2,1,,,1,1,12,5,,,0,3,3,2,3,0,,8,9,51,,10,9,7,,,2,2,,1,,5,5,3,5,2.32
File,"FixedElapsedTimeTest.java",1,1,0,1,,2,0,,7,,0,0,7,74,43,23,,,30,,,,3,1,,,1,1,9,7,,,0,7,7,0,7,0,,8,17,23,,20,21,9,,,3,3,,2,,9,9,7,9,0.53
File,"FixedGenerationCount.java",1,1,0,5,,1,0,,3,,0,0,3,74,22,9,,,16,,,,2,1,,,1,1,11,5,,,0,3,3,2,3,0,,7,8,45,,10,8,8,,,2,2,,1,,5,5,3,5,2.05
File,"FixedGenerationCountTest.java",1,1,0,1,,2,0,,7,,0,0,7,64,34,17,,,23,,,,2,1,,,1,1,8,6,,,0,7,7,0,7,0,,8,11,22,,14,15,8,,,2,2,,1,,8,8,7,8,0.65
File,"FixedStepHandler.java",0,0,0,0,,1,0,,2,,2,0,0,72,5,0,,,4,,,,0,0,,,0,0,0,0,,,0,0,2,0,2,0,,8,4,59,,3,4,0,,,0,0,,0,,0,0,0,0,11.80
File,"Floor.java",1,1,0,1,,1,0,,1,,0,0,1,34,8,1,,,6,,,,1,1,,,1,1,4,3,,,0,1,1,0,1,0,,3,5,23,,4,5,1,,,1,1,,0,,1,1,1,1,2.88
File,"FourthMoment.java",1,1,0,4,,1,1,,6,,0,0,7,148,53,26,,,38,,,,2,1,,,1,1,10,5,,,1,7,7,1,7,0,,16,23,79,,29,18,20,,,2,2,,1,,8,8,7,8,1.49
File,"FourthMomentTest.java",1,1,0,3,,1,0,,2,,0,0,2,47,14,2,,,9,,,,1,1,,,1,1,6,3,,,0,2,2,1,2,0,,6,9,27,,6,7,2,,,1,1,,0,,2,2,2,2,1.93
File,"Fraction.java",2,1,0,8,,1,15,,30,,0,2,29,666,306,185,,,207,,,,10,4,,,2,2,17,8,,,1,31,31,2,31,0,,62,104,301,,144,90,117,,,10,11,,2,,69,77,36,69,0.98
File,"FractionConversionException.java",1,1,0,6,,1,1,,2,,0,0,2,56,12,3,,,9,,,,1,1,,,1,1,9,3,,,0,2,2,0,2,0,,7,7,37,,6,7,2,,,1,1,,0,,2,2,2,2,3.08
File,"FractionField.java",1,1,0,2,,2,2,,5,,0,2,4,83,27,7,,,19,,,,1,1,,,1,1,4,2,,,1,6,6,0,6,0,,12,14,44,,11,14,5,,,1,1,,0,,6,6,6,6,1.63
File,"FractionFieldTest.java",1,1,0,0,,1,0,,3,,0,0,3,43,19,4,,,12,,,,1,1,,,1,1,3,3,,,0,3,3,0,3,0,,7,12,17,,8,9,3,,,1,1,,0,,3,3,3,3,0.89
File,"FractionFormat.java",1,1,0,7,,1,1,,7,,0,0,13,265,103,53,,,71,,,,4,5,,,1,1,14,6,,,7,14,14,0,14,1,,31,39,131,,50,32,39,,,5,5,,1,,21,21,18,20,1.27
File,"FractionFormatTest.java",1,1,0,0,,1,0,,24,,0,0,23,351,274,174,,,198,,,,3,1,,,1,1,11,9,,,0,24,24,2,24,1,,52,102,25,,164,79,119,,,3,3,,1,,33,33,24,33,0.09
File,"FractionTest.java",1,1,2,0,,1,0,,26,,0,2,24,600,477,384,,,393,,,,7,1,,,1,1,19,17,,,0,26,26,0,26,0,,85,106,46,,341,80,313,,,7,7,,1,,50,51,26,50,0.10
File,"FrenchComplexFormatTest.java",1,1,0,0,,1,0,,2,,0,0,0,34,12,2,,,7,,,,1,1,,,1,1,3,3,,,0,2,2,0,2,2,,6,7,16,,4,5,2,,,1,1,,0,,2,2,2,2,1.33
File,"FrenchRealVectorFormatTest.java",1,1,0,0,,1,0,,2,,0,0,0,34,12,2,,,7,,,,1,1,,,1,1,3,3,,,0,2,2,0,2,2,,6,7,16,,4,5,2,,,1,1,,0,,2,2,2,2,1.33
File,"FrenchVector3DFormatTest.java",1,1,0,0,,1,0,,2,,0,0,0,34,12,2,,,7,,,,1,1,,,1,1,3,3,,,0,2,2,0,2,2,,6,7,16,,4,5,2,,,1,1,,0,,2,2,2,2,1.33
File,"Frequency.java",1,1,0,6,,2,2,,30,,0,0,30,511,217,115,,,148,,,,10,8,,,1,1,13,6,,,0,30,30,1,30,0,,45,69,255,,92,63,85,,,10,10,,2,,55,55,42,55,1.18
File,"FrequencyTest.java",1,1,1,1,,1,0,,9,,0,0,9,266,208,167,,,182,,,,4,1,,,1,1,22,20,,,0,9,9,8,9,0,,25,45,37,,168,36,146,,,4,4,,1,,13,13,9,13,0.18
File,"FunctionUtils.java",1,1,0,4,,14,0,,17,,0,1,28,336,174,103,,,131,,,,4,1,,,1,1,15,10,,,12,29,29,0,29,0,,19,41,143,,86,61,70,,,4,4,,3,,44,44,29,44,0.82
File,"FunctionUtilsTest.java",1,1,1,0,,1,0,,14,,0,0,14,233,176,107,,,145,,,,2,1,,,1,1,11,9,,,0,14,14,1,14,0,,38,105,19,,127,94,51,,,2,2,,1,,17,17,14,17,0.11
File,"GLSMultipleLinearRegression.java",1,1,0,6,,1,0,,6,,0,0,1,136,46,21,,,35,,,,2,1,,,1,1,12,5,,,0,6,6,2,6,5,,13,25,77,,27,22,13,,,2,2,,1,,7,7,6,7,1.67
File,"GLSMultipleLinearRegressionTest.java",1,1,1,2,,1,0,,15,,0,0,12,297,209,137,,,159,,,,5,1,,,1,1,13,10,,,0,15,15,4,15,3,,35,99,55,,138,85,74,,,5,5,,2,,20,20,15,20,0.26
File,"Gamma.java",2,1,1,14,,2,7,,3,,0,1,8,356,135,88,,,84,,,,7,3,,,2,3,25,10,,,8,11,11,0,11,2,,28,57,196,,57,37,47,,,7,12,,2,,26,37,15,26,1.45
File,"GammaDistribution.java",1,1,0,8,,1,2,,15,,0,0,14,326,99,46,,,71,,,,3,3,,,1,1,14,5,,,0,15,15,8,15,1,,29,41,198,,50,38,33,,,3,4,,1,,20,21,17,20,2.00
File,"GammaDistributionTest.java",1,1,0,1,,1,0,,21,,0,4,18,329,232,141,,,171,,,,6,1,,,1,1,10,9,,,1,22,22,0,22,0,,41,93,56,,139,73,98,,,6,7,,3,,31,32,22,31,0.24
File,"GammaTest.java",1,1,0,0,,1,0,,17,,0,3,14,156,113,54,,,64,,,,2,1,,,1,1,5,5,,,0,17,17,0,17,0,,19,63,24,,44,32,32,,,2,2,,1,,19,19,17,19,0.21
File,"GaussNewtonOptimizer.java",3,1,2,7,,1,0,,5,,0,0,5,168,82,44,,,72,,,,11,1,,,3,3,22,13,,,0,5,5,1,5,0,,19,41,67,,58,43,29,,,11,11,,4,,15,15,5,15,0.82
File,"GaussNewtonOptimizerTest.java",1,1,0,2,,1,0,,6,,0,0,6,151,48,15,,,26,,,,1,1,,,1,1,7,4,,,0,6,6,0,6,0,,14,28,89,,19,15,11,,,1,1,,0,,6,6,6,6,1.85
File,"Gaussian.java",1,1,0,6,,3,0,,9,,0,2,8,198,81,37,,,57,,,,4,1,,,1,1,14,7,,,1,10,10,3,10,0,,18,38,99,,40,34,23,,,4,4,,1,,15,15,10,15,1.22
File,"GaussianFitter.java",2,1,0,6,,4,0,,14,,0,6,8,337,173,98,,,120,,,,10,10,,,2,3,21,14,,,0,14,14,3,14,0,,22,52,142,,79,52,68,,,10,11,,2,,40,44,27,40,0.82
File,"GaussianFitterTest.java",1,1,0,3,,1,5,,8,,0,0,8,336,254,211,,,68,,,,2,1,,,1,1,15,10,,,1,9,9,0,9,1,,21,76,61,,56,37,31,,,2,2,,1,,11,11,9,11,0.24
File,"GaussianRandomGenerator.java",1,1,0,3,,1,0,,2,,0,0,2,47,10,2,,,7,,,,1,1,,,1,1,6,3,,,0,2,2,1,2,0,,7,5,30,,4,5,2,,,1,1,,0,,2,2,2,2,3.00
File,"GaussianRandomGeneratorTest.java",2,1,0,0,,1,0,,1,,0,0,1,40,18,8,,,16,,,,2,1,,,2,2,11,11,,,0,1,1,0,1,0,,8,10,14,,13,10,6,,,2,2,,1,,2,2,1,2,0.78
File,"GaussianTest.java",1,1,0,0,,1,0,,14,,0,0,14,156,112,60,,,83,,,,1,1,,,1,1,6,6,,,0,14,14,1,14,0,,25,67,19,,68,53,30,,,1,1,,0,,14,14,14,14,0.17
File,"GeneticAlgorithm.java",1,1,0,7,,1,1,,9,,0,0,11,235,86,41,,,59,,,,5,1,,,1,1,14,6,,,2,11,11,6,11,0,,28,32,121,,40,28,31,,,5,5,,2,,18,20,11,18,1.41
File,"GeneticAlgorithmTestBinary.java",1,1,2,3,,2,7,,4,,0,1,4,123,57,34,,,43,,,,3,1,,,1,1,13,7,,,1,5,5,0,5,0,,25,31,42,,32,30,13,,,3,3,,2,,8,8,5,8,0.74
File,"GeneticAlgorithmTestPermutations.java",1,1,1,3,,2,8,,4,,0,1,4,132,65,37,,,50,,,,3,1,,,1,1,13,8,,,1,5,5,0,5,0,,21,36,46,,39,35,15,,,3,3,,2,,8,8,5,8,0.71
File,"GeometricMean.java",1,1,0,5,,1,1,,12,,0,1,12,210,77,28,,,49,,,,2,1,,,1,1,9,4,,,1,13,13,1,13,0,,20,35,113,,33,27,22,,,2,2,,1,,15,15,13,15,1.47
File,"GeometricMeanTest.java",1,1,2,4,,1,0,,3,,0,0,3,79,33,16,,,26,,,,1,1,,,1,1,13,7,,,0,3,3,1,3,0,,13,14,33,,22,11,15,,,1,1,,0,,3,3,3,3,1.00
File,"GillIntegrator.java",1,1,0,4,,1,3,,1,,0,0,1,74,18,6,,,8,,,,1,1,,,1,1,7,3,,,0,1,1,0,1,0,,11,15,45,,6,7,1,,,1,1,,0,,1,1,1,1,2.50
File,"GillIntegratorTest.java",1,1,1,0,,4,0,,15,,0,0,15,231,175,103,,,127,,,,7,1,,,1,1,12,10,,,0,15,15,2,15,0,,37,77,19,,101,75,52,,,7,7,,3,,24,24,15,24,0.11
File,"GillStepInterpolator.java",1,1,0,4,,1,3,,4,,0,0,2,149,64,44,,,51,,,,4,1,,,1,2,18,13,,,0,4,4,0,4,2,,16,42,69,,43,40,11,,,4,5,,2,,7,8,4,7,1.08
File,"GillStepInterpolatorTest.java",2,1,3,0,,1,0,,2,,0,0,2,91,60,34,,,51,,,,4,1,,,2,2,25,21,,,0,2,2,0,2,0,,15,39,16,,44,38,13,,,4,4,,2,,5,5,2,5,0.27
File,"GoalType.java",1,1,0,0,,1,0,,2,,0,0,2,35,6,0,,,3,,,,1,1,,,1,1,0,0,,,0,2,0,2,2,0,,6,5,23,,2,3,0,,,1,1,,0,,2,2,2,2,3.83
File,"GraggBulirschStoerIntegrator.java",7,1,8,14,,1,1,,13,,0,4,9,944,506,347,,,397,,,,57,4,,,7,9,59,36,,,0,13,13,18,13,0,,150,122,288,,304,125,272,,,59,72,,10,,103,128,16,101,0.57
File,"GraggBulirschStoerIntegratorTest.java",1,1,1,0,,6,0,,25,,0,1,24,403,320,208,,,229,,,,5,1,,,1,1,14,12,,,0,25,25,6,25,0,,63,149,20,,192,131,98,,,5,5,,2,,34,34,25,34,0.06
File,"GraggBulirschStoerStepInterpolator.java",3,1,4,5,,1,1,,10,,0,1,7,406,211,134,,,182,,,,8,3,,,3,3,28,18,,,0,10,10,7,10,2,,69,78,126,,145,78,104,,,8,9,,5,,38,39,12,38,0.60
File,"GraggBulirschStoerStepInterpolatorTest.java",2,1,2,0,,2,0,,5,,0,0,5,146,111,73,,,90,,,,4,1,,,2,2,24,22,,,0,5,5,0,5,0,,19,65,16,,78,64,26,,,4,4,,2,,10,10,5,10,0.14
File,"HarmonicFitter.java",2,1,1,8,,2,0,,8,,0,3,5,353,132,88,,,115,,,,7,1,,,2,2,24,14,,,0,8,8,4,8,0,,21,61,200,,93,64,51,,,7,8,,4,,20,22,8,20,1.52
File,"HarmonicFitterTest.java",2,1,2,0,,1,0,,6,,0,0,6,179,117,74,,,104,,,,4,1,,,2,2,20,16,,,0,6,6,0,6,0,,29,66,33,,89,62,42,,,4,4,,1,,14,14,6,14,0.28
File,"HarmonicOscillator.java",1,1,0,6,,3,0,,7,,0,2,6,154,58,24,,,42,,,,3,1,,,1,1,12,5,,,1,8,8,3,8,0,,13,29,83,,30,27,15,,,3,3,,1,,10,10,8,10,1.43
File,"HarmonicOscillatorTest.java",1,1,0,0,,1,0,,8,,0,0,8,117,82,47,,,67,,,,2,1,,,1,1,8,8,,,0,8,8,1,8,0,,16,57,19,,56,51,16,,,2,2,,1,,10,10,8,10,0.23
File,"HessenbergTransformer.java",5,1,3,7,,1,0,,6,,1,1,4,233,121,74,,,124,,,,12,1,,,5,5,29,18,,,0,6,6,5,6,0,,28,29,84,,92,47,77,,,12,12,,5,,33,33,6,33,0.69
File,"HessenbergTransformerTest.java",1,1,0,0,,1,0,,11,,0,4,7,160,118,73,,,58,,,,4,1,,,1,1,8,8,,,0,11,11,3,11,0,,22,53,20,,42,32,26,,,4,4,,3,,15,15,11,15,0.17
File,"HighamHall54Integrator.java",1,1,1,6,,1,5,,4,,0,0,3,136,57,27,,,29,,,,4,1,,,1,1,15,8,,,0,4,4,0,4,1,,21,39,58,,22,19,10,,,4,4,,2,,7,7,4,7,1.02
File,"HighamHall54IntegratorTest.java",1,1,1,0,,5,1,,20,,0,0,19,356,277,191,,,182,,,,6,1,,,1,1,16,14,,,0,20,20,0,20,1,,52,120,27,,148,109,73,,,6,6,,1,,33,33,20,33,0.10
File,"HighamHall54StepInterpolator.java",1,1,0,4,,1,1,,4,,0,0,2,120,62,43,,,49,,,,4,1,,,1,2,18,13,,,0,4,4,0,4,2,,14,39,44,,41,37,12,,,4,5,,2,,7,8,4,7,0.71
File,"HighamHall54StepInterpolatorTest.java",2,1,1,0,,2,0,,5,,0,0,5,144,111,75,,,90,,,,4,1,,,2,2,24,22,,,0,5,5,0,5,0,,17,65,16,,78,64,26,,,4,4,,2,,10,10,5,10,0.14
File,"HilbertMatrix.java",2,1,0,2,,1,0,,4,,0,0,4,75,39,18,,,29,,,,5,1,,,2,2,10,7,,,0,4,4,1,4,0,,7,17,29,,20,15,14,,,5,5,,3,,8,8,4,8,0.74
File,"HypergeometricDistribution.java",1,1,0,7,,1,1,,18,,0,5,12,337,144,79,,,96,,,,6,1,,,1,1,14,7,,,0,18,18,5,18,1,,34,52,159,,65,47,49,,,6,6,,1,,30,31,18,30,1.10
File,"HypergeometricDistributionTest.java",1,1,0,0,,1,0,,16,,0,1,15,269,203,136,,,121,,,,6,1,,,1,1,12,11,,,0,16,16,0,16,0,,26,99,40,,98,47,74,,,6,6,,1,,22,22,16,22,0.20
File,"Hyperplane.java",0,0,0,0,,1,0,,5,,5,0,0,79,10,0,,,9,,,,0,0,,,0,0,0,0,,,0,0,5,0,5,0,,11,9,58,,8,9,0,,,0,0,,0,,0,0,0,0,5.80
File,"ISAACRandom.java",1,1,0,2,,1,6,,13,,0,6,6,272,171,120,,,153,,,,5,1,,,1,1,13,11,,,0,13,13,10,13,1,,17,39,84,,129,40,113,,,5,5,,2,,23,23,13,23,0.49
File,"ISAACTest.java",1,1,1,0,,1,4,,3,,0,1,1,393,353,331,,,24,,,,2,1,,,1,1,7,6,,,0,3,3,0,3,1,,14,340,26,,19,15,9,,,2,2,,1,,4,4,3,4,0.07
File,"Identity.java",1,1,0,1,,1,0,,2,,0,0,2,38,10,2,,,7,,,,1,1,,,1,1,4,3,,,0,2,2,0,2,0,,4,5,24,,4,5,2,,,1,1,,0,,2,2,2,2,2.40
File,"IllConditionedOperatorException.java",1,1,0,6,,1,1,,1,,0,0,1,43,10,2,,,7,,,,1,1,,,1,1,9,3,,,0,1,1,0,1,0,,3,7,30,,5,6,1,,,1,1,,0,,1,1,1,1,3.00
File,"IllinoisSolver.java",1,1,0,4,,1,0,,4,,0,0,4,83,18,4,,,10,,,,1,1,,,1,1,8,3,,,0,4,4,0,4,0,,7,9,58,,5,6,4,,,1,1,,0,,4,4,4,4,3.22
File,"IllinoisSolverTest.java",1,1,0,1,,1,0,,2,,0,0,0,37,11,2,,,6,,,,1,1,,,1,1,4,3,,,0,2,2,0,2,2,,3,6,23,,3,4,2,,,1,1,,0,,2,2,2,2,2.09
File,"Incrementor.java",1,1,0,6,,3,0,,12,,1,0,11,174,51,18,,,35,,,,2,1,,,1,1,10,4,,,0,11,12,3,12,0,,13,19,110,,20,20,15,,,2,2,,1,,13,13,11,13,2.16
File,"IncrementorTest.java",1,1,0,0,,2,0,,11,,0,0,11,137,98,56,,,71,,,,3,1,,,1,1,8,7,,,0,11,11,0,11,0,,19,39,20,,57,28,43,,,3,3,,1,,13,13,11,13,0.20
File,"IntegerDistribution.java",0,0,0,0,,1,0,,12,,12,0,0,156,17,0,,,16,,,,0,0,,,0,0,0,0,,,0,0,12,0,12,0,,13,16,126,,15,16,0,,,0,0,,0,,0,0,0,0,7.41
File,"IntegerDistributionAbstractTest.java",1,1,0,3,,1,0,,34,,0,0,15,379,182,87,,,134,,,,5,1,,,1,1,8,5,,,0,27,34,8,34,19,,51,68,147,,95,66,68,,,5,5,,3,,38,38,27,38,0.81
File,"InteractionTest.java",2,1,4,0,,1,0,,1,,0,0,1,80,49,38,,,24,,,,2,1,,,2,2,18,14,,,0,1,1,6,1,0,,12,39,19,,21,17,7,,,2,2,,1,,2,2,1,2,0.39
File,"Interval.java",1,1,0,3,,1,0,,5,,0,0,5,70,21,6,,,15,,,,1,1,,,1,1,6,3,,,0,5,5,2,5,0,,10,9,39,,9,9,6,,,1,1,,0,,5,5,5,5,1.86
File,"IntervalsSet.java",2,1,0,7,,1,0,,10,,0,2,8,252,127,75,,,79,,,,6,4,,,2,3,18,10,,,1,11,11,0,11,1,,22,46,103,,54,38,41,,,6,7,,2,,30,34,14,30,0.81
File,"IntervalsSetTest.java",1,1,1,0,,1,0,,4,,0,0,4,106,78,52,,,65,,,,2,1,,,1,1,16,15,,,0,4,4,0,4,0,,12,27,16,,59,23,42,,,2,2,,1,,5,5,4,5,0.21
File,"InvalidRepresentationException.java",1,1,0,6,,1,1,,1,,0,0,1,43,9,2,,,7,,,,1,1,,,1,1,9,3,,,0,1,1,0,1,0,,5,6,29,,5,6,1,,,1,1,,0,,1,1,1,1,3.22
File,"Inverse.java",1,1,0,1,,2,0,,3,,0,0,3,44,15,5,,,10,,,,1,1,,,1,1,5,4,,,0,3,3,0,3,0,,4,6,25,,6,7,3,,,1,1,,0,,3,3,3,3,1.67
File,"InverseHilbertMatrix.java",2,1,0,3,,1,0,,5,,0,0,5,100,52,28,,,41,,,,5,1,,,2,2,12,8,,,0,5,5,1,5,0,,8,22,40,,31,20,21,,,5,5,,3,,10,10,5,10,0.77
File,"IterationEvent.java",1,1,0,7,,1,1,,2,,0,0,2,56,13,4,,,10,,,,1,1,,,1,1,10,3,,,0,2,2,1,2,0,,5,7,38,,7,7,3,,,1,1,,0,,2,2,2,2,2.92
File,"IterationListener.java",0,0,0,0,,1,0,,4,,4,0,0,58,8,0,,,7,,,,0,0,,,0,0,0,0,,,0,0,4,0,4,0,,5,7,45,,6,7,0,,,0,0,,0,,0,0,0,0,5.62
File,"IterationManager.java",1,1,0,5,,1,0,,11,,0,0,11,159,52,17,,,39,,,,2,1,,,1,1,9,4,,,0,11,11,2,11,0,,16,19,91,,19,22,17,,,2,2,,1,,15,15,11,15,1.75
File,"IterativeLinearSolver.java",1,1,0,10,,1,0,,6,,0,0,6,174,57,22,,,34,,,,4,1,,,1,1,18,7,,,1,6,7,1,7,1,,10,26,107,,24,16,18,,,4,4,,1,,9,9,6,9,1.88
File,"IterativeLinearSolverEvent.java",1,1,0,11,,1,1,,6,,0,0,6,116,19,4,,,14,,,,1,1,,,1,1,14,3,,,0,3,6,0,6,0,,8,12,89,,10,11,3,,,1,1,,0,,3,3,3,3,4.68
File,"JDKRandomGenerator.java",1,1,0,1,,1,1,,2,,0,0,2,50,16,7,,,13,,,,2,1,,,1,1,7,5,,,0,2,2,0,2,0,,7,8,27,,8,9,4,,,2,2,,1,,3,3,2,3,1.69
File,"JacobiPreconditioner.java",1,1,0,4,,2,0,,8,,0,0,9,130,59,31,,,40,,,,5,1,,,1,1,11,6,,,1,9,9,1,9,0,,11,19,60,,26,20,20,,,5,5,,2,,13,13,9,13,1.02
File,"JacobianMatrices.java",2,1,2,6,,3,0,,17,,0,1,16,469,221,122,,,182,,,,13,6,,,2,2,20,11,,,0,17,17,12,17,0,,72,73,176,,127,77,105,,,13,14,,7,,48,49,28,48,0.80
File,"JacobianMatricesTest.java",1,1,0,0,,5,8,,45,,0,0,45,616,490,329,,,396,,,,7,3,,,1,1,10,9,,,0,45,45,10,45,0,,86,204,40,,324,192,204,,,7,7,,2,,67,67,47,67,0.08
File,"KMeansPlusPlusClusterer.java",4,1,5,11,,2,0,,9,,0,6,6,504,254,160,,,206,,,,17,9,,,4,4,35,19,,,3,12,10,6,12,0,,85,90,166,,142,95,111,,,17,17,,6,,58,59,22,56,0.65
File,"KMeansPlusPlusClustererTest.java",2,1,1,2,,2,0,,10,,0,0,10,272,195,128,,,130,,,,6,1,,,2,2,21,17,,,0,10,10,1,10,0,,34,87,43,,100,72,58,,,6,6,,3,,23,23,10,23,0.22
File,"KalmanFilter.java",1,1,2,9,,1,0,,12,,0,0,12,376,145,86,,,94,,,,9,1,,,1,2,21,10,,,0,12,12,9,12,0,,38,44,193,,70,42,52,,,9,14,,1,,23,29,12,23,1.33
File,"KalmanFilterTest.java",1,1,7,8,,1,0,,6,,0,2,4,266,141,104,,,117,,,,3,1,,,1,1,37,20,,,0,6,6,0,6,0,,55,86,70,,105,77,40,,,3,3,,2,,11,11,6,11,0.50
File,"KolmogorovSmirnovDistribution.java",4,1,5,17,,1,1,,7,,0,3,4,355,128,75,,,119,,,,14,5,,,4,4,38,15,,,0,7,7,1,7,0,,50,46,177,,88,56,63,,,14,14,,4,,31,33,11,31,1.38
File,"KolmogorovSmirnovDistributionTest.java",1,1,17,40,,1,1,,1,,0,0,1,118,34,25,,,31,,,,1,1,,,1,1,84,27,,,0,1,1,0,1,0,,23,8,61,,29,7,24,,,1,1,,0,,1,1,1,1,1.79
File,"Kurtosis.java",1,1,0,5,,1,1,,9,,0,0,10,225,96,50,,,67,,,,3,1,,,1,1,14,7,,,1,10,10,2,10,0,,25,42,104,,50,35,32,,,3,4,,2,,16,18,10,16,1.08
File,"KurtosisTest.java",1,1,0,3,,1,0,,3,,0,0,3,66,29,12,,,22,,,,1,1,,,1,1,9,6,,,0,3,3,1,3,0,,7,14,30,,18,11,11,,,1,1,,0,,3,3,3,3,1.03
File,"LUDecomposition.java",4,1,1,5,,2,1,,13,,0,1,12,386,220,137,,,219,,,,13,3,,,4,4,22,15,,,0,13,13,10,13,0,,40,64,127,,164,92,127,,,13,13,,3,,54,57,15,54,0.58
File,"LUDecompositionTest.java",2,1,1,1,,1,2,,9,,0,0,9,291,230,172,,,168,,,,9,1,,,2,2,24,21,,,0,9,9,5,9,0,,30,101,32,,143,73,95,,,9,9,,3,,24,24,9,24,0.14
File,"LUSolverTest.java",2,1,0,2,,1,0,,7,,0,1,6,169,122,75,,,65,,,,4,1,,,2,2,15,12,,,0,7,7,4,7,0,,15,56,33,,49,28,37,,,4,4,,1,,15,15,7,15,0.27
File,"LaguerreSolver.java",3,2,1,10,,2,1,,9,,0,0,9,326,174,118,,,142,,,,9,6,,,3,3,29,17,,,0,9,9,1,9,0,,23,67,129,,109,66,76,,,9,9,,3,,32,33,20,32,0.74
File,"LaguerreSolverTest.java",1,1,2,5,,1,0,,4,,0,0,4,175,76,50,,,69,,,,3,1,,,1,1,24,15,,,0,4,4,0,4,0,,22,31,77,,62,27,42,,,3,3,,1,,6,6,4,6,1.01
File,"LeastSquaresConverter.java",3,1,0,13,,1,0,,4,,0,0,4,181,63,33,,,52,,,,8,1,,,3,3,27,13,,,0,4,4,4,4,0,,14,20,104,,36,21,31,,,8,8,,2,,13,13,4,13,1.65
File,"LegendreGaussIntegrator.java",2,1,2,8,,1,8,,5,,0,1,3,259,132,76,,,66,,,,3,3,,,2,2,26,15,,,0,5,5,2,5,1,,32,75,95,,55,36,30,,,5,5,,2,,13,14,7,10,0.72
File,"LegendreGaussIntegratorTest.java",2,1,1,0,,2,0,,6,,0,1,5,150,108,70,,,97,,,,5,1,,,2,2,18,15,,,0,6,6,0,6,0,,21,46,21,,84,45,52,,,5,5,,4,,13,14,6,13,0.19
File,"LevenbergMarquardtOptimizer.java",10,2,5,23,,1,0,,10,,0,4,5,907,496,353,,,477,,,,36,8,,,10,11,76,47,,,0,10,10,13,10,1,,67,142,344,,381,178,299,,,36,43,,5,,100,112,22,100,0.69
File,"LevenbergMarquardtOptimizerTest.java",1,1,1,1,,5,1,,19,,0,3,16,406,258,163,,,178,,,,5,1,,,1,1,14,12,,,0,19,19,4,19,0,,47,126,101,,143,98,80,,,5,5,,2,,32,32,19,32,0.39
File,"LewTest.java",1,1,0,0,,1,0,,1,,0,0,0,29,7,1,,,4,,,,1,1,,,1,1,3,3,,,0,1,1,0,1,1,,3,4,19,,2,3,1,,,1,1,,0,,1,1,1,1,2.71
File,"Line.java",1,1,0,4,,1,0,,17,,0,0,17,225,90,39,,,69,,,,2,1,,,1,1,9,4,,,0,17,17,2,17,0,,32,44,103,,48,44,25,,,2,3,,1,,21,23,17,21,1.14
File,"Line.java",1,1,0,3,,2,0,,29,,0,1,29,414,199,99,,,150,,,,2,1,,,1,1,9,5,,,1,30,30,13,30,0,,50,87,165,,114,83,67,,,2,2,,1,,36,36,30,36,0.83
File,"LineTest.java",1,1,0,0,,1,0,,6,,0,0,6,130,105,78,,,56,,,,2,1,,,1,1,15,15,,,0,6,6,0,6,0,,9,31,16,,48,26,30,,,2,2,,1,,7,7,6,7,0.15
File,"LineTest.java",1,1,0,0,,1,0,,8,,0,0,8,128,97,57,,,68,,,,3,1,,,1,1,10,9,,,0,8,8,0,8,0,,15,48,16,,57,40,28,,,3,3,,2,,10,10,8,10,0.16
File,"LinearConstraint.java",1,1,0,8,,1,1,,11,,0,2,9,233,80,32,,,53,,,,3,3,,,1,1,14,5,,,0,11,11,3,11,0,,23,36,130,,38,27,26,,,3,5,,1,,14,16,13,14,1.62
File,"LinearInterpolator.java",5,1,6,14,,1,0,,1,,0,0,1,74,32,17,,,29,,,,5,1,,,5,5,43,23,,,0,1,1,0,1,0,,8,13,34,,23,15,14,,,5,5,,1,,5,5,1,5,1.06
File,"LinearInterpolatorTest.java",1,1,1,2,,1,0,,5,,0,0,4,147,95,62,,,77,,,,4,1,,,1,1,19,15,,,0,5,5,3,5,1,,16,51,36,,67,45,32,,,4,4,,1,,9,9,5,9,0.38
File,"LinearObjectiveFunction.java",1,1,0,3,,1,1,,10,,0,2,8,147,57,19,,,40,,,,3,3,,,1,1,8,4,,,0,10,10,2,10,0,,21,27,69,,27,23,17,,,3,4,,1,,12,13,12,12,1.21
File,"LinearOptimizer.java",0,0,0,0,,1,0,,4,,4,0,0,89,13,0,,,10,,,,0,0,,,0,0,0,0,,,0,0,4,0,4,0,,9,12,67,,9,10,0,,,0,0,,0,,0,0,0,0,5.15
File,"ListPopulation.java",1,1,0,5,,1,0,,13,,0,0,12,212,96,42,,,66,,,,4,1,,,1,1,11,6,,,0,13,13,2,13,1,,18,30,98,,40,29,37,,,4,4,,2,,24,24,13,24,1.02
File,"ListPopulationTest.java",1,1,0,0,,14,0,,23,,0,0,23,207,149,84,,,102,,,,2,1,,,1,1,8,7,,,0,23,23,0,23,0,,32,57,26,,76,51,51,,,2,2,,1,,25,25,23,25,0.17
File,"ListUnivariateImpl.java",1,1,1,3,,1,1,,13,,0,0,13,206,102,47,,,74,,,,3,1,,,1,1,10,6,,,0,13,13,2,13,0,,33,44,71,,52,39,35,,,3,4,,2,,21,23,13,21,0.70
File,"ListUnivariateImplTest.java",1,1,4,1,,1,0,,5,,0,0,5,159,100,74,,,90,,,,2,1,,,1,1,19,14,,,0,5,5,12,5,0,,33,40,26,,82,36,54,,,2,2,,1,,7,7,5,7,0.26
File,"Localizable.java",0,0,0,0,,1,0,,2,,2,0,0,44,7,0,,,6,,,,0,0,,,0,0,0,0,,,0,0,2,0,2,0,,3,6,34,,5,6,0,,,0,0,,0,,0,0,0,0,4.86
File,"LocalizedFormats.java",1,1,0,2,,1,0,,5,,0,1,4,397,336,9,,,17,,,,3,3,,,1,1,6,3,,,0,5,3,312,5,0,,14,323,121,,12,11,6,,,3,3,,2,,7,7,7,7,0.36
File,"LocalizedFormatsTest.java",2,1,0,0,,1,0,,6,,0,0,6,111,75,36,,,55,,,,4,1,,,2,2,10,10,,,0,6,6,0,6,0,,14,34,22,,33,35,20,,,4,4,,3,,16,16,6,16,0.29
File,"LoessInterpolator.java",3,1,3,16,,1,4,,6,,0,4,6,454,183,117,,,151,,,,17,6,,,3,3,36,16,,,4,10,10,3,10,0,,44,74,227,,118,75,76,,,17,17,,3,,33,36,15,33,1.24
File,"LoessInterpolatorTest.java",1,1,1,0,,1,0,,21,,0,1,20,260,188,100,,,147,,,,4,1,,,1,1,8,7,,,0,21,21,0,21,0,,46,109,26,,115,90,57,,,4,4,,2,,31,31,21,31,0.14
File,"Log.java",1,1,0,1,,2,0,,3,,0,0,3,45,16,5,,,11,,,,1,1,,,1,1,5,4,,,0,3,3,0,3,0,,4,7,25,,7,8,3,,,1,1,,0,,3,3,3,3,1.56
File,"Log10.java",1,1,0,1,,2,1,,3,,0,0,3,48,17,6,,,12,,,,1,1,,,1,1,5,4,,,0,3,3,0,3,0,,5,8,26,,8,9,3,,,1,1,,0,,3,3,3,3,1.53
File,"Log1p.java",1,1,0,1,,2,0,,3,,0,0,3,45,16,5,,,11,,,,1,1,,,1,1,5,4,,,0,3,3,0,3,0,,4,7,25,,7,8,3,,,1,1,,0,,3,3,3,3,1.56
File,"LogNormalDistribution.java",1,1,0,5,,1,4,,18,,0,0,17,291,106,47,,,74,,,,4,3,,,1,1,10,4,,,0,18,18,3,18,1,,28,48,157,,49,42,32,,,4,4,,1,,25,26,20,25,1.48
File,"LogNormalDistributionTest.java",1,1,0,1,,1,0,,17,,0,2,15,246,164,103,,,94,,,,3,1,,,1,1,10,8,,,0,17,17,0,17,0,,28,53,57,,73,39,55,,,3,3,,2,,20,20,17,20,0.35
File,"Logistic.java",1,1,0,8,,3,0,,7,,0,2,6,208,93,45,,,65,,,,4,1,,,1,1,19,10,,,1,8,8,6,8,0,,15,50,100,,50,41,24,,,4,4,,1,,13,13,8,13,1.08
File,"LogisticTest.java",1,1,1,0,,1,0,,14,,0,0,14,197,140,85,,,112,,,,2,1,,,1,1,9,8,,,0,14,14,1,14,0,,37,98,20,,95,86,26,,,2,2,,1,,16,16,14,16,0.14
File,"Logit.java",1,1,0,5,,3,0,,8,,0,2,7,157,58,21,,,40,,,,3,1,,,1,1,11,5,,,1,9,9,2,9,0,,13,25,86,,26,23,17,,,3,3,,1,,12,13,9,12,1.48
File,"LogitTest.java",1,1,0,0,,1,0,,14,,0,0,14,171,125,70,,,97,,,,2,1,,,1,1,7,7,,,0,14,14,1,14,0,,27,79,21,,80,66,31,,,2,2,,1,,16,16,14,16,0.17
File,"LotteryTest.java",1,1,0,0,,1,0,,1,,0,0,0,29,7,1,,,4,,,,1,1,,,1,1,3,3,,,0,1,1,0,1,1,,3,4,19,,2,3,1,,,1,1,,0,,1,1,1,1,2.71
File,"MainStateJacobianProvider.java",0,0,0,0,,1,0,,1,,1,0,0,36,4,0,,,3,,,,0,0,,,0,0,0,0,,,0,0,1,0,1,0,,3,3,29,,2,3,0,,,0,0,,0,,0,0,0,0,7.25
File,"MannWhitneyUTest.java",1,1,2,16,,1,0,,7,,0,3,4,234,70,32,,,50,,,,3,1,,,1,1,26,8,,,0,7,7,1,7,0,,30,40,134,,39,33,17,,,3,5,,1,,10,12,7,10,1.91
File,"MannWhitneyUTestTest.java",4,1,3,10,,1,0,,2,,0,0,2,103,48,29,,,31,,,,7,1,,,4,4,32,19,,,0,2,2,1,2,0,,14,13,41,,22,11,20,,,7,7,,1,,8,8,2,8,0.85
File,"MathArithmeticException.java",1,1,0,2,,1,1,,5,,0,0,5,77,30,8,,,20,,,,1,1,,,1,1,6,3,,,0,5,5,1,5,0,,7,17,40,,14,13,7,,,1,1,,0,,5,5,5,5,1.33
File,"MathArrays.java",3,2,1,14,,3,1,,4,,0,1,30,1085,533,364,,,427,,,,11,12,,,3,3,32,17,,,27,31,29,2,31,0,,88,220,464,,323,221,206,,,12,12,,5,,107,112,67,104,0.87
File,"MathArraysTest.java",1,1,1,0,,1,0,,24,,0,0,24,651,558,452,,,274,,,,6,1,,,1,1,23,21,,,0,24,24,0,24,0,,59,155,34,,228,106,168,,,6,6,,1,,45,45,24,45,0.06
File,"MathIllegalArgumentException.java",1,1,0,1,,1,1,,4,,0,0,4,65,25,6,,,16,,,,1,1,,,1,1,5,3,,,0,4,4,1,4,0,,6,15,34,,11,11,5,,,1,1,,0,,4,4,4,4,1.36
File,"MathIllegalNumberException.java",1,1,0,5,,1,1,,2,,0,0,1,56,15,4,,,10,,,,1,1,,,1,1,9,4,,,0,2,2,1,2,1,,4,9,37,,7,7,3,,,1,1,,0,,2,2,2,2,2.47
File,"MathIllegalStateException.java",1,1,0,3,,1,1,,6,,0,0,6,88,36,10,,,23,,,,1,1,,,1,1,7,4,,,0,6,6,1,6,0,,8,20,44,,16,14,9,,,1,1,,0,,6,6,6,6,1.22
File,"MathInternalError.java",1,1,0,4,,1,2,,3,,0,0,3,58,16,5,,,12,,,,1,1,,,1,1,7,3,,,0,3,3,0,3,0,,5,9,38,,8,9,3,,,1,1,,0,,3,3,3,3,2.38
File,"MathParseException.java",1,1,0,6,,1,1,,2,,0,0,2,57,18,5,,,9,,,,1,1,,,1,1,11,5,,,0,2,2,0,2,0,,4,11,35,,6,7,2,,,1,1,,0,,2,2,2,2,1.94
File,"MathUnsupportedOperationException.java",1,1,0,2,,1,1,,5,,0,0,5,73,29,7,,,19,,,,1,1,,,1,1,5,3,,,0,5,5,1,5,0,,6,17,38,,13,13,6,,,1,1,,0,,5,5,5,5,1.31
File,"MathUtils.java",2,1,0,9,,1,1,,1,,0,1,12,261,96,48,,,59,,,,3,3,,,2,3,15,6,,,12,13,13,0,13,0,,17,29,156,,32,25,34,,,3,7,,2,,26,44,21,26,1.62
File,"MathUtilsTest.java",2,1,0,0,,1,0,,19,,0,0,19,334,267,181,,,179,,,,7,1,,,2,2,14,12,,,0,19,19,0,19,0,,35,85,32,,141,65,114,,,7,7,,3,,38,38,19,38,0.12
File,"MatrixDimensionMismatchException.java",1,1,0,4,,1,1,,5,,0,0,5,74,26,8,,,15,,,,1,1,,,1,1,8,4,,,0,5,5,0,5,0,,4,13,44,,9,10,5,,,1,1,,0,,5,5,5,5,1.69
File,"MatrixDimensionMismatchExceptionTest.java",1,1,0,0,,1,0,,1,,0,0,1,37,14,5,,,10,,,,1,1,,,1,1,8,8,,,0,1,1,0,1,0,,2,8,21,,8,6,4,,,1,1,,0,,1,1,1,1,1.50
File,"MatrixUtils.java",2,1,0,10,,3,0,,9,,2,1,36,890,401,213,,,288,,,,8,1,,,2,2,20,9,,,30,39,39,2,39,0,,57,136,432,,194,125,163,,,8,10,,3,,99,109,39,99,1.08
File,"MatrixUtilsTest.java",2,1,0,2,,1,0,,14,,0,0,14,329,260,163,,,169,,,,4,1,,,2,2,14,12,,,2,16,16,19,16,2,,23,94,60,,125,71,98,,,4,4,,3,,43,43,16,43,0.23
File,"Max.java",1,1,0,6,,1,1,,8,,0,0,9,168,63,26,,,45,,,,5,1,,,1,1,11,5,,,1,9,9,2,9,0,,15,26,90,,31,21,24,,,5,5,,3,,14,15,9,14,1.43
File,"Max.java",1,1,0,1,,1,0,,1,,0,0,1,34,8,1,,,6,,,,1,1,,,1,1,4,3,,,0,1,1,0,1,0,,3,5,23,,4,5,1,,,1,1,,0,,1,1,1,1,2.88
File,"MaxCountExceededException.java",1,1,0,5,,1,1,,3,,0,0,3,64,19,5,,,13,,,,1,1,,,1,1,9,4,,,0,3,3,1,3,0,,4,11,41,,9,9,4,,,1,1,,0,,3,3,3,3,2.16
File,"MaxCountExceededExceptionTest.java",1,1,0,0,,1,0,,1,,0,0,1,33,10,2,,,7,,,,1,1,,,1,1,4,4,,,0,1,1,0,1,0,,2,7,21,,5,6,1,,,1,1,,0,,1,1,1,1,2.10
File,"MaxTest.java",1,1,0,1,,1,0,,4,,0,0,4,75,41,21,,,31,,,,1,1,,,1,1,8,7,,,0,4,4,1,4,0,,8,20,26,,26,15,16,,,1,1,,0,,4,4,4,4,0.63
File,"Mean.java",1,1,0,9,,1,1,,11,,0,0,12,277,88,39,,,65,,,,3,1,,,1,1,15,5,,,1,12,12,2,12,0,,23,40,166,,46,34,31,,,3,3,,2,,18,18,12,18,1.89
File,"MeanTest.java",1,1,0,1,,1,0,,5,,0,0,5,68,32,10,,,22,,,,1,1,,,1,1,5,4,,,0,5,5,1,5,0,,9,18,27,,16,14,8,,,1,1,,0,,5,5,5,5,0.84
File,"MeasurementModel.java",0,0,0,0,,1,0,,2,,2,0,0,46,6,0,,,5,,,,0,0,,,0,0,0,0,,,0,0,2,0,2,0,,3,5,37,,4,5,0,,,0,0,,0,,0,0,0,0,6.17
File,"Median.java",1,1,0,4,,1,1,,2,,0,0,2,55,11,3,,,8,,,,1,1,,,1,1,7,3,,,0,2,2,0,2,0,,7,6,37,,5,6,2,,,1,1,,0,,2,2,2,2,3.36
File,"MedianTest.java",1,1,0,3,,1,0,,2,,0,0,2,46,14,2,,,9,,,,1,1,,,1,1,6,3,,,0,2,2,1,2,0,,6,9,26,,6,7,2,,,1,1,,0,,2,2,2,2,1.86
File,"MersenneTwister.java",2,1,1,6,,1,4,,8,,0,0,7,265,106,68,,,94,,,,11,1,,,2,2,18,11,,,0,8,8,2,8,1,,42,35,123,,75,35,59,,,11,11,,2,,22,22,8,22,1.16
File,"MersenneTwisterTest.java",3,1,1,0,,1,0,,2,,0,0,1,304,277,260,,,20,,,,5,1,,,3,3,136,135,,,0,2,2,0,2,1,,9,265,18,,15,13,7,,,5,5,,1,,6,6,2,6,0.06
File,"MicrosphereInterpolatingFunction.java",2,1,1,7,,2,0,,9,,6,1,2,247,115,52,,,90,,,,9,3,,,2,2,18,10,,,0,9,9,7,9,0,,25,46,107,,60,46,44,,,9,10,,2,,24,25,11,24,0.93
File,"MicrosphereInterpolator.java",1,1,0,5,,1,2,,3,,0,0,3,95,35,14,,,22,,,,3,1,,,1,1,13,7,,,0,3,3,2,3,0,,6,18,54,,16,14,8,,,3,3,,1,,5,5,3,5,1.54
File,"MicrosphereInterpolatorTest.java",2,1,3,3,,3,0,,4,,0,0,4,132,83,58,,,76,,,,3,1,,,2,2,27,21,,,0,4,4,0,4,0,,15,32,34,,65,34,42,,,3,3,,2,,10,10,4,10,0.41
File,"MidpointIntegrator.java",1,1,0,4,,1,3,,1,,0,0,1,68,15,4,,,7,,,,1,1,,,1,1,7,3,,,0,1,1,0,1,0,,9,10,44,,5,6,1,,,1,1,,0,,1,1,1,1,2.93
File,"MidpointIntegratorTest.java",1,1,1,0,,3,0,,10,,0,0,10,179,133,82,,,96,,,,7,1,,,1,1,14,12,,,0,10,10,0,10,0,,30,55,16,,78,55,41,,,7,7,,3,,17,17,10,17,0.12
File,"MidpointStepInterpolator.java",1,1,0,4,,1,1,,4,,0,0,2,114,40,21,,,31,,,,4,1,,,1,2,13,8,,,0,4,4,0,4,2,,14,22,60,,23,20,11,,,4,5,,2,,7,8,4,7,1.50
File,"MidpointStepInterpolatorTest.java",2,1,3,0,,1,0,,2,,0,0,2,92,61,34,,,52,,,,4,1,,,2,2,25,21,,,0,2,2,0,2,0,,15,40,16,,45,39,13,,,4,4,,2,,5,5,2,5,0.26
File,"MillerUpdatingRegression.java",6,1,1,9,,1,0,,24,,0,11,13,1131,805,561,,,710,,,,20,7,,,6,6,42,32,,,0,24,24,19,24,0,,50,156,277,,560,206,504,,,20,21,,6,,151,161,40,151,0.34
File,"MillerUpdatingRegressionTest.java",4,1,3,2,,1,1,,19,,0,0,19,1082,891,756,,,544,,,,20,1,,,4,4,50,45,,,0,19,19,0,19,0,,81,179,127,,457,178,366,,,20,20,,3,,92,92,19,92,0.14
File,"Min.java",1,1,0,1,,1,0,,1,,0,0,1,34,8,1,,,6,,,,1,1,,,1,1,4,3,,,0,1,1,0,1,0,,3,5,23,,4,5,1,,,1,1,,0,,1,1,1,1,2.88
File,"Min.java",1,1,0,6,,1,1,,8,,0,0,9,168,63,26,,,45,,,,5,1,,,1,1,11,5,,,1,9,9,2,9,0,,15,26,90,,31,21,24,,,5,5,,3,,14,15,9,14,1.43
File,"MinTest.java",1,1,0,1,,1,0,,4,,0,0,4,75,41,21,,,31,,,,1,1,,,1,1,8,7,,,0,4,4,1,4,0,,8,20,26,,26,15,16,,,1,1,,0,,4,4,4,4,0.63
File,"MinpackTest.java",1,1,0,0,,21,28,,86,,0,2,82,1541,1276,876,,,733,,,,8,1,,,1,1,13,12,,,2,86,88,7,88,4,,187,486,78,,567,405,328,,,8,8,,4,,150,150,86,150,0.06
File,"Minus.java",1,1,0,1,,1,0,,2,,0,0,2,38,10,2,,,7,,,,1,1,,,1,1,4,3,,,0,2,2,0,2,0,,4,5,24,,4,5,2,,,1,1,,0,,2,2,2,2,2.40
File,"MixedListUnivariateImplTest.java",1,1,1,0,,5,2,,9,,0,0,9,207,149,105,,,109,,,,2,1,,,1,1,14,12,,,0,9,9,13,9,0,,33,48,25,,94,44,65,,,2,2,,1,,10,10,9,10,0.17
File,"ModelSpecificationException.java",1,1,0,5,,1,1,,1,,0,0,1,41,10,2,,,7,,,,1,1,,,1,1,9,4,,,0,1,1,0,1,0,,3,7,28,,5,6,1,,,1,1,,0,,1,1,1,1,2.80
File,"MonitoredFunction.java",1,1,0,0,,1,0,,4,,0,0,4,47,19,6,,,14,,,,1,1,,,1,1,3,3,,,0,4,4,2,4,0,,7,8,21,,9,8,6,,,1,1,,0,,4,4,4,4,1.11
File,"MullerSolver.java",3,2,2,8,,1,1,,5,,0,1,3,194,92,67,,,72,,,,10,5,,,3,4,27,17,,,0,5,5,0,5,1,,16,43,86,,58,39,33,,,10,15,,3,,18,23,11,18,0.93
File,"MullerSolver2.java",3,2,2,7,,1,1,,4,,0,0,3,164,79,54,,,61,,,,10,5,,,3,3,27,18,,,0,4,4,0,4,1,,14,34,71,,48,32,29,,,10,12,,3,,13,15,8,13,0.90
File,"MullerSolver2Test.java",1,1,2,4,,1,0,,4,,0,0,4,146,85,56,,,80,,,,3,1,,,1,1,24,17,,,0,4,4,0,4,0,,14,30,47,,73,26,54,,,3,3,,1,,6,6,4,6,0.55
File,"MullerSolverTest.java",1,1,2,5,,1,0,,4,,0,0,4,149,86,57,,,81,,,,3,1,,,1,1,24,17,,,0,4,4,0,4,0,,14,31,49,,74,27,54,,,3,3,,1,,6,6,4,6,0.57
File,"MultiDimensionMismatchException.java",1,1,0,4,,1,1,,6,,0,0,6,91,31,9,,,21,,,,1,1,,,1,1,8,3,,,0,6,6,2,6,0,,7,16,53,,14,13,8,,,1,1,,0,,6,6,6,6,1.71
File,"MultiDirectionalSimplex.java",1,1,0,8,,1,2,,10,,0,1,9,217,80,39,,,58,,,,3,1,,,1,1,16,6,,,0,10,10,2,10,0,,22,39,115,,43,30,28,,,3,3,,2,,14,14,10,14,1.44
File,"MultidimensionalCounter.java",1,1,0,5,,2,0,,15,,1,0,14,296,125,67,,,104,,,,4,3,,,1,2,13,7,,,0,15,15,7,15,0,,26,38,145,,73,44,60,,,4,5,,2,,29,31,19,29,1.16
File,"MultidimensionalCounterTest.java",4,1,1,2,,1,0,,5,,0,0,5,181,137,96,,,80,,,,9,1,,,4,4,28,24,,,0,5,5,0,5,0,,15,32,29,,58,30,50,,,9,9,,2,,21,21,5,21,0.21
File,"MultipleLinearRegression.java",0,0,0,0,,1,0,,5,,5,0,0,70,8,0,,,7,,,,0,0,,,0,0,0,0,,,0,0,5,0,5,0,,7,7,55,,6,7,0,,,0,0,,0,,0,0,0,0,6.88
File,"MultipleLinearRegressionAbstractTest.java",1,1,0,0,,1,0,,14,,0,0,11,135,93,45,,,59,,,,2,1,,,1,1,6,6,,,0,11,14,1,14,3,,21,48,21,,46,35,24,,,2,2,,1,,12,12,11,12,0.23
File,"Multiply.java",1,1,0,1,,1,0,,1,,0,0,1,33,7,1,,,5,,,,1,1,,,1,1,4,3,,,0,1,1,0,1,0,,3,4,23,,3,4,1,,,1,1,,0,,1,1,1,1,3.29
File,"MultistepIntegrator.java",1,1,1,6,,5,1,,21,,1,0,15,430,164,72,,,111,,,,4,1,,,1,1,13,6,,,0,19,21,13,21,5,,69,66,197,,82,53,58,,,4,4,,2,,24,24,19,24,1.20
File,"MultivariateFunction.java",0,0,0,0,,1,0,,1,,1,0,0,43,4,0,,,3,,,,0,0,,,0,0,0,0,,,0,0,1,0,1,0,,3,3,36,,2,3,0,,,0,0,,0,,0,0,0,0,9.00
File,"MultivariateFunctionMappingAdapter.java",1,1,0,3,,6,0,,18,,2,0,16,300,112,41,,,85,,,,8,1,,,1,1,9,5,,,0,16,18,6,18,0,,48,42,140,,54,45,40,,,8,8,,3,,25,25,16,25,1.25
File,"MultivariateFunctionMappingAdapterTest.java",1,1,2,0,,2,0,,10,,0,0,10,190,131,81,,,73,,,,3,1,,,1,1,13,11,,,0,10,10,6,10,0,,42,66,17,,61,46,27,,,3,3,,0,,14,14,10,14,0.13
File,"MultivariateFunctionPenaltyAdapter.java",5,2,3,28,,1,0,,2,,0,0,2,189,56,28,,,48,,,,6,3,,,5,6,52,21,,,0,2,2,5,2,0,,18,18,115,,36,19,29,,,6,7,,4,,11,12,4,11,2.05
File,"MultivariateFunctionPenaltyAdapterTest.java",1,1,2,0,,2,0,,11,,0,0,11,192,127,71,,,78,,,,3,1,,,1,1,12,9,,,0,11,11,6,11,0,,48,67,17,,65,48,30,,,3,3,,0,,15,15,11,15,0.13
File,"MultivariateInterpolator.java",0,0,0,0,,1,0,,1,,1,0,0,50,5,0,,,4,,,,0,0,,,0,0,0,0,,,0,0,1,0,1,0,,3,4,42,,3,4,0,,,0,0,,0,,0,0,0,0,8.40
File,"MultivariateMatrixFunction.java",0,0,0,0,,1,0,,1,,1,0,0,36,5,0,,,3,,,,0,0,,,0,0,0,0,,,0,0,1,0,1,0,,4,4,27,,2,3,0,,,0,0,,0,,0,0,0,0,5.40
File,"MultivariateMultiStartOptimizer.java",1,1,0,9,,1,0,,1,,0,0,1,51,12,1,,,6,,,,1,1,,,1,1,14,5,,,0,1,1,0,1,0,,3,9,36,,4,5,1,,,1,1,,0,,1,1,1,1,3.00
File,"MultivariateMultiStartOptimizerTest.java",1,1,0,0,,2,0,,4,,0,0,4,74,49,21,,,36,,,,1,1,,,1,1,8,8,,,0,4,4,1,4,0,,9,32,16,,30,26,10,,,1,1,,0,,4,4,4,4,0.33
File,"MultivariateOptimizer.java",0,0,0,0,,1,0,,0,,0,0,0,34,4,0,,,3,,,,0,0,,,0,0,0,0,,,0,0,0,0,0,0,,3,4,27,,2,3,0,,,0,0,,0,,0,0,0,0,6.75
File,"MultivariateSummaryStatistics.java",1,1,0,7,,1,1,,36,,0,5,31,629,254,133,,,199,,,,4,3,,,1,1,13,6,,,0,36,36,10,36,0,,54,82,321,,149,82,117,,,4,11,,2,,49,57,38,49,1.26
File,"MultivariateSummaryStatisticsTest.java",1,1,0,0,,2,0,,20,,0,0,19,315,243,178,,,192,,,,2,1,,,1,1,12,10,,,0,20,20,2,20,1,,33,58,40,,167,49,143,,,2,2,,1,,23,23,20,23,0.16
File,"MultivariateVectorFunction.java",0,0,0,0,,1,0,,1,,1,0,0,36,5,0,,,3,,,,0,0,,,0,0,0,0,,,0,0,1,0,1,0,,4,4,27,,2,3,0,,,0,0,,0,,0,0,0,0,5.40
File,"MutationPolicy.java",0,0,0,0,,1,0,,1,,1,0,0,33,4,0,,,3,,,,0,0,,,0,0,0,0,,,0,0,1,0,1,0,,2,3,27,,2,3,0,,,0,0,,0,,0,0,0,0,6.75
File,"NaNStrategy.java",1,1,0,0,,1,0,,2,,0,0,2,49,7,0,,,2,,,,1,1,,,1,1,0,0,,,0,2,0,4,2,0,,6,6,36,,1,2,0,,,1,1,,0,,2,2,2,2,5.14
File,"NaturalRanking.java",2,1,0,7,,2,2,,20,,0,7,13,464,221,138,,,172,,,,8,3,,,2,2,17,10,,,0,20,20,5,20,0,,42,56,215,,127,62,110,,,11,11,,3,,50,50,22,43,0.97
File,"NaturalRankingTest.java",1,1,0,0,,1,0,,7,,0,0,7,197,164,136,,,144,,,,1,1,,,1,1,20,20,,,0,7,7,6,7,0,,11,54,23,,136,42,102,,,1,1,,0,,7,7,7,7,0.14
File,"NelderMeadSimplex.java",2,1,1,10,,1,4,,9,,0,0,9,282,134,78,,,109,,,,16,6,,,2,2,24,13,,,0,9,9,4,9,0,,23,54,125,,84,49,60,,,16,17,,3,,24,25,14,24,0.93
File,"NestedLoops.java",3,1,2,6,,1,0,,6,,0,3,3,188,86,45,,,71,,,,7,3,,,3,3,20,11,,,0,6,6,4,6,0,,30,31,72,,48,36,35,,,7,7,,2,,19,19,8,19,0.84
File,"NevilleInterpolator.java",1,1,0,13,,1,1,,1,,0,0,1,57,10,2,,,7,,,,1,1,,,1,1,16,3,,,0,1,1,0,1,0,,5,7,42,,5,6,1,,,1,1,,0,,1,1,1,1,4.20
File,"NevilleInterpolatorTest.java",2,1,2,5,,1,0,,4,,0,0,3,147,81,52,,,81,,,,3,1,,,2,2,24,17,,,0,4,4,0,4,1,,16,36,50,,71,35,46,,,3,3,,1,,9,9,4,9,0.62
File,"NewtonSolver.java",1,1,0,6,,1,1,,4,,0,0,3,88,31,12,,,21,,,,3,3,,,1,1,12,5,,,0,4,4,0,4,1,,8,16,49,,14,13,8,,,3,3,,2,,6,6,6,6,1.58
File,"NewtonSolverTest.java",1,1,7,3,,1,0,,2,,0,0,2,91,48,31,,,43,,,,1,1,,,1,1,28,18,,,0,2,2,0,2,0,,18,18,25,,40,16,27,,,1,1,,0,,2,2,2,2,0.52
File,"NoBracketingException.java",1,1,0,6,,1,1,,6,,0,0,6,107,36,11,,,25,,,,1,1,,,1,1,10,4,,,0,6,6,4,6,0,,5,19,66,,18,15,10,,,1,1,,0,,6,6,6,6,1.83
File,"NoDataException.java",1,1,0,4,,1,1,,2,,0,0,2,47,12,3,,,9,,,,1,1,,,1,1,7,3,,,0,2,2,0,2,0,,4,7,31,,6,7,2,,,1,1,,0,,2,2,2,2,2.58
File,"NoFeasibleSolutionException.java",1,1,0,3,,1,1,,1,,0,0,1,41,9,2,,,7,,,,1,1,,,1,1,6,3,,,0,1,1,0,1,0,,6,6,26,,5,6,1,,,1,1,,0,,1,1,1,1,2.89
File,"NonLinearConjugateGradientOptimizer.java",2,1,1,7,,3,0,,10,,0,1,8,310,162,90,,,130,,,,15,4,,,2,3,22,13,,,0,10,10,6,10,1,,30,64,119,,98,65,65,,,15,16,,3,,29,30,15,29,0.73
File,"NonLinearConjugateGradientOptimizerTest.java",1,1,0,0,,5,1,,20,,0,1,19,394,281,179,,,153,,,,3,1,,,1,1,13,13,,,0,20,20,2,20,0,,37,134,76,,127,90,63,,,3,3,,1,,24,24,20,24,0.27
File,"NonMonotonicSequenceException.java",1,1,0,5,,1,1,,6,,0,0,6,121,45,18,,,25,,,,4,1,,,1,1,11,5,,,0,6,6,4,6,0,,6,21,70,,18,15,10,,,4,4,,0,,9,9,6,9,1.56
File,"NonMonotonicSequenceExceptionTest.java",1,1,1,0,,1,0,,1,,0,0,1,47,22,12,,,18,,,,1,1,,,1,1,16,15,,,0,1,1,0,1,0,,4,9,21,,16,7,11,,,1,1,,0,,1,1,1,1,0.95
File,"NonPositiveDefiniteMatrixException.java",1,1,0,4,,1,1,,4,,0,0,4,74,28,10,,,21,,,,1,1,,,1,1,9,4,,,0,4,4,2,4,0,,5,15,41,,16,13,8,,,1,1,,0,,4,4,4,4,1.46
File,"NonPositiveDefiniteOperatorException.java",1,1,0,1,,1,1,,1,,0,0,1,44,10,2,,,7,,,,1,1,,,1,1,4,3,,,0,1,1,0,1,0,,4,7,30,,5,6,1,,,1,1,,0,,1,1,1,1,3.00
File,"NonSelfAdjointOperatorException.java",1,1,0,1,,1,1,,1,,0,0,1,47,10,2,,,7,,,,1,1,,,1,1,4,3,,,0,1,1,0,1,0,,4,7,33,,5,6,1,,,1,1,,0,,1,1,1,1,3.30
File,"NonSquareMatrixException.java",1,1,0,6,,1,1,,1,,0,0,1,42,10,2,,,7,,,,1,1,,,1,1,10,4,,,0,1,1,0,1,0,,3,7,29,,5,6,1,,,1,1,,0,,1,1,1,1,2.90
File,"NonSquareOperatorException.java",1,1,0,6,,1,1,,1,,0,0,1,41,9,2,,,7,,,,1,1,,,1,1,9,3,,,0,1,1,0,1,0,,3,6,29,,5,6,1,,,1,1,,0,,1,1,1,1,3.22
File,"NonSymmetricMatrixException.java",1,1,0,4,,1,1,,4,,0,0,4,72,26,8,,,19,,,,1,1,,,1,1,8,4,,,0,4,4,3,4,0,,4,14,42,,14,12,7,,,1,1,,0,,4,4,4,4,1.62
File,"NordsieckStepInterpolator.java",2,1,2,6,,1,1,,10,,0,0,8,292,147,85,,,119,,,,6,1,,,2,2,21,12,,,0,10,10,5,10,2,,45,52,100,,92,49,70,,,6,7,,2,,28,29,10,28,0.68
File,"NordsieckStepInterpolatorTest.java",2,1,3,0,,1,0,,2,,0,0,2,88,57,32,,,49,,,,4,1,,,2,2,23,20,,,0,2,2,0,2,0,,15,37,16,,42,36,13,,,4,4,,2,,5,5,2,5,0.28
File,"NormalDistribution.java",1,1,0,4,,1,4,,18,,0,0,17,235,94,38,,,65,,,,3,1,,,1,1,9,4,,,0,18,18,3,18,1,,22,45,119,,43,39,26,,,3,3,,1,,22,22,18,22,1.27
File,"NormalDistributionTest.java",1,1,0,1,,1,0,,16,,0,2,14,205,138,81,,,96,,,,3,1,,,1,1,8,7,,,0,16,16,1,16,0,,27,50,43,,76,38,58,,,3,3,,2,,19,19,16,19,0.31
File,"NormalizedRandomGenerator.java",0,0,0,0,,1,0,,1,,1,0,0,38,4,0,,,3,,,,0,0,,,0,0,0,0,,,0,0,1,0,1,0,,4,3,30,,2,3,0,,,0,0,,0,,0,0,0,0,7.50
File,"NotARotationMatrixException.java",1,1,0,7,,1,1,,1,,0,0,1,48,10,2,,,7,,,,1,1,,,1,1,10,3,,,0,1,1,0,1,0,,7,7,31,,5,6,1,,,1,1,,0,,1,1,1,1,3.10
File,"NotFiniteNumberException.java",1,1,0,6,,1,1,,2,,0,0,2,55,15,3,,,9,,,,1,1,,,1,1,11,4,,,0,2,2,0,2,0,,4,10,36,,6,7,2,,,1,1,,0,,2,2,2,2,2.40
File,"NotPositiveException.java",1,1,0,5,,1,1,,2,,0,0,2,49,12,3,,,8,,,,1,1,,,1,1,9,3,,,0,2,2,0,2,0,,3,7,34,,5,6,2,,,1,1,,0,,2,2,2,2,2.83
File,"NotPositiveExceptionTest.java",1,1,0,0,,1,0,,1,,0,0,1,35,12,4,,,9,,,,1,1,,,1,1,6,6,,,0,1,1,0,1,0,,2,7,21,,7,6,3,,,1,1,,0,,1,1,1,1,1.75
File,"NotStrictlyPositiveException.java",1,1,0,5,,1,1,,2,,0,0,2,50,12,3,,,8,,,,1,1,,,1,1,9,3,,,0,2,2,0,2,0,,4,7,34,,5,6,2,,,1,1,,0,,2,2,2,2,2.83
File,"NotStrictlyPositiveExceptionTest.java",1,1,0,0,,1,0,,1,,0,0,1,35,12,4,,,9,,,,1,1,,,1,1,6,6,,,0,1,1,0,1,0,,2,7,21,,7,6,3,,,1,1,,0,,1,1,1,1,1.75
File,"NullArgumentException.java",1,1,0,4,,1,1,,2,,0,0,2,52,13,3,,,9,,,,1,1,,,1,1,7,3,,,0,2,2,0,2,0,,3,8,36,,6,7,2,,,1,1,,0,,2,2,2,2,2.77
File,"NumberIsTooLargeException.java",1,1,0,5,,1,1,,4,,0,0,4,86,30,10,,,17,,,,2,1,,,1,1,11,5,,,0,4,4,2,4,0,,6,16,50,,12,11,6,,,2,2,,0,,5,5,4,5,1.67
File,"NumberIsTooLargeExceptionTest.java",1,1,0,0,,1,0,,1,,0,0,1,35,12,4,,,9,,,,1,1,,,1,1,6,6,,,0,1,1,0,1,0,,2,7,21,,7,6,3,,,1,1,,0,,1,1,1,1,1.75
File,"NumberIsTooSmallException.java",1,1,0,5,,1,1,,4,,0,0,4,87,30,10,,,17,,,,2,1,,,1,1,11,5,,,0,4,4,2,4,0,,7,16,50,,12,11,6,,,2,2,,0,,5,5,4,5,1.67
File,"NumberIsTooSmallExceptionTest.java",1,1,0,0,,1,0,,1,,0,0,1,35,12,4,,,9,,,,1,1,,,1,1,6,6,,,0,1,1,0,1,0,,2,7,21,,7,6,3,,,1,1,,0,,1,1,1,1,1.75
File,"NumberTransformer.java",0,0,0,0,,1,0,,1,,1,0,0,39,5,0,,,4,,,,0,0,,,0,0,0,0,,,0,0,1,0,1,0,,3,4,31,,3,4,0,,,0,0,,0,,0,0,0,0,6.20
File,"ODEIntegrator.java",0,0,0,0,,1,0,,13,,13,0,0,159,23,0,,,19,,,,0,0,,,0,0,0,0,,,0,0,13,0,13,0,,18,22,118,,18,19,0,,,0,0,,0,,0,0,0,0,5.13
File,"OLSMultipleLinearRegression.java",1,1,0,9,,1,0,,10,,0,0,7,232,77,38,,,57,,,,4,1,,,1,1,15,6,,,0,10,10,1,10,3,,15,34,140,,41,32,25,,,4,5,,3,,15,16,10,15,1.82
File,"OLSMultipleLinearRegressionTest.java",1,1,2,3,,2,0,,19,,0,0,15,786,604,521,,,274,,,,3,1,,,1,1,37,30,,,0,19,19,2,19,4,,78,137,106,,247,116,158,,,3,3,,2,,27,27,19,27,0.18
File,"OnePointCrossover.java",3,1,2,17,,1,0,,2,,0,1,1,125,37,19,,,31,,,,4,1,,,3,3,33,14,,,0,2,2,0,2,0,,12,17,77,,24,17,14,,,4,4,,1,,6,7,2,6,2.08
File,"OnePointCrossoverTest.java",2,1,6,3,,1,0,,1,,0,0,1,59,30,21,,,28,,,,2,1,,,2,2,33,24,,,0,1,1,0,1,0,,10,14,19,,25,14,14,,,2,2,,1,,2,2,1,2,0.63
File,"OneWayAnova.java",2,1,2,18,,2,0,,6,,0,2,4,283,96,52,,,71,,,,7,1,,,2,2,34,13,,,0,6,6,3,6,0,,30,49,157,,54,44,27,,,7,7,,2,,13,14,6,13,1.64
File,"OneWayAnovaTest.java",1,1,4,1,,1,0,,3,,0,0,3,122,71,48,,,53,,,,3,1,,,1,1,23,17,,,0,3,3,5,3,0,,25,29,26,,47,23,30,,,3,3,,1,,5,5,3,5,0.37
File,"OpenIntToDoubleHashMap.java",2,1,1,5,,2,8,,22,,0,14,15,597,302,183,,,236,,,,11,11,,,2,2,15,9,,,7,29,29,10,29,0,,91,95,204,,167,93,143,,,11,14,,3,,67,72,53,67,0.68
File,"OpenIntToDoubleHashMapTest.java",1,1,0,0,,1,0,,23,,0,5,18,324,248,156,,,205,,,,4,3,,,1,1,10,9,,,0,23,23,1,23,0,,39,98,37,,149,93,112,,,4,4,,2,,43,43,25,43,0.15
File,"OpenIntToFieldHashMap.java",2,1,1,5,,2,8,,23,,0,15,15,618,312,186,,,244,,,,11,11,,,2,2,15,9,,,7,30,30,11,30,0,,92,101,215,,174,98,146,,,11,14,,3,,68,73,54,68,0.69
File,"OpenIntToFieldTest.java",1,1,0,0,,1,0,,23,,0,5,18,334,260,162,,,215,,,,4,3,,,1,1,10,9,,,0,23,23,2,23,0,,40,105,34,,158,100,115,,,4,4,,2,,44,44,25,44,0.13
File,"OpenMapRealMatrix.java",1,1,0,3,,1,1,,16,,0,1,15,278,163,96,,,122,,,,5,1,,,1,1,13,8,,,0,16,16,3,16,0,,33,64,82,,95,58,64,,,5,5,,4,,30,30,16,30,0.50
File,"OpenMapRealMatrixTest.java",1,1,0,0,,1,0,,1,,0,0,1,29,9,1,,,6,,,,1,1,,,1,1,3,3,,,0,1,1,0,1,0,,4,6,16,,4,5,1,,,1,1,,0,,1,1,1,1,1.78
File,"OpenMapRealVector.java",2,1,0,3,,3,2,,58,,0,2,52,817,513,288,,,368,,,,9,9,,,2,2,11,7,,,0,58,58,6,58,4,,64,167,240,,250,142,226,,,9,9,,3,,120,121,70,120,0.47
File,"OrderedTuple.java",4,2,2,6,,1,4,,7,,0,7,5,418,192,131,,,146,,,,13,11,,,4,4,22,14,,,5,12,12,7,12,0,,62,50,166,,100,52,94,,,13,15,,4,,49,55,27,49,0.86
File,"OrientedPoint.java",1,1,0,4,,1,0,,9,,0,0,9,111,36,11,,,26,,,,2,1,,,1,1,7,3,,,0,9,9,2,9,0,,14,16,61,,16,16,10,,,2,2,,0,,10,10,9,10,1.69
File,"OutOfRangeException.java",1,1,0,5,,1,1,,4,,0,0,4,79,27,7,,,17,,,,1,1,,,1,1,10,4,,,0,4,4,2,4,0,,5,16,47,,12,11,6,,,1,1,,0,,4,4,4,4,1.74
File,"OutOfRangeExceptionTest.java",1,1,0,0,,1,0,,1,,0,0,1,35,12,4,,,9,,,,1,1,,,1,1,6,6,,,0,1,1,0,1,0,,2,7,21,,7,6,3,,,1,1,,0,,1,1,1,1,1.75
File,"OutlineExtractor.java",3,1,2,4,,2,0,,9,,0,2,7,258,151,88,,,122,,,,12,1,,,3,3,21,14,,,0,9,9,4,9,0,,37,76,70,,93,72,50,,,12,14,,5,,27,30,9,27,0.46
File,"OverlappingEventsTest.java",1,1,0,3,,2,2,,10,,0,0,10,158,85,42,,,65,,,,6,1,,,1,1,9,6,,,0,10,10,2,10,0,,18,42,55,,48,38,27,,,6,6,,2,,17,17,10,17,0.65
File,"Pair.java",2,1,0,5,,1,0,,6,,0,0,6,116,42,21,,,25,,,,5,3,,,2,2,11,5,,,0,6,6,2,6,0,,9,15,65,,16,13,12,,,5,6,,1,,12,13,8,12,1.55
File,"PairTest.java",1,1,0,0,,2,0,,7,,0,0,7,93,56,27,,,39,,,,2,1,,,1,1,7,6,,,0,7,7,1,7,0,,16,27,21,,29,21,18,,,2,2,,1,,8,8,7,8,0.38
File,"ParameterConfiguration.java",1,1,0,3,,1,1,,4,,0,0,4,67,20,6,,,15,,,,1,1,,,1,1,6,3,,,0,4,4,2,4,0,,10,10,37,,10,10,5,,,1,1,,0,,4,4,4,4,1.85
File,"ParameterJacobianProvider.java",0,0,0,0,,1,0,,1,,1,0,0,44,7,0,,,4,,,,0,0,,,0,0,0,0,,,0,0,1,0,1,0,,4,6,33,,3,4,0,,,0,0,,0,,0,0,0,0,4.71
File,"ParameterJacobianWrapper.java",1,1,1,2,,1,0,,4,,0,0,4,91,41,18,,,33,,,,3,1,,,1,1,11,8,,,0,4,4,3,4,0,,14,20,36,,24,19,14,,,3,3,,2,,7,7,4,7,0.88
File,"Parameterizable.java",0,0,0,0,,1,0,,2,,2,0,0,43,6,0,,,5,,,,0,0,,,0,0,0,0,,,0,0,2,0,2,0,,6,5,31,,4,5,0,,,0,0,,0,,0,0,0,0,5.17
File,"ParameterizedODE.java",0,0,0,0,,1,0,,2,,2,0,0,42,5,0,,,4,,,,0,0,,,0,0,0,0,,,0,0,2,0,2,0,,5,4,32,,3,4,0,,,0,0,,0,,0,0,0,0,6.40
File,"ParameterizedWrapper.java",1,1,0,2,,1,0,,7,,0,0,7,82,32,8,,,22,,,,2,1,,,1,1,5,3,,,0,7,7,1,7,0,,12,15,38,,13,14,8,,,2,2,,1,,8,8,7,8,1.19
File,"ParametricUnivariateFunction.java",0,0,0,0,,1,0,,2,,2,0,0,45,5,0,,,4,,,,0,0,,,0,0,0,0,,,0,0,2,0,2,0,,3,4,37,,3,4,0,,,0,0,,0,,0,0,0,0,7.40
File,"PascalDistribution.java",1,1,0,5,,1,1,,10,,0,0,10,197,71,33,,,48,,,,3,1,,,1,1,11,5,,,0,10,10,2,10,0,,14,28,112,,33,27,21,,,3,4,,1,,14,15,10,14,1.58
File,"PascalDistributionTest.java",1,1,0,0,,1,0,,11,,0,0,11,133,81,42,,,53,,,,1,1,,,1,1,6,5,,,0,11,11,1,11,0,,17,29,35,,41,18,35,,,1,1,,0,,11,11,11,11,0.43
File,"PearsonsCorrelation.java",2,1,0,8,,1,0,,13,,0,1,12,284,123,70,,,109,,,,4,3,,,2,2,16,8,,,0,13,13,2,13,0,,19,46,142,,81,54,55,,,4,4,,3,,27,28,15,27,1.15
File,"PearsonsCorrelationTest.java",1,1,0,2,,1,0,,11,,0,0,8,316,245,188,,,122,,,,3,1,,,1,1,17,14,,,0,11,11,2,11,3,,24,80,47,,100,73,49,,,3,3,,2,,21,21,11,21,0.19
File,"PegasusSolver.java",1,1,0,4,,1,0,,4,,0,0,4,85,18,4,,,10,,,,1,1,,,1,1,8,3,,,0,4,4,0,4,0,,6,9,61,,5,6,4,,,1,1,,0,,4,4,4,4,3.39
File,"PegasusSolverTest.java",1,1,0,1,,1,0,,2,,0,0,0,37,11,2,,,6,,,,1,1,,,1,1,4,3,,,0,2,2,0,2,2,,3,6,23,,3,4,2,,,1,1,,0,,2,2,2,2,2.09
File,"Percentile.java",2,1,1,10,,1,3,,16,,1,3,13,499,203,124,,,149,,,,7,5,,,2,3,22,10,,,1,17,17,2,17,0,,44,63,255,,106,58,91,,,7,9,,3,,44,51,26,44,1.26
File,"PercentileTest.java",1,1,0,1,,1,0,,11,,0,0,11,170,121,73,,,82,,,,3,1,,,1,1,10,9,,,0,11,11,1,11,0,,16,48,34,,65,36,46,,,3,3,,1,,16,16,11,16,0.28
File,"PerfTestUtils.java",3,1,2,13,,2,4,,3,,0,0,7,258,128,81,,,88,,,,8,1,,,3,3,34,18,,,4,6,7,1,7,0,,22,54,108,,67,50,38,,,8,8,,4,,18,18,6,18,0.84
File,"PermutationChromosome.java",0,0,0,0,,1,0,,1,,1,0,0,42,5,0,,,4,,,,0,0,,,0,0,0,0,,,0,0,1,0,1,0,,4,4,33,,3,4,0,,,0,0,,0,,0,0,0,0,6.60
File,"Plane.java",1,1,0,6,,1,0,,28,,0,2,27,430,175,95,,,136,,,,2,1,,,1,1,12,5,,,1,29,29,5,29,0,,51,77,204,,102,76,60,,,2,4,,1,,34,37,29,34,1.17
File,"PlaneTest.java",1,1,0,0,,1,0,,10,,0,0,10,167,130,91,,,102,,,,1,1,,,1,1,11,11,,,0,10,10,0,10,0,,21,64,16,,91,54,48,,,1,1,,0,,10,10,10,10,0.12
File,"PointValuePair.java",1,1,0,5,,2,2,,7,,0,2,5,128,40,14,,,25,,,,3,1,,,1,1,9,4,,,0,7,7,2,7,0,,18,20,70,,16,17,8,,,3,3,,0,,10,10,7,10,1.75
File,"PointValuePairTest.java",2,1,0,0,,1,0,,1,,0,0,1,38,16,6,,,14,,,,2,1,,,2,2,9,9,,,0,1,1,0,1,0,,6,9,16,,11,9,5,,,2,2,,1,,2,2,1,2,1.00
File,"PointVectorValuePair.java",1,1,0,5,,2,2,,9,,0,2,7,153,52,21,,,30,,,,5,1,,,1,1,9,4,,,0,9,9,2,9,0,,20,24,81,,19,20,10,,,5,5,,0,,15,15,9,15,1.56
File,"PointVectorValuePairTest.java",3,1,0,0,,1,0,,1,,0,0,1,42,20,9,,,18,,,,3,1,,,3,3,13,13,,,0,1,1,0,1,0,,6,10,16,,14,10,8,,,3,3,,1,,3,3,1,3,0.80
File,"PoissonDistribution.java",1,1,0,7,,1,3,,14,,0,0,14,257,83,35,,,57,,,,3,3,,,1,1,12,4,,,0,14,14,4,14,0,,22,32,152,,37,29,28,,,3,4,,1,,19,20,16,19,1.83
File,"PoissonDistributionTest.java",1,1,0,2,,1,1,,17,,0,1,16,236,149,84,,,93,,,,5,1,,,1,1,9,7,,,0,17,17,0,17,0,,25,60,63,,68,44,49,,,5,5,,4,,24,24,17,24,0.42
File,"PolygonsSet.java",2,1,1,6,,3,0,,19,,0,3,16,474,266,162,,,191,,,,13,4,,,2,2,19,11,,,1,20,20,3,20,1,,60,100,148,,132,95,96,,,13,13,,6,,53,59,25,53,0.56
File,"PolygonsSetTest.java",1,1,0,0,,1,0,,25,,0,8,17,902,832,652,,,278,,,,9,1,,,1,1,32,31,,,0,25,25,0,25,0,,52,239,18,,239,166,112,,,9,10,,4,,40,43,25,40,0.02
File,"PolyhedronsSet.java",1,1,1,4,,4,0,,24,,0,3,20,428,229,111,,,152,,,,9,8,,,1,1,13,8,,,0,24,24,7,24,1,,65,105,134,,107,87,65,,,9,9,,3,,41,43,33,41,0.59
File,"PolyhedronsSetTest.java",2,1,1,0,,2,0,,11,,0,2,9,291,250,182,,,161,,,,5,1,,,2,2,24,23,,,0,11,11,0,11,0,,25,121,17,,138,100,61,,,5,10,,3,,23,28,11,23,0.07
File,"PolynomialFitter.java",1,1,0,7,,1,0,,2,,0,0,2,58,13,3,,,10,,,,1,1,,,1,1,11,3,,,0,2,2,1,2,0,,6,7,39,,7,7,3,,,1,1,,0,,2,2,2,2,3.00
File,"PolynomialFitterTest.java",2,1,1,1,,1,0,,6,,0,2,4,129,86,44,,,75,,,,4,1,,,2,3,14,11,,,0,6,6,0,6,0,,21,43,22,,58,42,33,,,4,6,,2,,16,18,6,16,0.26
File,"PolynomialFunction.java",2,1,0,6,,2,1,,15,,0,1,15,389,203,117,,,157,,,,10,4,,,2,2,17,10,,,3,18,18,1,18,2,,31,60,155,,109,64,93,,,10,10,,4,,47,48,23,47,0.76
File,"PolynomialFunctionLagrangeForm.java",2,1,1,12,,1,0,,7,,0,1,8,323,136,86,,,125,,,,8,1,,,2,2,25,12,,,3,10,10,4,10,1,,22,43,168,,97,52,73,,,8,8,,3,,27,27,10,27,1.24
File,"PolynomialFunctionLagrangeFormTest.java",1,1,4,4,,1,0,,4,,0,0,4,154,85,62,,,90,,,,3,1,,,1,1,28,18,,,0,4,4,0,4,0,,25,29,44,,83,25,65,,,3,3,,1,,6,6,4,6,0.52
File,"PolynomialFunctionNewtonForm.java",1,1,0,9,,1,0,,7,,0,0,7,224,77,41,,,66,,,,4,1,,,1,1,17,7,,,2,9,9,4,9,2,,21,25,126,,49,29,37,,,4,4,,2,,16,17,9,16,1.64
File,"PolynomialFunctionNewtonFormTest.java",1,1,4,5,,1,0,,4,,0,0,4,154,85,62,,,90,,,,3,1,,,1,1,28,18,,,0,4,4,0,4,0,,26,29,43,,83,25,65,,,3,3,,1,,6,6,4,6,0.51
File,"PolynomialFunctionTest.java",1,1,1,3,,1,0,,13,,0,1,12,265,157,111,,,127,,,,2,1,,,1,1,16,10,,,0,13,13,1,13,0,,39,59,69,,110,50,77,,,2,2,,1,,15,15,13,15,0.44
File,"PolynomialSolver.java",0,0,0,0,,1,0,,0,,0,0,0,29,4,0,,,3,,,,0,0,,,0,0,0,0,,,0,0,0,0,0,0,,2,4,23,,2,3,0,,,0,0,,0,,0,0,0,0,5.75
File,"PolynomialSplineFunction.java",2,1,0,8,,1,0,,7,,0,0,7,206,70,34,,,55,,,,4,1,,,2,2,16,7,,,0,7,7,3,7,0,,12,25,124,,40,26,29,,,4,5,,1,,14,16,7,14,1.77
File,"PolynomialSplineFunctionTest.java",4,1,2,6,,1,0,,3,,0,0,2,153,85,52,,,59,,,,5,3,,,4,4,28,21,,,0,3,3,4,3,1,,19,29,54,,45,24,35,,,5,5,,2,,13,14,5,13,0.64
File,"PolynomialsUtils.java",1,1,1,8,,8,5,,10,,1,3,14,447,190,118,,,141,,,,6,1,,,1,1,21,10,,,8,17,18,3,18,0,,65,63,192,,109,69,72,,,6,6,,2,,28,30,17,28,1.01
File,"PolynomialsUtilsTest.java",1,1,1,0,,7,0,,28,,0,4,24,389,305,183,,,245,,,,5,1,,,1,1,11,10,,,0,28,28,0,28,0,,59,139,25,,189,133,112,,,5,5,,3,,54,54,28,54,0.08
File,"Population.java",0,0,0,0,,1,0,,5,,5,0,0,58,8,0,,,7,,,,0,0,,,0,0,0,0,,,0,0,5,0,5,0,,6,7,44,,6,7,0,,,0,0,,0,,0,0,0,0,5.50
File,"Pow.java",1,1,0,1,,1,0,,1,,0,0,1,34,8,1,,,6,,,,1,1,,,1,1,4,3,,,0,1,1,0,1,0,,3,5,23,,4,5,1,,,1,1,,0,,1,1,1,1,2.88
File,"PowellOptimizer.java",3,1,2,8,,3,3,,7,,1,1,4,304,162,101,,,130,,,,14,4,,,3,3,30,20,,,0,7,7,4,7,1,,28,78,115,,106,72,58,,,14,14,,3,,24,24,10,24,0.71
File,"PowellOptimizerTest.java",2,1,2,3,,5,0,,9,,0,1,8,204,127,77,,,115,,,,4,1,,,2,2,20,14,,,0,9,9,0,9,0,,30,64,47,,93,67,48,,,4,4,,1,,21,21,9,21,0.37
File,"Power.java",1,1,0,1,,2,0,,4,,0,0,4,55,20,6,,,14,,,,1,1,,,1,1,5,4,,,0,4,4,1,4,0,,6,9,29,,9,10,4,,,1,1,,0,,4,4,4,4,1.45
File,"Precision.java",1,1,0,11,,1,5,,1,,0,2,19,520,196,121,,,121,,,,10,3,,,2,3,20,8,,,20,21,21,0,21,0,,36,48,290,,80,44,77,,,17,17,,3,,47,63,27,40,1.48
File,"PrecisionTest.java",1,1,4,1,,1,0,,13,,0,0,13,491,369,309,,,328,,,,4,1,,,1,1,33,26,,,0,13,13,0,13,0,,78,59,44,,303,45,283,,,4,4,,3,,24,24,13,24,0.12
File,"PreconditionedIterativeLinearSolver.java",1,1,0,8,,1,0,,8,,0,0,8,215,74,22,,,36,,,,4,1,,,1,1,15,7,,,1,8,9,0,9,1,,11,42,130,,24,18,18,,,4,4,,2,,11,11,8,11,1.76
File,"Preconditioner.java",0,0,0,0,,1,0,,1,,1,0,0,45,4,0,,,3,,,,0,0,,,0,0,0,0,,,0,0,1,0,1,0,,2,3,39,,2,3,0,,,0,0,,0,,0,0,0,0,9.75
File,"ProcessModel.java",0,0,0,0,,1,0,,5,,5,0,0,77,10,0,,,9,,,,0,0,,,0,0,0,0,,,0,0,5,0,5,0,,6,9,61,,8,9,0,,,0,0,,0,,0,0,0,0,6.10
File,"Product.java",1,1,0,8,,1,1,,10,,0,0,11,226,75,31,,,56,,,,3,1,,,1,1,14,5,,,1,11,11,2,11,0,,19,32,132,,40,27,29,,,3,3,,2,,15,15,11,15,1.76
File,"ProductTest.java",1,1,0,1,,1,0,,7,,0,0,6,91,49,20,,,35,,,,1,1,,,1,1,6,4,,,0,7,7,1,7,1,,12,23,31,,27,17,18,,,1,1,,0,,7,7,7,7,0.63
File,"ProperBigFractionFormat.java",2,2,2,10,,1,1,,7,,0,0,7,239,108,67,,,80,,,,10,9,,,2,2,26,13,,,0,7,7,1,7,0,,29,33,102,,60,28,52,,,11,11,,2,,20,20,15,19,0.94
File,"ProperFractionFormat.java",2,2,2,10,,1,1,,7,,0,0,7,232,103,64,,,76,,,,8,9,,,2,2,25,12,,,0,7,7,1,7,0,,27,35,102,,59,30,46,,,9,9,,1,,17,17,15,16,0.99
File,"QRDecomposition.java",4,1,2,8,,2,0,,12,,0,1,11,452,239,152,,,241,,,,14,3,,,4,4,29,18,,,0,12,12,10,12,0,,51,84,163,,184,112,129,,,14,14,,5,,55,55,14,55,0.68
File,"QRDecompositionTest.java",1,1,2,0,,4,2,,16,,0,6,10,263,184,133,,,125,,,,2,1,,,1,1,12,10,,,0,16,16,4,16,0,,55,86,24,,106,64,61,,,2,2,,1,,18,18,16,18,0.13
File,"QRSolverTest.java",1,1,1,1,,3,0,,9,,0,1,8,196,137,89,,,85,,,,3,1,,,1,1,15,12,,,0,9,9,4,9,0,,28,77,31,,69,51,34,,,3,3,,1,,15,15,9,15,0.23
File,"QuinticFunction.java",1,1,0,0,,2,0,,3,,0,0,3,40,13,5,,,8,,,,1,1,,,1,1,4,4,,,0,3,3,0,3,0,,3,4,24,,4,5,3,,,1,1,,0,,3,3,3,3,1.85
File,"RandomAdaptor.java",1,1,0,6,,1,1,,13,,0,1,13,198,62,18,,,36,,,,2,1,,,1,1,9,3,,,1,14,14,1,14,0,,19,29,120,,18,19,17,,,2,2,,1,,17,17,14,17,1.94
File,"RandomAdaptorTest.java",1,1,0,0,,2,0,,15,,0,1,14,114,66,26,,,48,,,,1,1,,,1,1,3,3,,,0,15,15,1,15,0,,22,27,26,,31,26,22,,,1,1,,0,,15,15,15,15,0.39
File,"RandomCirclePointGenerator.java",1,1,0,6,,1,0,,3,,0,1,2,95,43,16,,,35,,,,2,1,,,1,1,16,9,,,0,3,3,6,3,0,,8,28,44,,30,24,11,,,2,2,,1,,4,4,3,4,1.02
File,"RandomData.java",0,0,0,0,,1,0,,13,,13,0,0,263,17,0,,,16,,,,0,0,,,0,0,0,0,,,0,0,13,0,13,0,,14,16,232,,15,16,0,,,0,0,,0,,0,0,0,0,13.65
File,"RandomDataImpl.java",2,1,1,10,,1,2,,38,,0,5,33,1052,456,288,,,351,,,,16,12,,,2,2,22,10,,,0,38,38,6,38,0,,105,160,493,,256,164,187,,,16,18,,4,,99,104,58,99,1.08
File,"RandomDataTest.java",3,1,0,2,,1,0,,56,,0,7,49,1241,971,637,,,854,,,,15,3,,,3,3,18,15,,,0,56,56,6,56,0,,104,318,176,,663,343,511,,,15,15,,3,,192,201,60,192,0.18
File,"RandomGenerator.java",0,0,0,0,,1,0,,11,,11,0,0,148,14,0,,,13,,,,0,0,,,0,0,0,0,,,0,0,11,0,11,0,,13,13,121,,12,13,0,,,0,0,,0,,0,0,0,0,8.64
File,"RandomGeneratorAbstractTest.java",3,1,0,1,,1,0,,26,,0,1,24,429,328,202,,,286,,,,17,6,,,3,3,13,11,,,0,25,26,1,26,1,,33,105,70,,209,116,170,,,17,17,,5,,80,81,30,80,0.21
File,"RandomKey.java",2,1,0,8,,1,0,,6,,0,2,8,310,123,64,,,98,,,,5,5,,,2,2,18,8,,,6,12,12,2,12,2,,28,47,159,,69,47,51,,,5,5,,2,,27,28,16,27,1.29
File,"RandomKeyMutation.java",2,1,3,6,,1,0,,1,,0,0,1,56,19,9,,,15,,,,2,1,,,2,2,21,12,,,0,1,1,0,1,0,,8,11,29,,12,11,4,,,2,2,,1,,2,2,1,2,1.53
File,"RandomKeyMutationTest.java",4,1,1,0,,1,0,,1,,0,0,1,44,22,11,,,20,,,,4,1,,,4,4,17,16,,,0,1,1,0,1,0,,6,12,16,,15,13,7,,,4,4,,3,,4,4,1,4,0.73
File,"RandomKeyTest.java",1,1,0,0,,3,0,,12,,0,0,12,169,127,84,,,93,,,,3,1,,,1,1,10,9,,,0,12,12,0,12,0,,23,48,19,,77,40,53,,,3,3,,1,,15,15,12,15,0.15
File,"RandomStraightLinePointGenerator.java",1,1,0,9,,1,0,,3,,0,1,2,101,41,14,,,33,,,,2,1,,,1,1,18,8,,,0,3,3,6,3,0,,7,26,53,,28,22,11,,,2,2,,1,,4,4,3,4,1.29
File,"RandomVectorGenerator.java",0,0,0,0,,1,0,,1,,1,0,0,35,4,0,,,3,,,,0,0,,,0,0,0,0,,,0,0,1,0,1,0,,6,3,25,,2,3,0,,,0,0,,0,,0,0,0,0,6.25
File,"RankingAlgorithm.java",0,0,0,0,,1,0,,1,,1,0,0,41,4,0,,,3,,,,0,0,,,0,0,0,0,,,0,0,1,0,1,0,,2,3,35,,2,3,0,,,0,0,,0,,0,0,0,0,8.75
File,"RealDistribution.java",0,0,0,0,,1,0,,15,,15,0,0,183,20,0,,,19,,,,0,0,,,0,0,0,0,,,0,0,15,0,15,0,,16,19,147,,18,19,0,,,0,0,,0,,0,0,0,0,7.35
File,"RealDistributionAbstractTest.java",1,1,0,3,,1,0,,31,,0,0,14,386,186,91,,,132,,,,6,5,,,1,1,8,5,,,0,27,31,7,31,17,,49,66,152,,92,64,68,,,6,6,,4,,39,39,31,39,0.82
File,"RealLinearOperator.java",1,1,0,11,,1,0,,5,,0,0,5,109,14,2,,,10,,,,1,1,,,1,1,15,3,,,0,2,5,0,5,0,,7,9,88,,7,8,2,,,1,1,,0,,2,2,2,2,6.29
File,"RealMatrix.java",0,0,0,0,,1,0,,51,,51,0,0,784,66,0,,,57,,,,0,0,,,0,0,0,0,,,0,0,51,0,51,0,,52,65,666,,56,57,0,,,0,0,,0,,0,0,0,0,10.09
File,"RealMatrixChangingVisitor.java",0,0,0,0,,1,0,,3,,3,0,0,56,7,0,,,5,,,,0,0,,,0,0,0,0,,,0,0,3,0,3,0,,4,6,45,,4,5,0,,,0,0,,0,,0,0,0,0,6.43
File,"RealMatrixPreservingVisitor.java",0,0,0,0,,1,0,,3,,3,0,0,55,7,0,,,5,,,,0,0,,,0,0,0,0,,,0,0,3,0,3,0,,4,6,44,,4,5,0,,,0,0,,0,,0,0,0,0,6.29
File,"RealTransformer.java",0,0,0,0,,1,0,,2,,2,0,0,63,8,0,,,5,,,,0,0,,,0,0,0,0,,,0,0,2,0,2,0,,4,7,51,,4,5,0,,,0,0,,0,,0,0,0,0,6.38
File,"RealTransformerAbstractTest.java",3,1,0,5,,1,1,,19,,11,2,6,351,152,85,,,142,,,,4,1,,,3,3,19,13,,,0,9,19,0,19,0,,27,83,172,,112,91,51,,,4,4,,3,,29,29,9,29,1.13
File,"RealVector.java",1,1,0,4,,8,0,,114,,0,0,110,1273,563,346,,,376,,,,4,1,,,1,1,12,7,,,1,102,115,8,115,5,,126,144,584,,242,205,171,,,4,5,,2,,134,138,102,134,1.04
File,"RealVectorFormat.java",1,1,0,6,,1,3,,12,,0,0,15,289,126,64,,,96,,,,9,6,,,1,1,13,7,,,3,15,15,7,15,0,,32,44,131,,70,44,52,,,9,9,,3,,26,26,20,26,1.04
File,"RealVectorFormatAbstractTest.java",1,1,0,0,,1,0,,33,,0,0,31,355,297,179,,,169,,,,2,1,,,1,1,8,8,,,0,31,33,2,33,2,,41,171,17,,136,125,44,,,2,2,,1,,32,32,31,32,0.06
File,"RealVectorFormatTest.java",1,1,0,0,,1,0,,2,,0,0,0,34,12,2,,,7,,,,1,1,,,1,1,3,3,,,0,2,2,0,2,2,,6,7,16,,4,5,2,,,1,1,,0,,2,2,2,2,1.33
File,"RealVectorTest.java",1,1,0,0,,3,0,,38,,2,0,36,333,273,135,,,215,,,,4,1,,,1,1,5,5,,,0,38,38,3,38,0,,41,136,19,,159,119,96,,,4,5,,2,,55,58,38,55,0.07
File,"ReappearingEventTest.java",1,1,0,0,,3,0,,9,,0,0,9,86,55,18,,,39,,,,2,1,,,1,1,4,4,,,0,9,9,0,9,0,,13,32,18,,27,30,9,,,2,2,,0,,10,10,9,10,0.33
File,"RectangularCholeskyDecomposition.java",5,1,5,11,,1,0,,3,,0,0,3,174,76,50,,,72,,,,14,1,,,5,5,39,23,,,0,3,3,2,3,0,,24,25,74,,56,32,40,,,14,14,,4,,16,16,3,16,0.97
File,"Region.java",1,1,0,0,,2,0,,14,,12,0,2,191,22,0,,,17,,,,1,1,,,1,1,0,0,,,0,2,12,3,14,0,,27,20,142,,16,17,0,,,1,1,,0,,2,2,2,2,6.45
File,"RegionFactory.java",1,1,0,3,,6,0,,15,,0,1,14,248,132,61,,,83,,,,6,1,,,1,2,12,7,,,0,15,15,1,15,0,,30,53,86,,52,37,46,,,6,6,,2,,29,30,15,29,0.65
File,"RegressionResults.java",2,1,0,10,,1,6,,17,,0,2,15,422,180,102,,,124,,,,6,6,,,2,2,20,9,,,0,17,17,7,17,0,,23,48,220,,84,42,82,,,6,6,,3,,40,46,27,40,1.22
File,"RegulaFalsiSolver.java",1,1,0,4,,1,0,,4,,0,0,4,95,18,4,,,10,,,,1,1,,,1,1,8,3,,,0,4,4,0,4,0,,6,9,71,,5,6,4,,,1,1,,0,,4,4,4,4,3.94
File,"RegulaFalsiSolverTest.java",1,1,0,1,,2,0,,4,,0,0,2,59,26,8,,,17,,,,1,1,,,1,1,6,4,,,0,4,4,0,4,2,,6,16,27,,12,13,4,,,1,1,,0,,4,4,4,4,1.04
File,"Relationship.java",1,1,0,1,,1,0,,5,,0,1,4,67,24,9,,,12,,,,2,1,,,1,1,4,3,,,0,5,3,4,5,0,,10,10,33,,8,6,6,,,3,3,,1,,7,7,5,6,1.38
File,"ResizableDoubleArray.java",1,1,0,10,,1,3,,38,,1,3,32,925,332,205,,,225,,,,5,4,,,1,1,19,7,,,1,39,39,7,39,3,,75,75,518,,150,69,156,,,5,10,,2,,66,73,44,66,1.56
File,"ResizableDoubleArrayTest.java",2,1,4,2,,1,0,,16,,0,2,14,552,411,337,,,334,,,,5,1,,,2,2,30,24,,,0,16,16,0,16,0,,90,63,63,,300,47,287,,,5,5,,1,,33,33,16,33,0.15
File,"Retry.java",0,0,0,0,,1,0,,1,,1,0,0,30,7,0,,,4,,,,0,0,,,0,0,0,0,,,0,0,1,0,1,0,,3,6,20,,3,4,0,,,0,0,,0,,0,0,0,0,2.86
File,"RetryRunner.java",2,2,2,9,,2,0,,3,,0,0,3,82,37,19,,,25,,,,4,4,,,2,2,27,15,,,0,3,3,0,3,0,,8,15,37,,18,14,11,,,4,4,,3,,6,6,6,6,1.00
File,"RetryRunnerTest.java",1,1,0,4,,1,0,,2,,0,0,2,55,21,4,,,12,,,,2,1,,,1,1,8,4,,,0,2,2,1,2,0,,7,14,27,,8,9,3,,,2,2,,1,,3,3,2,3,1.29
File,"RiddersSolver.java",3,2,1,7,,1,1,,4,,0,0,3,139,76,53,,,56,,,,10,7,,,3,3,25,17,,,0,4,4,0,4,1,,9,28,58,,42,25,31,,,10,10,,3,,13,13,10,13,0.76
File,"RiddersSolverTest.java",1,1,2,4,,1,0,,4,,0,0,4,142,85,56,,,80,,,,3,1,,,1,1,23,17,,,0,4,4,0,4,0,,14,30,43,,73,26,54,,,3,3,,1,,6,6,4,6,0.51
File,"Rint.java",1,1,0,1,,1,0,,1,,0,0,1,34,8,1,,,6,,,,1,1,,,1,1,4,3,,,0,1,1,0,1,0,,3,5,23,,4,5,1,,,1,1,,0,,1,1,1,1,2.88
File,"RombergIntegrator.java",2,1,1,8,,1,1,,4,,0,0,3,143,66,35,,,47,,,,5,4,,,2,2,23,13,,,0,4,4,0,4,1,,14,33,63,,36,26,21,,,5,6,,3,,10,11,7,10,0.95
File,"RombergIntegratorTest.java",2,1,2,5,,1,0,,3,,0,0,3,124,72,47,,,69,,,,4,1,,,2,2,26,19,,,0,3,3,0,3,0,,12,23,40,,62,20,49,,,4,4,,1,,6,6,3,6,0.56
File,"RootsOfUnity.java",2,1,1,10,,1,1,,6,,0,0,6,219,93,55,,,62,,,,4,1,,,2,2,24,12,,,0,6,6,5,6,0,,26,28,100,,47,26,36,,,4,5,,1,,15,17,6,15,1.08
File,"RootsOfUnityTest.java",1,1,0,1,,1,0,,7,,0,1,6,101,62,31,,,48,,,,3,1,,,1,1,8,6,,,0,7,7,0,7,0,,10,31,29,,37,26,22,,,3,3,,2,,11,11,7,11,0.47
File,"Rotation.java",2,1,4,15,,1,2,,22,,0,1,22,1071,497,404,,,360,,,,24,12,,,2,3,40,21,,,1,23,23,4,23,0,,137,176,438,,294,170,190,,,24,36,,3,,65,84,43,65,0.88
File,"RotationOrder.java",1,1,0,4,,1,12,,5,,0,1,4,175,51,20,,,31,,,,1,1,,,1,1,7,3,,,0,5,5,4,5,0,,24,37,100,,25,23,8,,,1,1,,0,,5,5,5,5,1.96
File,"RotationOrderTest.java",3,2,1,0,,1,0,,2,,0,1,1,59,31,13,,,21,,,,4,4,,,3,3,13,11,,,0,2,2,0,2,0,,11,16,17,,14,12,9,,,4,4,,3,,6,6,5,6,0.55
File,"RotationTest.java",3,1,3,0,,1,0,,17,,0,3,14,532,421,312,,,326,,,,9,1,,,3,3,27,23,,,0,17,17,0,17,0,,87,134,24,,265,122,204,,,9,9,,4,,60,60,17,60,0.06
File,"RungeKuttaIntegrator.java",6,1,10,11,,1,0,,2,,0,0,1,185,85,55,,,79,,,,12,1,,,6,6,56,35,,,0,2,2,5,2,1,,33,31,67,,68,32,47,,,12,12,,4,,13,13,2,13,0.79
File,"RungeKuttaStepInterpolator.java",3,1,3,9,,1,0,,6,,0,0,5,212,90,47,,,75,,,,9,1,,,3,3,25,12,,,0,6,6,3,6,1,,37,31,85,,58,29,46,,,9,9,,2,,21,21,6,21,0.94
File,"SaddlePointExpansion.java",3,1,0,11,,1,2,,1,,3,1,0,201,108,83,,,51,,,,5,1,,,3,3,28,17,,,3,4,4,0,4,0,,8,53,116,,38,23,28,,,5,5,,2,,12,12,4,12,1.07
File,"SchurTransformer.java",6,2,3,9,,2,0,,9,,0,5,4,449,270,189,,,234,,,,18,7,,,6,6,40,27,,,0,9,9,11,9,0,,47,62,134,,178,72,162,,,18,18,,4,,55,55,19,55,0.50
File,"SchurTransformerTest.java",1,1,0,0,,1,0,,9,,0,4,5,134,93,53,,,58,,,,4,1,,,1,1,7,6,,,0,9,9,3,9,0,,21,53,20,,44,31,27,,,4,4,,3,,13,13,9,13,0.22
File,"SecantSolver.java",2,2,2,7,,1,1,,4,,0,0,3,132,49,29,,,36,,,,7,7,,,2,2,20,10,,,0,4,4,0,4,1,,17,19,66,,25,17,19,,,7,7,,2,,10,10,10,10,1.35
File,"SecantSolverTest.java",1,1,0,2,,1,0,,2,,0,0,0,40,11,2,,,6,,,,1,1,,,1,1,5,3,,,0,2,2,0,2,2,,3,6,26,,3,4,2,,,1,1,,0,,2,2,2,2,2.36
File,"SecondMoment.java",1,1,0,4,,1,1,,6,,0,0,7,130,46,19,,,32,,,,2,1,,,1,1,9,4,,,1,7,7,1,7,0,,13,20,71,,23,15,17,,,2,2,,1,,8,8,7,8,1.54
File,"SecondMomentTest.java",1,1,0,3,,1,0,,2,,0,0,2,47,14,2,,,9,,,,1,1,,,1,1,6,3,,,0,2,2,1,2,0,,6,9,27,,6,7,2,,,1,1,,0,,2,2,2,2,1.93
File,"SecondOrderDifferentialEquations.java",0,0,0,0,,1,0,,2,,2,0,0,65,5,0,,,4,,,,0,0,,,0,0,0,0,,,0,0,2,0,2,0,,8,4,52,,3,4,0,,,0,0,,0,,0,0,0,0,10.40
File,"SecondOrderIntegrator.java",0,0,0,0,,1,0,,1,,1,0,0,61,9,0,,,5,,,,0,0,,,0,0,0,0,,,0,0,1,0,1,0,,7,8,45,,4,5,0,,,0,0,,0,,0,0,0,0,5.00
File,"SecondaryEquations.java",0,0,0,0,,1,0,,2,,2,0,0,56,6,0,,,4,,,,0,0,,,0,0,0,0,,,0,0,2,0,2,0,,5,5,45,,3,4,0,,,0,0,,0,,0,0,0,0,7.50
File,"Segment.java",1,1,0,3,,1,0,,4,,0,0,4,67,20,6,,,15,,,,1,1,,,1,1,7,3,,,0,4,4,3,4,0,,10,9,37,,10,9,6,,,1,1,,0,,4,4,4,4,1.85
File,"Segment.java",1,1,0,3,,1,0,,4,,0,0,4,67,20,6,,,15,,,,1,1,,,1,1,7,3,,,0,4,4,3,4,0,,10,9,37,,10,9,6,,,1,1,,0,,4,4,4,4,1.85
File,"SelectionPolicy.java",0,0,0,0,,1,0,,1,,1,0,0,32,4,0,,,3,,,,0,0,,,0,0,0,0,,,0,0,1,0,1,0,,1,3,27,,2,3,0,,,0,0,,0,,0,0,0,0,6.75
File,"SemiVariance.java",1,1,0,7,,2,3,,20,,2,0,19,383,113,51,,,78,,,,6,4,,,1,1,11,4,,,1,21,19,5,21,0,,43,46,227,,52,40,38,,,6,6,,4,,27,27,24,27,2.01
File,"SemiVarianceTest.java",1,1,0,1,,1,0,,9,,0,0,9,153,107,70,,,80,,,,3,1,,,1,1,11,10,,,0,9,9,0,9,0,,20,58,32,,68,49,31,,,3,3,,1,,11,11,9,11,0.30
File,"Side.java",1,1,0,0,,1,0,,2,,0,0,2,38,7,0,,,2,,,,1,1,,,1,1,0,0,,,0,2,0,4,2,0,,6,6,25,,2,2,0,,,1,1,,0,,2,2,2,2,3.57
File,"Sigmoid.java",1,1,0,6,,3,0,,8,,0,2,7,160,58,22,,,40,,,,3,1,,,1,1,12,5,,,1,9,9,2,9,0,,13,25,89,,26,23,17,,,3,3,,1,,12,12,9,12,1.53
File,"SigmoidTest.java",1,1,0,0,,1,0,,8,,0,0,8,100,65,33,,,48,,,,1,1,,,1,1,6,6,,,0,8,8,1,8,0,,16,37,19,,39,29,19,,,1,1,,0,,8,8,8,8,0.29
File,"Signum.java",1,1,0,1,,1,0,,1,,0,0,1,34,8,1,,,6,,,,1,1,,,1,1,4,3,,,0,1,1,0,1,0,,3,5,23,,4,5,1,,,1,1,,0,,1,1,1,1,2.88
File,"SimplePointChecker.java",1,1,0,9,,1,0,,3,,0,0,3,93,29,12,,,20,,,,3,3,,,1,2,16,7,,,0,3,3,0,3,0,,5,18,59,,14,14,6,,,3,4,,2,,5,6,5,5,2.03
File,"SimpleRegression.java",2,1,0,12,,1,1,,31,,0,2,29,839,339,226,,,236,,,,14,6,,,2,2,22,10,,,0,31,31,9,31,0,,48,91,454,,163,93,143,,,14,19,,4,,78,89,41,78,1.34
File,"SimpleRegressionTest.java",1,1,1,1,,1,0,,19,,0,0,19,498,368,288,,,260,,,,2,1,,,1,1,17,15,,,0,19,19,10,19,0,,55,117,75,,232,73,187,,,2,3,,1,,27,28,19,27,0.20
File,"SimpleUnivariateValueChecker.java",1,1,0,9,,1,0,,3,,0,0,3,84,22,7,,,13,,,,1,1,,,1,1,14,5,,,0,3,3,0,3,0,,5,16,57,,9,11,2,,,1,2,,0,,3,4,3,3,2.59
File,"SimpleValueChecker.java",1,1,0,9,,1,0,,3,,0,0,3,82,21,7,,,12,,,,1,1,,,1,1,14,5,,,0,3,3,0,3,0,,5,15,56,,8,10,2,,,1,2,,0,,3,4,3,3,2.67
File,"SimpleVectorValueChecker.java",1,1,0,9,,1,0,,3,,0,0,3,90,28,12,,,19,,,,3,3,,,1,2,17,7,,,0,3,3,0,3,0,,5,17,57,,13,13,6,,,3,4,,2,,5,6,5,5,2.04
File,"SimplexOptimizer.java",1,1,0,3,,3,0,,7,,0,0,6,177,68,32,,,49,,,,6,4,,,1,1,12,8,,,0,7,7,1,7,1,,14,33,95,,36,29,20,,,6,6,,3,,13,13,10,13,1.40
File,"SimplexOptimizerMultiDirectionalTest.java",1,1,0,0,,5,0,,14,,0,0,14,204,160,100,,,122,,,,2,1,,,1,1,10,10,,,0,14,14,11,14,0,,25,86,23,,105,72,50,,,2,3,,0,,15,16,14,15,0.14
File,"SimplexOptimizerNelderMeadTest.java",1,1,0,0,,7,0,,20,,0,0,20,265,215,134,,,152,,,,2,1,,,1,1,9,9,,,0,20,20,10,20,0,,33,108,21,,128,86,66,,,2,3,,0,,21,22,20,21,0.10
File,"SimplexSolver.java",3,1,1,5,,1,2,,7,,0,2,3,204,111,66,,,85,,,,10,6,,,3,3,21,14,,,0,7,7,2,7,2,,28,39,65,,58,39,46,,,10,11,,4,,25,26,12,25,0.59
File,"SimplexSolverTest.java",1,1,1,0,,1,0,,25,,0,1,24,563,466,377,,,390,,,,6,1,,,1,1,19,17,,,0,25,25,0,25,0,,72,172,25,,359,146,244,,,6,6,,1,,30,30,25,30,0.05
File,"SimplexTableau.java",2,1,0,5,,1,3,,31,,3,5,3,623,326,185,,,242,,,,12,4,,,2,2,15,9,,,1,32,32,10,32,21,,68,106,232,,168,107,135,,,12,13,,3,,81,92,41,81,0.71
File,"SimplexTableauTest.java",1,1,0,0,,1,0,,7,,0,3,4,111,83,44,,,53,,,,3,1,,,1,1,10,10,,,0,7,7,0,7,0,,12,55,16,,43,33,20,,,3,3,,2,,9,9,7,9,0.19
File,"SimpsonIntegrator.java",2,2,0,8,,1,1,,4,,0,0,3,130,58,26,,,36,,,,5,5,,,2,2,20,11,,,0,4,4,0,4,1,,11,29,61,,25,20,16,,,5,6,,3,,10,11,8,10,1.05
File,"SimpsonIntegratorTest.java",2,1,1,5,,1,0,,3,,0,0,3,122,72,47,,,69,,,,4,1,,,2,2,26,19,,,0,3,3,0,3,0,,11,23,39,,62,20,49,,,4,4,,1,,6,6,3,6,0.54
File,"Sin.java",1,1,0,1,,1,0,,2,,0,0,2,39,11,2,,,8,,,,1,1,,,1,1,4,3,,,0,2,2,0,2,0,,4,6,24,,5,6,2,,,1,1,,0,,2,2,2,2,2.18
File,"SinFunction.java",1,1,0,0,,2,0,,3,,0,0,3,50,14,5,,,9,,,,1,1,,,1,1,4,4,,,0,3,3,0,3,0,,5,5,31,,5,6,3,,,1,1,,0,,3,3,3,3,2.21
File,"Sinc.java",1,1,0,3,,3,1,,6,,0,2,6,117,46,23,,,29,,,,2,1,,,1,1,9,5,,,2,8,8,1,8,0,,9,15,62,,18,17,12,,,2,2,,1,,12,12,8,12,1.35
File,"SincFunction.java",1,1,0,2,,2,1,,3,,0,0,3,50,18,10,,,9,,,,2,1,,,1,1,8,6,,,0,3,3,0,3,0,,4,5,28,,5,6,3,,,2,2,,0,,5,5,3,5,1.56
File,"SincTest.java",1,1,0,0,,3,0,,8,,0,0,8,93,66,33,,,51,,,,2,1,,,1,1,7,7,,,0,8,8,0,8,0,,11,37,16,,38,34,17,,,2,2,,1,,12,12,8,12,0.24
File,"SingularMatrixException.java",1,1,0,3,,1,1,,1,,0,0,1,38,9,2,,,7,,,,1,1,,,1,1,6,3,,,0,1,1,0,1,0,,3,6,26,,5,6,1,,,1,1,,0,,1,1,1,1,2.89
File,"SingularOperatorException.java",1,1,0,3,,1,1,,1,,0,0,1,39,10,2,,,7,,,,1,1,,,1,1,6,3,,,0,1,1,0,1,0,,3,7,26,,5,6,1,,,1,1,,0,,1,1,1,1,2.60
File,"SingularValueDecomposition.java",5,1,0,9,,3,2,,19,,0,1,18,736,463,310,,,414,,,,79,13,,,5,6,33,23,,,0,19,19,12,19,0,,38,96,235,,308,133,281,,,81,85,,5,,109,114,31,107,0.51
File,"SingularValueDecompositionTest.java",1,1,0,0,,1,1,,18,,0,2,16,319,244,165,,,150,,,,4,1,,,1,1,13,11,,,0,18,18,2,18,0,,39,125,36,,123,89,61,,,4,4,,3,,25,25,18,25,0.15
File,"SingularValueSolverTest.java",2,1,0,2,,1,1,,5,,0,0,5,139,96,62,,,56,,,,4,1,,,2,2,19,16,,,0,5,5,1,5,0,,16,46,27,,45,30,26,,,4,4,,1,,10,10,5,10,0.28
File,"Sinh.java",1,1,0,1,,1,0,,2,,0,0,2,39,11,2,,,8,,,,1,1,,,1,1,4,3,,,0,2,2,0,2,0,,4,6,24,,5,6,2,,,1,1,,0,,2,2,2,2,2.18
File,"Skewness.java",1,1,0,6,,1,1,,9,,0,0,10,218,91,48,,,68,,,,4,3,,,1,1,14,7,,,1,10,10,2,10,0,,23,40,104,,50,35,33,,,4,5,,2,,17,18,12,17,1.14
File,"SkewnessTest.java",1,1,0,3,,1,0,,3,,0,0,3,65,27,10,,,20,,,,1,1,,,1,1,8,5,,,0,3,3,1,3,0,,7,14,31,,16,11,9,,,1,1,,0,,3,3,3,3,1.15
File,"SmoothingPolynomialBicubicSplineInterpolator.java",4,1,2,5,,1,0,,4,,0,0,4,139,74,38,,,70,,,,13,1,,,4,4,23,15,,,0,4,4,2,4,0,,16,27,49,,53,31,39,,,13,15,,2,,16,18,4,16,0.66
File,"SmoothingPolynomialBicubicSplineInterpolatorTest.java",3,1,3,3,,3,0,,5,,0,0,5,180,120,84,,,100,,,,6,1,,,3,3,30,23,,,0,5,5,0,5,0,,21,41,39,,85,41,59,,,6,6,,2,,16,16,5,16,0.33
File,"Space.java",0,0,0,0,,1,0,,2,,2,0,0,39,6,0,,,5,,,,0,0,,,0,0,0,0,,,0,0,2,0,2,0,,5,5,28,,4,5,0,,,0,0,,0,,0,0,0,0,4.67
File,"SparseFieldMatrix.java",1,1,0,3,,1,0,,13,,0,1,12,181,98,49,,,71,,,,3,1,,,1,1,9,6,,,0,13,13,3,13,0,,17,34,66,,52,27,44,,,3,3,,2,,18,18,13,18,0.67
File,"SparseFieldMatrixTest.java",2,1,0,2,,1,0,,29,,0,2,25,708,539,398,,,378,,,,8,1,,,2,2,18,15,,,0,29,29,39,29,2,,60,196,110,,307,167,211,,,8,8,,2,,70,70,29,70,0.20
File,"SparseFieldVector.java",1,1,0,2,,1,1,,45,,0,3,40,580,372,223,,,290,,,,11,11,,,1,2,10,7,,,0,45,45,3,45,2,,57,112,153,,201,116,174,,,11,11,,3,,89,91,55,89,0.41
File,"SparseFieldVectorTest.java",1,1,4,2,,1,0,,7,,0,0,5,243,152,117,,,130,,,,3,1,,,1,1,25,18,,,0,7,7,11,7,2,,49,87,42,,117,80,50,,,3,3,,1,,12,12,7,12,0.28
File,"SparseRealMatrix.java",0,0,0,0,,1,0,,0,,0,0,0,29,3,0,,,2,,,,0,0,,,0,0,0,0,,,0,0,0,0,0,0,,3,2,23,,1,2,0,,,0,0,,0,,0,0,0,0,7.67
File,"SparseRealMatrixTest.java",2,1,0,1,,1,0,,31,,0,2,27,700,539,398,,,377,,,,8,1,,,2,2,16,14,,,0,31,31,38,31,2,,61,210,101,,307,173,204,,,8,8,,2,,69,69,31,69,0.19
File,"SparseRealVector.java",0,0,0,0,,1,0,,0,,0,0,0,25,2,0,,,2,,,,0,0,,,0,0,0,0,,,0,0,0,0,0,0,,1,2,22,,1,2,0,,,0,0,,0,,0,0,0,0,11.00
File,"SparseRealVectorTest.java",1,1,2,1,,2,1,,50,,0,1,48,958,659,459,,,545,,,,6,1,,,1,1,15,11,,,0,50,50,12,50,1,,184,344,116,,481,299,246,,,6,6,,1,,62,62,50,62,0.18
File,"SpearmansCorrelation.java",1,1,0,7,,1,0,,9,,0,1,8,168,57,24,,,44,,,,3,3,,,1,1,12,4,,,0,9,9,3,9,0,,16,22,95,,31,23,21,,,3,3,,1,,12,12,11,12,1.67
File,"SpearmansRankCorrelationTest.java",1,1,0,2,,1,0,,7,,0,0,7,129,83,46,,,43,,,,3,1,,,1,1,10,8,,,0,7,7,0,7,0,,9,47,37,,33,32,11,,,3,3,,1,,9,9,7,9,0.45
File,"SplineInterpolator.java",7,1,10,15,,1,0,,1,,0,0,1,127,55,38,,,53,,,,7,1,,,7,7,71,46,,,0,1,1,0,1,0,,14,19,58,,45,23,30,,,7,7,,1,,7,7,1,7,1.05
File,"SplineInterpolatorTest.java",1,1,1,4,,1,0,,7,,0,0,5,220,147,104,,,114,,,,4,1,,,1,1,23,18,,,0,7,7,3,7,2,,20,72,53,,101,56,58,,,4,4,,1,,12,12,7,12,0.36
File,"Sqrt.java",1,1,0,1,,2,0,,3,,0,0,3,45,16,5,,,11,,,,1,1,,,1,1,5,4,,,0,3,3,0,3,0,,4,7,25,,7,8,3,,,1,1,,0,,3,3,3,3,1.56
File,"SqrtTest.java",1,1,0,0,,3,0,,4,,0,0,4,56,34,16,,,27,,,,2,1,,,1,1,8,8,,,0,4,4,0,4,0,,6,19,16,,20,19,8,,,2,2,,1,,6,6,4,6,0.47
File,"StableRandomGenerator.java",5,1,3,9,,1,0,,2,,0,0,2,131,68,42,,,43,,,,6,1,,,5,7,41,28,,,0,2,2,4,2,0,,13,20,50,,31,19,24,,,6,8,,3,,11,14,2,11,0.74
File,"StableRandomGeneratorTest.java",2,1,0,2,,1,1,,7,,0,0,7,132,81,45,,,56,,,,2,1,,,2,2,11,9,,,0,7,7,1,7,0,,13,32,38,,41,27,29,,,2,2,,1,,14,14,7,14,0.47
File,"StandardDeviation.java",1,1,0,8,,1,1,,16,,0,0,17,276,75,24,,,48,,,,1,1,,,1,1,11,3,,,1,17,17,1,17,0,,24,36,177,,30,27,21,,,1,1,,0,,17,17,17,17,2.36
File,"StandardDeviationTest.java",1,1,0,3,,1,0,,5,,0,0,4,96,50,26,,,41,,,,2,1,,,1,1,10,7,,,0,5,5,1,5,1,,9,24,38,,34,21,20,,,2,2,,1,,6,6,5,6,0.76
File,"StatUtils.java",1,1,0,17,,1,10,,1,,0,1,30,782,172,68,,,125,,,,4,1,,,1,1,21,4,,,30,31,31,0,31,0,,48,84,562,,85,73,52,,,4,4,,1,,39,39,31,39,3.27
File,"StatUtilsTest.java",2,1,3,4,,1,0,,16,,0,0,16,511,332,252,,,241,,,,4,1,,,2,2,26,18,,,0,16,16,11,16,0,,86,79,93,,202,66,175,,,4,4,,1,,38,38,16,38,0.28
File,"StatisticalMultivariateSummary.java",0,0,0,0,,1,0,,11,,11,0,0,120,15,0,,,14,,,,0,0,,,0,0,0,0,,,0,0,11,0,11,0,,14,14,91,,13,14,0,,,0,0,,0,,0,0,0,0,6.07
File,"StatisticalReferenceDataset.java",1,1,0,5,,3,0,,20,,0,1,20,376,176,99,,,138,,,,14,3,,,1,2,15,9,,,1,19,21,11,21,0,,39,61,161,,99,66,72,,,14,14,,2,,36,39,21,36,0.91
File,"StatisticalReferenceDatasetFactory.java",1,1,0,0,,5,0,,10,,0,1,14,202,150,107,,,96,,,,2,1,,,1,1,15,13,,,5,15,15,0,15,0,,18,42,34,,75,43,53,,,2,2,,1,,16,16,15,16,0.23
File,"StatisticalSummary.java",0,0,0,0,,1,0,,7,,7,0,0,65,10,0,,,9,,,,0,0,,,0,0,0,0,,,0,0,7,0,7,0,,3,9,52,,8,9,0,,,0,0,,0,,0,0,0,0,5.20
File,"StatisticalSummaryValues.java",1,1,0,4,,1,1,,11,,0,0,11,187,87,45,,,62,,,,3,3,,,1,1,10,6,,,0,11,11,6,11,0,,22,33,78,,48,28,34,,,3,8,,1,,13,18,13,13,0.90
File,"StatisticalSummaryValuesTest.java",1,1,0,0,,1,0,,4,,0,1,3,84,53,35,,,37,,,,1,1,,,1,1,11,10,,,0,4,4,0,4,0,,10,19,21,,32,16,21,,,1,2,,0,,4,5,4,4,0.40
File,"StepFunction.java",3,1,1,12,,1,0,,2,,0,0,2,98,40,20,,,29,,,,4,1,,,3,4,28,14,,,0,2,2,2,2,0,,8,15,50,,21,14,15,,,4,6,,1,,7,9,2,7,1.25
File,"StepFunctionTest.java",1,1,0,0,,1,0,,9,,0,0,9,116,81,42,,,60,,,,3,1,,,1,1,7,6,,,0,9,9,1,9,0,,16,38,19,,48,29,31,,,3,3,,2,,11,11,9,11,0.23
File,"StepHandler.java",0,0,0,0,,1,0,,2,,2,0,0,71,5,0,,,4,,,,0,0,,,0,0,0,0,,,0,0,2,0,2,0,,7,4,59,,3,4,0,,,0,0,,0,,0,0,0,0,11.80
File,"StepInterpolator.java",0,0,0,0,,1,0,,10,,10,0,0,158,14,0,,,13,,,,0,0,,,0,0,0,0,,,0,0,10,0,10,0,,15,13,129,,12,13,0,,,0,0,,0,,0,0,0,0,9.21
File,"StepInterpolatorTestUtils.java",1,1,5,0,,2,0,,2,,0,0,3,82,50,35,,,38,,,,3,1,,,1,1,31,25,,,1,3,3,0,3,0,,16,22,16,,32,22,16,,,3,3,,1,,5,5,3,5,0.32
File,"StepNormalizer.java",2,1,1,7,,1,0,,9,,0,3,6,294,103,59,,,72,,,,8,1,,,2,2,18,9,,,0,9,9,9,9,0,,31,32,160,,55,25,47,,,8,10,,2,,18,21,9,18,1.55
File,"StepNormalizerBounds.java",1,1,0,3,,1,0,,5,,0,1,4,84,19,4,,,11,,,,1,1,,,1,1,5,2,,,0,5,3,6,5,0,,10,11,55,,8,7,4,,,1,1,,0,,5,5,5,5,2.89
File,"StepNormalizerMode.java",1,1,0,0,,1,0,,2,,0,0,2,70,5,0,,,2,,,,1,1,,,1,1,0,0,,,0,2,0,2,2,0,,4,4,61,,2,2,0,,,1,1,,0,,2,2,2,2,12.20
File,"StepNormalizerOutputOverlapTest.java",1,1,0,0,,1,0,,7,,0,0,0,69,42,18,,,16,,,,1,1,,,1,1,4,4,,,0,7,7,0,7,7,,8,16,19,,8,9,7,,,1,1,,0,,7,7,7,7,0.45
File,"StepNormalizerOutputTest.java",1,1,0,0,,1,0,,7,,0,0,0,69,42,18,,,16,,,,1,1,,,1,1,4,4,,,0,7,7,0,7,7,,8,16,19,,8,9,7,,,1,1,,0,,7,7,7,7,0.45
File,"StepNormalizerOutputTestBase.java",1,1,0,0,,1,0,,29,,0,2,20,240,131,50,,,90,,,,4,1,,,1,1,5,4,,,0,22,29,1,29,7,,36,80,73,,66,62,28,,,4,4,,1,,25,25,22,25,0.56
File,"StepNormalizerTest.java",1,1,0,0,,3,0,,11,,0,0,11,120,91,50,,,55,,,,3,1,,,1,1,9,9,,,0,11,11,4,11,0,,13,28,16,,40,29,26,,,3,3,,1,,14,14,11,14,0.18
File,"StepProblem.java",1,1,0,0,,1,0,,8,,0,0,8,65,35,9,,,24,,,,1,1,,,1,1,3,3,,,0,8,8,3,8,0,,14,17,16,,15,15,9,,,1,1,,0,,8,8,8,8,0.46
File,"StoppingCondition.java",0,0,0,0,,1,0,,1,,1,0,0,35,4,0,,,3,,,,0,0,,,0,0,0,0,,,0,0,1,0,1,0,,1,3,30,,2,3,0,,,0,0,,0,,0,0,0,0,7.50
File,"StorelessBivariateCovariance.java",1,1,0,5,,1,0,,5,,0,0,5,121,41,19,,,31,,,,3,1,,,1,1,12,6,,,0,5,5,5,5,0,,13,16,67,,23,16,15,,,3,3,,1,,7,7,5,7,1.63
File,"StorelessCovariance.java",1,1,0,7,,1,0,,11,,0,4,7,206,70,24,,,56,,,,4,1,,,1,1,13,5,,,0,11,11,2,11,0,,20,29,116,,37,28,28,,,4,4,,2,,19,19,11,19,1.66
File,"StorelessCovarianceTest.java",2,1,1,2,,1,0,,6,,0,0,5,236,178,139,,,71,,,,4,1,,,2,2,18,13,,,0,6,6,3,6,1,,25,60,33,,56,42,29,,,4,4,,2,,14,14,6,14,0.19
File,"StorelessUnivariateStatistic.java",0,0,0,0,,1,0,,7,,7,0,0,86,10,0,,,9,,,,0,0,,,0,0,0,0,,,0,0,7,0,7,0,,9,9,67,,8,9,0,,,0,0,,0,,0,0,0,0,6.70
File,"StorelessUnivariateStatisticAbstractTest.java",1,1,3,2,,1,0,,10,,0,0,9,220,134,88,,,104,,,,3,1,,,1,1,20,14,,,0,8,10,1,10,1,,44,45,42,,89,34,70,,,3,3,,2,,14,14,8,14,0.31
File,"StraightLineProblem.java",1,1,0,1,,3,0,,13,,0,1,12,164,92,43,,,80,,,,2,1,,,1,1,7,6,,,0,13,13,4,13,0,,24,41,50,,58,47,33,,,2,2,,1,,19,19,13,19,0.54
File,"SubHyperplane.java",1,1,0,4,,2,0,,10,,7,0,3,125,26,4,,,20,,,,1,1,,,1,1,7,3,,,0,3,10,2,10,0,,20,17,79,,15,16,4,,,1,1,,0,,3,3,3,3,3.04
File,"SubLine.java",2,1,2,6,,1,0,,8,,0,1,7,209,101,56,,,72,,,,5,1,,,2,2,17,8,,,1,9,9,0,9,1,,33,61,75,,57,55,17,,,5,6,,1,,20,22,9,20,0.74
File,"SubLine.java",1,1,1,7,,1,0,,5,,0,1,5,136,46,21,,,36,,,,4,1,,,1,2,15,5,,,1,6,6,2,6,0,,21,24,69,,26,25,11,,,4,6,,1,,10,12,6,10,1.50
File,"SubLineTest.java",1,1,0,0,,1,0,,12,,0,0,12,155,123,78,,,81,,,,1,1,,,1,2,8,8,,,0,12,12,0,12,0,,16,63,16,,68,47,34,,,1,7,,0,,12,24,12,12,0.13
File,"SubLineTest.java",1,1,0,0,,1,0,,12,,0,0,12,147,115,70,,,77,,,,1,1,,,1,1,7,7,,,0,12,12,0,12,0,,16,63,16,,64,47,30,,,1,5,,0,,12,20,12,12,0.14
File,"SubOrientedPoint.java",1,1,0,1,,1,0,,5,,0,0,4,71,32,9,,,18,,,,3,1,,,1,1,5,4,,,0,5,5,0,5,1,,8,19,31,,12,13,5,,,3,3,,0,,8,8,5,8,0.97
File,"SubPlane.java",3,1,3,6,,1,0,,4,,0,0,3,141,78,45,,,52,,,,6,1,,,3,3,24,15,,,0,4,4,0,4,1,,19,48,44,,43,38,14,,,6,6,,1,,13,13,4,13,0.56
File,"Subtract.java",1,1,0,1,,1,0,,1,,0,0,1,33,7,1,,,5,,,,1,1,,,1,1,4,3,,,0,1,1,0,1,0,,3,4,23,,3,4,1,,,1,1,,0,,1,1,1,1,3.29
File,"Sum.java",1,1,0,8,,1,1,,10,,0,0,11,222,73,31,,,54,,,,3,1,,,1,1,13,5,,,1,11,11,2,11,0,,19,30,130,,38,25,29,,,3,3,,2,,15,15,11,15,1.78
File,"SumLogTest.java",1,1,1,3,,1,0,,4,,0,0,3,86,38,17,,,29,,,,1,1,,,1,1,11,6,,,0,4,4,1,4,1,,15,17,33,,24,13,16,,,1,1,,0,,4,4,4,4,0.87
File,"SumOfLogs.java",1,1,0,5,,1,1,,8,,0,0,9,167,60,24,,,44,,,,3,1,,,1,1,10,4,,,1,9,9,2,9,0,,15,27,92,,32,22,22,,,3,3,,2,,11,11,9,11,1.53
File,"SumOfSquares.java",1,1,0,5,,1,1,,8,,0,0,9,156,59,24,,,43,,,,3,1,,,1,1,10,4,,,1,9,9,2,9,0,,16,26,81,,31,21,22,,,3,3,,2,,11,11,9,11,1.37
File,"SumSincFunction.java",1,1,0,2,,3,2,,6,,0,0,6,81,38,22,,,31,,,,2,1,,,1,1,9,7,,,0,6,6,1,6,0,,6,15,37,,22,19,12,,,2,2,,1,,8,8,6,8,0.97
File,"SumSqTest.java",1,1,0,1,,1,0,,4,,0,0,3,72,36,15,,,27,,,,1,1,,,1,1,7,5,,,0,4,4,1,4,1,,9,17,27,,22,13,14,,,1,1,,0,,4,4,4,4,0.75
File,"SumTest.java",1,1,0,1,,1,0,,6,,0,0,5,81,43,17,,,31,,,,1,1,,,1,1,6,4,,,0,6,6,1,6,1,,11,21,27,,24,16,15,,,1,1,,0,,6,6,6,6,0.63
File,"SummaryStatistics.java",1,1,0,7,,1,1,,38,,0,1,38,740,311,189,,,223,,,,12,3,,,1,1,14,6,,,1,39,39,18,39,0,,63,87,366,,162,83,140,,,12,12,,2,,60,67,41,60,1.18
File,"SummaryStatisticsTest.java",1,1,1,1,,1,0,,15,,0,1,13,339,261,203,,,215,,,,2,1,,,1,1,17,14,,,0,15,15,14,15,1,,41,74,39,,192,64,151,,,2,2,,1,,19,19,15,19,0.15
File,"SymmLQ.java",2,1,0,16,,2,7,,21,,7,5,13,1222,437,246,,,312,,,,9,1,,,2,2,31,14,,,4,25,25,33,25,0,,74,194,711,,261,138,174,,,9,10,,3,,54,57,25,54,1.63
File,"SymmLQTest.java",1,1,0,0,,10,0,,69,,0,2,67,688,589,378,,,442,,,,6,1,,,1,1,10,9,,,0,69,69,0,69,0,,72,246,27,,347,249,193,,,6,6,,3,,94,94,69,94,0.05
File,"SynchronizedDescriptiveStatistics.java",1,1,0,3,,1,1,,14,,0,0,15,178,73,22,,,41,,,,1,1,,,1,1,7,3,,,1,15,15,0,15,0,,18,35,87,,23,21,20,,,1,1,,0,,15,15,15,15,1.19
File,"SynchronizedDescriptiveStatisticsTest.java",1,1,0,0,,1,0,,1,,0,0,0,28,7,1,,,4,,,,1,1,,,1,1,3,3,,,0,1,1,0,1,1,,3,4,18,,2,3,1,,,1,1,,0,,1,1,1,1,2.57
File,"SynchronizedMultivariateSummaryStatistics.java",1,1,0,3,,1,1,,31,,0,0,31,289,129,32,,,66,,,,1,1,,,1,1,6,3,,,0,31,31,0,31,0,,34,66,126,,34,35,31,,,1,1,,0,,31,31,31,31,0.98
File,"SynchronizedMultivariateSummaryStatisticsTest.java",1,1,0,0,,1,0,,1,,0,0,0,28,8,1,,,4,,,,1,1,,,1,1,3,3,,,0,1,1,0,1,1,,2,5,18,,2,3,1,,,1,1,,0,,1,1,1,1,2.25
File,"SynchronizedSummaryStatistics.java",1,1,0,3,,1,1,,35,,0,0,36,347,158,43,,,83,,,,1,1,,,1,1,6,3,,,1,36,36,0,36,0,,40,78,149,,44,42,41,,,1,1,,0,,36,36,36,36,0.94
File,"SynchronizedSummaryStatisticsTest.java",1,1,0,0,,1,0,,1,,0,0,0,27,7,1,,,4,,,,1,1,,,1,1,3,3,,,0,1,1,0,1,1,,2,4,18,,2,3,1,,,1,1,,0,,1,1,1,1,2.57
File,"TDistribution.java",1,1,0,5,,1,2,,14,,0,0,13,225,94,45,,,59,,,,3,3,,,1,1,11,5,,,0,14,14,2,14,1,,22,35,109,,38,31,28,,,3,4,,2,,20,21,16,20,1.16
File,"TDistributionTest.java",1,1,0,0,,1,0,,13,,0,1,12,161,102,55,,,69,,,,2,1,,,1,1,7,6,,,0,13,13,0,13,0,,17,42,42,,54,31,38,,,2,2,,1,,14,14,13,14,0.41
File,"TTest.java",1,1,1,26,,1,0,,30,,0,3,20,1169,250,111,,,119,,,,3,1,,,1,1,35,7,,,0,30,30,0,30,7,,85,114,834,,83,54,65,,,3,3,,1,,35,36,30,35,3.34
File,"TTestTest.java",4,1,3,3,,1,0,,7,,0,0,7,298,220,162,,,151,,,,11,1,,,4,4,34,28,,,0,7,7,5,7,0,,33,48,45,,119,45,106,,,11,11,,1,,31,31,7,31,0.20
File,"Tan.java",1,1,0,1,,2,0,,3,,0,0,3,46,17,6,,,12,,,,1,1,,,1,1,6,5,,,0,3,3,0,3,0,,4,8,25,,8,9,3,,,1,1,,0,,3,3,3,3,1.47
File,"Tanh.java",1,1,0,1,,2,0,,3,,0,0,3,46,17,6,,,12,,,,1,1,,,1,1,6,5,,,0,3,3,0,3,0,,4,8,25,,8,9,3,,,1,1,,0,,3,3,3,3,1.47
File,"TestBean.java",1,1,0,3,,1,0,,6,,0,0,6,72,24,7,,,17,,,,1,1,,,1,1,5,2,,,0,6,6,2,6,0,,11,12,37,,10,12,5,,,1,1,,0,,6,6,6,6,1.54
File,"TestProblem1.java",1,1,0,1,,1,0,,5,,0,0,5,88,36,16,,,29,,,,2,1,,,1,1,7,5,,,0,5,5,1,5,0,,14,16,38,,21,14,15,,,2,2,,1,,7,7,5,7,1.06
File,"TestProblem2.java",1,1,0,1,,1,0,,5,,0,0,5,90,37,17,,,30,,,,2,1,,,1,1,7,5,,,0,5,5,1,5,0,,14,17,39,,22,15,15,,,2,2,,1,,7,7,5,7,1.05
File,"TestProblem3.java",1,1,1,2,,1,0,,6,,0,0,6,129,60,37,,,50,,,,2,1,,,1,1,12,8,,,0,6,6,2,6,0,,21,28,48,,42,25,25,,,2,3,,1,,7,8,6,7,0.80
File,"TestProblem4.java",1,1,0,0,,3,0,,17,,0,0,17,159,87,35,,,55,,,,2,1,,,1,1,4,4,,,0,17,17,3,17,0,,30,36,42,,35,30,25,,,2,2,,0,,18,18,17,18,0.48
File,"TestProblem5.java",1,1,0,2,,1,0,,2,,0,0,2,41,12,3,,,7,,,,1,1,,,1,1,5,3,,,0,2,2,0,2,0,,4,6,25,,4,4,3,,,1,1,,0,,2,2,2,2,2.08
File,"TestProblem6.java",1,1,0,1,,1,0,,5,,0,0,5,90,38,18,,,30,,,,2,1,,,1,1,8,6,,,0,5,5,1,5,0,,13,17,39,,22,15,15,,,2,2,,1,,7,7,5,7,1.03
File,"TestProblemAbstract.java",1,1,0,3,,1,0,,17,,0,0,12,188,79,34,,,59,,,,3,1,,,1,1,7,4,,,0,14,17,6,17,5,,27,28,82,,42,27,32,,,3,3,,1,,16,16,14,16,1.04
File,"TestProblemFactory.java",1,1,0,4,,1,1,,1,,0,1,1,50,16,7,,,6,,,,1,1,,,1,1,6,2,,,1,2,2,0,2,0,,6,11,28,,3,5,1,,,1,1,,0,,2,2,2,2,1.75
File,"TestProblemHandler.java",2,1,0,4,,1,0,,7,,0,0,7,152,75,40,,,66,,,,8,1,,,2,2,13,8,,,0,7,7,7,7,0,,23,32,54,,50,35,31,,,8,8,,3,,14,14,7,14,0.72
File,"TestRandomGenerator.java",1,1,0,0,,1,0,,2,,0,0,2,42,14,4,,,9,,,,1,1,,,1,1,3,3,,,0,2,2,1,2,0,,5,8,23,,6,6,3,,,1,1,,0,,2,2,2,2,1.64
File,"TestUtils.java",2,1,0,5,,1,0,,1,,0,1,26,494,284,175,,,230,,,,6,3,,,2,2,15,9,,,26,27,27,0,27,0,,39,78,171,,165,84,146,,,6,6,,3,,63,67,31,63,0.60
File,"TestUtils.java",1,1,0,3,,1,3,,1,,0,1,32,367,187,36,,,83,,,,1,1,,,1,1,8,5,,,32,33,33,0,33,0,,41,120,139,,49,50,33,,,1,1,,0,,33,33,33,33,0.74
File,"TestUtilsTest.java",4,1,3,4,,1,0,,11,,0,0,11,472,347,257,,,235,,,,11,1,,,4,4,36,28,,,0,11,11,8,11,0,,56,88,69,,189,75,160,,,11,11,,1,,45,45,11,45,0.20
File,"ThirdMoment.java",1,1,0,4,,1,1,,6,,0,0,7,145,52,24,,,38,,,,2,1,,,1,1,9,5,,,1,7,7,2,7,0,,16,23,77,,29,18,20,,,2,2,,1,,8,8,7,8,1.48
File,"ThirdMomentTest.java",1,1,0,3,,1,0,,2,,0,0,2,47,14,2,,,9,,,,1,1,,,1,1,6,3,,,0,2,2,1,2,0,,6,9,27,,6,7,2,,,1,1,,0,,2,2,2,2,1.93
File,"ThreeEighthesIntegrator.java",1,1,0,4,,1,3,,1,,0,0,1,72,17,6,,,7,,,,1,1,,,1,1,7,3,,,0,1,1,0,1,0,,9,14,46,,5,6,1,,,1,1,,0,,1,1,1,1,2.71
File,"ThreeEighthesIntegratorTest.java",1,1,1,0,,4,0,,14,,0,0,14,226,166,99,,,121,,,,7,1,,,1,1,12,10,,,0,14,14,2,14,0,,41,72,19,,96,71,50,,,7,7,,3,,23,23,14,23,0.11
File,"ThreeEighthesStepInterpolator.java",1,1,1,4,,1,1,,4,,0,0,2,144,58,39,,,45,,,,4,1,,,1,2,18,12,,,0,4,4,0,4,2,,16,36,70,,37,34,11,,,4,5,,2,,7,8,4,7,1.21
File,"ThreeEighthesStepInterpolatorTest.java",2,1,3,0,,1,0,,2,,0,0,2,91,60,34,,,51,,,,4,1,,,2,2,25,21,,,0,2,2,0,2,0,,15,39,16,,44,38,13,,,4,4,,2,,5,5,2,5,0.27
File,"TiesStrategy.java",1,1,0,0,,1,0,,2,,0,0,2,55,8,0,,,2,,,,1,1,,,1,1,0,0,,,0,2,0,5,2,0,,7,7,40,,1,2,0,,,1,1,,0,,2,2,2,2,5.00
File,"TooManyEvaluationsException.java",1,1,0,5,,1,1,,1,,0,0,1,40,9,3,,,7,,,,1,1,,,1,1,9,4,,,0,1,1,0,1,0,,3,5,28,,5,5,2,,,1,1,,0,,1,1,1,1,3.11
File,"TooManyEvaluationsExceptionTest.java",1,1,0,0,,1,0,,1,,0,0,1,40,16,7,,,10,,,,1,1,,,1,1,9,9,,,0,1,1,0,1,0,,3,10,21,,8,9,1,,,1,1,,0,,1,1,1,1,1.31
File,"TournamentSelection.java",1,1,0,6,,2,0,,6,,0,1,5,116,39,17,,,29,,,,3,1,,,1,1,12,5,,,0,6,6,1,6,0,,11,16,66,,20,17,12,,,3,3,,1,,8,8,6,8,1.69
File,"TournamentSelectionTest.java",1,1,0,0,,2,1,,3,,0,0,3,56,29,12,,,25,,,,3,1,,,1,1,7,6,,,0,3,3,1,3,0,,9,14,18,,18,15,10,,,3,3,,1,,5,5,3,5,0.62
File,"Transform.java",0,0,0,0,,1,0,,3,,3,0,0,81,8,0,,,7,,,,0,0,,,0,0,0,0,,,0,0,3,0,3,0,,10,7,63,,6,7,0,,,0,0,,0,,0,0,0,0,7.88
File,"TransformType.java",1,1,0,0,,1,0,,2,,0,0,2,31,5,0,,,2,,,,1,1,,,1,1,0,0,,,0,2,0,2,2,0,,2,4,24,,2,2,0,,,1,1,,0,,2,2,2,2,4.80
File,"TransformUtils.java",2,1,0,8,,1,1,,1,,0,1,5,165,69,38,,,52,,,,4,1,,,2,2,18,8,,,5,6,6,0,6,0,,16,31,80,,38,27,25,,,4,4,,1,,13,13,6,13,1.16
File,"TransformerMap.java",1,1,0,4,,1,1,,12,,0,0,12,190,82,38,,,59,,,,7,7,,,1,1,10,5,,,0,12,12,2,12,0,,21,29,87,,35,29,30,,,7,7,,3,,21,22,18,21,1.06
File,"TransformerMapTest.java",1,1,0,2,,1,0,,8,,0,0,8,123,68,38,,,51,,,,1,1,,,1,1,9,6,,,0,8,8,0,8,0,,15,37,40,,42,29,22,,,1,1,,0,,8,8,8,8,0.59
File,"TrapezoidIntegrator.java",2,1,0,10,,1,1,,5,,1,0,3,168,78,41,,,52,,,,4,4,,,2,2,23,13,,,0,5,5,1,5,1,,13,38,79,,39,29,23,,,4,5,,3,,12,13,8,12,1.01
File,"TrapezoidIntegratorTest.java",2,1,2,5,,1,0,,3,,0,0,3,124,72,47,,,69,,,,4,1,,,2,2,26,19,,,0,3,3,0,3,0,,13,23,39,,62,20,49,,,4,4,,1,,6,6,3,6,0.54
File,"TriDiagonalTransformer.java",3,1,1,7,,1,0,,8,,3,1,4,254,135,86,,,131,,,,11,1,,,3,3,24,15,,,0,8,8,6,8,0,,24,39,95,,100,53,78,,,11,11,,5,,31,31,8,31,0.70
File,"TriDiagonalTransformerTest.java",1,1,0,0,,1,0,,13,,0,5,8,178,136,80,,,84,,,,4,1,,,1,1,8,8,,,0,13,13,2,13,0,,23,62,19,,62,45,39,,,4,5,,3,,21,22,13,21,0.14
File,"TriangularDistribution.java",2,1,0,6,,1,1,,14,,0,0,13,268,119,60,,,81,,,,5,5,,,2,2,14,7,,,0,14,14,4,14,1,,22,38,127,,51,34,47,,,5,7,,1,,29,34,25,29,1.07
File,"TriangularDistributionTest.java",1,1,0,3,,1,0,,14,,0,0,14,193,106,56,,,55,,,,1,1,,,1,1,9,6,,,0,14,14,0,14,0,,23,44,71,,40,30,25,,,1,1,,0,,14,14,14,14,0.67
File,"TricubicSplineInterpolatingFunction.java",8,1,4,15,,2,2,,6,,0,2,4,483,309,223,,,170,,,,29,4,,,8,9,57,37,,,0,6,6,5,6,0,,37,130,137,,117,64,106,,,29,33,,3,,51,58,9,51,0.44
File,"TricubicSplineInterpolatingFunctionTest.java",6,1,2,4,,10,0,,12,,0,0,12,545,440,333,,,331,,,,28,1,,,6,6,44,37,,,0,12,12,0,12,0,,28,77,77,,252,109,222,,,28,28,,3,,78,78,12,78,0.17
File,"TricubicSplineInterpolator.java",9,1,5,10,,1,0,,3,,0,2,1,196,126,85,,,122,,,,23,1,,,9,10,54,39,,,0,3,3,0,3,0,,18,49,52,,96,60,62,,,23,26,,3,,27,30,3,27,0.41
File,"TricubicSplineInterpolatorTest.java",3,1,4,4,,3,0,,5,,0,0,5,212,144,105,,,123,,,,7,1,,,3,3,36,27,,,0,5,5,0,5,0,,24,49,44,,105,51,72,,,7,7,,3,,17,17,5,17,0.31
File,"TrivariateFunction.java",0,0,0,0,,1,0,,1,,1,0,0,36,4,0,,,3,,,,0,0,,,0,0,0,0,,,0,0,1,0,1,0,,2,3,30,,2,3,0,,,0,0,,0,,0,0,0,0,7.50
File,"TrivariateGridInterpolator.java",0,0,0,0,,1,0,,1,,1,0,0,48,6,0,,,4,,,,0,0,,,0,0,0,0,,,0,0,1,0,1,0,,2,5,40,,3,4,0,,,0,0,,0,,0,0,0,0,6.67
File,"Ulp.java",1,1,0,1,,1,0,,1,,0,0,1,34,8,1,,,6,,,,1,1,,,1,1,4,3,,,0,1,1,0,1,0,,3,5,23,,4,5,1,,,1,1,,0,,1,1,1,1,2.88
File,"UnboundedSolutionException.java",1,1,0,3,,1,1,,1,,0,0,1,41,9,2,,,7,,,,1,1,,,1,1,6,3,,,0,1,1,0,1,0,,6,6,26,,5,6,1,,,1,1,,0,,1,1,1,1,2.89
File,"UncorrelatedRandomVectorGenerator.java",1,1,1,6,,1,0,,3,,0,0,3,93,33,13,,,25,,,,2,1,,,1,1,15,8,,,0,3,3,3,3,0,,15,15,45,,19,12,13,,,2,2,,1,,5,5,3,5,1.36
File,"UncorrelatedRandomVectorGeneratorTest.java",2,1,1,0,,1,0,,2,,0,0,2,66,42,22,,,39,,,,4,1,,,2,2,16,15,,,0,2,2,3,2,0,,10,20,14,,33,22,17,,,4,4,,2,,5,5,2,5,0.33
File,"UniformIntegerDistribution.java",1,1,0,5,,1,1,,9,,0,0,9,140,52,22,,,35,,,,3,3,,,1,1,9,4,,,0,9,9,2,9,0,,14,18,74,,21,17,18,,,3,3,,1,,13,14,11,13,1.42
File,"UniformIntegerDistributionTest.java",1,1,0,0,,1,0,,9,,0,0,9,99,51,18,,,30,,,,1,1,,,1,1,5,4,,,0,9,9,0,9,0,,17,24,31,,20,15,15,,,1,1,,0,,9,9,9,9,0.61
File,"UniformRandomGenerator.java",1,1,0,4,,1,1,,2,,0,0,2,58,12,3,,,9,,,,1,1,,,1,1,7,3,,,0,2,2,1,2,0,,9,7,37,,6,7,2,,,1,1,,0,,2,2,2,2,3.08
File,"UniformRandomGeneratorTest.java",2,1,0,0,,1,0,,1,,0,0,1,40,18,8,,,16,,,,2,1,,,2,2,11,11,,,0,1,1,0,1,0,,8,10,14,,13,10,6,,,2,2,,1,,2,2,1,2,0.78
File,"UniformRealDistribution.java",1,1,0,4,,1,2,,15,,0,0,14,198,76,30,,,50,,,,3,3,,,1,1,8,4,,,0,15,15,3,15,1,,23,29,99,,30,25,25,,,3,3,,1,,19,20,17,19,1.30
File,"UniformRealDistributionTest.java",1,1,0,0,,1,0,,10,,0,0,10,113,62,25,,,38,,,,1,1,,,1,1,5,4,,,0,10,10,0,10,0,,19,29,32,,27,19,19,,,1,1,,0,,10,10,10,10,0.52
File,"UnitSphereRandomVectorGenerator.java",2,1,1,3,,1,0,,3,,0,0,3,84,32,15,,,27,,,,4,1,,,2,2,13,8,,,0,3,3,2,3,0,,13,14,39,,21,14,13,,,4,4,,2,,6,6,3,6,1.22
File,"UnivariateDfpFunction.java",0,0,0,0,,1,0,,1,,1,0,0,40,4,0,,,3,,,,0,0,,,0,0,0,0,,,0,0,1,0,1,0,,3,3,33,,2,3,0,,,0,0,,0,,0,0,0,0,8.25
File,"UnivariateFunction.java",0,0,0,0,,1,0,,1,,1,0,0,82,4,0,,,3,,,,0,0,,,0,0,0,0,,,0,0,1,0,1,0,,1,3,77,,2,3,0,,,0,0,,0,,0,0,0,0,19.25
File,"UnivariateIntegrator.java",0,0,0,0,,1,0,,7,,7,0,0,93,18,0,,,14,,,,0,0,,,0,0,0,0,,,0,0,7,0,7,0,,10,17,65,,13,14,0,,,0,0,,0,,0,0,0,0,3.61
File,"UnivariateInterpolator.java",0,0,0,0,,1,0,,1,,1,0,0,38,5,0,,,4,,,,0,0,,,0,0,0,0,,,0,0,1,0,1,0,,2,4,31,,3,4,0,,,0,0,,0,,0,0,0,0,6.20
File,"UnivariateMatrixFunction.java",0,0,0,0,,1,0,,1,,1,0,0,34,4,0,,,3,,,,0,0,,,0,0,0,0,,,0,0,1,0,1,0,,3,3,27,,2,3,0,,,0,0,,0,,0,0,0,0,6.75
File,"UnivariateMultiStartOptimizer.java",2,1,0,6,,2,0,,9,,0,1,8,201,93,42,,,65,,,,5,3,,,2,2,16,9,,,0,9,9,6,9,0,,18,38,91,,47,32,33,,,5,5,,2,,20,21,11,20,0.98
File,"UnivariateMultiStartOptimizerTest.java",2,1,1,1,,3,1,,4,,0,0,4,107,75,42,,,60,,,,2,1,,,2,2,17,15,,,0,4,4,0,4,0,,12,40,20,,50,35,25,,,2,2,,1,,8,8,4,8,0.27
File,"UnivariateOptimizer.java",0,0,0,0,,1,0,,0,,0,0,0,28,4,0,,,3,,,,0,0,,,0,0,0,0,,,0,0,0,0,0,0,,2,4,22,,2,3,0,,,0,0,,0,,0,0,0,0,5.50
File,"UnivariatePeriodicInterpolator.java",1,1,1,6,,2,1,,4,,0,0,4,121,54,29,,,44,,,,4,1,,,1,1,19,11,,,0,4,4,3,4,0,,11,25,56,,36,23,21,,,4,4,,0,,7,7,4,7,1.04
File,"UnivariatePeriodicInterpolatorTest.java",2,1,3,0,,1,0,,5,,0,0,5,163,114,77,,,102,,,,4,1,,,2,2,23,19,,,0,5,5,1,5,0,,26,79,23,,89,73,29,,,4,4,,1,,12,12,5,12,0.20
File,"UnivariatePointValuePair.java",1,1,0,5,,1,1,,3,,0,0,3,67,18,5,,,13,,,,1,1,,,1,1,9,3,,,0,3,3,2,3,0,,6,10,43,,9,9,4,,,1,1,,0,,3,3,3,3,2.39
File,"UnivariateSolver.java",0,0,0,0,,1,0,,0,,0,0,0,29,4,0,,,3,,,,0,0,,,0,0,0,0,,,0,0,0,0,0,0,,3,4,22,,2,3,0,,,0,0,,0,,0,0,0,0,5.50
File,"UnivariateSolverUtils.java",2,1,1,14,,1,0,,1,,0,1,11,381,160,89,,,97,,,,10,4,,,2,3,28,12,,,11,12,12,0,12,0,,27,58,194,,66,38,59,,,10,13,,3,,31,41,15,31,1.21
File,"UnivariateSolverUtilsTest.java",1,1,0,0,,1,0,,14,,0,0,14,146,104,50,,,71,,,,2,1,,,1,1,6,5,,,0,14,14,1,14,0,,18,49,25,,55,33,38,,,2,2,,1,,15,15,14,15,0.24
File,"UnivariateStatistic.java",0,0,0,0,,1,0,,3,,3,0,0,53,6,0,,,5,,,,0,0,,,0,0,0,0,,,0,0,3,0,3,0,,6,5,41,,4,5,0,,,0,0,,0,,0,0,0,0,6.83
File,"UnivariateStatisticAbstractTest.java",2,1,1,4,,1,0,,8,,0,0,8,223,148,108,,,114,,,,6,1,,,2,2,20,15,,,0,6,8,28,8,0,,33,90,45,,101,77,37,,,6,6,,2,,12,12,6,12,0.30
File,"UnivariateVectorFunction.java",0,0,0,0,,1,0,,1,,1,0,0,34,4,0,,,3,,,,0,0,,,0,0,0,0,,,0,0,1,0,1,0,,3,3,27,,2,3,0,,,0,0,,0,,0,0,0,0,6.75
File,"UnmodifiableArrayRealVectorTest.java",2,1,0,5,,1,0,,1,,0,0,1,40,12,4,,,9,,,,2,1,,,2,2,12,7,,,0,1,1,0,1,0,,1,6,27,,6,5,4,,,2,2,,1,,2,2,1,2,2.25
File,"UnmodifiableOpenMapRealVectorTest.java",3,1,0,5,,1,1,,1,,0,0,1,46,15,6,,,11,,,,3,1,,,3,3,14,9,,,0,1,1,0,1,0,,3,7,28,,7,6,5,,,3,3,,2,,3,3,1,3,1.87
File,"UnmodifiableRealVectorAbstractTest.java",4,3,0,5,,1,4,,11,,0,1,16,451,304,194,,,237,,,,15,15,,,4,4,21,16,,,6,16,17,0,17,0,,23,94,124,,166,91,146,,,15,15,,3,,68,68,52,68,0.41
File,"UpdatingMultipleLinearRegression.java",0,0,0,0,,1,0,,7,,7,0,0,88,10,0,,,9,,,,0,0,,,0,0,0,0,,,0,0,7,0,7,0,,9,9,69,,8,9,0,,,0,0,,0,,0,0,0,0,6.90
File,"ValueServer.java",1,1,0,7,,1,6,,25,,0,5,20,423,147,75,,,106,,,,4,1,,,1,1,12,4,,,0,25,25,7,25,0,,44,50,232,,70,51,55,,,7,7,,2,,40,41,25,35,1.58
File,"ValueServerTest.java",2,1,0,3,,1,0,,11,,0,1,10,241,167,111,,,140,,,,3,1,,,2,2,16,12,,,0,11,11,1,11,0,,18,52,58,,117,48,92,,,3,3,,1,,22,23,11,22,0.35
File,"Variance.java",2,1,0,15,,1,1,,20,,0,0,21,620,181,102,,,133,,,,7,4,,,2,2,23,7,,,1,21,21,3,21,0,,38,60,401,,88,53,80,,,7,7,,3,,44,44,24,44,2.22
File,"VarianceTest.java",1,1,0,3,,1,0,,7,,0,0,6,118,63,34,,,47,,,,2,1,,,1,1,10,7,,,0,7,7,1,7,1,,14,27,42,,38,23,24,,,2,2,,1,,8,8,7,8,0.67
File,"Vector.java",0,0,0,0,,1,0,,21,,21,0,0,166,26,0,,,25,,,,0,0,,,0,0,0,0,,,0,0,21,0,21,0,,24,25,116,,24,25,0,,,0,0,,0,,0,0,0,0,4.46
File,"Vector1D.java",1,1,0,3,,1,6,,30,,0,0,33,348,153,64,,,107,,,,4,4,,,1,1,7,3,,,3,33,33,1,33,0,,46,71,149,,68,64,43,,,4,4,,2,,38,39,36,38,0.97
File,"Vector1DFormat.java",1,1,0,3,,1,0,,7,,0,0,9,133,56,20,,,36,,,,2,1,,,1,1,8,4,,,2,9,9,0,9,0,,14,28,63,,24,23,13,,,2,2,,1,,11,11,9,11,1.12
File,"Vector2D.java",1,1,0,3,,1,5,,33,,0,0,36,390,176,78,,,126,,,,4,4,,,1,1,8,4,,,3,36,36,2,36,0,,49,79,165,,83,72,54,,,4,5,,2,,42,46,39,42,0.94
File,"Vector2DFormat.java",1,1,0,3,,1,0,,7,,0,0,9,136,57,20,,,36,,,,2,1,,,1,1,8,4,,,2,9,9,0,9,0,,14,29,65,,24,23,13,,,2,2,,1,,11,11,9,11,1.14
File,"Vector3D.java",1,1,0,4,,1,11,,39,,0,0,46,583,254,128,,,187,,,,4,4,,,1,1,9,4,,,7,46,46,3,46,0,,75,110,254,,128,103,84,,,4,6,,2,,58,68,53,58,1.00
File,"Vector3DFormat.java",1,1,0,5,,1,0,,7,,0,0,9,153,57,20,,,36,,,,2,1,,,1,1,10,4,,,2,9,9,0,9,0,,14,29,82,,24,23,13,,,2,2,,1,,11,11,9,11,1.44
File,"Vector3DFormatAbstractTest.java",1,1,0,0,,1,0,,31,,0,0,28,329,274,162,,,160,,,,1,1,,,1,1,8,8,,,0,29,31,2,31,3,,39,162,16,,130,120,40,,,1,1,,0,,29,29,29,29,0.06
File,"Vector3DFormatTest.java",1,1,0,0,,1,0,,2,,0,0,0,34,12,2,,,7,,,,1,1,,,1,1,3,3,,,0,2,2,0,2,2,,6,7,16,,4,5,2,,,1,1,,0,,2,2,2,2,1.33
File,"Vector3DTest.java",1,1,0,0,,1,0,,25,,0,1,24,332,263,175,,,179,,,,2,1,,,1,1,10,9,,,0,25,25,0,25,0,,38,122,31,,148,94,85,,,2,2,,1,,30,30,25,30,0.12
File,"VectorFormat.java",1,1,1,6,,1,3,,14,,0,0,9,290,104,49,,,82,,,,7,7,,,1,1,14,6,,,1,12,15,7,15,6,,48,40,138,,61,38,44,,,7,7,,3,,20,20,18,20,1.33
File,"VectorialCovariance.java",3,1,0,3,,1,1,,7,,0,0,7,158,89,49,,,75,,,,7,7,,,3,3,14,10,,,0,7,7,4,7,0,,20,30,49,,55,32,43,,,7,7,,3,,21,21,13,21,0.55
File,"VectorialCovarianceTest.java",1,1,1,0,,1,0,,5,,0,0,5,92,62,34,,,43,,,,4,1,,,1,1,10,9,,,0,5,5,1,5,0,,16,24,14,,33,22,21,,,4,4,,2,,9,9,5,9,0.23
File,"VectorialMean.java",2,1,0,3,,1,1,,6,,0,0,6,106,53,25,,,43,,,,4,4,,,2,2,10,7,,,0,6,6,1,6,0,,12,19,41,,29,20,23,,,4,4,,1,,14,14,9,14,0.77
File,"VectorialMeanTest.java",1,1,1,0,,1,0,,5,,0,0,5,87,57,31,,,42,,,,3,1,,,1,1,10,9,,,0,5,5,1,5,0,,16,22,14,,32,21,21,,,3,3,,1,,9,9,5,9,0.25
File,"WeibullDistribution.java",1,1,0,5,,1,2,,18,,0,0,15,302,122,61,,,86,,,,4,1,,,1,1,11,5,,,0,18,18,7,18,3,,35,49,145,,58,44,42,,,4,5,,1,,27,28,18,27,1.19
File,"WeibullDistributionTest.java",1,1,0,1,,1,0,,8,,0,0,8,116,68,33,,,40,,,,2,1,,,1,1,7,6,,,0,8,8,0,8,0,,15,27,33,,29,19,21,,,2,2,,1,,10,10,8,10,0.49
File,"WeightedEvaluation.java",0,0,0,0,,1,0,,2,,2,0,0,49,5,0,,,4,,,,0,0,,,0,0,0,0,,,0,0,2,0,2,0,,4,4,40,,3,4,0,,,0,0,,0,,0,0,0,0,8.00
File,"WeightedObservedPoint.java",1,1,0,3,,1,1,,4,,0,0,4,75,22,7,,,17,,,,1,1,,,1,1,7,3,,,0,4,4,3,4,0,,13,11,40,,12,11,6,,,1,1,,0,,4,4,4,4,1.82
File,"Well1024a.java",1,1,1,3,,1,5,,5,,0,0,4,106,37,23,,,30,,,,1,1,,,1,1,9,5,,,0,5,5,0,5,1,,21,23,48,,24,22,8,,,1,1,,0,,5,5,5,5,1.30
File,"Well1024aTest.java",1,1,1,0,,1,0,,2,,0,0,1,79,55,41,,,13,,,,2,1,,,1,1,25,24,,,0,2,2,0,2,1,,8,44,16,,9,9,4,,,2,2,,1,,3,3,2,3,0.29
File,"Well19937a.java",1,1,1,3,,1,5,,5,,0,0,4,108,39,25,,,32,,,,1,1,,,1,1,10,6,,,0,5,5,0,5,1,,21,24,48,,26,23,9,,,1,1,,0,,5,5,5,5,1.23
File,"Well19937aTest.java",2,1,1,0,,1,0,,2,,0,0,2,115,92,75,,,19,,,,3,1,,,2,2,43,42,,,0,2,2,0,2,0,,7,82,16,,14,12,7,,,3,3,,1,,4,4,2,4,0.17
File,"Well19937c.java",1,1,1,3,,1,5,,5,,0,0,4,115,41,27,,,34,,,,1,1,,,1,1,11,6,,,0,5,5,0,5,1,,24,24,50,,28,23,11,,,1,1,,0,,5,5,5,5,1.22
File,"Well19937cTest.java",2,1,1,0,,1,0,,2,,0,0,2,115,92,75,,,19,,,,3,1,,,2,2,43,42,,,0,2,2,0,2,0,,7,82,16,,14,12,7,,,3,3,,1,,4,4,2,4,0.17
File,"Well44497a.java",1,1,1,3,,1,5,,5,,0,0,4,111,41,27,,,34,,,,2,1,,,1,1,10,6,,,0,5,5,0,5,1,,21,26,49,,28,25,9,,,2,2,,0,,6,6,5,6,1.20
File,"Well44497aTest.java",2,1,1,0,,1,0,,2,,0,0,2,115,92,75,,,19,,,,3,1,,,2,2,43,42,,,0,2,2,0,2,0,,7,82,16,,14,12,7,,,3,3,,1,,4,4,2,4,0.17
File,"Well44497b.java",1,1,1,4,,1,5,,5,,0,0,4,119,43,29,,,36,,,,2,1,,,1,1,12,6,,,0,5,5,0,5,1,,23,26,53,,30,25,11,,,2,2,,0,,6,6,5,6,1.23
File,"Well44497bTest.java",2,1,1,0,,1,0,,2,,0,0,2,115,92,75,,,19,,,,3,1,,,2,2,43,42,,,0,2,2,0,2,0,,7,82,16,,14,12,7,,,3,3,,1,,4,4,2,4,0.17
File,"Well512a.java",1,1,1,3,,1,5,,5,,0,0,4,107,36,22,,,29,,,,1,1,,,1,1,9,5,,,0,5,5,0,5,1,,22,22,49,,23,21,8,,,1,1,,0,,5,5,5,5,1.36
File,"Well512aTest.java",1,1,1,0,,1,0,,2,,0,0,2,75,53,39,,,13,,,,2,1,,,1,1,24,23,,,0,2,2,0,2,0,,6,44,16,,9,9,4,,,2,2,,1,,3,3,2,3,0.30
File,"WilcoxonSignedRankTest.java",2,1,3,16,,1,0,,9,,0,5,4,324,114,59,,,88,,,,5,1,,,2,3,30,11,,,0,9,9,1,9,0,,44,48,166,,63,46,42,,,5,6,,3,,24,27,9,24,1.46
File,"WilcoxonSignedRankTestTest.java",8,1,8,23,,1,0,,2,,0,0,2,184,94,65,,,64,,,,15,1,,,8,8,72,41,,,0,2,2,1,2,0,,23,19,67,,47,18,46,,,15,15,,1,,16,16,2,16,0.71
File,"XMinus5Function.java",1,1,0,0,,2,0,,3,,0,0,3,42,13,5,,,8,,,,1,1,,,1,1,4,4,,,0,3,3,0,3,0,,3,4,26,,4,5,3,,,1,1,,0,,3,3,3,3,2.00
File,"ZeroException.java",1,1,0,4,,1,1,,2,,0,0,2,49,12,3,,,9,,,,1,1,,,1,1,7,3,,,0,2,2,0,2,0,,5,7,32,,6,7,2,,,1,1,,0,,2,2,2,2,2.67
File,"ZipfDistribution.java",1,1,0,6,,1,1,,13,,0,1,10,232,91,49,,,69,,,,3,3,,,1,1,12,6,,,0,13,13,6,13,2,,30,36,111,,47,36,33,,,3,3,,1,,21,22,15,21,1.22
File,"ZipfDistributionTest.java",1,1,0,0,,1,0,,10,,0,0,10,101,54,16,,,30,,,,1,1,,,1,1,4,3,,,0,10,10,0,10,0,,16,28,31,,19,18,12,,,1,1,,0,,10,10,10,10,0.57
Public Implicit Method,"clone",,,,,,,,,,,,,,,,,,,,,,,,,,,,,,,,,,,,,,,,,,,,,,,,,,,,,,0,0,0,0,0.00
Package,"org",0,0,0,0,,0,0,0,0,,0,0,0,0,0,0,,,0,,,,0,0,,,0,0,0,0,,,0,,,0,0,0,,0,0,0,,0,0,0,,,0,0,,0,,0,0,0,0,0.00
Package,"org.apache",0,0,0,0,,0,0,0,0,,0,0,0,0,0,0,,,0,,,,0,0,,,0,0,0,0,,,0,,,0,0,0,,0,0,0,,0,0,0,,,0,0,,0,,0,0,0,0,0.00
Package,"org.apache.commons",0,0,0,0,,0,0,0,0,,0,0,0,0,0,0,,,0,,,,0,0,,,0,0,0,0,,,0,,,0,0,0,,0,0,0,,0,0,0,,,0,0,,0,,0,0,0,0,0.00
Package,"org.apache.commons.math3",2,1,0,7,,9,4,8,21,,12,1,38,1077,495,279,,,375,,,,8,4,,,2,2,19,11,,,30,,,2,51,0,,94,183,488,,275,177,198,,,8,8,,4,,90,94,45,90,0.99
Public Generic Interface,"org.apache.commons.math3.Field",0,0,0,0,0,,0,,3,3,3,0,0,31,5,0,,,4,,,,0,0,0,,0,0,0,0,0,6,0,,,0,3,0,,4,4,22,,3,4,0,,,0,0,,0,0,0,0,0,0,4.40
TypeVariable,"org.apache.commons.math3.Field.T",0,0,0,0,0,,0,,0,0,0,0,0,0,0,0,,,0,,,,0,0,1,,0,0,0,0,1,0,0,,,0,0,0,,0,0,0,,0,0,0,,,0,0,,0,0,0,0,0,0,0.00
Abstract Method,"org.apache.commons.math3.Field.getOne",,,,,,,,,,,,,,9,1,0,1,0,1,0,0,0,,,,0,,,,,,,,,,,,,8,0,1,8,0,1,1,0,0,0,,,0,0,,0,0,0,0,8.00
Abstract Method,"org.apache.commons.math3.Field.getRuntimeClass",,,,,,,,,,,,,,7,1,0,1,0,1,0,0,0,,,,0,,,,,,,,,,,,,10,0,1,6,0,1,1,0,0,0,,,0,0,,0,0,0,0,6.00
Abstract Method,"org.apache.commons.math3.Field.getZero",,,,,,,,,,,,,,9,1,0,1,0,1,0,0,0,,,,0,,,,,,,,,,,,,35,0,1,8,0,1,1,0,0,0,,,0,0,,0,0,0,0,8.00
Public Generic Interface,"org.apache.commons.math3.FieldElement",0,0,0,0,1,,0,,8,8,8,0,0,53,10,0,,,9,,,,0,0,0,,0,0,0,0,0,37,0,,,0,8,0,,8,9,35,,8,9,0,,,0,0,,0,0,0,0,0,0,3.50
TypeVariable,"org.apache.commons.math3.FieldElement.T",0,0,0,0,0,,0,,0,0,0,0,0,0,0,0,,,0,,,,0,0,1,,0,0,0,0,1,0,0,,,0,0,0,,0,0,0,,0,0,0,,,0,0,,0,0,0,0,0,0,0.00
Abstract Method,"org.apache.commons.math3.FieldElement.add",,,,,,,,,,,,,,5,1,0,1,0,1,0,0,0,,,,0,,,,,,,,,,,,,34,0,1,4,0,1,1,0,0,0,,,0,0,,0,0,0,0,4.00
Abstract Method,"org.apache.commons.math3.FieldElement.divide",,,,,,,,,,,,,,5,1,0,1,0,1,0,0,0,,,,0,,,,,,,,,,,,,16,0,1,4,0,1,1,0,0,0,,,0,0,,0,0,0,0,4.00
Abstract Method,"org.apache.commons.math3.FieldElement.getField",,,,,,,,,,,,,,4,1,0,1,0,1,0,0,0,,,,0,,,,,,,,,,,,,12,0,1,3,0,1,1,0,0,0,,,0,0,,0,0,0,0,3.00
Abstract Method,"org.apache.commons.math3.FieldElement.multiply",,,,,,,,,,,,,,9,1,0,1,0,1,0,0,0,,,,0,,,,,,,,,,,,,0,0,1,8,0,1,1,0,0,0,,,0,0,,0,0,0,0,8.00
Abstract Method,"org.apache.commons.math3.FieldElement.multiply",,,,,,,,,,,,,,5,1,0,1,0,1,0,0,0,,,,0,,,,,,,,,,,,,38,0,1,4,0,1,1,0,0,0,,,0,0,,0,0,0,0,4.00
Abstract Method,"org.apache.commons.math3.FieldElement.negate",,,,,,,,,,,,,,5,1,0,1,0,1,0,0,0,,,,0,,,,,,,,,,,,,0,0,1,4,0,1,1,0,0,0,,,0,0,,0,0,0,0,4.00
Abstract Method,"org.apache.commons.math3.FieldElement.reciprocal",,,,,,,,,,,,,,5,1,0,1,0,1,0,0,0,,,,0,,,,,,,,,,,,,0,0,1,4,0,1,1,0,0,0,,,0,0,,0,0,0,0,4.00
Abstract Method,"org.apache.commons.math3.FieldElement.subtract",,,,,,,,,,,,,,5,1,0,1,0,1,0,0,0,,,,0,,,,,,,,,,,,,16,0,1,4,0,1,1,0,0,0,,,0,0,,0,0,0,0,4.00
Public Class,"org.apache.commons.math3.PerfTestUtils",4,1,3,18,4,,4,,0,4,0,0,4,234,122,81,,,82,,,,8,1,1,,4,4,48,26,1,0,4,,,0,4,0,,20,48,92,,61,44,38,,,8,8,,4,75,16,16,4,16,0.75
Public Static Abstract Class,"org.apache.commons.math3.PerfTestUtils.RunTest",1,1,0,3,0,,0,,3,3,0,0,3,23,10,2,,,7,,,,1,1,1,,1,1,6,3,2,60,0,,,1,3,0,,3,5,10,,4,5,2,,,1,1,,0,0,2,2,2,2,1.00
Public Constructor,"org.apache.commons.math3.PerfTestUtils.RunTest.RunTest",,,,,,,,,,,,,,6,3,1,2,0,2,1,1,0,,,,0,,,,,,,,,,,,,1,0,1,3,1,1,1,1,1,1,,,0,0,,1,1,1,1,1.00
Public Abstract Method,"org.apache.commons.math3.PerfTestUtils.RunTest.call",,,,,,,,,,,,,,2,1,0,1,0,1,0,0,0,,,,0,,,,,,,,,,,,,0,0,1,1,0,1,1,0,0,0,,,0,0,,0,0,0,0,1.00
Public Method,"org.apache.commons.math3.PerfTestUtils.RunTest.getName",,,,,,,,,,,,,,6,3,1,1,0,2,1,1,0,,,,0,,,,,,,,,,,,,2,0,1,3,1,1,1,1,1,1,,,0,0,,1,1,1,1,1.00
Public Static Method,"org.apache.commons.math3.PerfTestUtils.time",,,,,,,,,,,,,,35,19,12,5,0,14,3,3,0,,,,0,,,,,,,,,,,,,6,2,9,14,3,11,7,7,3,1,,,0,2,,3,3,1,3,0.74
Public Static Method,"org.apache.commons.math3.PerfTestUtils.timeAndReport",,,,,,,,,,,,,,71,45,36,9,1,22,4,4,0,,,,0,,,,,,,,,,,,,7,4,16,22,6,17,13,9,4,1,,,0,2,,4,4,1,4,0.49
Public Static Method,"org.apache.commons.math3.PerfTestUtils.timeAndReport",,,,,,,,,,,,,,20,8,5,2,0,2,1,1,0,,,,0,,,,,,,,,,,,,4,0,2,12,1,1,1,1,1,1,,,0,0,,1,1,1,1,1.50
Public Static Method,"org.apache.commons.math3.PerfTestUtils.timesAndResults",,,,,,,,,,,,,,67,34,22,6,1,32,8,8,1,,,,0,,,,,,,,,,,,,8,6,11,27,21,24,13,19,8,1,,,0,4,,8,8,1,8,0.79
Public Annotation,"org.apache.commons.math3.Retry",0,0,0,0,0,,0,,1,1,1,0,0,3,3,0,,,2,,,,0,0,0,,0,0,0,0,0,0,0,,,0,1,0,,0,2,0,,1,2,0,,,0,0,,0,0,0,0,0,0,0.00
Abstract Method,"org.apache.commons.math3.Retry.value",,,,,,,,,,,,,,1,1,0,1,0,1,0,0,0,,,,0,,,,,,,,,,,,,1,0,1,0,0,1,1,0,0,0,,,0,0,,0,0,0,0,0.00
Public Class,"org.apache.commons.math3.RetryRunner",1,1,1,8,0,,0,,2,2,0,0,2,57,32,19,,,20,,,,1,1,2,,1,1,24,14,1,0,0,,,0,2,0,,4,10,21,,13,9,11,,,1,1,,0,0,2,2,2,2,0.66
Public Constructor,"org.apache.commons.math3.RetryRunner.RetryRunner",,,,,,,,,,,,,,10,4,1,1,0,2,1,1,0,,,,0,,,,,,,,,,,,,1,0,2,6,1,1,1,1,1,1,,,0,0,,1,1,1,1,1.50
Public Method,"org.apache.commons.math3.RetryRunner.methodInvoker",,,,,,,,,,,,,,39,25,18,2,0,17,1,1,0,,,,0,,,,,,,,,,,,,2,3,6,11,1,12,7,10,1,1,,,0,0,,1,1,1,1,0.44
Anonymous Class,"org.apache.commons.math3.RetryRunner.methodInvoker.(Anon_1)",4,4,3,11,2,,0,,1,1,0,0,1,34,20,16,,,14,,,,4,4,2,,4,4,32,18,1,0,0,,,0,1,0,,3,3,11,,10,5,9,,,4,4,,3,0,4,4,4,4,0.55
Public Method,"org.apache.commons.math3.RetryRunner.methodInvoker.(Anon_1).evaluate",,,,,,,,,,,,,,32,18,14,3,1,14,4,4,5,,,,5,,,,,,,,,,,,,3,3,3,11,4,10,5,9,4,4,,,5,3,,4,4,4,4,0.61
Public Class,"org.apache.commons.math3.RetryRunnerTest",1,1,0,4,2,,0,,2,2,0,0,2,28,15,4,,,7,,,,2,1,1,,1,1,8,4,1,0,0,,,1,2,0,,2,8,11,,3,4,3,,,2,2,,1,50,3,3,2,3,0.73
Public Method,"org.apache.commons.math3.RetryRunnerTest.testRetryFailAlways",,,,,,,,,,,,,,6,3,1,1,0,2,1,1,0,,,,0,,,,,,,,,,,,,0,0,1,3,1,1,1,1,1,1,,,0,0,,1,1,1,1,1.00
Public Method,"org.apache.commons.math3.RetryRunnerTest.testRetryFailSometimes",,,,,,,,,,,,,,10,5,2,2,0,3,2,2,0,,,,0,,,,,,,,,,,,,1,0,1,5,2,1,1,2,2,1,,,0,1,,2,2,1,2,1.00
Public Class,"org.apache.commons.math3.TestUtils",2,1,0,5,10,,0,,1,27,0,1,26,457,268,175,,,214,,,,6,3,1,,2,2,15,9,1,0,26,,,0,27,0,,34,62,155,,149,68,146,,,6,6,,3,0,63,67,31,63,0.58
Private Constructor,"org.apache.commons.math3.TestUtils.TestUtils",,,,,,,,,,,,,,6,3,1,1,0,2,1,1,0,,,,0,,,,,,,,,,,,,0,0,1,3,1,1,1,1,1,1,,,0,0,,1,1,1,1,1.00
Public Static Method,"org.apache.commons.math3.TestUtils.assertChiSquareAccept",,,,,,,,,,,,,,16,7,4,2,0,7,2,2,0,,,,0,,,,,,,,,,,,,10,0,2,9,2,5,3,4,2,1,,,0,1,,2,2,1,2,1.29
Public Static Method,"org.apache.commons.math3.TestUtils.assertChiSquareAccept",,,,,,,,,,,,,,37,26,22,8,0,25,3,3,0,,,,0,,,,,,,,,,,,,8,1,4,10,3,22,5,20,3,1,,,0,2,,3,3,1,3,0.38
Public Static Method,"org.apache.commons.math3.TestUtils.assertChiSquareAccept",,,,,,,,,,,,,,16,7,4,2,0,7,2,2,0,,,,0,,,,,,,,,,,,,5,0,2,9,2,5,3,4,2,1,,,0,1,,2,2,1,2,1.29
Public Static Method,"org.apache.commons.math3.TestUtils.assertChiSquareAccept",,,,,,,,,,,,,,15,7,4,2,0,7,2,2,0,,,,0,,,,,,,,,,,,,19,0,2,8,2,5,3,4,2,1,,,0,1,,2,2,1,2,1.14
Public Static Method,"org.apache.commons.math3.TestUtils.assertContains",,,,,,,,,,,,,,18,10,5,6,0,6,3,4,3,,,,3,,,,,,,,,,,,,5,0,2,8,3,2,2,4,3,3,,,3,2,,3,4,3,3,0.80
Public Static Method,"org.apache.commons.math3.TestUtils.assertContains",,,,,,,,,,,,,,11,4,1,1,0,2,1,1,0,,,,0,,,,,,,,,,,,,3,0,2,7,1,1,1,1,1,1,,,0,0,,1,1,1,1,1.75
Public Static Method,"org.apache.commons.math3.TestUtils.assertContains",,,,,,,,,,,,,,17,9,4,2,0,6,3,3,3,,,,3,,,,,,,,,,,,,5,0,2,8,3,2,2,4,3,3,,,3,2,,3,3,3,3,0.89
Public Static Method,"org.apache.commons.math3.TestUtils.assertContains",,,,,,,,,,,,,,11,4,1,1,0,2,1,1,0,,,,0,,,,,,,,,,,,,3,0,2,7,1,1,1,1,1,1,,,0,0,,1,1,1,1,1.75
Public Static Method,"org.apache.commons.math3.TestUtils.assertEquals",,,,,,,,,,,,,,6,3,1,1,0,2,1,1,0,,,,0,,,,,,,,,,,,,39,0,1,3,1,1,1,1,1,1,,,0,0,,1,1,1,1,1.00
Public Static Method,"org.apache.commons.math3.TestUtils.assertEquals",,,,,,,,,,,,,,8,4,2,3,0,3,1,1,0,,,,0,,,,,,,,,,,,,28,0,1,4,1,2,1,2,1,1,,,0,0,,1,1,1,1,1.00
Public Static Method,"org.apache.commons.math3.TestUtils.assertEquals",,,,,,,,,,,,,,7,3,1,1,0,2,1,1,0,,,,0,,,,,,,,,,,,,40,0,1,4,1,1,1,1,1,1,,,0,0,,1,1,1,1,1.33
Public Static Method,"org.apache.commons.math3.TestUtils.assertEquals",,,,,,,,,,,,,,13,8,5,3,0,4,2,2,1,,,,0,,,,,,,,,,,,,4,0,1,5,2,2,1,3,2,1,,,0,1,,2,2,1,2,0.62
Public Static Method,"org.apache.commons.math3.TestUtils.assertEquals",,,,,,,,,,,,,,25,21,17,8,1,15,3,4,0,,,,0,,,,,,,,,,,,,4,3,4,1,4,12,4,11,3,1,,,0,1,,3,4,1,3,0.05
Public Static Method,"org.apache.commons.math3.TestUtils.assertEquals",,,,,,,,,,,,,,25,21,15,8,1,17,4,5,0,,,,0,,,,,,,,,,,,,19,3,5,1,6,13,6,11,4,1,,,0,2,,4,5,1,4,0.05
Public Static Method,"org.apache.commons.math3.TestUtils.assertEquals",,,,,,,,,,,,,,28,27,21,4,1,24,5,5,0,,,,0,,,,,,,,,,,,,5,0,3,1,12,19,4,20,5,1,,,0,2,,5,5,1,5,0.04
Public Static Generic Method,"org.apache.commons.math3.TestUtils.assertEquals",,,,,,,,,,,,,,9,8,4,2,1,7,3,3,0,,,,0,,,,,,,,,,,,,11,0,1,1,4,4,2,5,3,1,,,0,1,,3,3,1,3,0.12
TypeVariable,"org.apache.commons.math3.TestUtils.assertEquals.T",0,0,0,0,0,,0,,0,0,0,0,0,0,0,0,,,0,,,,0,0,1,,0,0,0,0,2,0,0,,,0,0,0,,0,0,0,,0,0,0,,,0,0,,0,0,0,0,0,0,0.00
Public Static Method,"org.apache.commons.math3.TestUtils.assertRelativelyEquals",,,,,,,,,,,,,,13,4,1,1,0,2,1,1,0,,,,0,,,,,,,,,,,,,6,0,2,9,1,1,1,1,1,1,,,0,0,,1,1,1,1,2.25
Public Static Method,"org.apache.commons.math3.TestUtils.assertRelativelyEquals",,,,,,,,,,,,,,25,15,11,5,1,11,5,6,4,,,,0,,,,,,,,,,,,,6,0,3,10,5,6,2,9,5,1,,,0,1,,5,6,1,5,0.67
Public Static Method,"org.apache.commons.math3.TestUtils.assertSame",,,,,,,,,,,,,,8,4,2,3,0,3,1,1,0,,,,0,,,,,,,,,,,,,22,0,1,4,1,2,1,2,1,1,,,0,0,,1,1,1,1,1.00
Public Static Method,"org.apache.commons.math3.TestUtils.assertSame",,,,,,,,,,,,,,7,3,1,1,0,2,1,1,0,,,,0,,,,,,,,,,,,,3,0,1,4,1,1,1,1,1,1,,,0,0,,1,1,1,1,1.33
Public Static Method,"org.apache.commons.math3.TestUtils.checkSerializedEquality",,,,,,,,,,,,,,11,5,3,3,0,4,1,1,0,,,,0,,,,,,,,,,,,,5,0,2,6,1,3,2,2,1,1,,,0,0,,1,1,1,1,1.20
Public Static Method,"org.apache.commons.math3.TestUtils.eliminateZeroMassPoints",,,,,,,,,,,,,,29,23,16,2,1,21,6,6,0,,,,0,,,,,,,,,,,,,8,0,5,6,12,15,7,14,6,1,,,0,3,,6,6,1,6,0.26
Public Static Method,"org.apache.commons.math3.TestUtils.getDistributionQuartiles",,,,,,,,,,,,,,11,7,5,2,0,6,1,1,0,,,,0,,,,,,,,,,,,,10,0,2,4,1,5,2,4,1,1,,,0,0,,1,1,1,1,0.57
Public Static Method,"org.apache.commons.math3.TestUtils.serializeAndRecover",,,,,,,,,,,,,,24,14,11,4,0,10,3,3,3,,,,0,,,,,,,,,,,,,35,1,5,9,3,8,5,5,3,1,,,0,1,,3,3,1,3,0.64
Public Static Method,"org.apache.commons.math3.TestUtils.sumSquareDev",,,,,,,,,,,,,,15,8,5,1,0,8,2,2,0,,,,0,,,,,,,,,,,,,6,0,3,7,2,6,4,4,2,1,,,0,1,,2,2,1,2,0.88
Public Static Method,"org.apache.commons.math3.TestUtils.updateCounts",,,,,,,,,,,,,,15,11,8,1,1,8,4,4,3,,,,0,,,,,,,,,,,,,11,0,1,4,4,4,1,7,4,1,,,0,1,,4,4,1,4,0.36
Package,"org.apache.commons.math3.analysis",1,1,0,2,,43,3,24,72,,16,1,67,1524,544,268,,,409,,,,4,1,,,1,1,10,8,,,12,,,4,84,0,,134,243,846,,298,255,154,,,4,4,,3,,90,90,68,90,1.56
Public Interface,"org.apache.commons.math3.analysis.BivariateFunction",0,0,0,0,0,,0,,1,1,1,0,0,11,3,0,,,2,,,,0,0,0,,0,0,0,0,0,32,0,,,0,1,0,,1,2,7,,1,2,0,,,0,0,,0,0,0,0,0,0,2.33
Abstract Method,"org.apache.commons.math3.analysis.BivariateFunction.value",,,,,,,,,,,,,,8,1,0,1,0,1,0,0,0,,,,0,,,,,,,,,,,,,13,0,1,7,0,1,1,0,0,0,,,0,0,,0,0,0,0,7.00
Public Interface,"org.apache.commons.math3.analysis.DifferentiableMultivariateFunction",0,0,0,0,1,,0,,2,3,2,0,0,26,4,0,,,3,,,,0,0,1,,0,0,0,0,1,4,0,,,0,2,0,,3,3,19,,2,3,0,,,0,0,,0,0,0,0,0,0,4.75
Abstract Method,"org.apache.commons.math3.analysis.DifferentiableMultivariateFunction.gradient",,,,,,,,,,,,,,8,1,0,1,0,1,0,0,0,,,,0,,,,,,,,,,,,,1,0,1,7,0,1,1,0,0,0,,,0,0,,0,0,0,0,7.00
Abstract Method,"org.apache.commons.math3.analysis.DifferentiableMultivariateFunction.partialDerivative",,,,,,,,,,,,,,13,1,0,1,0,1,0,0,0,,,,0,,,,,,,,,,,,,0,0,1,12,0,1,1,0,0,0,,,0,0,,0,0,0,0,12.00
Public Interface,"org.apache.commons.math3.analysis.DifferentiableMultivariateVectorFunction",0,0,0,0,1,,0,,1,2,1,0,0,10,4,0,,,2,,,,0,0,1,,0,0,0,0,1,11,0,,,0,1,0,,2,3,4,,1,2,0,,,0,0,,0,0,0,0,0,0,1.00
Abstract Method,"org.apache.commons.math3.analysis.DifferentiableMultivariateVectorFunction.jacobian",,,,,,,,,,,,,,5,1,0,1,0,1,0,0,0,,,,0,,,,,,,,,,,,,1,0,1,4,0,1,1,0,0,0,,,0,0,,0,0,0,0,4.00
Public Interface,"org.apache.commons.math3.analysis.DifferentiableUnivariateFunction",0,0,0,0,0,,0,,1,2,1,0,0,11,4,0,,,2,,,,0,0,1,,0,0,0,0,1,41,0,,,0,1,0,,2,3,5,,1,2,0,,,0,0,,0,0,0,0,0,0,1.25
Abstract Method,"org.apache.commons.math3.analysis.DifferentiableUnivariateFunction.derivative",,,,,,,,,,,,,,6,1,0,1,0,1,0,0,0,,,,0,,,,,,,,,,,,,7,0,1,5,0,1,1,0,0,0,,,0,0,,0,0,0,0,5.00
Public Interface,"org.apache.commons.math3.analysis.DifferentiableUnivariateMatrixFunction",0,0,0,0,0,,0,,1,2,1,0,0,11,4,0,,,2,,,,0,0,1,,0,0,0,0,1,0,0,,,0,1,0,,2,3,5,,1,2,0,,,0,0,,0,0,0,0,0,0,1.25
Abstract Method,"org.apache.commons.math3.analysis.DifferentiableUnivariateMatrixFunction.derivative",,,,,,,,,,,,,,6,1,0,1,0,1,0,0,0,,,,0,,,,,,,,,,,,,0,0,1,5,0,1,1,0,0,0,,,0,0,,0,0,0,0,5.00
Public Interface,"org.apache.commons.math3.analysis.DifferentiableUnivariateVectorFunction",0,0,0,0,0,,0,,1,2,1,0,0,11,4,0,,,2,,,,0,0,1,,0,0,0,0,1,0,0,,,0,1,0,,2,3,5,,1,2,0,,,0,0,,0,0,0,0,0,0,1.25
Abstract Method,"org.apache.commons.math3.analysis.DifferentiableUnivariateVectorFunction.derivative",,,,,,,,,,,,,,6,1,0,1,0,1,0,0,0,,,,0,,,,,,,,,,,,,0,0,1,5,0,1,1,0,0,0,,,0,0,,0,0,0,0,5.00
Public Class,"org.apache.commons.math3.analysis.Expm1Function",1,1,0,0,1,,0,,2,2,0,0,2,19,12,5,,,7,,,,1,1,1,,1,1,5,5,2,0,0,,,0,2,0,,2,3,5,,3,4,3,,,1,1,,0,0,2,2,2,2,0.42
Public Method,"org.apache.commons.math3.analysis.Expm1Function.derivative",,,,,,,,,,,,,,7,7,4,1,0,4,1,1,0,,,,0,,,,,,,,,,,,,0,0,1,0,1,2,2,2,1,1,,,0,0,,1,1,1,1,0.00
Anonymous Class,"org.apache.commons.math3.analysis.Expm1Function.derivative.(Anon_1)",1,1,0,0,1,,0,,1,1,0,0,1,4,4,3,,,2,,,,1,1,1,,1,1,3,3,2,0,0,,,0,1,0,,0,0,0,,1,1,1,,,1,1,,0,0,1,1,1,1,0.00
Public Method,"org.apache.commons.math3.analysis.Expm1Function.derivative.(Anon_1).value",,,,,,,,,,,,,,3,3,2,2,0,2,1,1,0,,,,0,,,,,,,,,,,,,1,0,0,0,1,1,1,1,1,1,,,0,0,,1,1,1,1,0.00
Public Method,"org.apache.commons.math3.analysis.Expm1Function.value",,,,,,,,,,,,,,3,3,1,2,0,2,1,1,0,,,,0,,,,,,,,,,,,,1,0,1,0,1,1,1,1,1,1,,,0,0,,1,1,1,1,0.00
Public Class,"org.apache.commons.math3.analysis.FunctionUtils",1,1,0,9,8,,0,,1,13,0,1,12,312,169,103,,,126,,,,4,1,1,,1,1,22,12,1,0,12,,,0,13,0,,16,36,127,,81,56,70,,,4,4,,1,0,16,16,13,16,0.75
Private Constructor,"org.apache.commons.math3.analysis.FunctionUtils.FunctionUtils",,,,,,,,,,,,,,4,1,0,1,0,1,1,1,0,,,,0,,,,,,,,,,,,,0,0,1,3,1,0,1,0,1,1,,,0,0,,1,1,1,1,3.00
Public Static Method,"org.apache.commons.math3.analysis.FunctionUtils.add",,,,,,,,,,,,,,18,11,7,1,0,9,1,1,0,,,,0,,,,,,,,,,,,,1,0,2,7,1,6,4,5,1,1,,,0,0,,1,1,1,1,0.64
Public Static Method,"org.apache.commons.math3.analysis.FunctionUtils.add",,,,,,,,,,,,,,32,22,15,1,0,18,1,1,0,,,,0,,,,,,,,,,,,,1,1,3,9,1,12,8,10,1,1,,,0,0,,1,1,1,1,0.41
Anonymous Class,"org.apache.commons.math3.analysis.FunctionUtils.add.(Anon_4)",2,1,0,1,1,,0,,1,1,0,0,1,9,8,6,,,7,,,,2,1,1,,2,2,8,7,2,0,0,,,0,1,0,,0,1,1,,5,3,4,,,2,2,,1,0,2,2,1,2,0.12
Public Method,"org.apache.commons.math3.analysis.FunctionUtils.add.(Anon_4).value",,,,,,,,,,,,,,8,7,5,2,0,7,2,2,0,,,,0,,,,,,,,,,,,,3,0,1,1,2,5,3,4,2,1,,,0,1,,2,2,1,2,0.14
Anonymous Class,"org.apache.commons.math3.analysis.FunctionUtils.add.(Anon_5)",1,1,0,1,1,,0,,2,2,0,0,2,23,19,14,,,16,,,,2,1,1,,1,1,10,9,2,0,0,,,0,2,0,,1,2,3,,11,7,9,,,2,2,,1,0,3,3,2,3,0.16
Public Method,"org.apache.commons.math3.analysis.FunctionUtils.add.(Anon_5).derivative",,,,,,,,,,,,,,13,11,8,1,0,9,1,1,0,,,,0,,,,,,,,,,,,,0,0,1,2,1,6,4,5,1,1,,,0,0,,1,1,1,1,0.18
Anonymous Class,"org.apache.commons.math3.analysis.FunctionUtils.add.(Anon_5).derivative.(Anon_6)",2,1,0,1,2,,0,,1,1,0,0,1,9,8,6,,,7,,,,2,1,1,,2,2,8,7,2,0,0,,,0,1,0,,0,1,1,,5,3,4,,,2,2,,1,0,2,2,1,2,0.12
Public Method,"org.apache.commons.math3.analysis.FunctionUtils.add.(Anon_5).derivative.(Anon_6).value",,,,,,,,,,,,,,8,7,5,3,0,7,2,2,0,,,,0,,,,,,,,,,,,,3,0,1,1,2,5,3,4,2,1,,,0,1,,2,2,1,2,0.14
Public Method,"org.apache.commons.math3.analysis.FunctionUtils.add.(Anon_5).value",,,,,,,,,,,,,,8,7,5,2,0,7,2,2,0,,,,0,,,,,,,,,,,,,3,0,1,1,2,5,3,4,2,1,,,0,1,,2,2,1,2,0.14
Public Static Method,"org.apache.commons.math3.analysis.FunctionUtils.collector",,,,,,,,,,,,,,24,13,7,1,0,9,1,1,0,,,,0,,,,,,,,,,,,,1,0,4,11,1,6,4,5,1,1,,,0,0,,1,1,1,1,0.85
Public Static Method,"org.apache.commons.math3.analysis.FunctionUtils.collector",,,,,,,,,,,,,,13,4,1,2,0,2,1,1,0,,,,0,,,,,,,,,,,,,3,0,2,9,1,1,1,1,1,1,,,0,0,,1,1,1,1,2.25
Anonymous Class,"org.apache.commons.math3.analysis.FunctionUtils.collector.(Anon_11)",2,1,0,1,3,,0,,1,1,0,0,1,9,8,6,,,7,,,,2,1,1,,2,2,8,7,2,0,0,,,0,1,0,,0,1,1,,5,3,4,,,2,2,,1,0,2,2,1,2,0.12
Public Method,"org.apache.commons.math3.analysis.FunctionUtils.collector.(Anon_11).value",,,,,,,,,,,,,,8,7,5,3,0,7,2,2,0,,,,0,,,,,,,,,,,,,5,0,1,1,2,5,3,4,2,1,,,0,1,,2,2,1,2,0.14
Public Static Method,"org.apache.commons.math3.analysis.FunctionUtils.combine",,,,,,,,,,,,,,19,9,4,1,0,4,1,1,0,,,,0,,,,,,,,,,,,,2,0,3,10,1,2,2,2,1,1,,,0,0,,1,1,1,1,1.11
Anonymous Class,"org.apache.commons.math3.analysis.FunctionUtils.combine.(Anon_10)",1,1,0,1,2,,0,,1,1,0,0,1,5,4,3,,,2,,,,1,1,1,,1,1,4,3,2,0,0,,,0,1,0,,0,0,1,,1,1,1,,,1,1,,0,0,1,1,1,1,0.25
Public Method,"org.apache.commons.math3.analysis.FunctionUtils.combine.(Anon_10).value",,,,,,,,,,,,,,4,3,2,3,0,2,1,1,0,,,,0,,,,,,,,,,,,,4,0,0,1,1,1,1,1,1,1,,,0,0,,1,1,1,1,0.33
Public Static Method,"org.apache.commons.math3.analysis.FunctionUtils.compose",,,,,,,,,,,,,,20,11,7,1,0,9,1,1,0,,,,0,,,,,,,,,,,,,4,0,2,9,1,6,4,5,1,1,,,0,0,,1,1,1,1,0.82
Public Static Method,"org.apache.commons.math3.analysis.FunctionUtils.compose",,,,,,,,,,,,,,36,24,17,1,0,20,1,1,0,,,,0,,,,,,,,,,,,,2,1,4,11,1,14,9,11,1,1,,,0,0,,1,1,1,1,0.46
Anonymous Class,"org.apache.commons.math3.analysis.FunctionUtils.compose.(Anon_1)",2,1,0,1,1,,0,,1,1,0,0,1,9,8,6,,,7,,,,2,1,1,,2,2,8,7,2,0,0,,,0,1,0,,0,1,1,,5,3,4,,,2,2,,1,0,2,2,1,2,0.12
Public Method,"org.apache.commons.math3.analysis.FunctionUtils.compose.(Anon_1).value",,,,,,,,,,,,,,8,7,5,2,0,7,2,2,0,,,,0,,,,,,,,,,,,,3,0,1,1,2,5,3,4,2,1,,,0,1,,2,2,1,2,0.14
Anonymous Class,"org.apache.commons.math3.analysis.FunctionUtils.compose.(Anon_2)",1,1,0,1,1,,0,,2,2,0,0,2,25,21,16,,,18,,,,2,1,1,,1,1,11,10,2,0,0,,,0,2,0,,1,3,3,,13,8,10,,,2,2,,1,0,3,3,2,3,0.14
Public Method,"org.apache.commons.math3.analysis.FunctionUtils.compose.(Anon_2).derivative",,,,,,,,,,,,,,15,13,10,1,0,11,1,1,0,,,,0,,,,,,,,,,,,,0,0,2,2,1,8,5,6,1,1,,,0,0,,1,1,1,1,0.15
Anonymous Class,"org.apache.commons.math3.analysis.FunctionUtils.compose.(Anon_2).derivative.(Anon_3)",2,1,0,1,2,,0,,1,1,0,0,1,11,10,8,,,9,,,,2,1,1,,2,2,10,9,2,0,0,,,0,1,0,,0,2,1,,7,4,5,,,2,2,,1,0,2,2,1,2,0.10
Public Method,"org.apache.commons.math3.analysis.FunctionUtils.compose.(Anon_2).derivative.(Anon_3).value",,,,,,,,,,,,,,10,9,7,3,0,9,2,2,0,,,,0,,,,,,,,,,,,,3,0,2,1,2,7,4,5,2,1,,,0,1,,2,2,1,2,0.11
Public Method,"org.apache.commons.math3.analysis.FunctionUtils.compose.(Anon_2).value",,,,,,,,,,,,,,8,7,5,2,0,7,2,2,0,,,,0,,,,,,,,,,,,,3,0,1,1,2,5,3,4,2,1,,,0,1,,2,2,1,2,0.14
Public Static Method,"org.apache.commons.math3.analysis.FunctionUtils.fix1stArgument",,,,,,,,,,,,,,16,8,4,1,0,4,1,1,0,,,,0,,,,,,,,,,,,,1,0,2,8,1,2,2,2,1,1,,,0,0,,1,1,1,1,1.00
Anonymous Class,"org.apache.commons.math3.analysis.FunctionUtils.fix1stArgument.(Anon_12)",1,1,0,1,2,,0,,1,1,0,0,1,5,4,3,,,2,,,,1,1,1,,1,1,4,3,2,0,0,,,0,1,0,,0,0,1,,1,1,1,,,1,1,,0,0,1,1,1,1,0.25
Public Method,"org.apache.commons.math3.analysis.FunctionUtils.fix1stArgument.(Anon_12).value",,,,,,,,,,,,,,4,3,2,2,0,2,1,1,0,,,,0,,,,,,,,,,,,,3,0,0,1,1,1,1,1,1,1,,,0,0,,1,1,1,1,0.33
Public Static Method,"org.apache.commons.math3.analysis.FunctionUtils.fix2ndArgument",,,,,,,,,,,,,,16,8,4,1,0,4,1,1,0,,,,0,,,,,,,,,,,,,4,0,2,8,1,2,2,2,1,1,,,0,0,,1,1,1,1,1.00
Anonymous Class,"org.apache.commons.math3.analysis.FunctionUtils.fix2ndArgument.(Anon_13)",1,1,0,1,2,,0,,1,1,0,0,1,5,4,3,,,2,,,,1,1,1,,1,1,4,3,2,0,0,,,0,1,0,,0,0,1,,1,1,1,,,1,1,,0,0,1,1,1,1,0.25
Public Method,"org.apache.commons.math3.analysis.FunctionUtils.fix2ndArgument.(Anon_13).value",,,,,,,,,,,,,,4,3,2,2,0,2,1,1,0,,,,0,,,,,,,,,,,,,3,0,0,1,1,1,1,1,1,1,,,0,0,,1,1,1,1,0.33
Public Static Method,"org.apache.commons.math3.analysis.FunctionUtils.multiply",,,,,,,,,,,,,,18,11,7,1,0,9,1,1,0,,,,0,,,,,,,,,,,,,1,0,2,7,1,6,4,5,1,1,,,0,0,,1,1,1,1,0.64
Public Static Method,"org.apache.commons.math3.analysis.FunctionUtils.multiply",,,,,,,,,,,,,,38,28,19,1,0,24,1,1,0,,,,0,,,,,,,,,,,,,1,1,4,9,1,16,10,14,1,1,,,0,0,,1,1,1,1,0.32
Anonymous Class,"org.apache.commons.math3.analysis.FunctionUtils.multiply.(Anon_7)",2,1,0,1,1,,0,,1,1,0,0,1,9,8,6,,,7,,,,2,1,1,,2,2,8,7,2,0,0,,,0,1,0,,0,1,1,,5,3,4,,,2,2,,1,0,2,2,1,2,0.12
Public Method,"org.apache.commons.math3.analysis.FunctionUtils.multiply.(Anon_7).value",,,,,,,,,,,,,,8,7,5,2,0,7,2,2,0,,,,0,,,,,,,,,,,,,3,0,1,1,2,5,3,4,2,1,,,0,1,,2,2,1,2,0.14
Anonymous Class,"org.apache.commons.math3.analysis.FunctionUtils.multiply.(Anon_8)",1,1,0,1,1,,0,,2,2,0,0,2,29,25,18,,,22,,,,2,1,1,,1,1,13,12,2,0,0,,,0,2,0,,1,3,3,,15,9,13,,,2,2,,1,0,3,3,2,3,0.12
Public Method,"org.apache.commons.math3.analysis.FunctionUtils.multiply.(Anon_8).derivative",,,,,,,,,,,,,,19,17,12,1,0,15,1,1,0,,,,0,,,,,,,,,,,,,0,0,2,2,1,10,6,9,1,1,,,0,0,,1,1,1,1,0.12
Anonymous Class,"org.apache.commons.math3.analysis.FunctionUtils.multiply.(Anon_8).derivative.(Anon_9)",4,1,0,1,2,,0,,1,1,0,0,1,15,14,10,,,13,,,,4,1,1,,4,4,14,13,2,0,0,,,0,1,0,,0,2,1,,9,5,8,,,4,4,,3,0,4,4,1,4,0.07
Public Method,"org.apache.commons.math3.analysis.FunctionUtils.multiply.(Anon_8).derivative.(Anon_9).value",,,,,,,,,,,,,,14,13,9,3,1,13,4,4,0,,,,0,,,,,,,,,,,,,3,0,2,1,4,9,5,8,4,1,,,0,3,,4,4,1,4,0.08
Public Method,"org.apache.commons.math3.analysis.FunctionUtils.multiply.(Anon_8).value",,,,,,,,,,,,,,8,7,5,2,0,7,2,2,0,,,,0,,,,,,,,,,,,,3,0,1,1,2,5,3,4,2,1,,,0,1,,2,2,1,2,0.14
Public Static Method,"org.apache.commons.math3.analysis.FunctionUtils.sample",,,,,,,,,,,,,,39,17,11,5,1,12,4,4,0,,,,0,,,,,,,,,,,,,13,2,4,20,8,8,4,8,4,1,,,0,1,,4,4,1,4,1.18
Public Class,"org.apache.commons.math3.analysis.FunctionUtilsTest",1,1,1,0,24,,0,,14,14,0,0,14,192,154,107,,,123,,,,2,1,1,,1,1,11,9,1,0,0,,,1,14,0,,35,83,3,,105,72,51,,,2,2,,1,28,17,17,14,17,0.02
Public Method,"org.apache.commons.math3.analysis.FunctionUtilsTest.testAdd",,,,,,,,,,,,,,10,9,7,5,0,8,1,1,0,,,,0,,,,,,,,,,,,,1,1,5,0,1,7,5,3,1,1,,,0,0,,1,1,1,1,0.00
Public Method,"org.apache.commons.math3.analysis.FunctionUtilsTest.testAddDifferentiable",,,,,,,,,,,,,,11,10,8,6,0,7,1,1,0,,,,0,,,,,,,,,,,,,1,1,6,0,1,6,6,1,1,1,,,0,0,,1,1,1,1,0.00
Public Method,"org.apache.commons.math3.analysis.FunctionUtilsTest.testCollector",,,,,,,,,,,,,,17,14,12,3,0,13,1,1,0,,,,0,,,,,,,,,,,,,1,3,3,0,1,12,3,10,1,1,,,0,0,,1,1,1,1,0.00
Public Method,"org.apache.commons.math3.analysis.FunctionUtilsTest.testCombine",,,,,,,,,,,,,,12,11,9,3,0,10,1,1,0,,,,0,,,,,,,,,,,,,1,1,6,0,1,9,6,4,1,1,,,0,0,,1,1,1,1,0.00
Public Method,"org.apache.commons.math3.analysis.FunctionUtilsTest.testCompose",,,,,,,,,,,,,,18,14,12,5,0,13,1,1,0,,,,0,,,,,,,,,,,,,1,4,6,0,1,12,6,7,1,1,,,0,0,,1,1,1,1,0.00
Public Method,"org.apache.commons.math3.analysis.FunctionUtilsTest.testComposeDifferentiable",,,,,,,,,,,,,,23,18,16,6,0,16,1,1,0,,,,0,,,,,,,,,,,,,1,5,8,0,1,15,8,8,1,1,,,0,0,,1,1,1,1,0.00
Public Method,"org.apache.commons.math3.analysis.FunctionUtilsTest.testFixingArguments",,,,,,,,,,,,,,12,10,7,6,0,10,2,2,0,,,,0,,,,,,,,,,,,,1,2,5,0,2,8,6,4,2,1,,,0,1,,2,2,1,2,0.00
Public Method,"org.apache.commons.math3.analysis.FunctionUtilsTest.testMultiply",,,,,,,,,,,,,,8,7,5,6,0,6,1,1,0,,,,0,,,,,,,,,,,,,1,1,4,0,1,5,4,2,1,1,,,0,0,,1,1,1,1,0.00
Public Method,"org.apache.commons.math3.analysis.FunctionUtilsTest.testMultiplyDifferentiable",,,,,,,,,,,,,,16,14,12,12,0,11,1,1,0,,,,0,,,,,,,,,,,,,1,2,8,0,1,10,8,3,1,1,,,0,0,,1,1,1,1,0.00
Public Method,"org.apache.commons.math3.analysis.FunctionUtilsTest.testSample",,,,,,,,,,,,,,10,10,7,3,0,10,2,2,0,,,,0,,,,,,,,,,,,,0,0,6,0,2,8,7,3,2,1,,,0,1,,2,2,1,2,0.00
Public Method,"org.apache.commons.math3.analysis.FunctionUtilsTest.testSampleNegativeNumberOfPoints",,,,,,,,,,,,,,3,3,1,1,0,2,1,1,0,,,,0,,,,,,,,,,,,,0,0,1,0,1,1,1,1,1,1,,,0,0,,1,1,1,1,0.00
Public Method,"org.apache.commons.math3.analysis.FunctionUtilsTest.testSampleNullNumberOfPoints",,,,,,,,,,,,,,3,3,1,1,0,2,1,1,0,,,,0,,,,,,,,,,,,,0,0,1,0,1,1,1,1,1,1,,,0,0,,1,1,1,1,0.00
Public Method,"org.apache.commons.math3.analysis.FunctionUtilsTest.testSampleWrongBounds",,,,,,,,,,,,,,3,3,1,1,0,2,1,1,0,,,,0,,,,,,,,,,,,,0,0,1,0,1,1,1,1,1,1,,,0,0,,1,1,1,1,0.00
Public Method,"org.apache.commons.math3.analysis.FunctionUtilsTest.testSinc",,,,,,,,,,,,,,12,11,8,5,0,11,2,2,0,,,,0,,,,,,,,,,,,,1,1,7,0,2,9,8,3,2,1,,,0,1,,2,2,1,2,0.00
Public Class,"org.apache.commons.math3.analysis.MonitoredFunction",1,1,0,0,0,,0,,4,4,0,0,4,29,18,6,,,13,,,,1,1,1,,1,1,3,3,2,0,0,,,2,4,0,,6,7,5,,8,7,6,,,1,1,,0,25,4,4,4,4,0.28
Public Constructor,"org.apache.commons.math3.analysis.MonitoredFunction.MonitoredFunction",,,,,,,,,,,,,,4,4,2,3,0,3,1,1,0,,,,0,,,,,,,,,,,,,2,0,1,0,1,2,1,2,1,1,,,0,0,,1,1,1,1,0.00
Public Method,"org.apache.commons.math3.analysis.MonitoredFunction.getCallsCount",,,,,,,,,,,,,,3,3,1,1,0,2,1,1,0,,,,0,,,,,,,,,,,,,2,0,1,0,1,1,1,1,1,1,,,0,0,,1,1,1,1,0.00
Public Method,"org.apache.commons.math3.analysis.MonitoredFunction.setCallsCount",,,,,,,,,,,,,,3,3,1,1,0,2,1,1,0,,,,0,,,,,,,,,,,,,2,0,1,0,1,1,1,1,1,1,,,0,0,,1,1,1,1,0.00
Public Method,"org.apache.commons.math3.analysis.MonitoredFunction.value",,,,,,,,,,,,,,4,4,2,3,0,3,1,1,0,,,,0,,,,,,,,,,,,,2,0,1,0,1,2,1,2,1,1,,,0,0,,1,1,1,1,0.00
Public Interface,"org.apache.commons.math3.analysis.MultivariateFunction",0,0,0,0,0,,0,,1,1,1,0,0,18,3,0,,,2,,,,0,0,0,,0,0,0,0,0,58,0,,,0,1,0,,1,2,14,,1,2,0,,,0,0,,0,0,0,0,0,0,4.67
Abstract Method,"org.apache.commons.math3.analysis.MultivariateFunction.value",,,,,,,,,,,,,,15,1,0,1,0,1,0,0,0,,,,0,,,,,,,,,,,,,10,0,1,14,0,1,1,0,0,0,,,0,0,,0,0,0,0,14.00
Public Interface,"org.apache.commons.math3.analysis.MultivariateMatrixFunction",0,0,0,0,0,,0,,1,1,1,0,0,12,4,0,,,2,,,,0,0,0,,0,0,0,0,0,10,0,,,0,1,0,,2,3,6,,1,2,0,,,0,0,,0,0,0,0,0,0,1.50
Abstract Method,"org.apache.commons.math3.analysis.MultivariateMatrixFunction.value",,,,,,,,,,,,,,8,2,0,1,0,1,0,0,0,,,,0,,,,,,,,,,,,,1,0,2,6,0,1,1,0,0,0,,,0,0,,0,0,0,0,3.00
Public Interface,"org.apache.commons.math3.analysis.MultivariateVectorFunction",0,0,0,0,0,,0,,1,1,1,0,0,12,4,0,,,2,,,,0,0,0,,0,0,0,0,0,11,0,,,0,1,0,,2,3,6,,1,2,0,,,0,0,,0,0,0,0,0,0,1.50
Abstract Method,"org.apache.commons.math3.analysis.MultivariateVectorFunction.value",,,,,,,,,,,,,,8,2,0,1,0,1,0,0,0,,,,0,,,,,,,,,,,,,3,0,2,6,0,1,1,0,0,0,,,0,0,,0,0,0,0,3.00
Public Interface,"org.apache.commons.math3.analysis.ParametricUnivariateFunction",0,0,0,0,0,,0,,2,2,2,0,0,19,4,0,,,3,,,,0,0,0,,0,0,0,0,0,9,0,,,0,2,0,,1,3,14,,2,3,0,,,0,0,,0,0,0,0,0,0,3.50
Abstract Method,"org.apache.commons.math3.analysis.ParametricUnivariateFunction.gradient",,,,,,,,,,,,,,8,1,0,1,0,1,0,0,0,,,,0,,,,,,,,,,,,,2,0,1,7,0,1,1,0,0,0,,,0,0,,0,0,0,0,7.00
Abstract Method,"org.apache.commons.math3.analysis.ParametricUnivariateFunction.value",,,,,,,,,,,,,,8,1,0,1,0,1,0,0,0,,,,0,,,,,,,,,,,,,2,0,1,7,0,1,1,0,0,0,,,0,0,,0,0,0,0,7.00
Public Class,"org.apache.commons.math3.analysis.QuinticFunction",1,1,0,0,0,,0,,2,2,0,0,2,22,12,5,,,7,,,,1,1,1,,1,1,5,5,2,0,0,,,0,2,0,,2,3,8,,3,4,3,,,1,1,,0,0,2,2,2,2,0.67
Public Method,"org.apache.commons.math3.analysis.QuinticFunction.derivative",,,,,,,,,,,,,,7,7,4,1,0,4,1,1,0,,,,0,,,,,,,,,,,,,0,0,1,0,1,2,2,2,1,1,,,0,0,,1,1,1,1,0.00
Anonymous Class,"org.apache.commons.math3.analysis.QuinticFunction.derivative.(Anon_1)",1,1,0,0,0,,0,,1,1,0,0,1,4,4,3,,,2,,,,1,1,1,,1,1,3,3,2,0,0,,,0,1,0,,0,0,0,,1,1,1,,,1,1,,0,0,1,1,1,1,0.00
Public Method,"org.apache.commons.math3.analysis.QuinticFunction.derivative.(Anon_1).value",,,,,,,,,,,,,,3,3,2,1,0,2,1,1,0,,,,0,,,,,,,,,,,,,1,0,0,0,1,1,1,1,1,1,,,0,0,,1,1,1,1,0.00
Public Method,"org.apache.commons.math3.analysis.QuinticFunction.value",,,,,,,,,,,,,,3,3,1,1,0,2,1,1,0,,,,0,,,,,,,,,,,,,2,0,1,0,1,1,1,1,1,1,,,0,0,,1,1,1,1,0.00
Public Class,"org.apache.commons.math3.analysis.SinFunction",1,1,0,0,1,,0,,2,2,0,0,2,30,12,5,,,7,,,,1,1,1,,1,1,5,5,2,0,0,,,0,2,0,,3,3,15,,3,4,3,,,1,1,,0,0,2,2,2,2,1.25
Public Method,"org.apache.commons.math3.analysis.SinFunction.derivative",,,,,,,,,,,,,,7,7,4,1,0,4,1,1,0,,,,0,,,,,,,,,,,,,0,0,1,0,1,2,2,2,1,1,,,0,0,,1,1,1,1,0.00
Anonymous Class,"org.apache.commons.math3.analysis.SinFunction.derivative.(Anon_1)",1,1,0,0,1,,0,,1,1,0,0,1,4,4,3,,,2,,,,1,1,1,,1,1,3,3,2,0,0,,,0,1,0,,0,0,0,,1,1,1,,,1,1,,0,0,1,1,1,1,0.00
Public Method,"org.apache.commons.math3.analysis.SinFunction.derivative.(Anon_1).value",,,,,,,,,,,,,,3,3,2,2,0,2,1,1,0,,,,0,,,,,,,,,,,,,1,0,0,0,1,1,1,1,1,1,,,0,0,,1,1,1,1,0.00
Public Method,"org.apache.commons.math3.analysis.SinFunction.value",,,,,,,,,,,,,,3,3,1,2,0,2,1,1,0,,,,0,,,,,,,,,,,,,1,0,1,0,1,1,1,1,1,1,,,0,0,,1,1,1,1,0.00
Public Class,"org.apache.commons.math3.analysis.SincFunction",1,1,0,3,0,,1,,2,2,0,0,2,31,17,10,,,8,,,,2,1,1,,1,1,10,7,2,0,0,,,0,2,0,,2,4,12,,4,5,3,,,2,2,,0,50,3,3,2,3,0.71
Public Method,"org.apache.commons.math3.analysis.SincFunction.derivative",,,,,,,,,,,,,,12,9,6,1,0,4,1,1,0,,,,0,,,,,,,,,,,,,0,0,1,3,1,2,2,2,1,1,,,0,0,,1,1,1,1,0.33
Anonymous Class,"org.apache.commons.math3.analysis.SincFunction.derivative.(Anon_1)",2,1,0,0,1,,0,,1,1,0,0,1,6,6,5,,,2,,,,2,1,1,,2,2,5,5,2,0,0,,,0,1,0,,0,0,0,,1,1,1,,,2,2,,0,0,2,2,1,2,0.00
Public Method,"org.apache.commons.math3.analysis.SincFunction.derivative.(Anon_1).value",,,,,,,,,,,,,,5,5,4,4,0,2,2,2,0,,,,0,,,,,,,,,,,,,2,0,0,0,1,1,1,1,2,1,,,0,0,,2,2,1,2,0.00
Public Method,"org.apache.commons.math3.analysis.SincFunction.value",,,,,,,,,,,,,,9,5,3,3,0,2,2,2,0,,,,0,,,,,,,,,,,,,2,0,1,4,1,1,1,1,2,1,,,0,0,,2,2,1,2,0.80
Public Class,"org.apache.commons.math3.analysis.SumSincFunction",1,1,0,3,4,,2,,4,4,0,0,4,63,37,22,,,30,,,,2,1,1,,1,1,11,8,2,0,0,,,1,4,0,,5,14,21,,21,18,12,,,2,2,,1,75,5,5,4,5,0.57
Public Constructor,"org.apache.commons.math3.analysis.SumSincFunction.SumSincFunction",,,,,,,,,,,,,,6,3,1,2,0,2,1,1,0,,,,0,,,,,,,,,,,,,2,0,1,3,1,1,1,1,1,1,,,0,0,,1,1,1,1,1.00
Public Method,"org.apache.commons.math3.analysis.SumSincFunction.gradient",,,,,,,,,,,,,,16,13,9,1,0,11,1,1,0,,,,0,,,,,,,,,,,,,0,0,4,3,1,8,6,5,1,1,,,0,0,,1,1,1,1,0.23
Anonymous Class,"org.apache.commons.math3.analysis.SumSincFunction.gradient.(Anon_2)",2,1,0,0,2,,0,,1,1,0,0,1,10,10,8,,,9,,,,2,1,1,,2,2,9,9,2,0,0,,,0,1,0,,0,3,0,,7,5,4,,,2,2,,1,0,2,2,1,2,0.00
Public Method,"org.apache.commons.math3.analysis.SumSincFunction.gradient.(Anon_2).value",,,,,,,,,,,,,,9,9,7,2,0,9,2,2,0,,,,0,,,,,,,,,,,,,4,0,3,0,2,7,5,4,2,1,,,0,1,,2,2,1,2,0.00
Public Method,"org.apache.commons.math3.analysis.SumSincFunction.partialDerivative",,,,,,,,,,,,,,10,7,4,1,0,4,1,1,0,,,,0,,,,,,,,,,,,,0,0,1,3,1,2,2,2,1,1,,,0,0,,1,1,1,1,0.43
Anonymous Class,"org.apache.commons.math3.analysis.SumSincFunction.partialDerivative.(Anon_1)",1,1,0,0,2,,0,,1,1,0,0,1,4,4,3,,,2,,,,1,1,1,,1,1,3,3,2,0,0,,,0,1,0,,0,0,0,,1,1,1,,,1,1,,0,0,1,1,1,1,0.00
Public Method,"org.apache.commons.math3.analysis.SumSincFunction.partialDerivative.(Anon_1).value",,,,,,,,,,,,,,3,3,2,2,0,2,1,1,0,,,,0,,,,,,,,,,,,,3,0,0,0,1,1,1,1,1,1,,,0,0,,1,1,1,1,0.00
Public Method,"org.apache.commons.math3.analysis.SumSincFunction.value",,,,,,,,,,,,,,13,9,6,2,0,9,2,2,0,,,,0,,,,,,,,,,,,,4,0,4,4,2,7,5,4,2,1,,,0,1,,2,2,1,2,0.44
Public Interface,"org.apache.commons.math3.analysis.TrivariateFunction",0,0,0,0,0,,0,,1,1,1,0,0,11,3,0,,,2,,,,0,0,0,,0,0,0,0,0,13,0,,,0,1,0,,0,2,8,,1,2,0,,,0,0,,0,0,0,0,0,0,2.67
Abstract Method,"org.apache.commons.math3.analysis.TrivariateFunction.value",,,,,,,,,,,,,,9,1,0,1,0,1,0,0,0,,,,0,,,,,,,,,,,,,4,0,1,8,0,1,1,0,0,0,,,0,0,,0,0,0,0,8.00
Public Interface,"org.apache.commons.math3.analysis.UnivariateFunction",0,0,0,0,0,,0,,1,1,1,0,0,15,3,0,,,2,,,,0,0,0,,0,0,0,0,0,84,0,,,0,1,0,,0,2,12,,1,2,0,,,0,0,,0,0,0,0,0,0,4.00
Abstract Method,"org.apache.commons.math3.analysis.UnivariateFunction.value",,,,,,,,,,,,,,13,1,0,1,0,1,0,0,0,,,,0,,,,,,,,,,,,,102,0,1,12,0,1,1,0,0,0,,,0,0,,0,0,0,0,12.00
Public Interface,"org.apache.commons.math3.analysis.UnivariateMatrixFunction",0,0,0,0,0,,0,,1,1,1,0,0,10,3,0,,,2,,,,0,0,0,,0,0,0,0,0,1,0,,,0,1,0,,2,2,5,,1,2,0,,,0,0,,0,0,0,0,0,0,1.67
Abstract Method,"org.apache.commons.math3.analysis.UnivariateMatrixFunction.value",,,,,,,,,,,,,,6,1,0,1,0,1,0,0,0,,,,0,,,,,,,,,,,,,0,0,1,5,0,1,1,0,0,0,,,0,0,,0,0,0,0,5.00
Public Interface,"org.apache.commons.math3.analysis.UnivariateVectorFunction",0,0,0,0,0,,0,,1,1,1,0,0,10,3,0,,,2,,,,0,0,0,,0,0,0,0,0,1,0,,,0,1,0,,2,2,5,,1,2,0,,,0,0,,0,0,0,0,0,0,1.67
Abstract Method,"org.apache.commons.math3.analysis.UnivariateVectorFunction.value",,,,,,,,,,,,,,6,1,0,1,0,1,0,0,0,,,,0,,,,,,,,,,,,,0,0,1,5,0,1,1,0,0,0,,,0,0,,0,0,0,0,5.00
Public Class,"org.apache.commons.math3.analysis.XMinus5Function",1,1,0,0,0,,0,,2,2,0,0,2,24,12,5,,,7,,,,1,1,1,,1,1,5,5,2,0,0,,,0,2,0,,2,3,10,,3,4,3,,,1,1,,0,0,2,2,2,2,0.83
Public Method,"org.apache.commons.math3.analysis.XMinus5Function.derivative",,,,,,,,,,,,,,7,7,4,1,0,4,1,1,0,,,,0,,,,,,,,,,,,,0,0,1,0,1,2,2,2,1,1,,,0,0,,1,1,1,1,0.00
Anonymous Class,"org.apache.commons.math3.analysis.XMinus5Function.derivative.(Anon_1)",1,1,0,0,0,,0,,1,1,0,0,1,4,4,3,,,2,,,,1,1,1,,1,1,3,3,2,0,0,,,0,1,0,,0,0,0,,1,1,1,,,1,1,,0,0,1,1,1,1,0.00
Public Method,"org.apache.commons.math3.analysis.XMinus5Function.derivative.(Anon_1).value",,,,,,,,,,,,,,3,3,2,1,0,2,1,1,0,,,,0,,,,,,,,,,,,,0,0,0,0,1,1,1,1,1,1,,,0,0,,1,1,1,1,0.00
Public Method,"org.apache.commons.math3.analysis.XMinus5Function.value",,,,,,,,,,,,,,3,3,1,1,0,2,1,1,0,,,,0,,,,,,,,,,,,,1,0,1,0,1,1,1,1,1,1,,,0,0,,1,1,1,1,0.00
Package,"org.apache.commons.math3.analysis.function",1,1,0,2,,87,2,54,208,,0,12,203,3661,1609,699,,,1179,,,,4,1,,,1,1,8,5,,,7,,,27,215,0,,386,861,1668,,867,796,383,,,4,6,,2,,256,259,215,256,1.04
Public Class,"org.apache.commons.math3.analysis.function.Abs",1,1,0,1,1,,0,,1,1,0,0,1,12,5,1,,,3,,,,1,1,1,,1,1,4,3,2,0,0,,,0,1,0,,0,2,7,,1,2,1,,,1,1,,0,0,1,1,1,1,1.40
Public Method,"org.apache.commons.math3.analysis.function.Abs.value",,,,,,,,,,,,,,4,3,1,2,0,2,1,1,0,,,,0,,,,,,,,,,,,,1,0,1,1,1,1,1,1,1,1,,,0,0,,1,1,1,1,0.33
Public Class,"org.apache.commons.math3.analysis.function.Acos",1,1,0,1,1,,0,,2,2,0,0,2,22,12,5,,,7,,,,1,1,1,,1,1,6,5,2,0,0,,,0,2,0,,1,3,9,,3,4,3,,,1,1,,0,0,2,2,2,2,0.75
Public Method,"org.apache.commons.math3.analysis.function.Acos.derivative",,,,,,,,,,,,,,9,7,4,1,0,4,1,1,0,,,,0,,,,,,,,,,,,,0,0,1,2,1,2,2,2,1,1,,,0,0,,1,1,1,1,0.29
Anonymous Class,"org.apache.commons.math3.analysis.function.Acos.derivative.(Anon_1)",1,1,0,1,1,,0,,1,1,0,0,1,5,4,3,,,2,,,,1,1,1,,1,1,4,3,2,0,0,,,0,1,0,,0,0,1,,1,1,1,,,1,1,,0,0,1,1,1,1,0.25
Public Method,"org.apache.commons.math3.analysis.function.Acos.derivative.(Anon_1).value",,,,,,,,,,,,,,4,3,2,2,0,2,1,1,0,,,,0,,,,,,,,,,,,,1,0,0,1,1,1,1,1,1,1,,,0,0,,1,1,1,1,0.33
Public Method,"org.apache.commons.math3.analysis.function.Acos.value",,,,,,,,,,,,,,4,3,1,2,0,2,1,1,0,,,,0,,,,,,,,,,,,,1,0,1,1,1,1,1,1,1,1,,,0,0,,1,1,1,1,0.33
Public Class,"org.apache.commons.math3.analysis.function.Acosh",1,1,0,1,1,,0,,2,2,0,0,2,22,12,5,,,7,,,,1,1,1,,1,1,6,5,2,0,0,,,0,2,0,,1,3,9,,3,4,3,,,1,1,,0,0,2,2,2,2,0.75
Public Method,"org.apache.commons.math3.analysis.function.Acosh.derivative",,,,,,,,,,,,,,9,7,4,1,0,4,1,1,0,,,,0,,,,,,,,,,,,,0,0,1,2,1,2,2,2,1,1,,,0,0,,1,1,1,1,0.29
Anonymous Class,"org.apache.commons.math3.analysis.function.Acosh.derivative.(Anon_1)",1,1,0,1,1,,0,,1,1,0,0,1,5,4,3,,,2,,,,1,1,1,,1,1,4,3,2,0,0,,,0,1,0,,0,0,1,,1,1,1,,,1,1,,0,0,1,1,1,1,0.25
Public Method,"org.apache.commons.math3.analysis.function.Acosh.derivative.(Anon_1).value",,,,,,,,,,,,,,4,3,2,2,0,2,1,1,0,,,,0,,,,,,,,,,,,,1,0,0,1,1,1,1,1,1,1,,,0,0,,1,1,1,1,0.33
Public Method,"org.apache.commons.math3.analysis.function.Acosh.value",,,,,,,,,,,,,,4,3,1,2,0,2,1,1,0,,,,0,,,,,,,,,,,,,1,0,1,1,1,1,1,1,1,1,,,0,0,,1,1,1,1,0.33
Public Class,"org.apache.commons.math3.analysis.function.Add",1,1,0,1,0,,0,,1,1,0,0,1,12,5,1,,,3,,,,1,1,1,,1,1,4,3,2,0,0,,,0,1,0,,0,2,7,,1,2,1,,,1,1,,0,0,1,1,1,1,1.40
Public Method,"org.apache.commons.math3.analysis.function.Add.value",,,,,,,,,,,,,,4,3,1,1,0,2,1,1,0,,,,0,,,,,,,,,,,,,2,0,1,1,1,1,1,1,1,1,,,0,0,,1,1,1,1,0.33
Public Class,"org.apache.commons.math3.analysis.function.Asin",1,1,0,1,1,,0,,2,2,0,0,2,22,12,5,,,7,,,,1,1,1,,1,1,6,5,2,0,0,,,0,2,0,,1,3,9,,3,4,3,,,1,1,,0,0,2,2,2,2,0.75
Public Method,"org.apache.commons.math3.analysis.function.Asin.derivative",,,,,,,,,,,,,,9,7,4,1,0,4,1,1,0,,,,0,,,,,,,,,,,,,0,0,1,2,1,2,2,2,1,1,,,0,0,,1,1,1,1,0.29
Anonymous Class,"org.apache.commons.math3.analysis.function.Asin.derivative.(Anon_1)",1,1,0,1,1,,0,,1,1,0,0,1,5,4,3,,,2,,,,1,1,1,,1,1,4,3,2,0,0,,,0,1,0,,0,0,1,,1,1,1,,,1,1,,0,0,1,1,1,1,0.25
Public Method,"org.apache.commons.math3.analysis.function.Asin.derivative.(Anon_1).value",,,,,,,,,,,,,,4,3,2,2,0,2,1,1,0,,,,0,,,,,,,,,,,,,1,0,0,1,1,1,1,1,1,1,,,0,0,,1,1,1,1,0.33
Public Method,"org.apache.commons.math3.analysis.function.Asin.value",,,,,,,,,,,,,,4,3,1,2,0,2,1,1,0,,,,0,,,,,,,,,,,,,1,0,1,1,1,1,1,1,1,1,,,0,0,,1,1,1,1,0.33
Public Class,"org.apache.commons.math3.analysis.function.Asinh",1,1,0,1,1,,0,,2,2,0,0,2,22,12,5,,,7,,,,1,1,1,,1,1,6,5,2,0,0,,,0,2,0,,1,3,9,,3,4,3,,,1,1,,0,0,2,2,2,2,0.75
Public Method,"org.apache.commons.math3.analysis.function.Asinh.derivative",,,,,,,,,,,,,,9,7,4,1,0,4,1,1,0,,,,0,,,,,,,,,,,,,0,0,1,2,1,2,2,2,1,1,,,0,0,,1,1,1,1,0.29
Anonymous Class,"org.apache.commons.math3.analysis.function.Asinh.derivative.(Anon_1)",1,1,0,1,1,,0,,1,1,0,0,1,5,4,3,,,2,,,,1,1,1,,1,1,4,3,2,0,0,,,0,1,0,,0,0,1,,1,1,1,,,1,1,,0,0,1,1,1,1,0.25
Public Method,"org.apache.commons.math3.analysis.function.Asinh.derivative.(Anon_1).value",,,,,,,,,,,,,,4,3,2,2,0,2,1,1,0,,,,0,,,,,,,,,,,,,1,0,0,1,1,1,1,1,1,1,,,0,0,,1,1,1,1,0.33
Public Method,"org.apache.commons.math3.analysis.function.Asinh.value",,,,,,,,,,,,,,4,3,1,2,0,2,1,1,0,,,,0,,,,,,,,,,,,,1,0,1,1,1,1,1,1,1,1,,,0,0,,1,1,1,1,0.33
Public Class,"org.apache.commons.math3.analysis.function.Atan",1,1,0,1,1,,0,,2,2,0,0,2,22,12,5,,,7,,,,1,1,1,,1,1,6,5,2,0,0,,,0,2,0,,1,3,9,,3,4,3,,,1,1,,0,0,2,2,2,2,0.75
Public Method,"org.apache.commons.math3.analysis.function.Atan.derivative",,,,,,,,,,,,,,9,7,4,1,0,4,1,1,0,,,,0,,,,,,,,,,,,,0,0,1,2,1,2,2,2,1,1,,,0,0,,1,1,1,1,0.29
Anonymous Class,"org.apache.commons.math3.analysis.function.Atan.derivative.(Anon_1)",1,1,0,1,0,,0,,1,1,0,0,1,5,4,3,,,2,,,,1,1,1,,1,1,4,3,2,0,0,,,0,1,0,,0,0,1,,1,1,1,,,1,1,,0,0,1,1,1,1,0.25
Public Method,"org.apache.commons.math3.analysis.function.Atan.derivative.(Anon_1).value",,,,,,,,,,,,,,4,3,2,1,0,2,1,1,0,,,,0,,,,,,,,,,,,,1,0,0,1,1,1,1,1,1,1,,,0,0,,1,1,1,1,0.33
Public Method,"org.apache.commons.math3.analysis.function.Atan.value",,,,,,,,,,,,,,4,3,1,2,0,2,1,1,0,,,,0,,,,,,,,,,,,,1,0,1,1,1,1,1,1,1,1,,,0,0,,1,1,1,1,0.33
Public Class,"org.apache.commons.math3.analysis.function.Atan2",1,1,0,1,1,,0,,1,1,0,0,1,12,5,1,,,3,,,,1,1,1,,1,1,4,3,2,0,0,,,0,1,0,,0,2,7,,1,2,1,,,1,1,,0,0,1,1,1,1,1.40
Public Method,"org.apache.commons.math3.analysis.function.Atan2.value",,,,,,,,,,,,,,4,3,1,2,0,2,1,1,0,,,,0,,,,,,,,,,,,,2,0,1,1,1,1,1,1,1,1,,,0,0,,1,1,1,1,0.33
Public Class,"org.apache.commons.math3.analysis.function.Atanh",1,1,0,1,1,,0,,2,2,0,0,2,22,12,5,,,7,,,,1,1,1,,1,1,6,5,2,0,0,,,0,2,0,,1,3,9,,3,4,3,,,1,1,,0,0,2,2,2,2,0.75
Public Method,"org.apache.commons.math3.analysis.function.Atanh.derivative",,,,,,,,,,,,,,9,7,4,1,0,4,1,1,0,,,,0,,,,,,,,,,,,,0,0,1,2,1,2,2,2,1,1,,,0,0,,1,1,1,1,0.29
Anonymous Class,"org.apache.commons.math3.analysis.function.Atanh.derivative.(Anon_1)",1,1,0,1,0,,0,,1,1,0,0,1,5,4,3,,,2,,,,1,1,1,,1,1,4,3,2,0,0,,,0,1,0,,0,0,1,,1,1,1,,,1,1,,0,0,1,1,1,1,0.25
Public Method,"org.apache.commons.math3.analysis.function.Atanh.derivative.(Anon_1).value",,,,,,,,,,,,,,4,3,2,1,0,2,1,1,0,,,,0,,,,,,,,,,,,,1,0,0,1,1,1,1,1,1,1,,,0,0,,1,1,1,1,0.33
Public Method,"org.apache.commons.math3.analysis.function.Atanh.value",,,,,,,,,,,,,,4,3,1,2,0,2,1,1,0,,,,0,,,,,,,,,,,,,1,0,1,1,1,1,1,1,1,1,,,0,0,,1,1,1,1,0.33
Public Class,"org.apache.commons.math3.analysis.function.Cbrt",1,1,0,1,1,,0,,2,2,0,0,2,22,12,5,,,7,,,,1,1,1,,1,1,6,5,2,0,0,,,0,2,0,,1,3,9,,3,4,3,,,1,1,,0,0,2,2,2,2,0.75
Public Method,"org.apache.commons.math3.analysis.function.Cbrt.derivative",,,,,,,,,,,,,,9,7,4,1,0,4,1,1,0,,,,0,,,,,,,,,,,,,0,0,1,2,1,2,2,2,1,1,,,0,0,,1,1,1,1,0.29
Anonymous Class,"org.apache.commons.math3.analysis.function.Cbrt.derivative.(Anon_1)",1,1,0,1,1,,0,,1,1,0,0,1,5,4,3,,,2,,,,1,1,1,,1,1,4,3,2,0,0,,,0,1,0,,0,0,1,,1,1,1,,,1,1,,0,0,1,1,1,1,0.25
Public Method,"org.apache.commons.math3.analysis.function.Cbrt.derivative.(Anon_1).value",,,,,,,,,,,,,,4,3,2,2,0,2,1,1,0,,,,0,,,,,,,,,,,,,1,0,0,1,1,1,1,1,1,1,,,0,0,,1,1,1,1,0.33
Public Method,"org.apache.commons.math3.analysis.function.Cbrt.value",,,,,,,,,,,,,,4,3,1,2,0,2,1,1,0,,,,0,,,,,,,,,,,,,1,0,1,1,1,1,1,1,1,1,,,0,0,,1,1,1,1,0.33
Public Class,"org.apache.commons.math3.analysis.function.Ceil",1,1,0,1,1,,0,,1,1,0,0,1,12,5,1,,,3,,,,1,1,1,,1,1,4,3,2,0,0,,,0,1,0,,0,2,7,,1,2,1,,,1,1,,0,0,1,1,1,1,1.40
Public Method,"org.apache.commons.math3.analysis.function.Ceil.value",,,,,,,,,,,,,,4,3,1,2,0,2,1,1,0,,,,0,,,,,,,,,,,,,1,0,1,1,1,1,1,1,1,1,,,0,0,,1,1,1,1,0.33
Public Class,"org.apache.commons.math3.analysis.function.Constant",1,1,0,1,0,,0,,3,3,0,0,3,27,12,3,,,8,,,,1,1,1,,1,1,4,3,2,0,0,,,1,3,0,,3,5,12,,4,5,3,,,1,1,,0,33,3,3,3,3,1.00
Public Constructor,"org.apache.commons.math3.analysis.function.Constant.Constant",,,,,,,,,,,,,,6,3,1,2,0,2,1,1,0,,,,0,,,,,,,,,,,,,10,0,1,3,1,1,1,1,1,1,,,0,0,,1,1,1,1,1.00
Public Method,"org.apache.commons.math3.analysis.function.Constant.derivative",,,,,,,,,,,,,,4,3,1,2,0,2,1,1,0,,,,0,,,,,,,,,,,,,0,0,1,1,1,1,1,1,1,1,,,0,0,,1,1,1,1,0.33
Public Method,"org.apache.commons.math3.analysis.function.Constant.value",,,,,,,,,,,,,,4,3,1,1,0,2,1,1,0,,,,0,,,,,,,,,,,,,1,0,1,1,1,1,1,1,1,1,,,0,0,,1,1,1,1,0.33
Public Class,"org.apache.commons.math3.analysis.function.Cos",1,1,0,1,1,,0,,2,2,0,0,2,22,12,5,,,7,,,,1,1,1,,1,1,6,5,2,0,0,,,0,2,0,,1,3,9,,3,4,3,,,1,1,,0,0,2,2,2,2,0.75
Public Method,"org.apache.commons.math3.analysis.function.Cos.derivative",,,,,,,,,,,,,,9,7,4,1,0,4,1,1,0,,,,0,,,,,,,,,,,,,0,0,1,2,1,2,2,2,1,1,,,0,0,,1,1,1,1,0.29
Anonymous Class,"org.apache.commons.math3.analysis.function.Cos.derivative.(Anon_1)",1,1,0,1,1,,0,,1,1,0,0,1,5,4,3,,,2,,,,1,1,1,,1,1,4,3,2,0,0,,,0,1,0,,0,0,1,,1,1,1,,,1,1,,0,0,1,1,1,1,0.25
Public Method,"org.apache.commons.math3.analysis.function.Cos.derivative.(Anon_1).value",,,,,,,,,,,,,,4,3,2,2,0,2,1,1,0,,,,0,,,,,,,,,,,,,1,0,0,1,1,1,1,1,1,1,,,0,0,,1,1,1,1,0.33
Public Method,"org.apache.commons.math3.analysis.function.Cos.value",,,,,,,,,,,,,,4,3,1,2,0,2,1,1,0,,,,0,,,,,,,,,,,,,1,0,1,1,1,1,1,1,1,1,,,0,0,,1,1,1,1,0.33
Public Class,"org.apache.commons.math3.analysis.function.Cosh",1,1,0,1,2,,0,,2,2,0,0,2,17,8,2,,,5,,,,1,1,1,,1,1,4,3,2,0,0,,,0,2,0,,1,3,8,,2,3,2,,,1,1,,0,0,2,2,2,2,1.00
Public Method,"org.apache.commons.math3.analysis.function.Cosh.derivative",,,,,,,,,,,,,,4,3,1,1,0,2,1,1,0,,,,0,,,,,,,,,,,,,0,0,1,1,1,1,1,1,1,1,,,0,0,,1,1,1,1,0.33
Public Method,"org.apache.commons.math3.analysis.function.Cosh.value",,,,,,,,,,,,,,4,3,1,2,0,2,1,1,0,,,,0,,,,,,,,,,,,,1,0,1,1,1,1,1,1,1,1,,,0,0,,1,1,1,1,0.33
Public Class,"org.apache.commons.math3.analysis.function.Divide",1,1,0,1,0,,0,,1,1,0,0,1,12,5,1,,,3,,,,1,1,1,,1,1,4,3,2,0,0,,,0,1,0,,0,2,7,,1,2,1,,,1,1,,0,0,1,1,1,1,1.40
Public Method,"org.apache.commons.math3.analysis.function.Divide.value",,,,,,,,,,,,,,4,3,1,1,0,2,1,1,0,,,,0,,,,,,,,,,,,,2,0,1,1,1,1,1,1,1,1,,,0,0,,1,1,1,1,0.33
Public Class,"org.apache.commons.math3.analysis.function.Exp",1,1,0,1,1,,0,,2,2,0,0,2,22,12,5,,,7,,,,1,1,1,,1,1,6,5,2,0,0,,,0,2,0,,1,3,9,,3,4,3,,,1,1,,0,0,2,2,2,2,0.75
Public Method,"org.apache.commons.math3.analysis.function.Exp.derivative",,,,,,,,,,,,,,9,7,4,1,0,4,1,1,0,,,,0,,,,,,,,,,,,,0,0,1,2,1,2,2,2,1,1,,,0,0,,1,1,1,1,0.29
Anonymous Class,"org.apache.commons.math3.analysis.function.Exp.derivative.(Anon_1)",1,1,0,1,1,,0,,1,1,0,0,1,5,4,3,,,2,,,,1,1,1,,1,1,4,3,2,0,0,,,0,1,0,,0,0,1,,1,1,1,,,1,1,,0,0,1,1,1,1,0.25
Public Method,"org.apache.commons.math3.analysis.function.Exp.derivative.(Anon_1).value",,,,,,,,,,,,,,4,3,2,2,0,2,1,1,0,,,,0,,,,,,,,,,,,,1,0,0,1,1,1,1,1,1,1,,,0,0,,1,1,1,1,0.33
Public Method,"org.apache.commons.math3.analysis.function.Exp.value",,,,,,,,,,,,,,4,3,1,2,0,2,1,1,0,,,,0,,,,,,,,,,,,,1,0,1,1,1,1,1,1,1,1,,,0,0,,1,1,1,1,0.33
Public Class,"org.apache.commons.math3.analysis.function.Expm1",1,1,0,1,1,,0,,2,2,0,0,2,22,12,5,,,7,,,,1,1,1,,1,1,6,5,2,0,0,,,0,2,0,,1,3,9,,3,4,3,,,1,1,,0,0,2,2,2,2,0.75
Public Method,"org.apache.commons.math3.analysis.function.Expm1.derivative",,,,,,,,,,,,,,9,7,4,1,0,4,1,1,0,,,,0,,,,,,,,,,,,,0,0,1,2,1,2,2,2,1,1,,,0,0,,1,1,1,1,0.29
Anonymous Class,"org.apache.commons.math3.analysis.function.Expm1.derivative.(Anon_1)",1,1,0,1,1,,0,,1,1,0,0,1,5,4,3,,,2,,,,1,1,1,,1,1,4,3,2,0,0,,,0,1,0,,0,0,1,,1,1,1,,,1,1,,0,0,1,1,1,1,0.25
Public Method,"org.apache.commons.math3.analysis.function.Expm1.derivative.(Anon_1).value",,,,,,,,,,,,,,4,3,2,2,0,2,1,1,0,,,,0,,,,,,,,,,,,,1,0,0,1,1,1,1,1,1,1,,,0,0,,1,1,1,1,0.33
Public Method,"org.apache.commons.math3.analysis.function.Expm1.value",,,,,,,,,,,,,,4,3,1,2,0,2,1,1,0,,,,0,,,,,,,,,,,,,1,0,1,1,1,1,1,1,1,1,,,0,0,,1,1,1,1,0.33
Public Class,"org.apache.commons.math3.analysis.function.Floor",1,1,0,1,1,,0,,1,1,0,0,1,12,5,1,,,3,,,,1,1,1,,1,1,4,3,2,0,0,,,0,1,0,,0,2,7,,1,2,1,,,1,1,,0,0,1,1,1,1,1.40
Public Method,"org.apache.commons.math3.analysis.function.Floor.value",,,,,,,,,,,,,,4,3,1,2,0,2,1,1,0,,,,0,,,,,,,,,,,,,1,0,1,1,1,1,1,1,1,1,,,0,0,,1,1,1,1,0.33
Public Class,"org.apache.commons.math3.analysis.function.Gaussian",1,1,0,4,2,,0,,5,6,0,1,5,171,73,37,,,49,,,,2,1,1,,1,1,11,6,2,0,1,,,3,6,0,,15,30,83,,32,26,23,,,2,2,,1,66,7,7,6,7,1.14
Public Constructor,"org.apache.commons.math3.analysis.function.Gaussian.Gaussian",,,,,,,,,,,,,,19,10,5,5,0,6,2,2,0,,,,0,,,,,,,,,,,,,6,1,3,8,2,4,1,5,2,1,,,0,1,,2,2,1,2,0.80
Public Constructor,"org.apache.commons.math3.analysis.function.Gaussian.Gaussian",,,,,,,,,,,,,,11,4,1,3,0,2,1,1,0,,,,0,,,,,,,,,,,,,5,0,2,7,1,1,1,1,1,1,,,0,0,,1,1,1,1,1.75
Public Constructor,"org.apache.commons.math3.analysis.function.Gaussian.Gaussian",,,,,,,,,,,,,,6,3,1,2,0,2,1,1,0,,,,0,,,,,,,,,,,,,3,0,1,3,1,1,1,1,1,1,,,0,0,,1,1,1,1,1.00
Public Static Class,"org.apache.commons.math3.analysis.function.Gaussian.Parametric",2,1,1,12,4,,0,,3,3,0,1,2,81,30,19,,,23,,,,4,1,1,,2,2,22,9,2,0,0,,,0,3,0,,6,13,45,,16,13,10,,,4,4,,1,0,6,6,3,6,1.50
Public Method,"org.apache.commons.math3.analysis.function.Gaussian.Parametric.gradient",,,,,,,,,,,,,,28,11,9,3,0,10,1,1,0,,,,0,,,,,,,,,,,,,5,3,8,14,1,9,8,2,1,1,,,0,0,,1,1,1,1,1.27
Private Method,"org.apache.commons.math3.analysis.function.Gaussian.Parametric.validateParameters",,,,,,,,,,,,,,22,11,6,3,1,7,4,4,0,,,,0,,,,,,,,,,,,,4,0,1,11,8,3,1,6,4,1,,,0,1,,4,4,1,4,1.00
Public Method,"org.apache.commons.math3.analysis.function.Gaussian.Parametric.value",,,,,,,,,,,,,,18,6,4,3,0,5,1,1,0,,,,0,,,,,,,,,,,,,5,1,3,11,1,4,3,2,1,1,,,0,0,,1,1,1,1,1.83
Public Method,"org.apache.commons.math3.analysis.function.Gaussian.derivative",,,,,,,,,,,,,,17,13,9,1,0,8,1,1,0,,,,0,,,,,,,,,,,,,3,1,3,3,1,5,4,4,1,1,,,0,0,,1,1,1,1,0.23
Anonymous Class,"org.apache.commons.math3.analysis.function.Gaussian.derivative.(Anon_1)",2,1,1,2,1,,0,,1,1,0,0,1,13,10,8,,,6,,,,2,1,1,,2,2,12,9,2,0,0,,,0,1,0,,1,2,2,,4,3,3,,,2,2,,1,0,2,2,1,2,0.20
Public Method,"org.apache.commons.math3.analysis.function.Gaussian.derivative.(Anon_1).value",,,,,,,,,,,,,,12,9,7,2,0,6,2,2,1,,,,0,,,,,,,,,,,,,4,1,2,2,2,4,3,3,2,1,,,0,1,,2,2,1,2,0.22
Public Method,"org.apache.commons.math3.analysis.function.Gaussian.value",,,,,,,,,,,,,,4,3,1,2,0,2,1,1,0,,,,0,,,,,,,,,,,,,5,0,1,1,1,1,1,1,1,1,,,0,0,,1,1,1,1,0.33
Private Static Method,"org.apache.commons.math3.analysis.function.Gaussian.value",,,,,,,,,,,,,,11,5,1,2,0,2,1,1,0,,,,0,,,,,,,,,,,,,7,0,3,6,1,1,1,1,1,1,,,0,0,,1,1,1,1,1.20
Public Class,"org.apache.commons.math3.analysis.function.GaussianTest",1,1,0,0,7,,0,,14,14,0,0,14,128,104,60,,,75,,,,1,1,1,,1,1,6,6,1,0,0,,,1,14,0,,21,59,3,,60,45,30,,,1,1,,0,85,14,14,14,14,0.03
Public Method,"org.apache.commons.math3.analysis.function.GaussianTest.testDerivative",,,,,,,,,,,,,,6,5,3,4,0,4,1,1,0,,,,0,,,,,,,,,,,,,0,1,3,0,1,3,3,1,1,1,,,0,0,,1,1,1,1,0.00
Public Method,"org.apache.commons.math3.analysis.function.GaussianTest.testDerivativeLargeArguments",,,,,,,,,,,,,,13,12,10,4,0,11,1,1,0,,,,0,,,,,,,,,,,,,0,1,3,0,1,10,3,8,1,1,,,0,0,,1,1,1,1,0.00
Public Method,"org.apache.commons.math3.analysis.function.GaussianTest.testDerivativeNaN",,,,,,,,,,,,,,6,5,3,5,0,4,1,1,0,,,,0,,,,,,,,,,,,,0,1,3,0,1,3,3,1,1,1,,,0,0,,1,1,1,1,0.00
Public Method,"org.apache.commons.math3.analysis.function.GaussianTest.testLargeArguments",,,,,,,,,,,,,,10,9,7,3,0,8,1,1,0,,,,0,,,,,,,,,,,,,0,1,2,0,1,7,2,6,1,1,,,0,0,,1,1,1,1,0.00
Public Method,"org.apache.commons.math3.analysis.function.GaussianTest.testParametricGradient",,,,,,,,,,,,,,16,15,13,3,0,14,1,1,0,,,,0,,,,,,,,,,,,,1,1,11,0,1,13,11,3,1,1,,,0,0,,1,1,1,1,0.00
Public Method,"org.apache.commons.math3.analysis.function.GaussianTest.testParametricUsage1",,,,,,,,,,,,,,4,4,2,1,0,3,1,1,0,,,,0,,,,,,,,,,,,,0,0,2,0,1,2,2,1,1,1,,,0,0,,1,1,1,1,0.00
Public Method,"org.apache.commons.math3.analysis.function.GaussianTest.testParametricUsage2",,,,,,,,,,,,,,4,4,2,1,0,3,1,1,0,,,,0,,,,,,,,,,,,,0,0,2,0,1,2,2,1,1,1,,,0,0,,1,1,1,1,0.00
Public Method,"org.apache.commons.math3.analysis.function.GaussianTest.testParametricUsage3",,,,,,,,,,,,,,4,4,2,1,0,3,1,1,0,,,,0,,,,,,,,,,,,,0,0,2,0,1,2,2,1,1,1,,,0,0,,1,1,1,1,0.00
Public Method,"org.apache.commons.math3.analysis.function.GaussianTest.testParametricUsage4",,,,,,,,,,,,,,4,4,2,1,0,3,1,1,0,,,,0,,,,,,,,,,,,,0,0,2,0,1,2,2,1,1,1,,,0,0,,1,1,1,1,0.00
Public Method,"org.apache.commons.math3.analysis.function.GaussianTest.testParametricUsage5",,,,,,,,,,,,,,4,4,2,1,0,3,1,1,0,,,,0,,,,,,,,,,,,,0,0,2,0,1,2,2,1,1,1,,,0,0,,1,1,1,1,0.00
Public Method,"org.apache.commons.math3.analysis.function.GaussianTest.testParametricUsage6",,,,,,,,,,,,,,4,4,2,1,0,3,1,1,0,,,,0,,,,,,,,,,,,,0,0,2,0,1,2,2,1,1,1,,,0,0,,1,1,1,1,0.00
Public Method,"org.apache.commons.math3.analysis.function.GaussianTest.testParametricValue",,,,,,,,,,,,,,11,10,8,4,0,9,1,1,0,,,,0,,,,,,,,,,,,,0,1,6,0,1,8,6,3,1,1,,,0,0,,1,1,1,1,0.00
Public Method,"org.apache.commons.math3.analysis.function.GaussianTest.testPreconditions",,,,,,,,,,,,,,3,3,1,1,0,2,1,1,0,,,,0,,,,,,,,,,,,,0,0,1,0,1,1,1,1,1,1,,,0,0,,1,1,1,1,0.00
Public Method,"org.apache.commons.math3.analysis.function.GaussianTest.testSomeValues",,,,,,,,,,,,,,5,4,2,4,0,3,1,1,0,,,,0,,,,,,,,,,,,,1,1,2,0,1,2,2,1,1,1,,,0,0,,1,1,1,1,0.00
Public Class,"org.apache.commons.math3.analysis.function.HarmonicOscillator",1,1,0,3,1,,0,,3,4,0,1,3,128,51,24,,,35,,,,1,1,1,,1,1,9,5,2,0,1,,,3,4,0,,10,22,67,,23,20,15,,,1,1,,0,50,4,4,4,4,1.31
Public Constructor,"org.apache.commons.math3.analysis.function.HarmonicOscillator.HarmonicOscillator",,,,,,,,,,,,,,14,7,3,4,0,4,1,1,0,,,,0,,,,,,,,,,,,,10,0,3,7,1,3,1,3,1,1,,,0,0,,1,1,1,1,1.00
Public Static Class,"org.apache.commons.math3.analysis.function.HarmonicOscillator.Parametric",1,1,1,11,4,,0,,3,3,0,1,2,72,25,15,,,19,,,,3,1,1,,1,1,19,7,2,0,0,,,0,3,0,,5,11,42,,13,11,8,,,3,3,,1,0,5,5,3,5,1.68
Public Method,"org.apache.commons.math3.analysis.function.HarmonicOscillator.Parametric.gradient",,,,,,,,,,,,,,27,11,9,4,0,10,1,1,0,,,,0,,,,,,,,,,,,,4,3,8,13,1,9,8,2,1,1,,,0,0,,1,1,1,1,1.18
Private Method,"org.apache.commons.math3.analysis.function.HarmonicOscillator.Parametric.validateParameters",,,,,,,,,,,,,,18,8,4,2,1,5,3,3,0,,,,0,,,,,,,,,,,,,4,0,1,10,4,2,1,4,3,1,,,0,1,,3,3,1,3,1.25
Public Method,"org.apache.commons.math3.analysis.function.HarmonicOscillator.Parametric.value",,,,,,,,,,,,,,14,4,2,3,0,3,1,1,0,,,,0,,,,,,,,,,,,,4,0,1,10,1,2,1,2,1,1,,,0,0,,1,1,1,1,2.50
Public Method,"org.apache.commons.math3.analysis.function.HarmonicOscillator.derivative",,,,,,,,,,,,,,9,7,4,1,0,4,1,1,0,,,,0,,,,,,,,,,,,,1,0,1,2,1,2,2,2,1,1,,,0,0,,1,1,1,1,0.29
Anonymous Class,"org.apache.commons.math3.analysis.function.HarmonicOscillator.derivative.(Anon_1)",1,1,0,1,2,,0,,1,1,0,0,1,5,4,3,,,2,,,,1,1,1,,1,1,4,3,2,0,0,,,0,1,0,,0,0,1,,1,1,1,,,1,1,,0,0,1,1,1,1,0.25
Public Method,"org.apache.commons.math3.analysis.function.HarmonicOscillator.derivative.(Anon_1).value",,,,,,,,,,,,,,4,3,2,2,0,2,1,1,0,,,,0,,,,,,,,,,,,,4,0,0,1,1,1,1,1,1,1,,,0,0,,1,1,1,1,0.33
Public Method,"org.apache.commons.math3.analysis.function.HarmonicOscillator.value",,,,,,,,,,,,,,4,3,1,2,0,2,1,1,0,,,,0,,,,,,,,,,,,,9,0,1,1,1,1,1,1,1,1,,,0,0,,1,1,1,1,0.33
Private Static Method,"org.apache.commons.math3.analysis.function.HarmonicOscillator.value",,,,,,,,,,,,,,9,4,1,2,0,2,1,1,0,,,,0,,,,,,,,,,,,,5,0,2,5,1,1,1,1,1,1,,,0,0,,1,1,1,1,1.25
Public Class,"org.apache.commons.math3.analysis.function.HarmonicOscillatorTest",1,1,0,0,6,,0,,8,8,0,0,8,90,75,47,,,60,,,,2,1,1,,1,1,8,8,1,0,0,,,1,8,0,,12,50,3,,49,44,16,,,2,2,,1,87,10,10,8,10,0.04
Public Method,"org.apache.commons.math3.analysis.function.HarmonicOscillatorTest.testDerivative",,,,,,,,,,,,,,13,12,9,5,0,12,2,2,0,,,,0,,,,,,,,,,,,,0,1,8,0,2,10,9,3,2,1,,,0,1,,2,2,1,2,0.00
Public Method,"org.apache.commons.math3.analysis.function.HarmonicOscillatorTest.testParametricGradient",,,,,,,,,,,,,,16,15,13,4,0,14,1,1,0,,,,0,,,,,,,,,,,,,1,1,11,0,1,13,11,3,1,1,,,0,0,,1,1,1,1,0.00
Public Method,"org.apache.commons.math3.analysis.function.HarmonicOscillatorTest.testParametricUsage1",,,,,,,,,,,,,,4,4,2,1,0,3,1,1,0,,,,0,,,,,,,,,,,,,0,0,2,0,1,2,2,1,1,1,,,0,0,,1,1,1,1,0.00
Public Method,"org.apache.commons.math3.analysis.function.HarmonicOscillatorTest.testParametricUsage2",,,,,,,,,,,,,,4,4,2,1,0,3,1,1,0,,,,0,,,,,,,,,,,,,0,0,2,0,1,2,2,1,1,1,,,0,0,,1,1,1,1,0.00
Public Method,"org.apache.commons.math3.analysis.function.HarmonicOscillatorTest.testParametricUsage3",,,,,,,,,,,,,,4,4,2,1,0,3,1,1,0,,,,0,,,,,,,,,,,,,0,0,2,0,1,2,2,1,1,1,,,0,0,,1,1,1,1,0.00
Public Method,"org.apache.commons.math3.analysis.function.HarmonicOscillatorTest.testParametricUsage4",,,,,,,,,,,,,,4,4,2,1,0,3,1,1,0,,,,0,,,,,,,,,,,,,0,0,2,0,1,2,2,1,1,1,,,0,0,,1,1,1,1,0.00
Public Method,"org.apache.commons.math3.analysis.function.HarmonicOscillatorTest.testParametricValue",,,,,,,,,,,,,,11,10,8,4,0,9,1,1,0,,,,0,,,,,,,,,,,,,0,1,6,0,1,8,6,3,1,1,,,0,0,,1,1,1,1,0.00
Public Method,"org.apache.commons.math3.analysis.function.HarmonicOscillatorTest.testSomeValues",,,,,,,,,,,,,,12,11,8,4,0,11,2,2,0,,,,0,,,,,,,,,,,,,0,1,7,0,2,9,8,3,2,1,,,0,1,,2,2,1,2,0.00
Public Class,"org.apache.commons.math3.analysis.function.Identity",1,1,0,1,1,,0,,2,2,0,0,2,17,8,2,,,5,,,,1,1,1,,1,1,4,3,2,0,0,,,0,2,0,,1,3,8,,2,3,2,,,1,1,,0,0,2,2,2,2,1.00
Public Method,"org.apache.commons.math3.analysis.function.Identity.derivative",,,,,,,,,,,,,,4,3,1,2,0,2,1,1,0,,,,0,,,,,,,,,,,,,0,0,1,1,1,1,1,1,1,1,,,0,0,,1,1,1,1,0.33
Public Method,"org.apache.commons.math3.analysis.function.Identity.value",,,,,,,,,,,,,,4,3,1,1,0,2,1,1,0,,,,0,,,,,,,,,,,,,1,0,1,1,1,1,1,1,1,1,,,0,0,,1,1,1,1,0.33
Public Class,"org.apache.commons.math3.analysis.function.Inverse",1,1,0,1,0,,0,,2,2,0,0,2,22,12,5,,,7,,,,1,1,1,,1,1,6,5,2,0,0,,,0,2,0,,1,3,9,,3,4,3,,,1,1,,0,0,2,2,2,2,0.75
Public Method,"org.apache.commons.math3.analysis.function.Inverse.derivative",,,,,,,,,,,,,,9,7,4,1,0,4,1,1,0,,,,0,,,,,,,,,,,,,0,0,1,2,1,2,2,2,1,1,,,0,0,,1,1,1,1,0.29
Anonymous Class,"org.apache.commons.math3.analysis.function.Inverse.derivative.(Anon_1)",1,1,0,1,0,,0,,1,1,0,0,1,5,4,3,,,2,,,,1,1,1,,1,1,4,3,2,0,0,,,0,1,0,,0,0,1,,1,1,1,,,1,1,,0,0,1,1,1,1,0.25
Public Method,"org.apache.commons.math3.analysis.function.Inverse.derivative.(Anon_1).value",,,,,,,,,,,,,,4,3,2,1,0,2,1,1,0,,,,0,,,,,,,,,,,,,1,0,0,1,1,1,1,1,1,1,,,0,0,,1,1,1,1,0.33
Public Method,"org.apache.commons.math3.analysis.function.Inverse.value",,,,,,,,,,,,,,4,3,1,1,0,2,1,1,0,,,,0,,,,,,,,,,,,,1,0,1,1,1,1,1,1,1,1,,,0,0,,1,1,1,1,0.33
Public Class,"org.apache.commons.math3.analysis.function.Log",1,1,0,1,1,,0,,2,2,0,0,2,22,12,5,,,7,,,,1,1,1,,1,1,6,5,2,0,0,,,0,2,0,,1,3,9,,3,4,3,,,1,1,,0,0,2,2,2,2,0.75
Public Method,"org.apache.commons.math3.analysis.function.Log.derivative",,,,,,,,,,,,,,9,7,4,1,0,4,1,1,0,,,,0,,,,,,,,,,,,,0,0,1,2,1,2,2,2,1,1,,,0,0,,1,1,1,1,0.29
Anonymous Class,"org.apache.commons.math3.analysis.function.Log.derivative.(Anon_1)",1,1,0,1,0,,0,,1,1,0,0,1,5,4,3,,,2,,,,1,1,1,,1,1,4,3,2,0,0,,,0,1,0,,0,0,1,,1,1,1,,,1,1,,0,0,1,1,1,1,0.25
Public Method,"org.apache.commons.math3.analysis.function.Log.derivative.(Anon_1).value",,,,,,,,,,,,,,4,3,2,1,0,2,1,1,0,,,,0,,,,,,,,,,,,,1,0,0,1,1,1,1,1,1,1,,,0,0,,1,1,1,1,0.33
Public Method,"org.apache.commons.math3.analysis.function.Log.value",,,,,,,,,,,,,,4,3,1,2,0,2,1,1,0,,,,0,,,,,,,,,,,,,1,0,1,1,1,1,1,1,1,1,,,0,0,,1,1,1,1,0.33
Public Class,"org.apache.commons.math3.analysis.function.Log10",1,1,0,1,1,,1,,2,2,0,0,2,25,13,6,,,8,,,,1,1,1,,1,1,6,5,2,0,0,,,0,2,0,,2,4,10,,4,5,3,,,1,1,,0,100,2,2,2,2,0.77
Public Method,"org.apache.commons.math3.analysis.function.Log10.derivative",,,,,,,,,,,,,,9,7,4,1,0,4,1,1,0,,,,0,,,,,,,,,,,,,0,0,1,2,1,2,2,2,1,1,,,0,0,,1,1,1,1,0.29
Anonymous Class,"org.apache.commons.math3.analysis.function.Log10.derivative.(Anon_1)",1,1,0,1,1,,0,,1,1,0,0,1,5,4,3,,,2,,,,1,1,1,,1,1,4,3,2,0,0,,,0,1,0,,0,0,1,,1,1,1,,,1,1,,0,0,1,1,1,1,0.25
Public Method,"org.apache.commons.math3.analysis.function.Log10.derivative.(Anon_1).value",,,,,,,,,,,,,,4,3,2,1,0,2,1,1,0,,,,0,,,,,,,,,,,,,2,0,0,1,1,1,1,1,1,1,,,0,0,,1,1,1,1,0.33
Public Method,"org.apache.commons.math3.analysis.function.Log10.value",,,,,,,,,,,,,,4,3,1,2,0,2,1,1,0,,,,0,,,,,,,,,,,,,1,0,1,1,1,1,1,1,1,1,,,0,0,,1,1,1,1,0.33
Public Class,"org.apache.commons.math3.analysis.function.Log1p",1,1,0,1,1,,0,,2,2,0,0,2,22,12,5,,,7,,,,1,1,1,,1,1,6,5,2,0,0,,,0,2,0,,1,3,9,,3,4,3,,,1,1,,0,0,2,2,2,2,0.75
Public Method,"org.apache.commons.math3.analysis.function.Log1p.derivative",,,,,,,,,,,,,,9,7,4,1,0,4,1,1,0,,,,0,,,,,,,,,,,,,0,0,1,2,1,2,2,2,1,1,,,0,0,,1,1,1,1,0.29
Anonymous Class,"org.apache.commons.math3.analysis.function.Log1p.derivative.(Anon_1)",1,1,0,1,0,,0,,1,1,0,0,1,5,4,3,,,2,,,,1,1,1,,1,1,4,3,2,0,0,,,0,1,0,,0,0,1,,1,1,1,,,1,1,,0,0,1,1,1,1,0.25
Public Method,"org.apache.commons.math3.analysis.function.Log1p.derivative.(Anon_1).value",,,,,,,,,,,,,,4,3,2,1,0,2,1,1,0,,,,0,,,,,,,,,,,,,1,0,0,1,1,1,1,1,1,1,,,0,0,,1,1,1,1,0.33
Public Method,"org.apache.commons.math3.analysis.function.Log1p.value",,,,,,,,,,,,,,4,3,1,2,0,2,1,1,0,,,,0,,,,,,,,,,,,,1,0,1,1,1,1,1,1,1,1,,,0,0,,1,1,1,1,0.33
Public Class,"org.apache.commons.math3.analysis.function.Logistic",1,1,0,6,2,,0,,3,4,0,1,3,181,85,45,,,57,,,,2,1,1,,1,1,16,9,2,0,1,,,6,4,0,,12,42,84,,42,33,24,,,2,2,,1,50,5,5,4,5,0.99
Public Constructor,"org.apache.commons.math3.analysis.function.Logistic.Logistic",,,,,,,,,,,,,,30,16,8,8,0,9,2,2,0,,,,0,,,,,,,,,,,,,11,1,6,13,2,7,1,8,2,1,,,0,1,,2,2,1,2,0.81
Public Static Class,"org.apache.commons.math3.analysis.function.Logistic.Parametric",2,1,1,12,5,,0,,3,3,0,1,2,89,38,27,,,29,,,,4,1,1,,2,2,25,12,2,0,0,,,0,3,0,,6,19,45,,22,19,10,,,4,4,,1,0,6,6,3,6,1.18
Public Method,"org.apache.commons.math3.analysis.function.Logistic.Parametric.gradient",,,,,,,,,,,,,,38,19,17,6,0,18,1,1,0,,,,0,,,,,,,,,,,,,7,4,16,15,1,17,16,2,1,1,,,0,0,,1,1,1,1,0.79
Private Method,"org.apache.commons.math3.analysis.function.Logistic.Parametric.validateParameters",,,,,,,,,,,,,,22,11,6,3,1,7,4,4,0,,,,0,,,,,,,,,,,,,4,0,1,11,8,3,1,6,4,1,,,0,1,,4,4,1,4,1.00
Public Method,"org.apache.commons.math3.analysis.function.Logistic.Parametric.value",,,,,,,,,,,,,,17,6,4,3,0,3,1,1,0,,,,0,,,,,,,,,,,,,4,0,1,11,1,2,1,2,1,1,,,0,0,,1,1,1,1,1.83
Public Method,"org.apache.commons.math3.analysis.function.Logistic.derivative",,,,,,,,,,,,,,15,12,8,1,0,8,1,1,0,,,,0,,,,,,,,,,,,,1,0,3,3,1,5,4,4,1,1,,,0,0,,1,1,1,1,0.25
Anonymous Class,"org.apache.commons.math3.analysis.function.Logistic.derivative.(Anon_1)",2,1,0,2,2,,0,,1,1,0,0,1,11,9,7,,,6,,,,2,1,1,,2,2,10,8,2,0,0,,,0,1,0,,0,2,2,,4,3,3,,,2,2,,1,0,2,2,1,2,0.22
Public Method,"org.apache.commons.math3.analysis.function.Logistic.derivative.(Anon_1).value",,,,,,,,,,,,,,10,8,6,4,0,6,2,2,1,,,,0,,,,,,,,,,,,,5,0,2,2,2,4,3,3,2,1,,,0,1,,2,2,1,2,0.25
Public Method,"org.apache.commons.math3.analysis.function.Logistic.value",,,,,,,,,,,,,,4,3,1,2,0,2,1,1,0,,,,0,,,,,,,,,,,,,7,0,1,1,1,1,1,1,1,1,,,0,0,,1,1,1,1,0.33
Private Static Method,"org.apache.commons.math3.analysis.function.Logistic.value",,,,,,,,,,,,,,17,8,1,3,0,2,1,1,0,,,,0,,,,,,,,,,,,,9,0,6,9,1,1,1,1,1,1,,,0,0,,1,1,1,1,1.12
Public Class,"org.apache.commons.math3.analysis.function.LogisticTest",1,1,1,0,9,,0,,14,14,0,0,14,169,132,85,,,104,,,,2,1,1,,1,1,9,8,1,0,0,,,1,14,0,,33,90,4,,87,78,26,,,2,2,,1,57,16,16,14,16,0.03
Public Method,"org.apache.commons.math3.analysis.function.LogisticTest.testCompareDerivativeSigmoid",,,,,,,,,,,,,,19,16,13,6,0,16,2,2,0,,,,0,,,,,,,,,,,,,1,3,12,0,2,14,13,3,2,1,,,0,1,,2,2,1,2,0.00
Public Method,"org.apache.commons.math3.analysis.function.LogisticTest.testCompareSigmoid",,,,,,,,,,,,,,13,12,9,4,0,12,2,2,0,,,,0,,,,,,,,,,,,,1,1,8,0,2,10,9,3,2,1,,,0,1,,2,2,1,2,0.00
Public Method,"org.apache.commons.math3.analysis.function.LogisticTest.testGradientComponent0Component4",,,,,,,,,,,,,,15,11,9,3,0,10,1,1,0,,,,0,,,,,,,,,,,,,1,3,8,1,1,9,8,2,1,1,,,0,0,,1,1,1,1,0.09
Public Method,"org.apache.commons.math3.analysis.function.LogisticTest.testGradientComponent1Component2Component3",,,,,,,,,,,,,,20,16,14,4,0,15,1,1,0,,,,0,,,,,,,,,,,,,1,4,12,0,1,14,12,3,1,1,,,0,0,,1,1,1,1,0.00
Public Method,"org.apache.commons.math3.analysis.function.LogisticTest.testGradientComponent5",,,,,,,,,,,,,,18,14,12,4,0,12,1,1,0,,,,0,,,,,,,,,,,,,1,4,11,0,1,11,11,1,1,1,,,0,0,,1,1,1,1,0.00
Public Method,"org.apache.commons.math3.analysis.function.LogisticTest.testParametricUsage1",,,,,,,,,,,,,,4,4,2,1,0,3,1,1,0,,,,0,,,,,,,,,,,,,0,0,2,0,1,2,2,1,1,1,,,0,0,,1,1,1,1,0.00
Public Method,"org.apache.commons.math3.analysis.function.LogisticTest.testParametricUsage2",,,,,,,,,,,,,,4,4,2,1,0,3,1,1,0,,,,0,,,,,,,,,,,,,0,0,2,0,1,2,2,1,1,1,,,0,0,,1,1,1,1,0.00
Public Method,"org.apache.commons.math3.analysis.function.LogisticTest.testParametricUsage3",,,,,,,,,,,,,,4,4,2,1,0,3,1,1,0,,,,0,,,,,,,,,,,,,0,0,2,0,1,2,2,1,1,1,,,0,0,,1,1,1,1,0.00
Public Method,"org.apache.commons.math3.analysis.function.LogisticTest.testParametricUsage4",,,,,,,,,,,,,,4,4,2,1,0,3,1,1,0,,,,0,,,,,,,,,,,,,0,0,2,0,1,2,2,1,1,1,,,0,0,,1,1,1,1,0.00
Public Method,"org.apache.commons.math3.analysis.function.LogisticTest.testParametricUsage5",,,,,,,,,,,,,,4,4,2,1,0,3,1,1,0,,,,0,,,,,,,,,,,,,0,0,2,0,1,2,2,1,1,1,,,0,0,,1,1,1,1,0.00
Public Method,"org.apache.commons.math3.analysis.function.LogisticTest.testParametricUsage6",,,,,,,,,,,,,,4,4,2,1,0,3,1,1,0,,,,0,,,,,,,,,,,,,0,0,2,0,1,2,2,1,1,1,,,0,0,,1,1,1,1,0.00
Public Method,"org.apache.commons.math3.analysis.function.LogisticTest.testPreconditions1",,,,,,,,,,,,,,3,3,1,1,0,2,1,1,0,,,,0,,,,,,,,,,,,,0,0,1,0,1,1,1,1,1,1,,,0,0,,1,1,1,1,0.00
Public Method,"org.apache.commons.math3.analysis.function.LogisticTest.testPreconditions2",,,,,,,,,,,,,,3,3,1,1,0,2,1,1,0,,,,0,,,,,,,,,,,,,0,0,1,0,1,1,1,1,1,1,,,0,0,,1,1,1,1,0.00
Public Method,"org.apache.commons.math3.analysis.function.LogisticTest.testSomeValues",,,,,,,,,,,,,,20,16,13,4,0,15,1,1,0,,,,0,,,,,,,,,,,,,1,4,9,0,1,14,9,6,1,1,,,0,0,,1,1,1,1,0.00
Public Class,"org.apache.commons.math3.analysis.function.Logit",1,1,0,3,2,,0,,4,5,0,1,4,130,50,21,,,32,,,,2,1,1,,1,1,9,5,2,0,1,,,2,5,0,,10,17,70,,18,15,17,,,2,3,,1,60,6,7,5,6,1.40
Public Constructor,"org.apache.commons.math3.analysis.function.Logit.Logit",,,,,,,,,,,,,,11,5,2,3,0,3,1,1,0,,,,0,,,,,,,,,,,,,12,0,2,6,1,2,1,2,1,1,,,0,0,,1,1,1,1,1.20
Public Constructor,"org.apache.commons.math3.analysis.function.Logit.Logit",,,,,,,,,,,,,,7,3,1,2,0,2,1,1,0,,,,0,,,,,,,,,,,,,0,0,1,4,1,1,1,1,1,1,,,0,0,,1,1,1,1,1.33
Public Static Class,"org.apache.commons.math3.analysis.function.Logit.Parametric",1,1,0,11,3,,0,,3,3,0,1,2,65,20,10,,,14,,,,3,1,1,,1,1,17,6,2,0,0,,,0,3,0,,4,6,41,,8,6,8,,,3,3,,1,0,5,5,3,5,2.05
Public Method,"org.apache.commons.math3.analysis.function.Logit.Parametric.gradient",,,,,,,,,,,,,,21,6,4,2,0,5,1,1,0,,,,0,,,,,,,,,,,,,3,2,3,13,1,4,3,2,1,1,,,0,0,,1,1,1,1,2.17
Private Method,"org.apache.commons.math3.analysis.function.Logit.Parametric.validateParameters",,,,,,,,,,,,,,18,8,4,2,1,5,3,3,0,,,,0,,,,,,,,,,,,,4,0,1,10,4,2,1,4,3,1,,,0,1,,3,3,1,3,1.25
Public Method,"org.apache.commons.math3.analysis.function.Logit.Parametric.value",,,,,,,,,,,,,,14,4,2,3,0,3,1,1,0,,,,0,,,,,,,,,,,,,6,0,1,10,1,2,1,2,1,1,,,0,0,,1,1,1,1,2.50
Public Method,"org.apache.commons.math3.analysis.function.Logit.derivative",,,,,,,,,,,,,,9,7,4,1,0,4,1,1,0,,,,0,,,,,,,,,,,,,3,0,1,2,1,2,2,2,1,1,,,0,0,,1,1,1,1,0.29
Anonymous Class,"org.apache.commons.math3.analysis.function.Logit.derivative.(Anon_1)",1,1,0,1,1,,0,,1,1,0,0,1,5,4,3,,,2,,,,1,1,1,,1,1,4,3,2,0,0,,,0,1,0,,0,0,1,,1,1,1,,,1,1,,0,0,1,1,1,1,0.25
Public Method,"org.apache.commons.math3.analysis.function.Logit.derivative.(Anon_1).value",,,,,,,,,,,,,,4,3,2,1,0,2,1,1,0,,,,0,,,,,,,,,,,,,3,0,0,1,1,1,1,1,1,1,,,0,0,,1,1,1,1,0.33
Public Method,"org.apache.commons.math3.analysis.function.Logit.value",,,,,,,,,,,,,,4,3,1,2,0,2,1,1,0,,,,0,,,,,,,,,,,,,4,0,1,1,1,1,1,1,1,1,,,0,0,,1,1,1,1,0.33
Private Static Method,"org.apache.commons.math3.analysis.function.Logit.value",,,,,,,,,,,,,,14,8,3,3,0,4,2,3,0,,,,0,,,,,,,,,,,,,5,0,3,6,2,2,1,3,2,1,,,0,1,,2,3,1,2,0.75
Public Class,"org.apache.commons.math3.analysis.function.LogitTest",1,1,0,0,9,,0,,14,14,0,0,14,143,117,70,,,89,,,,2,1,1,,1,1,7,7,1,0,0,,,1,14,0,,23,71,5,,72,58,31,,,2,2,,1,78,16,16,14,16,0.04
Public Method,"org.apache.commons.math3.analysis.function.LogitTest.testDerivative",,,,,,,,,,,,,,8,7,5,4,0,6,1,1,0,,,,0,,,,,,,,,,,,,1,1,5,0,1,5,5,1,1,1,,,0,0,,1,1,1,1,0.00
Public Method,"org.apache.commons.math3.analysis.function.LogitTest.testDerivativeLargeArguments",,,,,,,,,,,,,,11,10,8,4,0,9,1,1,0,,,,0,,,,,,,,,,,,,0,1,3,0,1,8,3,6,1,1,,,0,0,,1,1,1,1,0.00
Public Method,"org.apache.commons.math3.analysis.function.LogitTest.testDerivativeWithInverseFunction",,,,,,,,,,,,,,19,17,13,8,0,16,2,2,0,,,,0,,,,,,,,,,,,,0,2,11,2,2,14,11,5,2,1,,,0,1,,2,2,1,2,0.12
Public Method,"org.apache.commons.math3.analysis.function.LogitTest.testParametricUsage1",,,,,,,,,,,,,,4,4,2,1,0,3,1,1,0,,,,0,,,,,,,,,,,,,0,0,2,0,1,2,2,1,1,1,,,0,0,,1,1,1,1,0.00
Public Method,"org.apache.commons.math3.analysis.function.LogitTest.testParametricUsage2",,,,,,,,,,,,,,4,4,2,1,0,3,1,1,0,,,,0,,,,,,,,,,,,,0,0,2,0,1,2,2,1,1,1,,,0,0,,1,1,1,1,0.00
Public Method,"org.apache.commons.math3.analysis.function.LogitTest.testParametricUsage3",,,,,,,,,,,,,,4,4,2,1,0,3,1,1,0,,,,0,,,,,,,,,,,,,0,0,2,0,1,2,2,1,1,1,,,0,0,,1,1,1,1,0.00
Public Method,"org.apache.commons.math3.analysis.function.LogitTest.testParametricUsage4",,,,,,,,,,,,,,4,4,2,1,0,3,1,1,0,,,,0,,,,,,,,,,,,,0,0,2,0,1,2,2,1,1,1,,,0,0,,1,1,1,1,0.00
Public Method,"org.apache.commons.math3.analysis.function.LogitTest.testParametricUsage5",,,,,,,,,,,,,,4,4,2,1,0,3,1,1,0,,,,0,,,,,,,,,,,,,0,0,2,0,1,2,2,1,1,1,,,0,0,,1,1,1,1,0.00
Public Method,"org.apache.commons.math3.analysis.function.LogitTest.testParametricUsage6",,,,,,,,,,,,,,4,4,2,1,0,3,1,1,0,,,,0,,,,,,,,,,,,,0,0,2,0,1,2,2,1,1,1,,,0,0,,1,1,1,1,0.00
Public Method,"org.apache.commons.math3.analysis.function.LogitTest.testParametricValue",,,,,,,,,,,,,,10,9,7,4,0,8,1,1,0,,,,0,,,,,,,,,,,,,0,1,5,0,1,7,5,3,1,1,,,0,0,,1,1,1,1,0.00
Public Method,"org.apache.commons.math3.analysis.function.LogitTest.testPreconditions1",,,,,,,,,,,,,,7,6,4,2,0,5,1,1,0,,,,0,,,,,,,,,,,,,0,1,4,0,1,4,4,1,1,1,,,0,0,,1,1,1,1,0.00
Public Method,"org.apache.commons.math3.analysis.function.LogitTest.testPreconditions2",,,,,,,,,,,,,,7,6,4,2,0,5,1,1,0,,,,0,,,,,,,,,,,,,0,1,4,0,1,4,4,1,1,1,,,0,0,,1,1,1,1,0.00
Public Method,"org.apache.commons.math3.analysis.function.LogitTest.testSomeValues",,,,,,,,,,,,,,9,8,6,3,0,7,1,1,0,,,,0,,,,,,,,,,,,,1,1,4,0,1,6,4,3,1,1,,,0,0,,1,1,1,1,0.00
Public Method,"org.apache.commons.math3.analysis.function.LogitTest.testValueWithInverseFunction",,,,,,,,,,,,,,15,13,10,6,0,13,2,2,0,,,,0,,,,,,,,,,,,,1,2,7,0,2,11,8,5,2,1,,,0,1,,2,2,1,2,0.00
Public Class,"org.apache.commons.math3.analysis.function.Max",1,1,0,1,1,,0,,1,1,0,0,1,12,5,1,,,3,,,,1,1,1,,1,1,4,3,2,0,0,,,0,1,0,,0,2,7,,1,2,1,,,1,1,,0,0,1,1,1,1,1.40
Public Method,"org.apache.commons.math3.analysis.function.Max.value",,,,,,,,,,,,,,4,3,1,2,0,2,1,1,0,,,,0,,,,,,,,,,,,,2,0,1,1,1,1,1,1,1,1,,,0,0,,1,1,1,1,0.33
Public Class,"org.apache.commons.math3.analysis.function.Min",1,1,0,1,1,,0,,1,1,0,0,1,12,5,1,,,3,,,,1,1,1,,1,1,4,3,2,0,0,,,0,1,0,,0,2,7,,1,2,1,,,1,1,,0,0,1,1,1,1,1.40
Public Method,"org.apache.commons.math3.analysis.function.Min.value",,,,,,,,,,,,,,4,3,1,2,0,2,1,1,0,,,,0,,,,,,,,,,,,,2,0,1,1,1,1,1,1,1,1,,,0,0,,1,1,1,1,0.33
Public Class,"org.apache.commons.math3.analysis.function.Minus",1,1,0,1,1,,0,,2,2,0,0,2,17,8,2,,,5,,,,1,1,1,,1,1,4,3,2,0,0,,,0,2,0,,1,3,8,,2,3,2,,,1,1,,0,0,2,2,2,2,1.00
Public Method,"org.apache.commons.math3.analysis.function.Minus.derivative",,,,,,,,,,,,,,4,3,1,2,0,2,1,1,0,,,,0,,,,,,,,,,,,,0,0,1,1,1,1,1,1,1,1,,,0,0,,1,1,1,1,0.33
Public Method,"org.apache.commons.math3.analysis.function.Minus.value",,,,,,,,,,,,,,4,3,1,1,0,2,1,1,0,,,,0,,,,,,,,,,,,,1,0,1,1,1,1,1,1,1,1,,,0,0,,1,1,1,1,0.33
Public Class,"org.apache.commons.math3.analysis.function.Multiply",1,1,0,1,0,,0,,1,1,0,0,1,12,5,1,,,3,,,,1,1,1,,1,1,4,3,2,0,0,,,0,1,0,,0,2,7,,1,2,1,,,1,1,,0,0,1,1,1,1,1.40
Public Method,"org.apache.commons.math3.analysis.function.Multiply.value",,,,,,,,,,,,,,4,3,1,1,0,2,1,1,0,,,,0,,,,,,,,,,,,,2,0,1,1,1,1,1,1,1,1,,,0,0,,1,1,1,1,0.33
Public Class,"org.apache.commons.math3.analysis.function.Pow",1,1,0,1,1,,0,,1,1,0,0,1,12,5,1,,,3,,,,1,1,1,,1,1,4,3,2,0,0,,,0,1,0,,0,2,7,,1,2,1,,,1,1,,0,0,1,1,1,1,1.40
Public Method,"org.apache.commons.math3.analysis.function.Pow.value",,,,,,,,,,,,,,4,3,1,2,0,2,1,1,0,,,,0,,,,,,,,,,,,,2,0,1,1,1,1,1,1,1,1,,,0,0,,1,1,1,1,0.33
Public Class,"org.apache.commons.math3.analysis.function.Power",1,1,0,2,1,,0,,3,3,0,0,3,32,16,6,,,10,,,,1,1,1,,1,1,6,4,2,0,0,,,1,3,0,,3,5,13,,5,6,4,,,1,1,,0,33,3,3,3,3,0.81
Public Constructor,"org.apache.commons.math3.analysis.function.Power.Power",,,,,,,,,,,,,,6,3,1,2,0,2,1,1,0,,,,0,,,,,,,,,,,,,8,0,1,3,1,1,1,1,1,1,,,0,0,,1,1,1,1,1.00
Public Method,"org.apache.commons.math3.analysis.function.Power.derivative",,,,,,,,,,,,,,9,7,4,1,0,4,1,1,0,,,,0,,,,,,,,,,,,,0,0,1,2,1,2,2,2,1,1,,,0,0,,1,1,1,1,0.29
Anonymous Class,"org.apache.commons.math3.analysis.function.Power.derivative.(Anon_1)",1,1,0,1,2,,0,,1,1,0,0,1,5,4,3,,,2,,,,1,1,1,,1,1,4,3,2,0,0,,,0,1,0,,0,0,1,,1,1,1,,,1,1,,0,0,1,1,1,1,0.25
Public Method,"org.apache.commons.math3.analysis.function.Power.derivative.(Anon_1).value",,,,,,,,,,,,,,4,3,2,2,0,2,1,1,0,,,,0,,,,,,,,,,,,,2,0,0,1,1,1,1,1,1,1,,,0,0,,1,1,1,1,0.33
Public Method,"org.apache.commons.math3.analysis.function.Power.value",,,,,,,,,,,,,,4,3,1,2,0,2,1,1,0,,,,0,,,,,,,,,,,,,2,0,1,1,1,1,1,1,1,1,,,0,0,,1,1,1,1,0.33
Public Class,"org.apache.commons.math3.analysis.function.Rint",1,1,0,1,1,,0,,1,1,0,0,1,12,5,1,,,3,,,,1,1,1,,1,1,4,3,2,0,0,,,0,1,0,,0,2,7,,1,2,1,,,1,1,,0,0,1,1,1,1,1.40
Public Method,"org.apache.commons.math3.analysis.function.Rint.value",,,,,,,,,,,,,,4,3,1,2,0,2,1,1,0,,,,0,,,,,,,,,,,,,1,0,1,1,1,1,1,1,1,1,,,0,0,,1,1,1,1,0.33
Public Class,"org.apache.commons.math3.analysis.function.Sigmoid",1,1,0,4,1,,0,,4,5,0,1,4,134,51,22,,,33,,,,1,1,1,,1,1,9,5,2,0,1,,,2,5,0,,10,18,73,,19,16,17,,,1,1,,0,60,5,5,5,5,1.43
Public Static Class,"org.apache.commons.math3.analysis.function.Sigmoid.Parametric",1,1,0,11,4,,0,,3,3,0,1,2,64,19,9,,,13,,,,3,1,1,,1,1,17,5,2,0,0,,,0,3,0,,4,5,41,,7,5,8,,,3,3,,1,0,5,5,3,5,2.16
Public Method,"org.apache.commons.math3.analysis.function.Sigmoid.Parametric.gradient",,,,,,,,,,,,,,20,5,3,3,0,4,1,1,0,,,,0,,,,,,,,,,,,,4,2,2,13,1,3,2,2,1,1,,,0,0,,1,1,1,1,2.60
Private Method,"org.apache.commons.math3.analysis.function.Sigmoid.Parametric.validateParameters",,,,,,,,,,,,,,18,8,4,2,1,5,3,3,0,,,,0,,,,,,,,,,,,,4,0,1,10,4,2,1,4,3,1,,,0,1,,3,3,1,3,1.25
Public Method,"org.apache.commons.math3.analysis.function.Sigmoid.Parametric.value",,,,,,,,,,,,,,14,4,2,3,0,3,1,1,0,,,,0,,,,,,,,,,,,,4,0,1,10,1,2,1,2,1,1,,,0,0,,1,1,1,1,2.50
Public Constructor,"org.apache.commons.math3.analysis.function.Sigmoid.Sigmoid",,,,,,,,,,,,,,11,5,2,3,0,3,1,1,0,,,,0,,,,,,,,,,,,,9,0,2,6,1,2,1,2,1,1,,,0,0,,1,1,1,1,1.20
Public Constructor,"org.apache.commons.math3.analysis.function.Sigmoid.Sigmoid",,,,,,,,,,,,,,7,3,1,2,0,2,1,1,0,,,,0,,,,,,,,,,,,,3,0,1,4,1,1,1,1,1,1,,,0,0,,1,1,1,1,1.33
Public Method,"org.apache.commons.math3.analysis.function.Sigmoid.derivative",,,,,,,,,,,,,,15,12,8,1,0,8,1,1,0,,,,0,,,,,,,,,,,,,4,0,3,3,1,5,4,4,1,1,,,0,0,,1,1,1,1,0.25
Anonymous Class,"org.apache.commons.math3.analysis.function.Sigmoid.derivative.(Anon_1)",2,1,0,2,2,,0,,1,1,0,0,1,11,9,7,,,6,,,,2,1,1,,2,2,10,8,2,0,0,,,0,1,0,,0,2,2,,4,3,3,,,2,2,,1,0,2,2,1,2,0.22
Public Method,"org.apache.commons.math3.analysis.function.Sigmoid.derivative.(Anon_1).value",,,,,,,,,,,,,,10,8,6,3,0,6,2,2,1,,,,0,,,,,,,,,,,,,3,0,2,2,2,4,3,3,2,1,,,0,1,,2,2,1,2,0.25
Public Method,"org.apache.commons.math3.analysis.function.Sigmoid.value",,,,,,,,,,,,,,4,3,1,2,0,2,1,1,0,,,,0,,,,,,,,,,,,,4,0,1,1,1,1,1,1,1,1,,,0,0,,1,1,1,1,0.33
Private Static Method,"org.apache.commons.math3.analysis.function.Sigmoid.value",,,,,,,,,,,,,,11,5,1,2,0,2,1,1,0,,,,0,,,,,,,,,,,,,5,0,3,6,1,1,1,1,1,1,,,0,0,,1,1,1,1,1.20
Public Class,"org.apache.commons.math3.analysis.function.SigmoidTest",1,1,0,0,5,,0,,8,8,0,0,8,74,59,33,,,42,,,,1,1,1,,1,1,6,6,1,0,0,,,1,8,0,,12,31,3,,33,23,19,,,1,1,,0,87,8,8,8,8,0.05
Public Method,"org.apache.commons.math3.analysis.function.SigmoidTest.testDerivative",,,,,,,,,,,,,,6,5,3,4,0,4,1,1,0,,,,0,,,,,,,,,,,,,0,1,3,0,1,3,3,1,1,1,,,0,0,,1,1,1,1,0.00
Public Method,"org.apache.commons.math3.analysis.function.SigmoidTest.testDerivativeLargeArguments",,,,,,,,,,,,,,13,12,10,4,0,11,1,1,0,,,,0,,,,,,,,,,,,,0,1,3,0,1,10,3,8,1,1,,,0,0,,1,1,1,1,0.00
Public Method,"org.apache.commons.math3.analysis.function.SigmoidTest.testParametricUsage1",,,,,,,,,,,,,,4,4,2,1,0,3,1,1,0,,,,0,,,,,,,,,,,,,0,0,2,0,1,2,2,1,1,1,,,0,0,,1,1,1,1,0.00
Public Method,"org.apache.commons.math3.analysis.function.SigmoidTest.testParametricUsage2",,,,,,,,,,,,,,4,4,2,1,0,3,1,1,0,,,,0,,,,,,,,,,,,,0,0,2,0,1,2,2,1,1,1,,,0,0,,1,1,1,1,0.00
Public Method,"org.apache.commons.math3.analysis.function.SigmoidTest.testParametricUsage3",,,,,,,,,,,,,,4,4,2,1,0,3,1,1,0,,,,0,,,,,,,,,,,,,0,0,2,0,1,2,2,1,1,1,,,0,0,,1,1,1,1,0.00
Public Method,"org.apache.commons.math3.analysis.function.SigmoidTest.testParametricUsage4",,,,,,,,,,,,,,4,4,2,1,0,3,1,1,0,,,,0,,,,,,,,,,,,,0,0,2,0,1,2,2,1,1,1,,,0,0,,1,1,1,1,0.00
Public Method,"org.apache.commons.math3.analysis.function.SigmoidTest.testParametricValue",,,,,,,,,,,,,,10,9,7,4,0,8,1,1,0,,,,0,,,,,,,,,,,,,0,1,5,0,1,7,5,3,1,1,,,0,0,,1,1,1,1,0.00
Public Method,"org.apache.commons.math3.analysis.function.SigmoidTest.testSomeValues",,,,,,,,,,,,,,7,6,4,3,0,5,1,1,0,,,,0,,,,,,,,,,,,,1,1,2,0,1,4,2,3,1,1,,,0,0,,1,1,1,1,0.00
Public Class,"org.apache.commons.math3.analysis.function.Signum",1,1,0,1,1,,0,,1,1,0,0,1,12,5,1,,,3,,,,1,1,1,,1,1,4,3,2,0,0,,,0,1,0,,0,2,7,,1,2,1,,,1,1,,0,0,1,1,1,1,1.40
Public Method,"org.apache.commons.math3.analysis.function.Signum.value",,,,,,,,,,,,,,4,3,1,2,0,2,1,1,0,,,,0,,,,,,,,,,,,,1,0,1,1,1,1,1,1,1,1,,,0,0,,1,1,1,1,0.33
Public Class,"org.apache.commons.math3.analysis.function.Sin",1,1,0,1,2,,0,,2,2,0,0,2,17,8,2,,,5,,,,1,1,1,,1,1,4,3,2,0,0,,,0,2,0,,1,3,8,,2,3,2,,,1,1,,0,0,2,2,2,2,1.00
Public Method,"org.apache.commons.math3.analysis.function.Sin.derivative",,,,,,,,,,,,,,4,3,1,1,0,2,1,1,0,,,,0,,,,,,,,,,,,,0,0,1,1,1,1,1,1,1,1,,,0,0,,1,1,1,1,0.33
Public Method,"org.apache.commons.math3.analysis.function.Sin.value",,,,,,,,,,,,,,4,3,1,2,0,2,1,1,0,,,,0,,,,,,,,,,,,,1,0,1,1,1,1,1,1,1,1,,,0,0,,1,1,1,1,0.33
Public Class,"org.apache.commons.math3.analysis.function.Sinc",1,1,0,4,1,,1,,4,6,0,2,4,94,42,23,,,25,,,,2,1,1,,1,1,11,6,2,0,2,,,1,6,0,,6,11,46,,14,13,12,,,2,2,,1,58,10,10,6,10,1.10
Public Constructor,"org.apache.commons.math3.analysis.function.Sinc.Sinc",,,,,,,,,,,,,,6,3,1,2,0,2,1,1,0,,,,0,,,,,,,,,,,,,8,0,1,3,1,1,1,1,1,1,,,0,0,,1,1,1,1,1.00
Public Constructor,"org.apache.commons.math3.analysis.function.Sinc.Sinc",,,,,,,,,,,,,,9,3,1,2,0,2,1,1,0,,,,0,,,,,,,,,,,,,4,0,1,6,1,1,1,1,1,1,,,0,0,,1,1,1,1,2.00
Public Method,"org.apache.commons.math3.analysis.function.Sinc.derivative",,,,,,,,,,,,,,19,16,11,1,0,9,2,2,1,,,,0,,,,,,,,,,,,,3,0,2,3,2,5,4,5,2,1,,,0,0,,2,2,1,2,0.19
Anonymous Class,"org.apache.commons.math3.analysis.function.Sinc.derivative.(Anon_1)",1,1,0,1,1,,0,,1,1,0,0,1,6,5,4,,,3,,,,1,1,1,,1,1,5,4,2,0,0,,,0,1,0,,0,1,1,,2,2,1,,,1,1,,0,0,1,1,1,1,0.20
Public Method,"org.apache.commons.math3.analysis.function.Sinc.derivative.(Anon_1).value",,,,,,,,,,,,,,5,4,3,2,0,3,1,1,0,,,,0,,,,,,,,,,,,,1,0,1,1,1,2,2,1,1,1,,,0,0,,1,1,1,1,0.25
Anonymous Class,"org.apache.commons.math3.analysis.function.Sinc.derivative.(Anon_2)",1,1,0,1,1,,0,,1,1,0,0,1,5,4,3,,,2,,,,1,1,1,,1,1,4,3,2,0,0,,,0,1,0,,0,0,1,,1,1,1,,,1,1,,0,0,1,1,1,1,0.25
Public Method,"org.apache.commons.math3.analysis.function.Sinc.derivative.(Anon_2).value",,,,,,,,,,,,,,4,3,2,2,0,2,1,1,0,,,,0,,,,,,,,,,,,,1,0,0,1,1,1,1,1,1,1,,,0,0,,1,1,1,1,0.33
Private Static Method,"org.apache.commons.math3.analysis.function.Sinc.sinc",,,,,,,,,,,,,,12,4,2,3,0,2,2,2,0,,,,0,,,,,,,,,,,,,3,0,1,8,1,1,1,1,2,1,,,0,0,,2,2,1,2,2.00
Private Static Method,"org.apache.commons.math3.analysis.function.Sinc.sincDerivative",,,,,,,,,,,,,,12,4,2,4,0,2,2,2,0,,,,0,,,,,,,,,,,,,4,0,1,8,1,1,1,1,2,1,,,0,0,,2,2,1,2,2.00
Public Method,"org.apache.commons.math3.analysis.function.Sinc.value",,,,,,,,,,,,,,9,8,5,2,0,5,2,2,1,,,,0,,,,,,,,,,,,,6,0,2,1,2,3,2,3,2,1,,,0,1,,2,2,1,2,0.12
Public Class,"org.apache.commons.math3.analysis.function.SincTest",1,1,0,0,3,,0,,6,6,0,0,6,70,61,33,,,46,,,,2,1,1,,1,1,9,8,1,0,0,,,0,6,0,,9,32,0,,33,29,17,,,2,2,,1,0,10,10,6,10,0.00
Public Method,"org.apache.commons.math3.analysis.function.SincTest.testCrossings",,,,,,,,,,,,,,8,8,5,3,0,8,2,2,0,,,,0,,,,,,,,,,,,,0,0,4,0,2,6,5,3,2,1,,,0,1,,2,2,1,2,0.00
Public Method,"org.apache.commons.math3.analysis.function.SincTest.testDerivativeShortcut",,,,,,,,,,,,,,14,13,8,4,0,11,2,2,0,,,,0,,,,,,,,,,,,,0,1,6,0,2,8,7,4,2,1,,,0,1,,2,2,1,2,0.00
Anonymous Class,"org.apache.commons.math3.analysis.function.SincTest.testDerivativeShortcut.(Anon_2)",1,1,0,0,1,,0,,1,1,0,0,1,4,4,3,,,2,,,,1,1,1,,1,1,3,3,2,0,0,,,0,1,0,,0,1,0,,1,1,1,,,1,1,,0,0,1,1,1,1,0.00
Public Method,"org.apache.commons.math3.analysis.function.SincTest.testDerivativeShortcut.(Anon_2).value",,,,,,,,,,,,,,3,3,2,3,0,2,1,1,0,,,,0,,,,,,,,,,,,,1,0,0,0,1,1,1,1,1,1,,,0,0,,1,1,1,1,0.00
Public Method,"org.apache.commons.math3.analysis.function.SincTest.testDerivativeZero",,,,,,,,,,,,,,5,4,2,4,0,3,1,1,0,,,,0,,,,,,,,,,,,,0,1,2,0,1,2,2,1,1,1,,,0,0,,1,1,1,1,0.00
Public Method,"org.apache.commons.math3.analysis.function.SincTest.testEuler",,,,,,,,,,,,,,11,11,8,4,0,9,2,2,0,,,,0,,,,,,,,,,,,,0,0,5,0,2,7,5,4,2,1,,,0,1,,2,2,1,2,0.00
Public Method,"org.apache.commons.math3.analysis.function.SincTest.testShortcut",,,,,,,,,,,,,,14,13,8,4,0,11,2,2,0,,,,0,,,,,,,,,,,,,0,1,6,0,2,8,7,4,2,1,,,0,1,,2,2,1,2,0.00
Anonymous Class,"org.apache.commons.math3.analysis.function.SincTest.testShortcut.(Anon_1)",1,1,0,0,1,,0,,1,1,0,0,1,4,4,3,,,2,,,,1,1,1,,1,1,3,3,2,0,0,,,0,1,0,,0,1,0,,1,1,1,,,1,1,,0,0,1,1,1,1,0.00
Public Method,"org.apache.commons.math3.analysis.function.SincTest.testShortcut.(Anon_1).value",,,,,,,,,,,,,,3,3,2,2,0,2,1,1,0,,,,0,,,,,,,,,,,,,1,0,0,0,1,1,1,1,1,1,,,0,0,,1,1,1,1,0.00
Public Method,"org.apache.commons.math3.analysis.function.SincTest.testZero",,,,,,,,,,,,,,4,4,2,3,0,3,1,1,0,,,,0,,,,,,,,,,,,,0,0,2,0,1,2,2,1,1,1,,,0,0,,1,1,1,1,0.00
Public Class,"org.apache.commons.math3.analysis.function.Sinh",1,1,0,1,2,,0,,2,2,0,0,2,17,8,2,,,5,,,,1,1,1,,1,1,4,3,2,0,0,,,0,2,0,,1,3,8,,2,3,2,,,1,1,,0,0,2,2,2,2,1.00
Public Method,"org.apache.commons.math3.analysis.function.Sinh.derivative",,,,,,,,,,,,,,4,3,1,1,0,2,1,1,0,,,,0,,,,,,,,,,,,,0,0,1,1,1,1,1,1,1,1,,,0,0,,1,1,1,1,0.33
Public Method,"org.apache.commons.math3.analysis.function.Sinh.value",,,,,,,,,,,,,,4,3,1,2,0,2,1,1,0,,,,0,,,,,,,,,,,,,1,0,1,1,1,1,1,1,1,1,,,0,0,,1,1,1,1,0.33
Public Class,"org.apache.commons.math3.analysis.function.Sqrt",1,1,0,1,1,,0,,2,2,0,0,2,22,12,5,,,7,,,,1,1,1,,1,1,6,5,2,0,0,,,0,2,0,,1,3,9,,3,4,3,,,1,1,,0,0,2,2,2,2,0.75
Public Method,"org.apache.commons.math3.analysis.function.Sqrt.derivative",,,,,,,,,,,,,,9,7,4,1,0,4,1,1,0,,,,0,,,,,,,,,,,,,1,0,1,2,1,2,2,2,1,1,,,0,0,,1,1,1,1,0.29
Anonymous Class,"org.apache.commons.math3.analysis.function.Sqrt.derivative.(Anon_1)",1,1,0,1,1,,0,,1,1,0,0,1,5,4,3,,,2,,,,1,1,1,,1,1,4,3,2,0,0,,,0,1,0,,0,0,1,,1,1,1,,,1,1,,0,0,1,1,1,1,0.25
Public Method,"org.apache.commons.math3.analysis.function.Sqrt.derivative.(Anon_1).value",,,,,,,,,,,,,,4,3,2,2,0,2,1,1,0,,,,0,,,,,,,,,,,,,1,0,0,1,1,1,1,1,1,1,,,0,0,,1,1,1,1,0.33
Public Method,"org.apache.commons.math3.analysis.function.Sqrt.value",,,,,,,,,,,,,,4,3,1,2,0,2,1,1,0,,,,0,,,,,,,,,,,,,2,0,1,1,1,1,1,1,1,1,,,0,0,,1,1,1,1,0.33
Public Class,"org.apache.commons.math3.analysis.function.SqrtTest",2,1,1,0,2,,0,,2,2,0,0,2,33,30,16,,,23,,,,2,1,1,,2,2,14,13,1,0,0,,,0,2,0,,3,15,0,,16,15,8,,,2,2,,1,0,4,4,2,4,0.00
Public Method,"org.apache.commons.math3.analysis.function.SqrtTest.testComparison",,,,,,,,,,,,,,14,13,8,3,0,11,2,2,0,,,,0,,,,,,,,,,,,,0,1,6,0,2,8,7,4,2,1,,,0,1,,2,2,1,2,0.00
Anonymous Class,"org.apache.commons.math3.analysis.function.SqrtTest.testComparison.(Anon_1)",1,1,0,0,0,,0,,1,1,0,0,1,4,4,3,,,2,,,,1,1,1,,1,1,3,3,2,0,0,,,0,1,0,,0,1,0,,1,1,1,,,1,1,,0,0,1,1,1,1,0.00
Public Method,"org.apache.commons.math3.analysis.function.SqrtTest.testComparison.(Anon_1).value",,,,,,,,,,,,,,3,3,2,2,0,2,1,1,0,,,,0,,,,,,,,,,,,,1,0,0,0,1,1,1,1,1,1,,,0,0,,1,1,1,1,0.00
Public Method,"org.apache.commons.math3.analysis.function.SqrtTest.testDerivativeComparison",,,,,,,,,,,,,,14,13,8,3,0,11,2,2,0,,,,0,,,,,,,,,,,,,0,1,6,0,2,8,7,4,2,1,,,0,1,,2,2,1,2,0.00
Anonymous Class,"org.apache.commons.math3.analysis.function.SqrtTest.testDerivativeComparison.(Anon_2)",1,1,0,0,0,,0,,1,1,0,0,1,4,4,3,,,2,,,,1,1,1,,1,1,3,3,2,0,0,,,0,1,0,,0,1,0,,1,1,1,,,1,1,,0,0,1,1,1,1,0.00
Public Method,"org.apache.commons.math3.analysis.function.SqrtTest.testDerivativeComparison.(Anon_2).value",,,,,,,,,,,,,,3,3,2,2,0,2,1,1,0,,,,0,,,,,,,,,,,,,1,0,0,0,1,1,1,1,1,1,,,0,0,,1,1,1,1,0.00
Public Class,"org.apache.commons.math3.analysis.function.StepFunction",3,1,1,12,4,,0,,2,2,0,0,2,72,33,20,,,22,,,,4,1,1,,3,4,28,14,2,0,0,,,2,2,0,,5,8,34,,14,7,15,,,4,6,,1,0,7,9,2,7,1.03
Public Constructor,"org.apache.commons.math3.analysis.function.StepFunction.StepFunction",,,,,,,,,,,,,,38,17,11,8,1,10,4,6,0,,,,0,,,,,,,,,,,,,12,1,2,20,8,6,1,9,4,1,,,0,1,,4,6,1,4,1.18
Public Method,"org.apache.commons.math3.analysis.function.StepFunction.value",,,,,,,,,,,,,,19,12,9,2,0,9,3,3,2,,,,0,,,,,,,,,,,,,3,2,3,5,3,6,3,6,3,1,,,0,1,,3,3,1,3,0.42
Public Class,"org.apache.commons.math3.analysis.function.StepFunctionTest",1,1,0,0,6,,0,,9,9,0,0,9,88,73,42,,,52,,,,3,1,1,,1,1,7,6,1,0,0,,,1,9,0,,12,30,3,,40,21,31,,,3,3,,2,77,11,11,9,11,0.04
Public Method,"org.apache.commons.math3.analysis.function.StepFunctionTest.testEndpointBehavior",,,,,,,,,,,,,,19,19,15,3,0,17,3,3,1,,,,0,,,,,,,,,,,,,2,0,6,0,3,14,7,10,3,1,,,0,2,,3,3,1,3,0.00
Public Method,"org.apache.commons.math3.analysis.function.StepFunctionTest.testHeaviside",,,,,,,,,,,,,,12,11,9,3,0,9,1,1,0,,,,0,,,,,,,,,,,,,0,1,3,0,1,8,2,7,1,1,,,0,0,,1,1,1,1,0.00
Public Method,"org.apache.commons.math3.analysis.function.StepFunctionTest.testPreconditions1",,,,,,,,,,,,,,3,3,1,1,0,2,1,1,0,,,,0,,,,,,,,,,,,,0,0,1,0,1,1,1,1,1,1,,,0,0,,1,1,1,1,0.00
Public Method,"org.apache.commons.math3.analysis.function.StepFunctionTest.testPreconditions2",,,,,,,,,,,,,,3,3,1,1,0,2,1,1,0,,,,0,,,,,,,,,,,,,0,0,1,0,1,1,1,1,1,1,,,0,0,,1,1,1,1,0.00
Public Method,"org.apache.commons.math3.analysis.function.StepFunctionTest.testPreconditions3",,,,,,,,,,,,,,3,3,1,1,0,2,1,1,0,,,,0,,,,,,,,,,,,,0,0,1,0,1,1,1,1,1,1,,,0,0,,1,1,1,1,0.00
Public Method,"org.apache.commons.math3.analysis.function.StepFunctionTest.testPreconditions4",,,,,,,,,,,,,,3,3,1,1,0,2,1,1,0,,,,0,,,,,,,,,,,,,0,0,1,0,1,1,1,1,1,1,,,0,0,,1,1,1,1,0.00
Public Method,"org.apache.commons.math3.analysis.function.StepFunctionTest.testPreconditions5",,,,,,,,,,,,,,3,3,1,1,0,2,1,1,0,,,,0,,,,,,,,,,,,,0,0,1,0,1,1,1,1,1,1,,,0,0,,1,1,1,1,0.00
Public Method,"org.apache.commons.math3.analysis.function.StepFunctionTest.testPreconditions6",,,,,,,,,,,,,,3,3,1,1,0,2,1,1,0,,,,0,,,,,,,,,,,,,0,0,1,0,1,1,1,1,1,1,,,0,0,,1,1,1,1,0.00
Public Method,"org.apache.commons.math3.analysis.function.StepFunctionTest.testSomeValues",,,,,,,,,,,,,,15,13,11,3,0,12,1,1,0,,,,0,,,,,,,,,,,,,1,2,4,0,1,11,4,8,1,1,,,0,0,,1,1,1,1,0.00
Public Class,"org.apache.commons.math3.analysis.function.Subtract",1,1,0,1,0,,0,,1,1,0,0,1,12,5,1,,,3,,,,1,1,1,,1,1,4,3,2,0,0,,,0,1,0,,0,2,7,,1,2,1,,,1,1,,0,0,1,1,1,1,1.40
Public Method,"org.apache.commons.math3.analysis.function.Subtract.value",,,,,,,,,,,,,,4,3,1,1,0,2,1,1,0,,,,0,,,,,,,,,,,,,2,0,1,1,1,1,1,1,1,1,,,0,0,,1,1,1,1,0.33
Public Class,"org.apache.commons.math3.analysis.function.Tan",1,1,0,1,1,,0,,2,2,0,0,2,23,13,6,,,8,,,,1,1,1,,1,1,7,5,2,0,0,,,0,2,0,,1,4,9,,4,5,3,,,1,1,,0,0,2,2,2,2,0.69
Public Method,"org.apache.commons.math3.analysis.function.Tan.derivative",,,,,,,,,,,,,,10,8,5,1,0,5,1,1,0,,,,0,,,,,,,,,,,,,0,0,2,2,1,3,3,2,1,1,,,0,0,,1,1,1,1,0.25
Anonymous Class,"org.apache.commons.math3.analysis.function.Tan.derivative.(Anon_1)",1,1,0,1,1,,0,,1,1,0,0,1,6,5,4,,,3,,,,1,1,1,,1,1,5,4,2,0,0,,,0,1,0,,0,1,1,,2,2,1,,,1,1,,0,0,1,1,1,1,0.20
Public Method,"org.apache.commons.math3.analysis.function.Tan.derivative.(Anon_1).value",,,,,,,,,,,,,,5,4,3,2,0,3,1,1,0,,,,0,,,,,,,,,,,,,1,0,1,1,1,2,2,1,1,1,,,0,0,,1,1,1,1,0.25
Public Method,"org.apache.commons.math3.analysis.function.Tan.value",,,,,,,,,,,,,,4,3,1,2,0,2,1,1,0,,,,0,,,,,,,,,,,,,1,0,1,1,1,1,1,1,1,1,,,0,0,,1,1,1,1,0.33
Public Class,"org.apache.commons.math3.analysis.function.Tanh",1,1,0,1,1,,0,,2,2,0,0,2,23,13,6,,,8,,,,1,1,1,,1,1,7,5,2,0,0,,,0,2,0,,1,4,9,,4,5,3,,,1,1,,0,0,2,2,2,2,0.69
Public Method,"org.apache.commons.math3.analysis.function.Tanh.derivative",,,,,,,,,,,,,,10,8,5,1,0,5,1,1,0,,,,0,,,,,,,,,,,,,0,0,2,2,1,3,3,2,1,1,,,0,0,,1,1,1,1,0.25
Anonymous Class,"org.apache.commons.math3.analysis.function.Tanh.derivative.(Anon_1)",1,1,0,1,1,,0,,1,1,0,0,1,6,5,4,,,3,,,,1,1,1,,1,1,5,4,2,0,0,,,0,1,0,,0,1,1,,2,2,1,,,1,1,,0,0,1,1,1,1,0.20
Public Method,"org.apache.commons.math3.analysis.function.Tanh.derivative.(Anon_1).value",,,,,,,,,,,,,,5,4,3,2,0,3,1,1,0,,,,0,,,,,,,,,,,,,1,0,1,1,1,2,2,1,1,1,,,0,0,,1,1,1,1,0.25
Public Method,"org.apache.commons.math3.analysis.function.Tanh.value",,,,,,,,,,,,,,4,3,1,2,0,2,1,1,0,,,,0,,,,,,,,,,,,,1,0,1,1,1,1,1,1,1,1,,,0,0,,1,1,1,1,0.33
Public Class,"org.apache.commons.math3.analysis.function.Ulp",1,1,0,1,1,,0,,1,1,0,0,1,12,5,1,,,3,,,,1,1,1,,1,1,4,3,2,0,0,,,0,1,0,,0,2,7,,1,2,1,,,1,1,,0,0,1,1,1,1,1.40
Public Method,"org.apache.commons.math3.analysis.function.Ulp.value",,,,,,,,,,,,,,4,3,1,2,0,2,1,1,0,,,,0,,,,,,,,,,,,,1,0,1,1,1,1,1,1,1,1,,,0,0,,1,1,1,1,0.33
Package,"org.apache.commons.math3.analysis.integration",1,1,1,6,,11,15,11,55,,8,2,33,1616,786,430,,,593,,,,5,5,,,1,2,20,12,,,0,,,11,55,12,,176,362,656,,494,270,323,,,5,6,,4,,93,98,59,90,0.83
Public Abstract Class,"org.apache.commons.math3.analysis.integration.BaseAbstractUnivariateIntegrator",1,1,0,6,10,,4,,15,15,0,0,7,252,98,41,,,62,,,,3,1,1,,1,1,12,5,2,4,0,,,8,15,8,,37,43,117,,44,28,34,,,3,3,,1,85,17,17,14,17,1.19
Protected Constructor,"org.apache.commons.math3.analysis.integration.BaseAbstractUnivariateIntegrator.BaseAbstractUnivariateIntegrator",,,,,,,,,,,,,,60,18,10,10,1,11,3,3,0,,,,0,,,,,,,,,,,,,11,4,5,38,4,8,1,10,3,1,,,0,1,,3,3,1,3,2.11
Protected Constructor,"org.apache.commons.math3.analysis.integration.BaseAbstractUnivariateIntegrator.BaseAbstractUnivariateIntegrator",,,,,,,,,,,,,,15,6,2,2,0,2,1,1,0,,,,0,,,,,,,,,,,,,10,0,3,9,1,1,1,1,1,1,,,0,0,,1,1,1,1,1.50
Protected Constructor,"org.apache.commons.math3.analysis.integration.BaseAbstractUnivariateIntegrator.BaseAbstractUnivariateIntegrator",,,,,,,,,,,,,,10,5,2,2,0,2,1,1,0,,,,0,,,,,,,,,,,,,4,0,2,5,1,1,1,1,1,1,,,0,0,,1,1,1,1,1.00
Protected Method,"org.apache.commons.math3.analysis.integration.BaseAbstractUnivariateIntegrator.computeObjectiveValue",,,,,,,,,,,,,,17,9,5,5,0,5,2,2,1,,,,0,,,,,,,,,,,,,6,0,2,8,2,3,1,4,2,1,,,0,1,,2,2,1,2,0.89
Protected Abstract Method,"org.apache.commons.math3.analysis.integration.BaseAbstractUnivariateIntegrator.doIntegrate",,,,,,,,,,,,,,12,2,0,1,0,1,0,0,0,,,,0,,,,,,,,,,,,,1,0,2,10,0,1,1,0,0,0,,,0,0,,0,0,0,0,5.00
Public Method,"org.apache.commons.math3.analysis.integration.BaseAbstractUnivariateIntegrator.getAbsoluteAccuracy",,,,,,,,,,,,,,4,3,1,1,0,2,1,1,0,,,,0,,,,,,,,,,,,,6,0,1,1,1,1,1,1,1,1,,,0,0,,1,1,1,1,0.33
Public Method,"org.apache.commons.math3.analysis.integration.BaseAbstractUnivariateIntegrator.getEvaluations",,,,,,,,,,,,,,4,3,1,2,0,2,1,1,0,,,,0,,,,,,,,,,,,,2,0,1,1,1,1,1,1,1,1,,,0,0,,1,1,1,1,0.33
Public Method,"org.apache.commons.math3.analysis.integration.BaseAbstractUnivariateIntegrator.getIterations",,,,,,,,,,,,,,4,3,1,2,0,2,1,1,0,,,,0,,,,,,,,,,,,,2,0,1,1,1,1,1,1,1,1,,,0,0,,1,1,1,1,0.33
Protected Method,"org.apache.commons.math3.analysis.integration.BaseAbstractUnivariateIntegrator.getMax",,,,,,,,,,,,,,6,3,1,1,0,2,1,1,0,,,,0,,,,,,,,,,,,,3,0,1,3,1,1,1,1,1,1,,,0,0,,1,1,1,1,1.00
Public Method,"org.apache.commons.math3.analysis.integration.BaseAbstractUnivariateIntegrator.getMaximalIterationCount",,,,,,,,,,,,,,4,3,1,2,0,2,1,1,0,,,,0,,,,,,,,,,,,,1,0,1,1,1,1,1,1,1,1,,,0,0,,1,1,1,1,0.33
Protected Method,"org.apache.commons.math3.analysis.integration.BaseAbstractUnivariateIntegrator.getMin",,,,,,,,,,,,,,6,3,1,1,0,2,1,1,0,,,,0,,,,,,,,,,,,,3,0,1,3,1,1,1,1,1,1,,,0,0,,1,1,1,1,1.00
Public Method,"org.apache.commons.math3.analysis.integration.BaseAbstractUnivariateIntegrator.getMinimalIterationCount",,,,,,,,,,,,,,4,3,1,1,0,2,1,1,0,,,,0,,,,,,,,,,,,,5,0,1,1,1,1,1,1,1,1,,,0,0,,1,1,1,1,0.33
Public Method,"org.apache.commons.math3.analysis.integration.BaseAbstractUnivariateIntegrator.getRelativeAccuracy",,,,,,,,,,,,,,4,3,1,1,0,2,1,1,0,,,,0,,,,,,,,,,,,,6,0,1,1,1,1,1,1,1,1,,,0,0,,1,1,1,1,0.33
Public Method,"org.apache.commons.math3.analysis.integration.BaseAbstractUnivariateIntegrator.integrate",,,,,,,,,,,,,,13,7,2,3,0,3,1,1,0,,,,0,,,,,,,,,,,,,11,3,4,3,1,2,1,2,1,1,,,0,0,,1,1,1,1,0.43
Protected Method,"org.apache.commons.math3.analysis.integration.BaseAbstractUnivariateIntegrator.setup",,,,,,,,,,,,,,30,13,8,7,0,9,1,1,0,,,,0,,,,,,,,,,,,,7,3,4,14,1,8,1,8,1,1,,,0,0,,1,1,1,1,1.08
Public Class,"org.apache.commons.math3.analysis.integration.LegendreGaussIntegrator",2,1,2,8,8,,8,,5,20,0,1,3,232,124,76,,,58,,,,3,3,2,,2,2,26,15,1,0,0,,,2,5,1,,29,67,79,,47,28,30,,,5,5,,2,74,13,14,7,10,0.64
Public Constructor,"org.apache.commons.math3.analysis.integration.LegendreGaussIntegrator.LegendreGaussIntegrator",,,,,,,,,,,,,,43,30,22,5,1,16,5,5,10,,,,0,,,,,,,,,,,,,20,1,6,12,5,14,1,15,2,1,,,0,1,,5,5,1,2,0.40
Public Constructor,"org.apache.commons.math3.analysis.integration.LegendreGaussIntegrator.LegendreGaussIntegrator",,,,,,,,,,,,,,12,6,2,2,0,2,1,1,0,,,,0,,,,,,,,,,,,,5,0,3,6,1,1,1,1,1,1,,,0,0,,1,1,1,1,1.00
Public Constructor,"org.apache.commons.math3.analysis.integration.LegendreGaussIntegrator.LegendreGaussIntegrator",,,,,,,,,,,,,,16,6,2,2,0,2,1,1,0,,,,0,,,,,,,,,,,,,6,0,3,10,1,1,1,1,1,1,,,0,0,,1,1,1,1,1.67
Protected Method,"org.apache.commons.math3.analysis.integration.LegendreGaussIntegrator.doIntegrate",,,,,,,,,,,,,,33,19,13,12,0,13,3,4,2,,,,2,,,,,,,,,,,,,3,8,9,6,3,10,7,6,3,3,,,2,2,,3,4,3,3,0.32
Private Method,"org.apache.commons.math3.analysis.integration.LegendreGaussIntegrator.stage",,,,,,,,,,,,,,27,14,9,4,0,14,3,3,0,,,,0,,,,,,,,,,,,,5,4,6,9,3,11,7,7,3,1,,,0,2,,3,3,1,3,0.64
Public Class,"org.apache.commons.math3.analysis.integration.LegendreGaussIntegratorTest",2,1,2,1,10,,0,,5,5,0,1,4,120,98,70,,,87,,,,5,1,1,,2,2,21,18,1,0,0,,,0,5,0,,17,36,5,,74,35,52,,,5,5,,4,0,11,11,5,11,0.05
Private Method,"org.apache.commons.math3.analysis.integration.LegendreGaussIntegratorTest.exactIntegration",,,,,,,,,,,,,,10,10,7,2,0,10,2,2,0,,,,0,,,,,,,,,,,,,5,0,4,0,2,8,5,5,2,1,,,0,1,,2,2,1,2,0.00
Public Method,"org.apache.commons.math3.analysis.integration.LegendreGaussIntegratorTest.testExactIntegration",,,,,,,,,,,,,,26,23,16,7,1,21,5,5,0,,,,0,,,,,,,,,,,,,4,2,8,1,5,16,11,10,5,1,,,0,4,,5,5,1,5,0.04
Public Method,"org.apache.commons.math3.analysis.integration.LegendreGaussIntegratorTest.testIssue464",,,,,,,,,,,,,,33,25,20,9,0,20,2,2,1,,,,0,,,,,,,,,,,,,1,4,10,4,2,17,10,10,2,1,,,0,1,,2,2,1,2,0.16
Anonymous Class,"org.apache.commons.math3.analysis.integration.LegendreGaussIntegratorTest.testIssue464.(Anon_1)",2,1,0,0,1,,0,,1,1,0,0,1,4,4,3,,,2,,,,2,1,1,,2,3,3,3,2,0,0,,,0,1,0,,0,1,0,,1,1,1,,,2,3,,0,0,2,3,1,2,0.00
Public Method,"org.apache.commons.math3.analysis.integration.LegendreGaussIntegratorTest.testIssue464.(Anon_1).value",,,,,,,,,,,,,,3,3,2,1,0,2,2,3,0,,,,0,,,,,,,,,,,,,1,0,0,0,1,1,1,1,2,1,,,0,0,,2,3,1,2,0.00
Public Method,"org.apache.commons.math3.analysis.integration.LegendreGaussIntegratorTest.testQuinticFunction",,,,,,,,,,,,,,22,19,15,3,0,19,1,1,0,,,,0,,,,,,,,,,,,,3,3,5,0,1,18,4,15,1,1,,,0,0,,1,1,1,1,0.00
Public Method,"org.apache.commons.math3.analysis.integration.LegendreGaussIntegratorTest.testSinFunction",,,,,,,,,,,,,,17,15,12,7,0,16,1,1,0,,,,0,,,,,,,,,,,,,1,2,4,0,1,15,4,12,1,1,,,0,0,,1,1,1,1,0.00
Public Class,"org.apache.commons.math3.analysis.integration.RombergIntegrator",2,1,1,8,8,,1,,4,19,0,0,3,118,59,35,,,40,,,,5,4,2,,2,2,23,13,1,0,0,,,0,4,1,,12,26,47,,29,19,21,,,5,6,,3,25,10,11,7,10,0.80
Public Constructor,"org.apache.commons.math3.analysis.integration.RombergIntegrator.RombergIntegrator",,,,,,,,,,,,,,7,3,1,2,0,2,1,1,0,,,,0,,,,,,,,,,,,,7,0,1,4,1,1,1,1,1,1,,,0,0,,1,1,1,1,1.33
Public Constructor,"org.apache.commons.math3.analysis.integration.RombergIntegrator.RombergIntegrator",,,,,,,,,,,,,,21,9,4,3,0,4,2,2,0,,,,0,,,,,,,,,,,,,4,0,3,12,2,2,1,3,2,1,,,0,1,,2,2,1,2,1.33
Public Constructor,"org.apache.commons.math3.analysis.integration.RombergIntegrator.RombergIntegrator",,,,,,,,,,,,,,25,11,4,3,0,4,2,2,0,,,,0,,,,,,,,,,,,,5,0,5,14,2,2,1,3,2,1,,,0,1,,2,2,1,2,1.27
Protected Method,"org.apache.commons.math3.analysis.integration.RombergIntegrator.doIntegrate",,,,,,,,,,,,,,41,32,25,10,1,28,5,6,3,,,,3,,,,,,,,,,,,,1,6,14,3,7,23,14,14,5,4,,,3,3,,5,6,4,5,0.09
Public Class,"org.apache.commons.math3.analysis.integration.RombergIntegratorTest",2,1,2,5,9,,0,,3,3,0,0,3,96,63,47,,,60,,,,4,1,1,,2,2,26,19,1,0,0,,,0,3,0,,9,14,24,,53,11,49,,,4,4,,1,0,6,6,3,6,0.38
Public Method,"org.apache.commons.math3.analysis.integration.RombergIntegratorTest.testParameters",,,,,,,,,,,,,,28,18,13,4,1,11,4,4,3,,,,0,,,,,,,,,,,,,0,1,2,9,8,7,2,9,4,1,,,0,1,,4,4,1,4,0.50
Public Method,"org.apache.commons.math3.analysis.integration.RombergIntegratorTest.testQuinticFunction",,,,,,,,,,,,,,29,23,20,8,0,28,1,1,0,,,,0,,,,,,,,,,,,,0,3,4,3,1,27,4,24,1,1,,,0,0,,1,1,1,1,0.13
Public Method,"org.apache.commons.math3.analysis.integration.RombergIntegratorTest.testSinFunction",,,,,,,,,,,,,,22,17,14,8,0,20,1,1,0,,,,0,,,,,,,,,,,,,1,2,4,3,1,19,4,16,1,1,,,0,0,,1,1,1,1,0.18
Public Class,"org.apache.commons.math3.analysis.integration.SimpsonIntegrator",2,2,0,8,8,,1,,4,19,0,0,3,105,51,26,,,29,,,,5,5,2,,2,2,20,11,1,0,0,,,0,4,1,,9,22,45,,18,13,16,,,5,6,,3,25,10,11,8,10,0.88
Public Constructor,"org.apache.commons.math3.analysis.integration.SimpsonIntegrator.SimpsonIntegrator",,,,,,,,,,,,,,25,11,4,3,0,4,2,2,0,,,,0,,,,,,,,,,,,,5,0,5,14,2,2,1,3,2,1,,,0,1,,2,2,1,2,1.27
Public Constructor,"org.apache.commons.math3.analysis.integration.SimpsonIntegrator.SimpsonIntegrator",,,,,,,,,,,,,,21,9,4,3,0,4,2,2,0,,,,0,,,,,,,,,,,,,4,0,3,12,2,2,1,3,2,1,,,0,1,,2,2,1,2,1.33
Public Constructor,"org.apache.commons.math3.analysis.integration.SimpsonIntegrator.SimpsonIntegrator",,,,,,,,,,,,,,7,3,1,2,0,2,1,1,0,,,,0,,,,,,,,,,,,,5,0,1,4,1,1,1,1,1,1,,,0,0,,1,1,1,1,1.33
Protected Method,"org.apache.commons.math3.analysis.integration.SimpsonIntegrator.doIntegrate",,,,,,,,,,,,,,29,24,16,9,1,17,5,6,4,,,,4,,,,,,,,,,,,,1,3,10,2,5,12,8,9,5,5,,,4,3,,5,6,5,5,0.08
Public Class,"org.apache.commons.math3.analysis.integration.SimpsonIntegratorTest",2,1,1,5,9,,0,,3,3,0,0,3,94,63,47,,,60,,,,4,1,1,,2,2,26,19,1,0,0,,,0,3,0,,8,14,23,,53,11,49,,,4,4,,1,0,6,6,3,6,0.37
Public Method,"org.apache.commons.math3.analysis.integration.SimpsonIntegratorTest.testParameters",,,,,,,,,,,,,,27,18,13,4,1,11,4,4,3,,,,0,,,,,,,,,,,,,0,0,2,9,8,7,2,9,4,1,,,0,1,,4,4,1,4,0.50
Public Method,"org.apache.commons.math3.analysis.integration.SimpsonIntegratorTest.testQuinticFunction",,,,,,,,,,,,,,29,23,20,8,0,28,1,1,0,,,,0,,,,,,,,,,,,,0,3,4,3,1,27,4,24,1,1,,,0,0,,1,1,1,1,0.13
Public Method,"org.apache.commons.math3.analysis.integration.SimpsonIntegratorTest.testSinFunction",,,,,,,,,,,,,,22,17,14,8,0,20,1,1,0,,,,0,,,,,,,,,,,,,1,2,4,3,1,19,4,16,1,1,,,0,0,,1,1,1,1,0.18
Public Class,"org.apache.commons.math3.analysis.integration.TrapezoidIntegrator",2,1,0,10,7,,1,,5,20,1,0,3,143,71,41,,,45,,,,4,4,2,,2,2,23,13,1,0,0,,,1,5,1,,11,31,63,,32,22,23,,,4,5,,3,60,12,13,8,12,0.89
Public Constructor,"org.apache.commons.math3.analysis.integration.TrapezoidIntegrator.TrapezoidIntegrator",,,,,,,,,,,,,,7,3,1,2,0,2,1,1,0,,,,0,,,,,,,,,,,,,7,0,1,4,1,1,1,1,1,1,,,0,0,,1,1,1,1,1.33
Public Constructor,"org.apache.commons.math3.analysis.integration.TrapezoidIntegrator.TrapezoidIntegrator",,,,,,,,,,,,,,25,11,4,3,0,4,2,2,0,,,,0,,,,,,,,,,,,,5,0,5,14,2,2,1,3,2,1,,,0,1,,2,2,1,2,1.27
Public Constructor,"org.apache.commons.math3.analysis.integration.TrapezoidIntegrator.TrapezoidIntegrator",,,,,,,,,,,,,,21,9,4,3,0,4,2,2,0,,,,0,,,,,,,,,,,,,4,0,3,12,2,2,1,3,2,1,,,0,1,,2,2,1,2,1.33
Protected Method,"org.apache.commons.math3.analysis.integration.TrapezoidIntegrator.doIntegrate",,,,,,,,,,,,,,22,19,12,8,1,13,4,5,3,,,,3,,,,,,,,,,,,,1,2,8,1,4,9,6,7,4,4,,,3,3,,4,5,4,4,0.05
Method,"org.apache.commons.math3.analysis.integration.TrapezoidIntegrator.stage",,,,,,,,,,,,,,42,24,19,5,0,19,3,3,1,,,,0,,,,,,,,,,,,,6,1,10,19,3,16,10,9,3,1,,,0,2,,3,3,1,3,0.79
Public Class,"org.apache.commons.math3.analysis.integration.TrapezoidIntegratorTest",2,1,2,5,9,,0,,3,3,0,0,3,96,63,47,,,60,,,,4,1,1,,2,2,26,19,1,0,0,,,0,3,0,,10,14,23,,53,11,49,,,4,4,,1,0,6,6,3,6,0.37
Public Method,"org.apache.commons.math3.analysis.integration.TrapezoidIntegratorTest.testParameters",,,,,,,,,,,,,,28,18,13,4,1,11,4,4,3,,,,0,,,,,,,,,,,,,0,1,2,9,8,7,2,9,4,1,,,0,1,,4,4,1,4,0.50
Public Method,"org.apache.commons.math3.analysis.integration.TrapezoidIntegratorTest.testQuinticFunction",,,,,,,,,,,,,,30,23,20,8,0,28,1,1,0,,,,0,,,,,,,,,,,,,0,4,4,3,1,27,4,24,1,1,,,0,0,,1,1,1,1,0.13
Public Method,"org.apache.commons.math3.analysis.integration.TrapezoidIntegratorTest.testSinFunction",,,,,,,,,,,,,,22,17,14,8,0,20,1,1,0,,,,0,,,,,,,,,,,,,1,2,4,3,1,19,4,16,1,1,,,0,0,,1,1,1,1,0.18
Public Interface,"org.apache.commons.math3.analysis.integration.UnivariateIntegrator",0,0,0,0,5,,0,,7,7,7,0,0,63,12,0,,,8,,,,0,0,0,,0,0,0,0,0,1,0,,,0,7,0,,8,11,43,,7,8,0,,,0,0,,0,0,0,0,0,0,3.58
Abstract Method,"org.apache.commons.math3.analysis.integration.UnivariateIntegrator.getAbsoluteAccuracy",,,,,,,,,,,,,,6,1,0,1,0,1,0,0,0,,,,0,,,,,,,,,,,,,0,0,1,5,0,1,1,0,0,0,,,0,0,,0,0,0,0,5.00
Abstract Method,"org.apache.commons.math3.analysis.integration.UnivariateIntegrator.getEvaluations",,,,,,,,,,,,,,5,1,0,1,0,1,0,0,0,,,,0,,,,,,,,,,,,,6,0,1,4,0,1,1,0,0,0,,,0,0,,0,0,0,0,4.00
Abstract Method,"org.apache.commons.math3.analysis.integration.UnivariateIntegrator.getIterations",,,,,,,,,,,,,,5,1,0,1,0,1,0,0,0,,,,0,,,,,,,,,,,,,6,0,1,4,0,1,1,0,0,0,,,0,0,,0,0,0,0,4.00
Abstract Method,"org.apache.commons.math3.analysis.integration.UnivariateIntegrator.getMaximalIterationCount",,,,,,,,,,,,,,6,1,0,1,0,1,0,0,0,,,,0,,,,,,,,,,,,,0,0,1,5,0,1,1,0,0,0,,,0,0,,0,0,0,0,5.00
Abstract Method,"org.apache.commons.math3.analysis.integration.UnivariateIntegrator.getMinimalIterationCount",,,,,,,,,,,,,,6,1,0,1,0,1,0,0,0,,,,0,,,,,,,,,,,,,0,0,1,5,0,1,1,0,0,0,,,0,0,,0,0,0,0,5.00
Abstract Method,"org.apache.commons.math3.analysis.integration.UnivariateIntegrator.getRelativeAccuracy",,,,,,,,,,,,,,5,1,0,1,0,1,0,0,0,,,,0,,,,,,,,,,,,,6,0,1,4,0,1,1,0,0,0,,,0,0,,0,0,0,0,4.00
Abstract Method,"org.apache.commons.math3.analysis.integration.UnivariateIntegrator.integrate",,,,,,,,,,,,,,20,4,0,1,0,1,0,0,0,,,,0,,,,,,,,,,,,,9,0,4,16,0,1,1,0,0,0,,,0,0,,0,0,0,0,4.00
Package,"org.apache.commons.math3.analysis.interpolation",3,1,2,5,,68,13,30,166,,10,18,137,5769,3379,2231,,,2736,,,,29,6,,,3,3,26,18,,,5,,,39,171,6,,556,1323,1835,,2175,1281,1455,,,29,33,,3,,532,555,180,532,0.54
Class,"org.apache.commons.math3.analysis.interpolation.BicubicSplineFunction",2,1,2,3,1,,1,,9,9,0,2,7,214,136,91,,,114,,,,3,1,1,,2,2,20,14,2,0,0,,,6,9,0,,33,53,45,,86,63,51,,,3,5,,2,74,22,24,9,22,0.33
Public Constructor,"org.apache.commons.math3.analysis.interpolation.BicubicSplineFunction.BicubicSplineFunction",,,,,,,,,,,,,,12,8,4,2,0,9,3,3,0,,,,0,,,,,,,,,,,,,4,0,1,4,3,6,3,6,3,1,,,0,2,,3,3,1,3,0.50
Private Method,"org.apache.commons.math3.analysis.interpolation.BicubicSplineFunction.apply",,,,,,,,,,,,,,18,9,5,1,0,10,3,3,0,,,,0,,,,,,,,,,,,,10,1,2,8,3,7,4,6,3,1,,,0,2,,3,3,1,3,0.89
Private Method,"org.apache.commons.math3.analysis.interpolation.BicubicSplineFunction.computePartialDerivatives",,,,,,,,,,,,,,79,64,55,5,0,55,3,3,0,,,,0,,,,,,,,,,,,,7,12,29,3,3,47,36,19,3,1,,,0,0,,3,3,1,3,0.05
Anonymous Class,"org.apache.commons.math3.analysis.interpolation.BicubicSplineFunction.computePartialDerivatives.(Anon_1)",1,1,2,0,1,,0,,1,1,0,0,1,11,9,8,,,7,,,,1,1,1,,1,1,10,8,2,0,0,,,0,1,0,,2,5,0,,6,6,1,,,1,1,,0,0,1,1,1,1,0.00
Public Method,"org.apache.commons.math3.analysis.interpolation.BicubicSplineFunction.computePartialDerivatives.(Anon_1).value",,,,,,,,,,,,,,10,8,7,2,0,7,1,1,0,,,,0,,,,,,,,,,,,,2,2,5,0,1,6,6,1,1,1,,,0,0,,1,1,1,1,0.00
Anonymous Class,"org.apache.commons.math3.analysis.interpolation.BicubicSplineFunction.computePartialDerivatives.(Anon_2)",1,1,2,0,1,,0,,1,1,0,0,1,11,9,8,,,7,,,,1,1,1,,1,1,10,8,2,0,0,,,0,1,0,,2,5,0,,6,6,1,,,1,1,,0,0,1,1,1,1,0.00
Public Method,"org.apache.commons.math3.analysis.interpolation.BicubicSplineFunction.computePartialDerivatives.(Anon_2).value",,,,,,,,,,,,,,10,8,7,2,0,7,1,1,0,,,,0,,,,,,,,,,,,,2,2,5,0,1,6,6,1,1,1,,,0,0,,1,1,1,1,0.00
Anonymous Class,"org.apache.commons.math3.analysis.interpolation.BicubicSplineFunction.computePartialDerivatives.(Anon_3)",1,1,2,0,1,,0,,1,1,0,0,1,10,8,7,,,6,,,,1,1,1,,1,1,9,7,2,0,0,,,0,1,0,,2,4,0,,5,5,1,,,1,1,,0,0,1,1,1,1,0.00
Public Method,"org.apache.commons.math3.analysis.interpolation.BicubicSplineFunction.computePartialDerivatives.(Anon_3).value",,,,,,,,,,,,,,9,7,6,2,0,6,1,1,0,,,,0,,,,,,,,,,,,,2,2,4,0,1,5,5,1,1,1,,,0,0,,1,1,1,1,0.00
Anonymous Class,"org.apache.commons.math3.analysis.interpolation.BicubicSplineFunction.computePartialDerivatives.(Anon_4)",1,1,2,0,1,,0,,1,1,0,0,1,10,8,7,,,6,,,,1,1,1,,1,1,9,7,2,0,0,,,0,1,0,,2,4,0,,5,5,1,,,1,1,,0,0,1,1,1,1,0.00
Public Method,"org.apache.commons.math3.analysis.interpolation.BicubicSplineFunction.computePartialDerivatives.(Anon_4).value",,,,,,,,,,,,,,9,7,6,2,0,6,1,1,0,,,,0,,,,,,,,,,,,,2,2,4,0,1,5,5,1,1,1,,,0,0,,1,1,1,1,0.00
Anonymous Class,"org.apache.commons.math3.analysis.interpolation.BicubicSplineFunction.computePartialDerivatives.(Anon_5)",1,1,2,0,1,,0,,1,1,0,0,1,10,8,7,,,6,,,,1,1,1,,1,1,9,7,2,0,0,,,0,1,0,,2,4,0,,5,5,1,,,1,1,,0,0,1,1,1,1,0.00
Public Method,"org.apache.commons.math3.analysis.interpolation.BicubicSplineFunction.computePartialDerivatives.(Anon_5).value",,,,,,,,,,,,,,9,7,6,2,0,6,1,1,0,,,,0,,,,,,,,,,,,,2,2,4,0,1,5,5,1,1,1,,,0,0,,1,1,1,1,0.00
Public Method,"org.apache.commons.math3.analysis.interpolation.BicubicSplineFunction.partialDerivativeX",,,,,,,,,,,,,,10,6,3,2,0,4,2,2,0,,,,0,,,,,,,,,,,,,3,1,1,3,2,2,1,3,2,1,,,0,1,,2,2,1,2,0.50
Public Method,"org.apache.commons.math3.analysis.interpolation.BicubicSplineFunction.partialDerivativeXX",,,,,,,,,,,,,,10,6,3,2,0,4,2,2,0,,,,0,,,,,,,,,,,,,3,1,1,3,2,2,1,3,2,1,,,0,1,,2,2,1,2,0.50
Public Method,"org.apache.commons.math3.analysis.interpolation.BicubicSplineFunction.partialDerivativeXY",,,,,,,,,,,,,,10,6,3,2,0,4,2,2,0,,,,0,,,,,,,,,,,,,3,1,1,3,2,2,1,3,2,1,,,0,1,,2,2,1,2,0.50
Public Method,"org.apache.commons.math3.analysis.interpolation.BicubicSplineFunction.partialDerivativeY",,,,,,,,,,,,,,10,6,3,2,0,4,2,2,0,,,,0,,,,,,,,,,,,,3,1,1,3,2,2,1,3,2,1,,,0,1,,2,2,1,2,0.50
Public Method,"org.apache.commons.math3.analysis.interpolation.BicubicSplineFunction.partialDerivativeYY",,,,,,,,,,,,,,10,6,3,2,0,4,2,2,0,,,,0,,,,,,,,,,,,,3,1,1,3,2,2,1,3,2,1,,,0,1,,2,2,1,2,0.50
Public Method,"org.apache.commons.math3.analysis.interpolation.BicubicSplineFunction.value",,,,,,,,,,,,,,21,15,11,3,1,12,3,5,0,,,,0,,,,,,,,,,,,,4,3,7,3,4,9,7,5,3,1,,,0,1,,3,5,1,3,0.20
Public Class,"org.apache.commons.math3.analysis.interpolation.BicubicSplineInterpolatingFunction",3,1,1,8,5,,1,,11,11,0,4,7,306,165,105,,,115,,,,12,4,1,,3,3,22,12,2,0,0,,,4,11,0,,24,64,117,,80,46,69,,,12,15,,2,74,34,37,14,34,0.71
Public Constructor,"org.apache.commons.math3.analysis.interpolation.BicubicSplineInterpolatingFunction.BicubicSplineInterpolatingFunction",,,,,,,,,,,,,,79,57,37,10,3,38,12,15,0,,,,0,,,,,,,,,,,,,12,6,15,16,1056,26,10,28,12,1,,,0,2,,12,15,1,12,0.28
Private Method,"org.apache.commons.math3.analysis.interpolation.BicubicSplineInterpolatingFunction.computePartialDerivatives",,,,,,,,,,,,,,19,15,11,6,0,16,3,3,0,,,,0,,,,,,,,,,,,,5,1,4,3,3,13,6,10,3,1,,,0,2,,3,3,1,3,0.20
Private Method,"org.apache.commons.math3.analysis.interpolation.BicubicSplineInterpolatingFunction.computeSplineCoefficients",,,,,,,,,,,,,,43,12,8,1,0,13,3,3,0,,,,0,,,,,,,,,,,,,3,2,4,29,3,10,6,7,3,1,,,0,2,,3,3,1,3,2.42
Private Method,"org.apache.commons.math3.analysis.interpolation.BicubicSplineInterpolatingFunction.partialDerivative",,,,,,,,,,,,,,25,16,11,5,1,12,4,4,0,,,,0,,,,,,,,,,,,,12,3,5,6,8,8,5,7,4,1,,,0,1,,4,4,1,4,0.38
Public Method,"org.apache.commons.math3.analysis.interpolation.BicubicSplineInterpolatingFunction.partialDerivativeX",,,,,,,,,,,,,,9,3,1,2,0,2,1,1,0,,,,0,,,,,,,,,,,,,4,0,1,6,1,1,1,1,1,1,,,0,0,,1,1,1,1,2.00
Public Method,"org.apache.commons.math3.analysis.interpolation.BicubicSplineInterpolatingFunction.partialDerivativeXX",,,,,,,,,,,,,,9,3,1,2,0,2,1,1,0,,,,0,,,,,,,,,,,,,2,0,1,6,1,1,1,1,1,1,,,0,0,,1,1,1,1,2.00
Public Method,"org.apache.commons.math3.analysis.interpolation.BicubicSplineInterpolatingFunction.partialDerivativeXY",,,,,,,,,,,,,,8,3,1,2,0,2,1,1,0,,,,0,,,,,,,,,,,,,4,0,1,5,1,1,1,1,1,1,,,0,0,,1,1,1,1,1.67
Public Method,"org.apache.commons.math3.analysis.interpolation.BicubicSplineInterpolatingFunction.partialDerivativeY",,,,,,,,,,,,,,9,3,1,2,0,2,1,1,0,,,,0,,,,,,,,,,,,,4,0,1,6,1,1,1,1,1,1,,,0,0,,1,1,1,1,2.00
Public Method,"org.apache.commons.math3.analysis.interpolation.BicubicSplineInterpolatingFunction.partialDerivativeYY",,,,,,,,,,,,,,9,3,1,2,0,2,1,1,0,,,,0,,,,,,,,,,,,,2,0,1,6,1,1,1,1,1,1,,,0,0,,1,1,1,1,2.00
Private Method,"org.apache.commons.math3.analysis.interpolation.BicubicSplineInterpolatingFunction.searchIndex",,,,,,,,,,,,,,21,12,7,1,1,10,4,4,4,,,,4,,,,,,,,,,,,,5,2,2,7,4,6,3,7,4,4,,,4,2,,4,4,4,4,0.58
Public Method,"org.apache.commons.math3.analysis.interpolation.BicubicSplineInterpolatingFunction.value",,,,,,,,,,,,,,18,13,9,4,1,10,3,3,0,,,,0,,,,,,,,,,,,,6,2,5,3,4,7,5,5,3,1,,,0,1,,3,3,1,3,0.23
Public Class,"org.apache.commons.math3.analysis.interpolation.BicubicSplineInterpolatingFunctionTest",8,1,5,10,5,,0,,5,5,0,0,5,422,338,252,,,291,,,,12,1,1,,8,8,81,66,1,0,0,,,0,5,0,,29,99,55,,233,124,167,,,12,12,,2,0,44,44,5,44,0.16
Public Method,"org.apache.commons.math3.analysis.interpolation.BicubicSplineInterpolatingFunctionTest.testMatchingPartialDerivatives",,,,,,,,,,,,,,104,83,59,6,3,81,12,12,0,,,,0,,,,,,,,,,,,,0,7,28,14,486,65,39,42,12,1,,,0,2,,12,12,1,12,0.17
Anonymous Class,"org.apache.commons.math3.analysis.interpolation.BicubicSplineInterpolatingFunctionTest.testMatchingPartialDerivatives.(Anon_10)",1,1,1,0,0,,0,,1,1,0,0,1,12,11,10,,,6,,,,1,1,1,,1,1,11,10,2,0,0,,,0,1,0,,1,5,0,,5,5,1,,,1,1,,0,0,1,1,1,1,0.00
Public Method,"org.apache.commons.math3.analysis.interpolation.BicubicSplineInterpolatingFunctionTest.testMatchingPartialDerivatives.(Anon_10).value",,,,,,,,,,,,,,11,10,9,1,0,6,1,1,0,,,,0,,,,,,,,,,,,,2,1,4,0,1,5,5,1,1,1,,,0,0,,1,1,1,1,0.00
Anonymous Class,"org.apache.commons.math3.analysis.interpolation.BicubicSplineInterpolatingFunctionTest.testMatchingPartialDerivatives.(Anon_11)",1,1,0,0,0,,0,,1,1,0,0,1,6,6,5,,,4,,,,1,1,1,,1,1,5,5,2,0,0,,,0,1,0,,0,3,0,,3,3,1,,,1,1,,0,0,1,1,1,1,0.00
Public Method,"org.apache.commons.math3.analysis.interpolation.BicubicSplineInterpolatingFunctionTest.testMatchingPartialDerivatives.(Anon_11).value",,,,,,,,,,,,,,5,5,4,1,0,4,1,1,0,,,,0,,,,,,,,,,,,,2,0,2,0,1,3,3,1,1,1,,,0,0,,1,1,1,1,0.00
Anonymous Class,"org.apache.commons.math3.analysis.interpolation.BicubicSplineInterpolatingFunctionTest.testMatchingPartialDerivatives.(Anon_12)",1,1,0,0,0,,0,,1,1,0,0,1,6,6,5,,,4,,,,1,1,1,,1,1,5,5,2,0,0,,,0,1,0,,0,3,0,,3,3,1,,,1,1,,0,0,1,1,1,1,0.00
Public Method,"org.apache.commons.math3.analysis.interpolation.BicubicSplineInterpolatingFunctionTest.testMatchingPartialDerivatives.(Anon_12).value",,,,,,,,,,,,,,5,5,4,1,0,4,1,1,0,,,,0,,,,,,,,,,,,,2,0,2,0,1,3,3,1,1,1,,,0,0,,1,1,1,1,0.00
Anonymous Class,"org.apache.commons.math3.analysis.interpolation.BicubicSplineInterpolatingFunctionTest.testMatchingPartialDerivatives.(Anon_13)",1,1,0,0,0,,0,,1,1,0,0,1,4,4,3,,,2,,,,1,1,1,,1,1,3,3,2,0,0,,,0,1,0,,0,1,0,,1,1,1,,,1,1,,0,0,1,1,1,1,0.00
Public Method,"org.apache.commons.math3.analysis.interpolation.BicubicSplineInterpolatingFunctionTest.testMatchingPartialDerivatives.(Anon_13).value",,,,,,,,,,,,,,3,3,2,1,0,2,1,1,0,,,,0,,,,,,,,,,,,,2,0,0,0,1,1,1,1,1,1,,,0,0,,1,1,1,1,0.00
Public Method,"org.apache.commons.math3.analysis.interpolation.BicubicSplineInterpolatingFunctionTest.testParaboloid",,,,,,,,,,,,,,78,65,47,3,2,62,9,9,0,,,,0,,,,,,,,,,,,,1,4,17,9,81,50,24,38,9,1,,,0,2,,9,9,1,9,0.14
Anonymous Class,"org.apache.commons.math3.analysis.interpolation.BicubicSplineInterpolatingFunctionTest.testParaboloid.(Anon_2)",1,1,0,0,0,,0,,1,1,0,0,1,4,4,3,,,2,,,,1,1,1,,1,1,3,3,2,0,0,,,0,1,0,,0,1,0,,1,1,1,,,1,1,,0,0,1,1,1,1,0.00
Public Method,"org.apache.commons.math3.analysis.interpolation.BicubicSplineInterpolatingFunctionTest.testParaboloid.(Anon_2).value",,,,,,,,,,,,,,3,3,2,1,0,2,1,1,0,,,,0,,,,,,,,,,,,,2,0,0,0,1,1,1,1,1,1,,,0,0,,1,1,1,1,0.00
Anonymous Class,"org.apache.commons.math3.analysis.interpolation.BicubicSplineInterpolatingFunctionTest.testParaboloid.(Anon_3)",1,1,0,0,0,,0,,1,1,0,0,1,4,4,3,,,2,,,,1,1,1,,1,1,3,3,2,0,0,,,0,1,0,,0,1,0,,1,1,1,,,1,1,,0,0,1,1,1,1,0.00
Public Method,"org.apache.commons.math3.analysis.interpolation.BicubicSplineInterpolatingFunctionTest.testParaboloid.(Anon_3).value",,,,,,,,,,,,,,3,3,2,1,0,2,1,1,0,,,,0,,,,,,,,,,,,,2,0,0,0,1,1,1,1,1,1,,,0,0,,1,1,1,1,0.00
Anonymous Class,"org.apache.commons.math3.analysis.interpolation.BicubicSplineInterpolatingFunctionTest.testParaboloid.(Anon_4)",1,1,0,0,0,,0,,1,1,0,0,1,4,4,3,,,2,,,,1,1,1,,1,1,3,3,2,0,0,,,0,1,0,,0,1,0,,1,1,1,,,1,1,,0,0,1,1,1,1,0.00
Public Method,"org.apache.commons.math3.analysis.interpolation.BicubicSplineInterpolatingFunctionTest.testParaboloid.(Anon_4).value",,,,,,,,,,,,,,3,3,2,1,0,2,1,1,0,,,,0,,,,,,,,,,,,,2,0,0,0,1,1,1,1,1,1,,,0,0,,1,1,1,1,0.00
Public Method,"org.apache.commons.math3.analysis.interpolation.BicubicSplineInterpolatingFunctionTest.testPlane",,,,,,,,,,,,,,68,55,41,3,2,56,9,9,0,,,,0,,,,,,,,,,,,,1,4,13,9,81,46,20,36,9,1,,,0,2,,9,9,1,9,0.16
Anonymous Class,"org.apache.commons.math3.analysis.interpolation.BicubicSplineInterpolatingFunctionTest.testPlane.(Anon_1)",1,1,0,0,0,,0,,1,1,0,0,1,4,4,3,,,2,,,,1,1,1,,1,1,3,3,2,0,0,,,0,1,0,,0,1,0,,1,1,1,,,1,1,,0,0,1,1,1,1,0.00
Public Method,"org.apache.commons.math3.analysis.interpolation.BicubicSplineInterpolatingFunctionTest.testPlane.(Anon_1).value",,,,,,,,,,,,,,3,3,2,1,0,2,1,1,0,,,,0,,,,,,,,,,,,,2,0,0,0,1,1,1,1,1,1,,,0,0,,1,1,1,1,0.00
Public Method,"org.apache.commons.math3.analysis.interpolation.BicubicSplineInterpolatingFunctionTest.testPreconditions",,,,,,,,,,,,,,78,62,49,2,3,39,11,11,10,,,,0,,,,,,,,,,,,,1,3,10,13,1024,28,8,31,11,1,,,0,1,,11,11,1,11,0.21
Public Method,"org.apache.commons.math3.analysis.interpolation.BicubicSplineInterpolatingFunctionTest.testSplinePartialDerivatives",,,,,,,,,,,,,,78,66,56,8,0,52,3,3,0,,,,0,,,,,,,,,,,,,0,7,25,5,3,44,32,20,3,1,,,0,0,,3,3,1,3,0.08
Anonymous Class,"org.apache.commons.math3.analysis.interpolation.BicubicSplineInterpolatingFunctionTest.testSplinePartialDerivatives.(Anon_5)",1,1,0,0,0,,0,,1,1,0,0,1,8,8,7,,,6,,,,1,1,1,,1,1,7,7,2,0,0,,,0,1,0,,0,4,0,,5,5,1,,,1,1,,0,0,1,1,1,1,0.00
Public Method,"org.apache.commons.math3.analysis.interpolation.BicubicSplineInterpolatingFunctionTest.testSplinePartialDerivatives.(Anon_5).value",,,,,,,,,,,,,,7,7,6,1,0,6,1,1,0,,,,0,,,,,,,,,,,,,2,0,4,0,1,5,5,1,1,1,,,0,0,,1,1,1,1,0.00
Anonymous Class,"org.apache.commons.math3.analysis.interpolation.BicubicSplineInterpolatingFunctionTest.testSplinePartialDerivatives.(Anon_6)",1,1,0,0,0,,0,,1,1,0,0,1,8,8,7,,,6,,,,1,1,1,,1,1,7,7,2,0,0,,,0,1,0,,0,4,0,,5,5,1,,,1,1,,0,0,1,1,1,1,0.00
Public Method,"org.apache.commons.math3.analysis.interpolation.BicubicSplineInterpolatingFunctionTest.testSplinePartialDerivatives.(Anon_6).value",,,,,,,,,,,,,,7,7,6,1,0,6,1,1,0,,,,0,,,,,,,,,,,,,2,0,4,0,1,5,5,1,1,1,,,0,0,,1,1,1,1,0.00
Anonymous Class,"org.apache.commons.math3.analysis.interpolation.BicubicSplineInterpolatingFunctionTest.testSplinePartialDerivatives.(Anon_7)",1,1,0,0,0,,0,,1,1,0,0,1,7,7,6,,,5,,,,1,1,1,,1,1,6,6,2,0,0,,,0,1,0,,0,3,0,,4,4,1,,,1,1,,0,0,1,1,1,1,0.00
Public Method,"org.apache.commons.math3.analysis.interpolation.BicubicSplineInterpolatingFunctionTest.testSplinePartialDerivatives.(Anon_7).value",,,,,,,,,,,,,,6,6,5,1,0,5,1,1,0,,,,0,,,,,,,,,,,,,2,0,3,0,1,4,4,1,1,1,,,0,0,,1,1,1,1,0.00
Anonymous Class,"org.apache.commons.math3.analysis.interpolation.BicubicSplineInterpolatingFunctionTest.testSplinePartialDerivatives.(Anon_8)",1,1,0,0,0,,0,,1,1,0,0,1,7,7,6,,,5,,,,1,1,1,,1,1,6,6,2,0,0,,,0,1,0,,0,3,0,,4,4,1,,,1,1,,0,0,1,1,1,1,0.00
Public Method,"org.apache.commons.math3.analysis.interpolation.BicubicSplineInterpolatingFunctionTest.testSplinePartialDerivatives.(Anon_8).value",,,,,,,,,,,,,,6,6,5,1,0,5,1,1,0,,,,0,,,,,,,,,,,,,2,0,3,0,1,4,4,1,1,1,,,0,0,,1,1,1,1,0.00
Anonymous Class,"org.apache.commons.math3.analysis.interpolation.BicubicSplineInterpolatingFunctionTest.testSplinePartialDerivatives.(Anon_9)",1,1,0,0,0,,0,,1,1,0,0,1,7,7,6,,,5,,,,1,1,1,,1,1,6,6,2,0,0,,,0,1,0,,0,3,0,,4,4,1,,,1,1,,0,0,1,1,1,1,0.00
Public Method,"org.apache.commons.math3.analysis.interpolation.BicubicSplineInterpolatingFunctionTest.testSplinePartialDerivatives.(Anon_9).value",,,,,,,,,,,,,,6,6,5,1,0,5,1,1,0,,,,0,,,,,,,,,,,,,2,0,3,0,1,4,4,1,1,1,,,0,0,,1,1,1,1,0.00
Public Class,"org.apache.commons.math3.analysis.interpolation.BicubicSplineInterpolator",6,1,3,10,7,,0,,3,3,0,2,1,119,71,47,,,68,,,,14,1,1,,6,6,36,22,2,1,0,,,0,3,0,,12,24,36,,51,31,37,,,14,16,,2,0,18,20,3,18,0.51
Public Method,"org.apache.commons.math3.analysis.interpolation.BicubicSplineInterpolator.interpolate",,,,,,,,,,,,,,86,60,43,10,3,61,14,16,0,,,,0,,,,,,,,,,,,,6,11,18,15,2160,47,26,35,14,1,,,0,2,,14,16,1,14,0.25
Private Method,"org.apache.commons.math3.analysis.interpolation.BicubicSplineInterpolator.nextIndex",,,,,,,,,,,,,,12,4,2,1,0,3,2,2,0,,,,0,,,,,,,,,,,,,3,0,2,8,1,2,2,1,2,1,,,0,0,,2,2,1,2,2.00
Private Method,"org.apache.commons.math3.analysis.interpolation.BicubicSplineInterpolator.previousIndex",,,,,,,,,,,,,,11,4,2,1,0,3,2,2,0,,,,0,,,,,,,,,,,,,2,0,2,7,1,2,2,1,2,1,,,0,0,,2,2,1,2,1.75
Public Class,"org.apache.commons.math3.analysis.interpolation.BicubicSplineInterpolatorTest",3,1,5,5,5,,0,,3,3,0,0,3,146,105,77,,,89,,,,5,1,1,,3,3,44,33,1,0,0,,,0,3,0,,19,34,22,,75,34,55,,,5,5,,2,0,11,11,3,11,0.21
Public Method,"org.apache.commons.math3.analysis.interpolation.BicubicSplineInterpolatorTest.testParaboloid",,,,,,,,,,,,,,45,34,26,3,0,33,3,3,0,,,,0,,,,,,,,,,,,,1,6,10,5,3,29,12,21,3,1,,,0,2,,3,3,1,3,0.15
Anonymous Class,"org.apache.commons.math3.analysis.interpolation.BicubicSplineInterpolatorTest.testParaboloid.(Anon_2)",1,1,0,0,0,,0,,1,1,0,0,1,4,4,3,,,2,,,,1,1,1,,1,1,3,3,2,0,0,,,0,1,0,,0,1,0,,1,1,1,,,1,1,,0,0,1,1,1,1,0.00
Public Method,"org.apache.commons.math3.analysis.interpolation.BicubicSplineInterpolatorTest.testParaboloid.(Anon_2).value",,,,,,,,,,,,,,3,3,2,1,0,2,1,1,0,,,,0,,,,,,,,,,,,,2,0,0,0,1,1,1,1,1,1,,,0,0,,1,1,1,1,0.00
Public Method,"org.apache.commons.math3.analysis.interpolation.BicubicSplineInterpolatorTest.testPlane",,,,,,,,,,,,,,45,34,26,3,0,33,3,3,0,,,,0,,,,,,,,,,,,,1,6,10,5,3,29,12,21,3,1,,,0,2,,3,3,1,3,0.15
Anonymous Class,"org.apache.commons.math3.analysis.interpolation.BicubicSplineInterpolatorTest.testPlane.(Anon_1)",1,1,0,0,0,,0,,1,1,0,0,1,4,4,3,,,2,,,,1,1,1,,1,1,3,3,2,0,0,,,0,1,0,,0,1,0,,1,1,1,,,1,1,,0,0,1,1,1,1,0.00
Public Method,"org.apache.commons.math3.analysis.interpolation.BicubicSplineInterpolatorTest.testPlane.(Anon_1).value",,,,,,,,,,,,,,3,3,2,1,0,2,1,1,0,,,,0,,,,,,,,,,,,,2,0,0,0,1,1,1,1,1,1,,,0,0,,1,1,1,1,0.00
Public Method,"org.apache.commons.math3.analysis.interpolation.BicubicSplineInterpolatorTest.testPreconditions",,,,,,,,,,,,,,44,32,25,2,1,22,5,5,4,,,,0,,,,,,,,,,,,,1,5,10,7,16,17,9,13,5,1,,,0,1,,5,5,1,5,0.22
Public Interface,"org.apache.commons.math3.analysis.interpolation.BivariateGridInterpolator",0,0,0,0,1,,0,,1,1,1,0,0,19,4,0,,,2,,,,0,0,0,,0,0,0,0,0,1,0,,,0,1,0,,0,3,15,,1,2,0,,,0,0,,0,0,0,0,0,0,3.75
Abstract Method,"org.apache.commons.math3.analysis.interpolation.BivariateGridInterpolator.interpolate",,,,,,,,,,,,,,17,2,0,1,0,1,0,0,0,,,,0,,,,,,,,,,,,,6,0,2,15,0,1,1,0,0,0,,,0,0,,0,0,0,0,7.50
Public Class,"org.apache.commons.math3.analysis.interpolation.DividedDifferenceInterpolator",2,1,2,23,2,,1,,1,2,0,0,1,93,26,17,,,24,,,,3,1,1,,2,2,36,11,3,0,1,,,0,2,1,,7,11,61,,19,12,12,,,3,3,,2,100,4,4,2,4,2.35
Protected Static Method,"org.apache.commons.math3.analysis.interpolation.DividedDifferenceInterpolator.computeDividedDifference",,,,,,,,,,,,,,38,15,11,3,0,16,3,3,0,,,,0,,,,,,,,,,,,,4,3,5,21,3,13,7,9,3,1,,,0,2,,3,3,1,3,1.40
Public Method,"org.apache.commons.math3.analysis.interpolation.DividedDifferenceInterpolator.interpolate",,,,,,,,,,,,,,35,7,5,5,0,6,1,1,0,,,,0,,,,,,,,,,,,,3,2,3,26,1,5,3,3,1,1,,,0,0,,1,1,1,1,3.71
Public Class,"org.apache.commons.math3.analysis.interpolation.DividedDifferenceInterpolatorTest",2,1,2,5,7,,0,,4,4,0,0,3,120,73,52,,,73,,,,3,1,1,,2,2,24,17,1,0,0,,,0,4,1,,13,28,34,,63,27,46,,,3,3,,1,0,9,9,4,9,0.47
Protected Method,"org.apache.commons.math3.analysis.interpolation.DividedDifferenceInterpolatorTest.partialerror",,,,,,,,,,,,,,16,12,7,1,1,9,3,3,0,,,,0,,,,,,,,,,,,,5,1,3,3,4,6,3,6,3,1,,,0,1,,3,3,1,3,0.25
Public Method,"org.apache.commons.math3.analysis.interpolation.DividedDifferenceInterpolatorTest.testExpm1Function",,,,,,,,,,,,,,34,24,20,5,0,30,2,2,0,,,,0,,,,,,,,,,,,,1,4,8,6,2,28,9,21,2,1,,,0,1,,2,2,1,2,0.25
Public Method,"org.apache.commons.math3.analysis.interpolation.DividedDifferenceInterpolatorTest.testParameters",,,,,,,,,,,,,,17,11,8,3,0,8,2,2,1,,,,0,,,,,,,,,,,,,0,1,5,5,2,6,5,3,2,1,,,0,1,,2,2,1,2,0.45
Public Method,"org.apache.commons.math3.analysis.interpolation.DividedDifferenceInterpolatorTest.testSinFunction",,,,,,,,,,,,,,30,21,17,5,0,25,2,2,0,,,,0,,,,,,,,,,,,,1,3,8,6,2,23,9,16,2,1,,,0,1,,2,2,1,2,0.29
Public Class,"org.apache.commons.math3.analysis.interpolation.LinearInterpolator",5,1,6,14,6,,0,,1,1,0,0,1,49,25,17,,,22,,,,5,1,1,,5,5,43,23,2,0,0,,,0,1,0,,6,6,18,,16,8,14,,,5,5,,1,0,5,5,1,5,0.72
Public Method,"org.apache.commons.math3.analysis.interpolation.LinearInterpolator.interpolate",,,,,,,,,,,,,,43,23,17,6,1,21,5,5,0,,,,0,,,,,,,,,,,,,4,6,5,14,16,16,7,14,5,1,,,0,1,,5,5,1,5,0.61
Public Class,"org.apache.commons.math3.analysis.interpolation.LinearInterpolatorTest",1,1,1,2,9,,0,,5,5,0,0,4,119,85,62,,,67,,,,4,1,1,,1,1,19,15,1,0,0,,,3,5,1,,14,41,20,,57,35,32,,,4,4,,1,60,9,9,5,9,0.24
Public Method,"org.apache.commons.math3.analysis.interpolation.LinearInterpolatorTest.testIllegalArguments",,,,,,,,,,,,,,30,24,19,2,1,17,4,4,3,,,,0,,,,,,,,,,,,,0,0,8,6,8,13,8,9,4,1,,,0,1,,4,4,1,4,0.25
Public Method,"org.apache.commons.math3.analysis.interpolation.LinearInterpolatorTest.testInterpolateLinear",,,,,,,,,,,,,,14,12,10,5,0,11,1,1,0,,,,0,,,,,,,,,,,,,1,1,7,1,1,10,7,4,1,1,,,0,0,,1,1,1,1,0.08
Public Method,"org.apache.commons.math3.analysis.interpolation.LinearInterpolatorTest.testInterpolateLinearDegenerateThreeSegment",,,,,,,,,,,,,,22,18,15,7,0,16,1,1,0,,,,0,,,,,,,,,,,,,2,2,8,2,1,15,7,9,1,1,,,0,0,,1,1,1,1,0.11
Public Method,"org.apache.commons.math3.analysis.interpolation.LinearInterpolatorTest.testInterpolateLinearDegenerateTwoSegment",,,,,,,,,,,,,,20,16,13,7,0,14,1,1,0,,,,0,,,,,,,,,,,,,2,2,8,2,1,13,7,7,1,1,,,0,0,,1,1,1,1,0.12
Protected Method,"org.apache.commons.math3.analysis.interpolation.LinearInterpolatorTest.verifyInterpolation",,,,,,,,,,,,,,9,6,2,2,0,5,2,2,0,,,,0,,,,,,,,,,,,,8,0,2,3,2,3,2,3,2,1,,,0,1,,2,2,1,2,0.50
Public Class,"org.apache.commons.math3.analysis.interpolation.LoessInterpolator",3,1,3,16,11,,4,,6,10,0,4,6,422,170,117,,,138,,,,17,6,1,,3,3,36,16,3,0,4,,,3,10,0,,41,61,211,,105,62,76,,,17,17,,3,81,33,36,15,33,1.24
Public Constructor,"org.apache.commons.math3.analysis.interpolation.LoessInterpolator.LoessInterpolator",,,,,,,,,,,,,,13,5,3,4,0,4,1,1,0,,,,0,,,,,,,,,,,,,15,0,1,8,1,3,1,3,1,1,,,0,0,,1,1,1,1,1.60
Public Constructor,"org.apache.commons.math3.analysis.interpolation.LoessInterpolator.LoessInterpolator",,,,,,,,,,,,,,25,3,1,2,0,2,1,1,0,,,,0,,,,,,,,,,,,,3,1,1,21,1,1,1,1,1,1,,,0,0,,1,1,1,1,7.00
Public Constructor,"org.apache.commons.math3.analysis.interpolation.LoessInterpolator.LoessInterpolator",,,,,,,,,,,,,,33,12,8,6,1,8,3,4,0,,,,0,,,,,,,,,,,,,14,0,1,21,4,5,1,7,3,1,,,0,1,,3,4,1,3,1.75
Private Static Method,"org.apache.commons.math3.analysis.interpolation.LoessInterpolator.checkAllFiniteReal",,,,,,,,,,,,,,12,5,2,1,0,5,2,2,0,,,,0,,,,,,,,,,,,,3,0,1,7,2,3,2,3,2,1,,,0,1,,2,2,1,2,1.40
Public Method,"org.apache.commons.math3.analysis.interpolation.LoessInterpolator.interpolate",,,,,,,,,,,,,,24,3,1,3,0,2,1,1,0,,,,0,,,,,,,,,,,,,2,0,1,21,1,1,1,1,1,1,,,0,0,,1,1,1,1,7.00
Private Static Method,"org.apache.commons.math3.analysis.interpolation.LoessInterpolator.nextNonzero",,,,,,,,,,,,,,15,7,4,1,0,5,2,3,0,,,,0,,,,,,,,,,,,,4,0,2,8,2,3,2,3,2,1,,,0,1,,2,3,1,2,1.14
Public Method,"org.apache.commons.math3.analysis.interpolation.LoessInterpolator.smooth",,,,,,,,,,,,,,165,97,77,13,3,84,17,17,9,,,,6,,,,,,,,,,,,,9,27,33,41,1648,68,36,48,17,6,,,7,3,,17,17,6,17,0.42
Public Method,"org.apache.commons.math3.analysis.interpolation.LoessInterpolator.smooth",,,,,,,,,,,,,,27,8,5,4,0,6,2,2,0,,,,0,,,,,,,,,,,,,22,2,2,17,2,4,2,4,2,1,,,0,1,,2,2,1,2,2.12
Private Static Method,"org.apache.commons.math3.analysis.interpolation.LoessInterpolator.tricube",,,,,,,,,,,,,,16,8,5,2,0,6,2,2,1,,,,0,,,,,,,,,,,,,2,0,3,8,2,4,3,3,2,1,,,0,1,,2,2,1,2,1.00
Private Static Method,"org.apache.commons.math3.analysis.interpolation.LoessInterpolator.updateBandwidthInterval",,,,,,,,,,,,,,30,12,7,2,0,8,2,3,0,,,,0,,,,,,,,,,,,,6,1,7,17,2,6,5,3,2,1,,,0,1,,2,3,1,2,1.42
Public Class,"org.apache.commons.math3.analysis.interpolation.LoessInterpolatorTest",1,1,1,0,8,,0,,21,21,0,1,20,231,178,100,,,137,,,,4,1,1,,1,1,8,7,1,0,0,,,0,21,0,,43,99,10,,105,80,57,,,4,4,,2,0,31,31,21,31,0.06
Private Method,"org.apache.commons.math3.analysis.interpolation.LoessInterpolatorTest.generateSineData",,,,,,,,,,,,,,9,9,6,4,0,9,2,2,0,,,,0,,,,,,,,,,,,,8,0,3,0,2,7,4,5,2,1,,,0,1,,2,2,1,2,0.00
Public Method,"org.apache.commons.math3.analysis.interpolation.LoessInterpolatorTest.testCompletelyIncorrectBandwidth1",,,,,,,,,,,,,,3,3,1,1,0,2,1,1,0,,,,0,,,,,,,,,,,,,0,0,1,0,1,1,1,1,1,1,,,0,0,,1,1,1,1,0.00
Public Method,"org.apache.commons.math3.analysis.interpolation.LoessInterpolatorTest.testCompletelyIncorrectBandwidth2",,,,,,,,,,,,,,3,3,1,1,0,2,1,1,0,,,,0,,,,,,,,,,,,,0,0,1,0,1,1,1,1,1,1,,,0,0,,1,1,1,1,0.00
Public Method,"org.apache.commons.math3.analysis.interpolation.LoessInterpolatorTest.testEmptyData",,,,,,,,,,,,,,3,3,1,2,0,2,1,1,0,,,,0,,,,,,,,,,,,,0,0,1,0,1,1,1,1,1,1,,,0,0,,1,1,1,1,0.00
Public Method,"org.apache.commons.math3.analysis.interpolation.LoessInterpolatorTest.testIncreasingBandwidthIncreasesSmoothness",,,,,,,,,,,,,,29,21,16,5,1,23,4,4,0,,,,0,,,,,,,,,,,,,1,7,11,1,6,19,14,9,4,1,,,0,2,,4,4,1,4,0.05
Public Method,"org.apache.commons.math3.analysis.interpolation.LoessInterpolatorTest.testIncreasingRobustnessItersIncreasesSmoothnessWithOutliers",,,,,,,,,,,,,,31,21,16,5,1,23,4,4,0,,,,0,,,,,,,,,,,,,1,7,9,3,6,19,12,11,4,1,,,0,2,,4,4,1,4,0.14
Public Method,"org.apache.commons.math3.analysis.interpolation.LoessInterpolatorTest.testInsufficientBandwidth",,,,,,,,,,,,,,4,4,2,2,0,3,1,1,0,,,,0,,,,,,,,,,,,,0,0,2,0,1,2,2,1,1,1,,,0,0,,1,1,1,1,0.00
Public Method,"org.apache.commons.math3.analysis.interpolation.LoessInterpolatorTest.testMath296withoutWeights",,,,,,,,,,,,,,21,20,13,3,0,11,2,2,0,,,,0,,,,,,,,,,,,,1,0,15,1,2,9,7,4,2,1,,,0,1,,2,2,1,2,0.05
Public Method,"org.apache.commons.math3.analysis.interpolation.LoessInterpolatorTest.testNonStrictlyIncreasing1",,,,,,,,,,,,,,3,3,1,2,0,2,1,1,0,,,,0,,,,,,,,,,,,,0,0,1,0,1,1,1,1,1,1,,,0,0,,1,1,1,1,0.00
Public Method,"org.apache.commons.math3.analysis.interpolation.LoessInterpolatorTest.testNonStrictlyIncreasing2",,,,,,,,,,,,,,3,3,1,2,0,2,1,1,0,,,,0,,,,,,,,,,,,,0,0,1,0,1,1,1,1,1,1,,,0,0,,1,1,1,1,0.00
Public Method,"org.apache.commons.math3.analysis.interpolation.LoessInterpolatorTest.testNotAllFiniteReal1",,,,,,,,,,,,,,3,3,1,2,0,2,1,1,0,,,,0,,,,,,,,,,,,,0,0,1,0,1,1,1,1,1,1,,,0,0,,1,1,1,1,0.00
Public Method,"org.apache.commons.math3.analysis.interpolation.LoessInterpolatorTest.testNotAllFiniteReal2",,,,,,,,,,,,,,3,3,1,2,0,2,1,1,0,,,,0,,,,,,,,,,,,,0,0,1,0,1,1,1,1,1,1,,,0,0,,1,1,1,1,0.00
Public Method,"org.apache.commons.math3.analysis.interpolation.LoessInterpolatorTest.testNotAllFiniteReal3",,,,,,,,,,,,,,3,3,1,2,0,2,1,1,0,,,,0,,,,,,,,,,,,,0,0,1,0,1,1,1,1,1,1,,,0,0,,1,1,1,1,0.00
Public Method,"org.apache.commons.math3.analysis.interpolation.LoessInterpolatorTest.testNotAllFiniteReal4",,,,,,,,,,,,,,3,3,1,2,0,2,1,1,0,,,,0,,,,,,,,,,,,,0,0,1,0,1,1,1,1,1,1,,,0,0,,1,1,1,1,0.00
Public Method,"org.apache.commons.math3.analysis.interpolation.LoessInterpolatorTest.testNotAllFiniteReal5",,,,,,,,,,,,,,3,3,1,2,0,2,1,1,0,,,,0,,,,,,,,,,,,,0,0,1,0,1,1,1,1,1,1,,,0,0,,1,1,1,1,0.00
Public Method,"org.apache.commons.math3.analysis.interpolation.LoessInterpolatorTest.testNotAllFiniteReal6",,,,,,,,,,,,,,3,3,1,2,0,2,1,1,0,,,,0,,,,,,,,,,,,,0,0,1,0,1,1,1,1,1,1,,,0,0,,1,1,1,1,0.00
Public Method,"org.apache.commons.math3.analysis.interpolation.LoessInterpolatorTest.testOnDistortedSine",,,,,,,,,,,,,,30,20,17,6,0,20,2,2,0,,,,0,,,,,,,,,,,,,0,8,13,2,2,18,14,6,2,1,,,0,1,,2,2,1,2,0.10
Public Method,"org.apache.commons.math3.analysis.interpolation.LoessInterpolatorTest.testOnOnePoint",,,,,,,,,,,,,,7,7,5,3,0,6,1,1,0,,,,0,,,,,,,,,,,,,1,0,4,0,1,5,4,2,1,1,,,0,0,,1,1,1,1,0.00
Public Method,"org.apache.commons.math3.analysis.interpolation.LoessInterpolatorTest.testOnStraightLine",,,,,,,,,,,,,,10,10,7,3,0,10,2,2,0,,,,0,,,,,,,,,,,,,1,0,5,0,2,8,6,4,2,1,,,0,1,,2,2,1,2,0.00
Public Method,"org.apache.commons.math3.analysis.interpolation.LoessInterpolatorTest.testOnTwoPoints",,,,,,,,,,,,,,8,8,6,3,0,7,1,1,0,,,,0,,,,,,,,,,,,,1,0,4,0,1,6,4,3,1,1,,,0,0,,1,1,1,1,0.00
Public Method,"org.apache.commons.math3.analysis.interpolation.LoessInterpolatorTest.testUnequalSizeArguments",,,,,,,,,,,,,,3,3,1,2,0,2,1,1,0,,,,0,,,,,,,,,,,,,0,0,1,0,1,1,1,1,1,1,,,0,0,,1,1,1,1,0.00
Public Class,"org.apache.commons.math3.analysis.interpolation.MicrosphereInterpolatingFunction",5,1,4,13,8,,0,,3,3,0,1,2,215,102,52,,,77,,,,9,3,1,,5,6,39,22,2,0,0,,,4,3,0,,22,33,91,,47,33,44,,,9,10,,2,41,17,18,5,17,0.89
Public Constructor,"org.apache.commons.math3.analysis.interpolation.MicrosphereInterpolatingFunction.MicrosphereInterpolatingFunction",,,,,,,,,,,,,,62,36,22,13,2,26,9,10,0,,,,0,,,,,,,,,,,,,10,4,6,22,160,17,4,22,9,1,,,0,2,,9,10,1,9,0.61
Private Static Class,"org.apache.commons.math3.analysis.interpolation.MicrosphereInterpolatingFunction.MicrosphereSurfaceElement",1,1,0,4,2,,0,,6,6,6,0,0,65,28,9,,,19,,,,2,1,1,,1,1,7,3,1,0,0,,,3,6,0,,6,11,31,,11,10,9,,,2,2,,1,55,7,7,6,7,1.11
Constructor,"org.apache.commons.math3.analysis.interpolation.MicrosphereInterpolatingFunction.MicrosphereSurfaceElement.MicrosphereSurfaceElement",,,,,,,,,,,,,,7,3,1,3,0,2,1,1,0,,,,0,,,,,,,,,,,,,2,0,1,4,1,1,1,1,1,1,,,0,0,,1,1,1,1,1.33
Method,"org.apache.commons.math3.analysis.interpolation.MicrosphereInterpolatingFunction.MicrosphereSurfaceElement.illumination",,,,,,,,,,,,,,7,3,1,1,0,2,1,1,0,,,,0,,,,,,,,,,,,,2,0,1,4,1,1,1,1,1,1,,,0,0,,1,1,1,1,1.33
Method,"org.apache.commons.math3.analysis.interpolation.MicrosphereInterpolatingFunction.MicrosphereSurfaceElement.normal",,,,,,,,,,,,,,7,3,1,1,0,2,1,1,0,,,,0,,,,,,,,,,,,,2,0,1,4,1,1,1,1,1,1,,,0,0,,1,1,1,1,1.33
Method,"org.apache.commons.math3.analysis.interpolation.MicrosphereInterpolatingFunction.MicrosphereSurfaceElement.reset",,,,,,,,,,,,,,7,4,2,2,0,3,1,1,0,,,,0,,,,,,,,,,,,,1,0,1,3,1,2,1,2,1,1,,,0,0,,1,1,1,1,0.75
Method,"org.apache.commons.math3.analysis.interpolation.MicrosphereInterpolatingFunction.MicrosphereSurfaceElement.sample",,,,,,,,,,,,,,7,3,1,1,0,2,1,1,0,,,,0,,,,,,,,,,,,,2,0,1,4,1,1,1,1,1,1,,,0,0,,1,1,1,1,1.33
Method,"org.apache.commons.math3.analysis.interpolation.MicrosphereInterpolatingFunction.MicrosphereSurfaceElement.store",,,,,,,,,,,,,,12,7,3,2,0,4,2,2,0,,,,0,,,,,,,,,,,,,4,0,2,5,2,2,1,3,2,1,,,0,1,,2,2,1,2,0.71
Private Method,"org.apache.commons.math3.analysis.interpolation.MicrosphereInterpolatingFunction.cosAngle",,,,,,,,,,,,,,10,3,1,3,0,2,1,1,0,,,,0,,,,,,,,,,,,,3,0,1,7,1,1,1,1,1,1,,,0,0,,1,1,1,1,2.33
Public Method,"org.apache.commons.math3.analysis.interpolation.MicrosphereInterpolatingFunction.value",,,,,,,,,,,,,,46,28,20,16,1,25,7,7,3,,,,3,,,,,,,,,,,,,4,8,9,10,20,14,13,12,7,3,,,3,2,,7,7,3,7,0.36
Public Class,"org.apache.commons.math3.analysis.interpolation.MicrosphereInterpolator",1,1,0,5,5,,2,,3,3,0,0,3,72,30,14,,,17,,,,3,1,1,,1,1,13,7,2,0,0,,,2,3,0,,4,13,38,,11,9,8,,,3,3,,1,50,5,5,3,5,1.27
Public Constructor,"org.apache.commons.math3.analysis.interpolation.MicrosphereInterpolator.MicrosphereInterpolator",,,,,,,,,,,,,,10,3,1,2,0,2,1,1,0,,,,0,,,,,,,,,,,,,4,0,1,7,1,1,1,1,1,1,,,0,0,,1,1,1,1,2.33
Public Constructor,"org.apache.commons.math3.analysis.interpolation.MicrosphereInterpolator.MicrosphereInterpolator",,,,,,,,,,,,,,19,11,6,5,1,7,3,3,0,,,,0,,,,,,,,,,,,,3,1,2,7,4,4,1,6,3,1,,,0,1,,3,3,1,3,0.64
Public Method,"org.apache.commons.math3.analysis.interpolation.MicrosphereInterpolator.interpolate",,,,,,,,,,,,,,12,9,5,3,0,3,1,1,0,,,,0,,,,,,,,,,,,,5,0,4,3,1,2,2,1,1,1,,,0,0,,1,1,1,1,0.33
Public Class,"org.apache.commons.math3.analysis.interpolation.MicrosphereInterpolatorTest",3,1,6,6,4,,0,,2,2,0,0,2,109,78,58,,,71,,,,3,1,1,,3,3,49,37,1,0,0,,,0,2,0,,13,27,18,,60,29,42,,,3,3,,2,0,6,6,2,6,0.23
Public Method,"org.apache.commons.math3.analysis.interpolation.MicrosphereInterpolatorTest.testLinearFunction2D",,,,,,,,,,,,,,49,37,29,5,0,35,3,3,0,,,,0,,,,,,,,,,,,,0,6,12,6,3,30,14,21,3,1,,,0,2,,3,3,1,3,0.16
Anonymous Class,"org.apache.commons.math3.analysis.interpolation.MicrosphereInterpolatorTest.testLinearFunction2D.(Anon_1)",2,1,0,0,0,,0,,1,1,0,0,1,7,7,5,,,4,,,,2,1,1,,2,2,6,6,2,0,0,,,0,1,0,,0,1,0,,2,1,3,,,2,2,,1,0,2,2,1,2,0.00
Public Method,"org.apache.commons.math3.analysis.interpolation.MicrosphereInterpolatorTest.testLinearFunction2D.(Anon_1).value",,,,,,,,,,,,,,6,6,4,1,0,4,2,2,0,,,,0,,,,,,,,,,,,,2,0,0,0,2,2,1,3,2,1,,,0,1,,2,2,1,2,0.00
Public Method,"org.apache.commons.math3.analysis.interpolation.MicrosphereInterpolatorTest.testParaboloid2D",,,,,,,,,,,,,,50,37,29,5,0,35,3,3,0,,,,0,,,,,,,,,,,,,0,6,12,7,3,30,14,21,3,1,,,0,2,,3,3,1,3,0.19
Anonymous Class,"org.apache.commons.math3.analysis.interpolation.MicrosphereInterpolatorTest.testParaboloid2D.(Anon_2)",2,1,0,0,0,,0,,1,1,0,0,1,7,7,5,,,4,,,,2,1,1,,2,2,6,6,2,0,0,,,0,1,0,,0,1,0,,2,1,3,,,2,2,,1,0,2,2,1,2,0.00
Public Method,"org.apache.commons.math3.analysis.interpolation.MicrosphereInterpolatorTest.testParaboloid2D.(Anon_2).value",,,,,,,,,,,,,,6,6,4,1,0,4,2,2,0,,,,0,,,,,,,,,,,,,2,0,0,0,2,2,1,3,2,1,,,0,1,,2,2,1,2,0.00
Public Interface,"org.apache.commons.math3.analysis.interpolation.MultivariateInterpolator",0,0,0,0,1,,0,,1,1,1,0,0,24,3,0,,,2,,,,0,0,0,,0,0,0,0,0,1,0,,,0,1,0,,1,2,20,,1,2,0,,,0,0,,0,0,0,0,0,0,6.67
Abstract Method,"org.apache.commons.math3.analysis.interpolation.MultivariateInterpolator.interpolate",,,,,,,,,,,,,,21,1,0,1,0,1,0,0,0,,,,0,,,,,,,,,,,,,2,0,1,20,0,1,1,0,0,0,,,0,0,,0,0,0,0,20.00
Public Class,"org.apache.commons.math3.analysis.interpolation.NevilleInterpolator",1,1,0,13,1,,1,,1,1,0,0,1,35,7,2,,,4,,,,1,1,1,,1,1,16,3,3,0,0,,,0,1,0,,2,4,26,,2,3,1,,,1,1,,0,100,1,1,1,1,3.71
Public Method,"org.apache.commons.math3.analysis.interpolation.NevilleInterpolator.interpolate",,,,,,,,,,,,,,16,3,1,2,0,2,1,1,0,,,,0,,,,,,,,,,,,,2,0,1,13,1,1,1,1,1,1,,,0,0,,1,1,1,1,4.33
Public Class,"org.apache.commons.math3.analysis.interpolation.NevilleInterpolatorTest",2,1,2,5,7,,0,,4,4,0,0,3,120,73,52,,,73,,,,3,1,1,,2,2,24,17,1,0,0,,,0,4,1,,13,28,34,,63,27,46,,,3,3,,1,0,9,9,4,9,0.47
Protected Method,"org.apache.commons.math3.analysis.interpolation.NevilleInterpolatorTest.partialerror",,,,,,,,,,,,,,16,12,7,1,1,9,3,3,0,,,,0,,,,,,,,,,,,,5,1,3,3,4,6,3,6,3,1,,,0,1,,3,3,1,3,0.25
Public Method,"org.apache.commons.math3.analysis.interpolation.NevilleInterpolatorTest.testExpm1Function",,,,,,,,,,,,,,34,24,20,5,0,30,2,2,0,,,,0,,,,,,,,,,,,,1,4,8,6,2,28,9,21,2,1,,,0,1,,2,2,1,2,0.25
Public Method,"org.apache.commons.math3.analysis.interpolation.NevilleInterpolatorTest.testParameters",,,,,,,,,,,,,,17,11,8,3,0,8,2,2,1,,,,0,,,,,,,,,,,,,0,1,5,5,2,6,5,3,2,1,,,0,1,,2,2,1,2,0.45
Public Method,"org.apache.commons.math3.analysis.interpolation.NevilleInterpolatorTest.testSinFunction",,,,,,,,,,,,,,30,21,17,5,0,25,2,2,0,,,,0,,,,,,,,,,,,,1,3,8,6,2,23,9,16,2,1,,,0,1,,2,2,1,2,0.29
Public Class,"org.apache.commons.math3.analysis.interpolation.SmoothingPolynomialBicubicSplineInterpolator",4,1,2,5,8,,0,,4,7,0,0,4,114,67,38,,,63,,,,13,1,2,,4,4,23,15,1,0,0,,,2,4,0,,14,20,33,,46,24,39,,,13,15,,2,50,16,18,4,16,0.49
Public Constructor,"org.apache.commons.math3.analysis.interpolation.SmoothingPolynomialBicubicSplineInterpolator.SmoothingPolynomialBicubicSplineInterpolator",,,,,,,,,,,,,,6,3,1,2,0,2,1,1,0,,,,0,,,,,,,,,,,,,0,0,1,3,1,1,1,1,1,1,,,0,0,,1,1,1,1,1.00
Public Constructor,"org.apache.commons.math3.analysis.interpolation.SmoothingPolynomialBicubicSplineInterpolator.SmoothingPolynomialBicubicSplineInterpolator",,,,,,,,,,,,,,6,3,1,2,0,2,1,1,0,,,,0,,,,,,,,,,,,,5,0,1,3,1,1,1,1,1,1,,,0,0,,1,1,1,1,1.00
Public Constructor,"org.apache.commons.math3.analysis.interpolation.SmoothingPolynomialBicubicSplineInterpolator.SmoothingPolynomialBicubicSplineInterpolator",,,,,,,,,,,,,,11,5,2,5,0,3,1,1,0,,,,0,,,,,,,,,,,,,3,0,2,6,1,2,1,2,1,1,,,0,0,,1,1,1,1,1.20
Public Method,"org.apache.commons.math3.analysis.interpolation.SmoothingPolynomialBicubicSplineInterpolator.interpolate",,,,,,,,,,,,,,71,50,34,10,3,53,13,15,0,,,,0,,,,,,,,,,,,,6,10,11,11,972,40,18,35,13,1,,,0,2,,13,15,1,13,0.22
Public Class,"org.apache.commons.math3.analysis.interpolation.SmoothingPolynomialBicubicSplineInterpolatorTest",4,1,5,6,5,,0,,3,3,0,0,3,155,113,84,,,93,,,,6,1,1,,4,4,47,36,1,0,0,,,0,3,0,,19,34,23,,78,34,59,,,6,6,,2,0,12,12,3,12,0.20
Public Method,"org.apache.commons.math3.analysis.interpolation.SmoothingPolynomialBicubicSplineInterpolatorTest.testParaboloid",,,,,,,,,,,,,,46,35,27,4,0,33,3,3,0,,,,0,,,,,,,,,,,,,1,6,10,5,3,29,12,21,3,1,,,0,2,,3,3,1,3,0.14
Anonymous Class,"org.apache.commons.math3.analysis.interpolation.SmoothingPolynomialBicubicSplineInterpolatorTest.testParaboloid.(Anon_2)",2,1,0,0,1,,0,,1,1,0,0,1,5,5,4,,,2,,,,2,1,1,,2,2,4,4,2,0,0,,,0,1,0,,0,1,0,,1,1,1,,,2,2,,0,0,2,2,1,2,0.00
Public Method,"org.apache.commons.math3.analysis.interpolation.SmoothingPolynomialBicubicSplineInterpolatorTest.testParaboloid.(Anon_2).value",,,,,,,,,,,,,,4,4,3,2,0,2,2,2,0,,,,0,,,,,,,,,,,,,2,0,0,0,1,1,1,1,2,1,,,0,0,,2,2,1,2,0.00
Public Method,"org.apache.commons.math3.analysis.interpolation.SmoothingPolynomialBicubicSplineInterpolatorTest.testPlane",,,,,,,,,,,,,,46,35,27,4,0,33,3,3,0,,,,0,,,,,,,,,,,,,1,6,10,5,3,29,12,21,3,1,,,0,2,,3,3,1,3,0.14
Anonymous Class,"org.apache.commons.math3.analysis.interpolation.SmoothingPolynomialBicubicSplineInterpolatorTest.testPlane.(Anon_1)",2,1,0,0,1,,0,,1,1,0,0,1,5,5,4,,,2,,,,2,1,1,,2,2,4,4,2,0,0,,,0,1,0,,0,1,0,,1,1,1,,,2,2,,0,0,2,2,1,2,0.00
Public Method,"org.apache.commons.math3.analysis.interpolation.SmoothingPolynomialBicubicSplineInterpolatorTest.testPlane.(Anon_1).value",,,,,,,,,,,,,,4,4,3,2,0,2,2,2,0,,,,0,,,,,,,,,,,,,2,0,0,0,1,1,1,1,2,1,,,0,0,,2,2,1,2,0.00
Public Method,"org.apache.commons.math3.analysis.interpolation.SmoothingPolynomialBicubicSplineInterpolatorTest.testPreconditions",,,,,,,,,,,,,,51,38,30,3,2,26,6,6,5,,,,0,,,,,,,,,,,,,1,5,10,8,32,20,9,17,6,1,,,0,1,,6,6,1,6,0.21
Public Class,"org.apache.commons.math3.analysis.interpolation.SplineInterpolator",7,1,10,15,6,,0,,1,1,0,0,1,102,48,38,,,46,,,,7,1,1,,7,7,71,46,2,0,0,,,0,1,0,,12,12,42,,38,16,30,,,7,7,,1,0,7,7,1,7,0.88
Public Method,"org.apache.commons.math3.analysis.interpolation.SplineInterpolator.interpolate",,,,,,,,,,,,,,71,46,38,6,2,45,7,7,0,,,,0,,,,,,,,,,,,,6,10,11,15,64,38,15,30,7,1,,,0,1,,7,7,1,7,0.33
Public Class,"org.apache.commons.math3.analysis.interpolation.SplineInterpolatorTest",1,1,1,4,10,,0,,7,7,0,0,5,191,136,104,,,103,,,,4,1,1,,1,1,23,18,1,0,0,,,3,7,2,,18,61,37,,90,45,58,,,4,4,,1,61,12,12,7,12,0.27
Public Method,"org.apache.commons.math3.analysis.interpolation.SplineInterpolatorTest.testIllegalArguments",,,,,,,,,,,,,,30,24,19,2,1,17,4,4,3,,,,0,,,,,,,,,,,,,0,0,8,6,8,13,8,9,4,1,,,0,1,,4,4,1,4,0.25
Public Method,"org.apache.commons.math3.analysis.interpolation.SplineInterpolatorTest.testInterpolateLinear",,,,,,,,,,,,,,15,13,11,6,0,12,1,1,0,,,,0,,,,,,,,,,,,,1,1,7,1,1,11,7,5,1,1,,,0,0,,1,1,1,1,0.08
Public Method,"org.apache.commons.math3.analysis.interpolation.SplineInterpolatorTest.testInterpolateLinearDegenerateThreeSegment",,,,,,,,,,,,,,22,18,15,7,0,16,1,1,0,,,,0,,,,,,,,,,,,,2,2,8,2,1,15,7,9,1,1,,,0,0,,1,1,1,1,0.11
Public Method,"org.apache.commons.math3.analysis.interpolation.SplineInterpolatorTest.testInterpolateLinearDegenerateTwoSegment",,,,,,,,,,,,,,21,17,14,8,0,15,1,1,0,,,,0,,,,,,,,,,,,,2,2,8,2,1,14,7,8,1,1,,,0,0,,1,1,1,1,0.12
Public Method,"org.apache.commons.math3.analysis.interpolation.SplineInterpolatorTest.testInterpolateSin",,,,,,,,,,,,,,49,37,33,9,0,26,1,1,0,,,,0,,,,,,,,,,,,,3,2,16,10,1,25,7,19,1,1,,,0,0,,1,1,1,1,0.27
Protected Method,"org.apache.commons.math3.analysis.interpolation.SplineInterpolatorTest.verifyConsistency",,,,,,,,,,,,,,16,11,7,6,0,8,2,2,0,,,,0,,,,,,,,,,,,,6,0,3,5,2,6,3,5,2,1,,,0,1,,2,2,1,2,0.45
Protected Method,"org.apache.commons.math3.analysis.interpolation.SplineInterpolatorTest.verifyInterpolation",,,,,,,,,,,,,,9,6,2,2,0,5,2,2,0,,,,0,,,,,,,,,,,,,9,0,2,3,2,3,2,3,2,1,,,0,1,,2,2,1,2,0.50
Class,"org.apache.commons.math3.analysis.interpolation.TricubicSplineFunction",5,1,2,4,1,,1,,2,2,0,0,2,66,43,27,,,42,,,,7,1,1,,5,7,26,19,2,0,0,,,1,2,0,,7,16,16,,30,21,21,,,7,10,,3,0,11,14,2,11,0.37
Public Constructor,"org.apache.commons.math3.analysis.interpolation.TricubicSplineFunction.TricubicSplineFunction",,,,,,,,,,,,,,12,9,4,2,1,11,4,4,0,,,,0,,,,,,,,,,,,,3,0,1,3,4,7,4,7,4,1,,,0,3,,4,4,1,4,0.33
Public Method,"org.apache.commons.math3.analysis.interpolation.TricubicSplineFunction.value",,,,,,,,,,,,,,40,29,21,2,2,28,7,10,0,,,,0,,,,,,,,,,,,,6,5,11,6,32,21,14,14,7,1,,,0,3,,7,10,1,7,0.21
Public Class,"org.apache.commons.math3.analysis.interpolation.TricubicSplineInterpolatingFunction",10,1,5,21,5,,1,,4,4,0,2,2,392,260,196,,,122,,,,29,4,1,,10,11,73,46,2,0,0,,,4,4,0,,27,108,105,,81,37,85,,,29,33,,3,55,40,44,7,40,0.40
Public Constructor,"org.apache.commons.math3.analysis.interpolation.TricubicSplineInterpolatingFunction.TricubicSplineInterpolatingFunction",,,,,,,,,,,,,,185,144,103,11,8,78,29,33,0,,,,0,,,,,,,,,,,,,16,16,22,25,67240448,49,14,64,29,1,,,0,3,,29,33,1,29,0.17
Private Method,"org.apache.commons.math3.analysis.interpolation.TricubicSplineInterpolatingFunction.computeSplineCoefficients",,,,,,,,,,,,,,64,13,9,1,0,14,3,3,0,,,,0,,,,,,,,,,,,,3,2,5,49,3,11,7,7,3,1,,,0,2,,3,3,1,3,3.77
Private Method,"org.apache.commons.math3.analysis.interpolation.TricubicSplineInterpolatingFunction.searchIndex",,,,,,,,,,,,,,21,12,7,1,1,10,4,4,4,,,,4,,,,,,,,,,,,,4,2,2,7,4,6,3,7,4,4,,,4,2,,4,4,4,4,0.58
Public Method,"org.apache.commons.math3.analysis.interpolation.TricubicSplineInterpolatingFunction.value",,,,,,,,,,,,,,23,18,13,4,1,14,4,4,0,,,,0,,,,,,,,,,,,,8,2,7,3,8,10,7,7,4,1,,,0,1,,4,4,1,4,0.17
Public Class,"org.apache.commons.math3.analysis.interpolation.TricubicSplineInterpolatingFunctionTest",23,1,8,18,4,,0,,3,3,0,0,3,520,433,333,,,324,,,,28,1,1,,23,23,169,142,1,0,0,,,0,3,0,,26,70,61,,245,102,222,,,28,28,,3,0,69,69,3,69,0.14
Public Method,"org.apache.commons.math3.analysis.interpolation.TricubicSplineInterpolatingFunctionTest.testPlane",,,,,,,,,,,,,,102,83,62,3,3,89,16,16,0,,,,0,,,,,,,,,,,,,1,8,18,11,1024,72,32,57,16,1,,,0,3,,16,16,1,16,0.13
Anonymous Class,"org.apache.commons.math3.analysis.interpolation.TricubicSplineInterpolatingFunctionTest.testPlane.(Anon_1)",1,1,0,0,0,,0,,1,1,0,0,1,4,4,3,,,2,,,,1,1,1,,1,1,3,3,2,0,0,,,0,1,0,,0,1,0,,1,1,1,,,1,1,,0,0,1,1,1,1,0.00
Public Method,"org.apache.commons.math3.analysis.interpolation.TricubicSplineInterpolatingFunctionTest.testPlane.(Anon_1).value",,,,,,,,,,,,,,3,3,2,1,0,2,1,1,0,,,,0,,,,,,,,,,,,,3,0,0,0,1,1,1,1,1,1,,,0,0,,1,1,1,1,0.00
Public Method,"org.apache.commons.math3.analysis.interpolation.TricubicSplineInterpolatingFunctionTest.testPreconditions",,,,,,,,,,,,,,237,205,175,2,8,93,28,28,27,,,,0,,,,,,,,,,,,,1,2,12,30,134217728,65,10,83,28,1,,,0,1,,28,28,1,28,0.15
Public Method,"org.apache.commons.math3.analysis.interpolation.TricubicSplineInterpolatingFunctionTest.testWave",,,,,,,,,,,,,,169,140,96,3,5,141,25,25,0,,,,0,,,,,,,,,,,,,1,14,36,15,65536,108,59,82,25,1,,,0,3,,25,25,1,25,0.11
Anonymous Class,"org.apache.commons.math3.analysis.interpolation.TricubicSplineInterpolatingFunctionTest.testWave.(Anon_2)",1,1,0,0,2,,0,,1,1,0,0,1,4,4,3,,,2,,,,1,1,1,,1,1,3,3,2,0,0,,,0,1,0,,0,1,0,,1,1,1,,,1,1,,0,0,1,1,1,1,0.00
Public Method,"org.apache.commons.math3.analysis.interpolation.TricubicSplineInterpolatingFunctionTest.testWave.(Anon_2).value",,,,,,,,,,,,,,3,3,2,2,0,2,1,1,0,,,,0,,,,,,,,,,,,,3,0,0,0,1,1,1,1,1,1,,,0,0,,1,1,1,1,0.00
Anonymous Class,"org.apache.commons.math3.analysis.interpolation.TricubicSplineInterpolatingFunctionTest.testWave.(Anon_3)",1,1,0,0,2,,0,,1,1,0,0,1,4,4,3,,,2,,,,1,1,1,,1,1,3,3,2,0,0,,,0,1,0,,0,1,0,,1,1,1,,,1,1,,0,0,1,1,1,1,0.00
Public Method,"org.apache.commons.math3.analysis.interpolation.TricubicSplineInterpolatingFunctionTest.testWave.(Anon_3).value",,,,,,,,,,,,,,3,3,2,2,0,2,1,1,0,,,,0,,,,,,,,,,,,,3,0,0,0,1,1,1,1,1,1,,,0,0,,1,1,1,1,0.00
Anonymous Class,"org.apache.commons.math3.analysis.interpolation.TricubicSplineInterpolatingFunctionTest.testWave.(Anon_4)",1,1,0,0,2,,0,,1,1,0,0,1,4,4,3,,,2,,,,1,1,1,,1,1,3,3,2,0,0,,,0,1,0,,0,1,0,,1,1,1,,,1,1,,0,0,1,1,1,1,0.00
Public Method,"org.apache.commons.math3.analysis.interpolation.TricubicSplineInterpolatingFunctionTest.testWave.(Anon_4).value",,,,,,,,,,,,,,3,3,2,2,0,2,1,1,0,,,,0,,,,,,,,,,,,,3,0,0,0,1,1,1,1,1,1,,,0,0,,1,1,1,1,0.00
Anonymous Class,"org.apache.commons.math3.analysis.interpolation.TricubicSplineInterpolatingFunctionTest.testWave.(Anon_5)",1,1,0,0,2,,0,,1,1,0,0,1,4,4,3,,,2,,,,1,1,1,,1,1,3,3,2,0,0,,,0,1,0,,0,1,0,,1,1,1,,,1,1,,0,0,1,1,1,1,0.00
Public Method,"org.apache.commons.math3.analysis.interpolation.TricubicSplineInterpolatingFunctionTest.testWave.(Anon_5).value",,,,,,,,,,,,,,3,3,2,2,0,2,1,1,0,,,,0,,,,,,,,,,,,,3,0,0,0,1,1,1,1,1,1,,,0,0,,1,1,1,1,0.00
Anonymous Class,"org.apache.commons.math3.analysis.interpolation.TricubicSplineInterpolatingFunctionTest.testWave.(Anon_6)",1,1,0,0,2,,0,,1,1,0,0,1,4,4,3,,,2,,,,1,1,1,,1,1,3,3,2,0,0,,,0,1,0,,0,1,0,,1,1,1,,,1,1,,0,0,1,1,1,1,0.00
Public Method,"org.apache.commons.math3.analysis.interpolation.TricubicSplineInterpolatingFunctionTest.testWave.(Anon_6).value",,,,,,,,,,,,,,3,3,2,2,0,2,1,1,0,,,,0,,,,,,,,,,,,,3,0,0,0,1,1,1,1,1,1,,,0,0,,1,1,1,1,0.00
Anonymous Class,"org.apache.commons.math3.analysis.interpolation.TricubicSplineInterpolatingFunctionTest.testWave.(Anon_7)",1,1,0,0,2,,0,,1,1,0,0,1,4,4,3,,,2,,,,1,1,1,,1,1,3,3,2,0,0,,,0,1,0,,0,1,0,,1,1,1,,,1,1,,0,0,1,1,1,1,0.00
Public Method,"org.apache.commons.math3.analysis.interpolation.TricubicSplineInterpolatingFunctionTest.testWave.(Anon_7).value",,,,,,,,,,,,,,3,3,2,2,0,2,1,1,0,,,,0,,,,,,,,,,,,,3,0,0,0,1,1,1,1,1,1,,,0,0,,1,1,1,1,0.00
Anonymous Class,"org.apache.commons.math3.analysis.interpolation.TricubicSplineInterpolatingFunctionTest.testWave.(Anon_8)",1,1,0,0,2,,0,,1,1,0,0,1,4,4,3,,,2,,,,1,1,1,,1,1,3,3,2,0,0,,,0,1,0,,0,1,0,,1,1,1,,,1,1,,0,0,1,1,1,1,0.00
Public Method,"org.apache.commons.math3.analysis.interpolation.TricubicSplineInterpolatingFunctionTest.testWave.(Anon_8).value",,,,,,,,,,,,,,3,3,2,2,0,2,1,1,0,,,,0,,,,,,,,,,,,,3,0,0,0,1,1,1,1,1,1,,,0,0,,1,1,1,1,0.00
Anonymous Class,"org.apache.commons.math3.analysis.interpolation.TricubicSplineInterpolatingFunctionTest.testWave.(Anon_9)",1,1,0,0,2,,0,,1,1,0,0,1,4,4,3,,,2,,,,1,1,1,,1,1,3,3,2,0,0,,,0,1,0,,0,1,0,,1,1,1,,,1,1,,0,0,1,1,1,1,0.00
Public Method,"org.apache.commons.math3.analysis.interpolation.TricubicSplineInterpolatingFunctionTest.testWave.(Anon_9).value",,,,,,,,,,,,,,3,3,2,2,0,2,1,1,0,,,,0,,,,,,,,,,,,,3,0,0,0,1,1,1,1,1,1,,,0,0,,1,1,1,1,0.00
Public Class,"org.apache.commons.math3.analysis.interpolation.TricubicSplineInterpolator",9,1,5,10,6,,0,,3,3,0,2,1,174,122,85,,,118,,,,23,1,1,,9,10,54,39,2,0,0,,,0,3,0,,16,45,36,,92,56,62,,,23,26,,3,0,27,30,3,27,0.30
Public Method,"org.apache.commons.math3.analysis.interpolation.TricubicSplineInterpolator.interpolate",,,,,,,,,,,,,,141,111,81,11,5,111,23,26,0,,,,0,,,,,,,,,,,,,5,15,39,15,90112,88,51,60,23,1,,,0,3,,23,26,1,23,0.14
Private Method,"org.apache.commons.math3.analysis.interpolation.TricubicSplineInterpolator.nextIndex",,,,,,,,,,,,,,12,4,2,1,0,3,2,2,0,,,,0,,,,,,,,,,,,,3,0,2,8,1,2,2,1,2,1,,,0,0,,2,2,1,2,2.00
Private Method,"org.apache.commons.math3.analysis.interpolation.TricubicSplineInterpolator.previousIndex",,,,,,,,,,,,,,11,4,2,1,0,3,2,2,0,,,,0,,,,,,,,,,,,,2,0,2,7,1,2,2,1,2,1,,,0,0,,2,2,1,2,1.75
Public Class,"org.apache.commons.math3.analysis.interpolation.TricubicSplineInterpolatorTest",5,1,6,7,5,,0,,3,3,0,0,3,187,137,105,,,116,,,,7,1,1,,5,5,58,44,1,0,0,,,0,3,0,,22,42,28,,98,44,72,,,7,7,,3,0,15,15,3,15,0.20
Public Method,"org.apache.commons.math3.analysis.interpolation.TricubicSplineInterpolatorTest.testPlane",,,,,,,,,,,,,,51,40,31,3,1,40,4,4,0,,,,0,,,,,,,,,,,,,1,6,11,5,4,35,14,26,4,1,,,0,3,,4,4,1,4,0.12
Anonymous Class,"org.apache.commons.math3.analysis.interpolation.TricubicSplineInterpolatorTest.testPlane.(Anon_1)",1,1,0,0,0,,0,,1,1,0,0,1,4,4,3,,,2,,,,1,1,1,,1,1,3,3,2,0,0,,,0,1,0,,0,1,0,,1,1,1,,,1,1,,0,0,1,1,1,1,0.00
Public Method,"org.apache.commons.math3.analysis.interpolation.TricubicSplineInterpolatorTest.testPlane.(Anon_1).value",,,,,,,,,,,,,,3,3,2,1,0,2,1,1,0,,,,0,,,,,,,,,,,,,3,0,0,0,1,1,1,1,1,1,,,0,0,,1,1,1,1,0.00
Public Method,"org.apache.commons.math3.analysis.interpolation.TricubicSplineInterpolatorTest.testPreconditions",,,,,,,,,,,,,,60,45,36,2,2,31,7,7,6,,,,0,,,,,,,,,,,,,1,6,12,9,64,24,11,20,7,1,,,0,1,,7,7,1,7,0.20
Public Method,"org.apache.commons.math3.analysis.interpolation.TricubicSplineInterpolatorTest.testWave",,,,,,,,,,,,,,64,47,38,3,1,44,4,4,0,,,,0,,,,,,,,,,,,,1,8,15,9,4,39,18,26,4,1,,,0,3,,4,4,1,4,0.19
Anonymous Class,"org.apache.commons.math3.analysis.interpolation.TricubicSplineInterpolatorTest.testWave.(Anon_2)",1,1,0,0,2,,0,,1,1,0,0,1,4,4,3,,,2,,,,1,1,1,,1,1,3,3,2,0,0,,,0,1,0,,0,1,0,,1,1,1,,,1,1,,0,0,1,1,1,1,0.00
Public Method,"org.apache.commons.math3.analysis.interpolation.TricubicSplineInterpolatorTest.testWave.(Anon_2).value",,,,,,,,,,,,,,3,3,2,2,0,2,1,1,0,,,,0,,,,,,,,,,,,,3,0,0,0,1,1,1,1,1,1,,,0,0,,1,1,1,1,0.00
Public Interface,"org.apache.commons.math3.analysis.interpolation.TrivariateGridInterpolator",0,0,0,0,1,,0,,1,1,1,0,0,21,4,0,,,2,,,,0,0,0,,0,0,0,0,0,1,0,,,0,1,0,,0,3,17,,1,2,0,,,0,0,,0,0,0,0,0,0,4.25
Abstract Method,"org.apache.commons.math3.analysis.interpolation.TrivariateGridInterpolator.interpolate",,,,,,,,,,,,,,19,2,0,1,0,1,0,0,0,,,,0,,,,,,,,,,,,,3,0,2,17,0,1,1,0,0,0,,,0,0,,0,0,0,0,8.50
Public Interface,"org.apache.commons.math3.analysis.interpolation.UnivariateInterpolator",0,0,0,0,1,,0,,1,1,1,0,0,13,3,0,,,2,,,,0,0,0,,0,0,0,0,0,6,0,,,0,1,0,,0,2,10,,1,2,0,,,0,0,,0,0,0,0,0,0,3.33
Abstract Method,"org.apache.commons.math3.analysis.interpolation.UnivariateInterpolator.interpolate",,,,,,,,,,,,,,11,1,0,1,0,1,0,0,0,,,,0,,,,,,,,,,,,,21,0,1,10,0,1,1,0,0,0,,,0,0,,0,0,0,0,10.00
Public Class,"org.apache.commons.math3.analysis.interpolation.UnivariatePeriodicInterpolator",2,1,2,8,4,,1,,3,3,0,0,3,98,49,29,,,39,,,,4,1,1,,2,2,24,14,2,0,0,,,3,3,0,,9,20,40,,31,18,21,,,4,4,,0,41,6,6,3,6,0.82
Public Constructor,"org.apache.commons.math3.analysis.interpolation.UnivariatePeriodicInterpolator.UnivariatePeriodicInterpolator",,,,,,,,,,,,,,18,7,3,4,0,4,1,1,0,,,,0,,,,,,,,,,,,,7,0,3,11,1,3,1,3,1,1,,,0,0,,1,1,1,1,1.57
Public Constructor,"org.apache.commons.math3.analysis.interpolation.UnivariatePeriodicInterpolator.UnivariatePeriodicInterpolator",,,,,,,,,,,,,,12,4,1,2,0,2,1,1,0,,,,0,,,,,,,,,,,,,5,0,2,8,1,1,1,1,1,1,,,0,0,,1,1,1,1,2.00
Public Method,"org.apache.commons.math3.analysis.interpolation.UnivariatePeriodicInterpolator.interpolate",,,,,,,,,,,,,,44,31,24,6,1,28,4,4,0,,,,0,,,,,,,,,,,,,6,6,9,7,8,23,11,17,4,1,,,0,0,,4,4,1,4,0.23
Anonymous Class,"org.apache.commons.math3.analysis.interpolation.UnivariatePeriodicInterpolator.interpolate.(Anon_1)",1,1,0,0,2,,0,,1,1,0,0,1,4,4,3,,,2,,,,1,1,1,,1,1,3,3,2,0,0,,,0,1,0,,0,0,0,,1,1,1,,,1,1,,0,0,1,1,1,1,0.00
Public Method,"org.apache.commons.math3.analysis.interpolation.UnivariatePeriodicInterpolator.interpolate.(Anon_1).value",,,,,,,,,,,,,,3,3,2,3,0,2,1,1,0,,,,0,,,,,,,,,,,,,2,0,0,0,1,1,1,1,1,1,,,0,0,,1,1,1,1,0.00
Public Class,"org.apache.commons.math3.analysis.interpolation.UnivariatePeriodicInterpolatorTest",2,1,3,0,7,,0,,5,5,0,0,5,135,106,77,,,94,,,,4,1,1,,2,2,23,19,1,0,0,,,1,5,0,,22,71,7,,81,65,29,,,4,4,,1,40,12,12,5,12,0.07
Public Method,"org.apache.commons.math3.analysis.interpolation.UnivariatePeriodicInterpolatorTest.testLessThanOnePeriodCoverage",,,,,,,,,,,,,,29,24,19,7,1,23,3,3,0,,,,0,,,,,,,,,,,,,1,4,15,1,4,20,15,8,3,1,,,0,1,,3,3,1,3,0.04
Public Method,"org.apache.commons.math3.analysis.interpolation.UnivariatePeriodicInterpolatorTest.testMoreThanOnePeriodCoverage",,,,,,,,,,,,,,29,24,19,7,1,23,3,3,0,,,,0,,,,,,,,,,,,,1,4,15,1,4,20,15,8,3,1,,,0,1,,3,3,1,3,0.04
Public Method,"org.apache.commons.math3.analysis.interpolation.UnivariatePeriodicInterpolatorTest.testSine",,,,,,,,,,,,,,43,34,28,8,1,34,4,4,0,,,,0,,,,,,,,,,,,,1,7,22,2,8,30,23,11,4,1,,,0,1,,4,4,1,4,0.06
Public Method,"org.apache.commons.math3.analysis.interpolation.UnivariatePeriodicInterpolatorTest.testTooFewSamples",,,,,,,,,,,,,,9,8,5,2,0,6,1,1,0,,,,0,,,,,,,,,,,,,0,1,6,0,1,5,5,1,1,1,,,0,0,,1,1,1,1,0.00
Public Method,"org.apache.commons.math3.analysis.interpolation.UnivariatePeriodicInterpolatorTest.testUnsortedSamples",,,,,,,,,,,,,,9,8,5,2,0,6,1,1,0,,,,0,,,,,,,,,,,,,0,1,6,0,1,5,5,1,1,1,,,0,0,,1,1,1,1,0.00
Package,"org.apache.commons.math3.analysis.polynomials",2,1,1,5,,24,6,11,98,,1,10,97,2727,1394,866,,,1156,,,,10,4,,,2,2,18,11,,,16,,,20,114,6,,319,502,1022,,915,498,658,,,10,10,,4,,226,233,120,226,0.73
Public Class,"org.apache.commons.math3.analysis.polynomials.PolynomialFunction",2,1,0,7,5,,1,,13,16,0,1,13,359,192,117,,,146,,,,10,4,1,,2,2,18,10,3,0,3,,,1,16,2,,28,49,139,,98,53,93,,,10,10,,4,62,44,45,21,44,0.72
Public Static Class,"org.apache.commons.math3.analysis.polynomials.PolynomialFunction.Parametric",1,1,0,1,1,,0,,2,2,0,0,2,22,14,7,,,12,,,,2,1,1,,1,1,7,6,2,0,0,,,0,2,0,,1,5,7,,8,6,6,,,2,2,,1,0,3,3,2,3,0.50
Public Method,"org.apache.commons.math3.analysis.polynomials.PolynomialFunction.Parametric.gradient",,,,,,,,,,,,,,10,9,6,1,0,9,2,2,0,,,,0,,,,,,,,,,,,,3,0,3,1,2,7,4,5,2,1,,,0,1,,2,2,1,2,0.11
Public Method,"org.apache.commons.math3.analysis.polynomials.PolynomialFunction.Parametric.value",,,,,,,,,,,,,,4,3,1,2,0,2,1,1,0,,,,0,,,,,,,,,,,,,2,0,1,1,1,1,1,1,1,1,,,0,0,,1,1,1,1,0.33
Public Constructor,"org.apache.commons.math3.analysis.polynomials.PolynomialFunction.PolynomialFunction",,,,,,,,,,,,,,28,14,9,5,1,10,3,4,0,,,,0,,,,,,,,,,,,,38,0,3,14,4,7,2,8,3,1,,,0,1,,3,4,1,3,1.00
Public Method,"org.apache.commons.math3.analysis.polynomials.PolynomialFunction.add",,,,,,,,,,,,,,24,14,11,5,0,10,3,3,0,,,,0,,,,,,,,,,,,,8,2,4,8,2,8,5,5,3,1,,,0,1,,3,3,1,3,0.57
Public Method,"org.apache.commons.math3.analysis.polynomials.PolynomialFunction.degree",,,,,,,,,,,,,,8,3,1,1,0,2,1,1,0,,,,0,,,,,,,,,,,,,8,0,1,5,1,1,1,1,1,1,,,0,0,,1,1,1,1,1.67
Public Method,"org.apache.commons.math3.analysis.polynomials.PolynomialFunction.derivative",,,,,,,,,,,,,,8,3,1,2,0,2,1,1,0,,,,0,,,,,,,,,,,,,5,0,1,5,1,1,1,1,1,1,,,0,0,,1,1,1,1,1.67
Protected Static Method,"org.apache.commons.math3.analysis.polynomials.PolynomialFunction.differentiate",,,,,,,,,,,,,,24,16,10,3,1,13,4,4,1,,,,0,,,,,,,,,,,,,4,0,4,8,6,9,4,9,4,1,,,0,1,,4,4,1,4,0.50
Public Method,"org.apache.commons.math3.analysis.polynomials.PolynomialFunction.equals",,,,,,,,,,,,,,14,13,8,2,1,9,4,4,3,,,,3,,,,,,,,,,,,,2,0,2,1,4,5,2,7,4,4,,,3,1,,4,4,4,4,0.08
Protected Static Method,"org.apache.commons.math3.analysis.polynomials.PolynomialFunction.evaluate",,,,,,,,,,,,,,23,13,8,3,1,11,3,3,0,,,,0,,,,,,,,,,,,,6,0,4,10,4,8,4,7,3,1,,,0,1,,3,3,1,3,0.77
Public Method,"org.apache.commons.math3.analysis.polynomials.PolynomialFunction.getCoefficients",,,,,,,,,,,,,,11,3,1,2,0,2,1,1,0,,,,0,,,,,,,,,,,,,15,0,1,8,1,1,1,1,1,1,,,0,0,,1,1,1,1,2.67
Public Method,"org.apache.commons.math3.analysis.polynomials.PolynomialFunction.hashCode",,,,,,,,,,,,,,7,6,4,2,0,5,1,1,0,,,,0,,,,,,,,,,,,,1,0,3,1,1,4,3,2,1,1,,,0,0,,1,1,1,1,0.17
Public Method,"org.apache.commons.math3.analysis.polynomials.PolynomialFunction.multiply",,,,,,,,,,,,,,20,12,8,4,0,11,3,3,0,,,,0,,,,,,,,,,,,,9,2,2,6,3,8,4,7,3,1,,,0,2,,3,3,1,3,0.50
Public Method,"org.apache.commons.math3.analysis.polynomials.PolynomialFunction.negate",,,,,,,,,,,,,,12,7,4,2,0,7,2,2,0,,,,0,,,,,,,,,,,,,2,0,2,5,2,5,3,4,2,1,,,0,1,,2,2,1,2,0.71
Public Method,"org.apache.commons.math3.analysis.polynomials.PolynomialFunction.polynomialDerivative",,,,,,,,,,,,,,8,3,1,3,0,2,1,1,0,,,,0,,,,,,,,,,,,,10,0,1,5,1,1,1,1,1,1,,,0,0,,1,1,1,1,1.67
Public Method,"org.apache.commons.math3.analysis.polynomials.PolynomialFunction.subtract",,,,,,,,,,,,,,27,17,12,5,1,15,4,4,1,,,,0,,,,,,,,,,,,,5,2,4,8,6,11,6,9,4,1,,,0,2,,4,4,1,4,0.47
Public Method,"org.apache.commons.math3.analysis.polynomials.PolynomialFunction.toString",,,,,,,,,,,,,,55,36,25,6,2,25,10,10,5,,,,3,,,,,,,,,,,,,5,4,3,15,37,15,4,21,10,3,,,3,4,,10,10,3,10,0.42
Private Static Method,"org.apache.commons.math3.analysis.polynomials.PolynomialFunction.toString",,,,,,,,,,,,,,14,8,5,5,0,5,2,2,1,,,,0,,,,,,,,,,,,,2,0,2,6,2,3,2,3,2,1,,,0,1,,2,2,1,2,0.75
Public Method,"org.apache.commons.math3.analysis.polynomials.PolynomialFunction.value",,,,,,,,,,,,,,14,3,1,2,0,2,1,1,0,,,,0,,,,,,,,,,,,,18,0,1,11,1,1,1,1,1,1,,,0,0,,1,1,1,1,3.67
Public Class,"org.apache.commons.math3.analysis.polynomials.PolynomialFunctionLagrangeForm",2,1,1,12,6,,0,,7,10,0,1,8,298,129,86,,,118,,,,8,1,1,,2,2,25,12,2,0,3,,,4,10,1,,20,36,152,,90,45,73,,,8,8,,3,65,27,27,10,27,1.18
Public Constructor,"org.apache.commons.math3.analysis.polynomials.PolynomialFunctionLagrangeForm.PolynomialFunctionLagrangeForm",,,,,,,,,,,,,,26,11,8,7,0,9,2,2,0,,,,0,,,,,,,,,,,,,10,1,1,14,2,7,1,8,2,1,,,0,1,,2,2,1,2,1.27
Protected Method,"org.apache.commons.math3.analysis.polynomials.PolynomialFunctionLagrangeForm.computeCoefficients",,,,,,,,,,,,,,47,33,24,3,2,37,8,8,0,,,,0,,,,,,,,,,,,,3,3,6,12,42,29,12,25,8,1,,,0,3,,8,8,1,8,0.36
Public Method,"org.apache.commons.math3.analysis.polynomials.PolynomialFunctionLagrangeForm.degree",,,,,,,,,,,,,,8,3,1,1,0,2,1,1,0,,,,0,,,,,,,,,,,,,6,0,1,5,1,1,1,1,1,1,,,0,0,,1,1,1,1,1.67
Public Static Method,"org.apache.commons.math3.analysis.polynomials.PolynomialFunctionLagrangeForm.evaluate",,,,,,,,,,,,,,32,12,9,5,0,10,2,2,1,,,,0,,,,,,,,,,,,,4,2,3,18,2,8,3,7,2,1,,,0,1,,2,2,1,2,1.50
Private Static Method,"org.apache.commons.math3.analysis.polynomials.PolynomialFunctionLagrangeForm.evaluateInternal",,,,,,,,,,,,,,58,34,27,2,1,33,6,6,1,,,,0,,,,,,,,,,,,,6,3,12,23,15,27,15,18,6,1,,,0,2,,6,6,1,6,0.68
Public Method,"org.apache.commons.math3.analysis.polynomials.PolynomialFunctionLagrangeForm.getCoefficients",,,,,,,,,,,,,,18,8,5,3,0,6,2,2,0,,,,0,,,,,,,,,,,,,6,0,2,10,2,4,2,4,2,1,,,0,1,,2,2,1,2,1.25
Public Method,"org.apache.commons.math3.analysis.polynomials.PolynomialFunctionLagrangeForm.getInterpolatingPoints",,,,,,,,,,,,,,12,5,3,2,0,4,1,1,0,,,,0,,,,,,,,,,,,,2,0,2,7,1,3,2,2,1,1,,,0,0,,1,1,1,1,1.40
Public Method,"org.apache.commons.math3.analysis.polynomials.PolynomialFunctionLagrangeForm.getInterpolatingValues",,,,,,,,,,,,,,12,5,3,2,0,4,1,1,0,,,,0,,,,,,,,,,,,,2,0,2,7,1,3,2,2,1,1,,,0,0,,1,1,1,1,1.40
Public Method,"org.apache.commons.math3.analysis.polynomials.PolynomialFunctionLagrangeForm.value",,,,,,,,,,,,,,15,3,1,2,0,2,1,1,0,,,,0,,,,,,,,,,,,,6,0,1,12,1,1,1,1,1,1,,,0,0,,1,1,1,1,4.00
Public Static Method,"org.apache.commons.math3.analysis.polynomials.PolynomialFunctionLagrangeForm.verifyInterpolationArray",,,,,,,,,,,,,,28,9,5,4,1,6,3,3,0,,,,0,,,,,,,,,,,,,10,1,1,18,4,3,1,5,3,1,,,0,1,,3,3,1,3,2.00
Public Class,"org.apache.commons.math3.analysis.polynomials.PolynomialFunctionLagrangeFormTest",1,1,4,4,2,,0,,4,4,0,0,4,132,81,62,,,86,,,,3,1,1,,1,1,28,18,1,0,0,,,0,4,0,,23,25,28,,79,21,65,,,3,3,,1,0,6,6,4,6,0.35
Public Method,"org.apache.commons.math3.analysis.polynomials.PolynomialFunctionLagrangeFormTest.testLinearFunction",,,,,,,,,,,,,,28,18,15,5,0,23,1,1,0,,,,0,,,,,,,,,,,,,1,6,5,4,1,22,5,18,1,1,,,0,0,,1,1,1,1,0.22
Public Method,"org.apache.commons.math3.analysis.polynomials.PolynomialFunctionLagrangeFormTest.testParameters",,,,,,,,,,,,,,24,16,12,2,1,11,3,3,2,,,,0,,,,,,,,,,,,,0,1,5,7,4,8,5,6,3,1,,,0,1,,3,3,1,3,0.44
Public Method,"org.apache.commons.math3.analysis.polynomials.PolynomialFunctionLagrangeFormTest.testQuadraticFunction",,,,,,,,,,,,,,29,19,16,5,0,24,1,1,0,,,,0,,,,,,,,,,,,,1,6,5,4,1,23,5,19,1,1,,,0,0,,1,1,1,1,0.21
Public Method,"org.apache.commons.math3.analysis.polynomials.PolynomialFunctionLagrangeFormTest.testQuinticFunction",,,,,,,,,,,,,,32,22,19,5,0,27,1,1,0,,,,0,,,,,,,,,,,,,1,6,5,4,1,26,5,22,1,1,,,0,0,,1,1,1,1,0.18
Public Class,"org.apache.commons.math3.analysis.polynomials.PolynomialFunctionNewtonForm",1,1,0,9,3,,0,,7,9,0,0,7,201,72,41,,,61,,,,4,1,1,,1,1,17,7,2,0,2,,,4,9,2,,19,20,110,,44,24,37,,,4,4,,2,61,16,17,9,16,1.53
Public Constructor,"org.apache.commons.math3.analysis.polynomials.PolynomialFunctionNewtonForm.PolynomialFunctionNewtonForm",,,,,,,,,,,,,,24,8,6,6,0,7,1,1,0,,,,0,,,,,,,,,,,,,10,1,1,15,1,6,1,6,1,1,,,0,0,,1,1,1,1,1.88
Protected Method,"org.apache.commons.math3.analysis.polynomials.PolynomialFunctionNewtonForm.computeCoefficients",,,,,,,,,,,,,,22,15,10,3,1,17,4,4,0,,,,0,,,,,,,,,,,,,4,3,2,4,6,13,5,12,4,1,,,0,2,,4,4,1,4,0.27
Public Method,"org.apache.commons.math3.analysis.polynomials.PolynomialFunctionNewtonForm.degree",,,,,,,,,,,,,,8,3,1,1,0,2,1,1,0,,,,0,,,,,,,,,,,,,6,0,1,5,1,1,1,1,1,1,,,0,0,,1,1,1,1,1.67
Public Static Method,"org.apache.commons.math3.analysis.polynomials.PolynomialFunctionNewtonForm.evaluate",,,,,,,,,,,,,,26,9,6,2,0,9,2,2,0,,,,0,,,,,,,,,,,,,5,2,3,15,2,7,4,5,2,1,,,0,1,,2,2,1,2,1.67
Public Method,"org.apache.commons.math3.analysis.polynomials.PolynomialFunctionNewtonForm.getCenters",,,,,,,,,,,,,,12,5,3,2,0,4,1,1,0,,,,0,,,,,,,,,,,,,2,0,2,7,1,3,2,2,1,1,,,0,0,,1,1,1,1,1.40
Public Method,"org.apache.commons.math3.analysis.polynomials.PolynomialFunctionNewtonForm.getCoefficients",,,,,,,,,,,,,,15,8,5,3,0,6,2,2,0,,,,0,,,,,,,,,,,,,6,0,2,7,2,4,2,4,2,1,,,0,1,,2,2,1,2,0.88
Public Method,"org.apache.commons.math3.analysis.polynomials.PolynomialFunctionNewtonForm.getNewtonCoefficients",,,,,,,,,,,,,,12,5,3,2,0,4,1,1,0,,,,0,,,,,,,,,,,,,2,0,2,7,1,3,2,2,1,1,,,0,0,,1,1,1,1,1.40
Public Method,"org.apache.commons.math3.analysis.polynomials.PolynomialFunctionNewtonForm.value",,,,,,,,,,,,,,9,3,1,2,0,2,1,1,0,,,,0,,,,,,,,,,,,,6,0,1,6,1,1,1,1,1,1,,,0,0,,1,1,1,1,2.00
Protected Static Method,"org.apache.commons.math3.analysis.polynomials.PolynomialFunctionNewtonForm.verifyInputArray",,,,,,,,,,,,,,26,10,6,2,1,5,3,4,0,,,,0,,,,,,,,,,,,,7,0,1,16,4,2,1,4,3,1,,,0,1,,3,4,1,3,1.60
Public Class,"org.apache.commons.math3.analysis.polynomials.PolynomialFunctionNewtonFormTest",1,1,4,5,2,,0,,4,4,0,0,4,131,81,62,,,86,,,,3,1,1,,1,1,28,18,1,0,0,,,0,4,0,,23,25,27,,79,21,65,,,3,3,,1,0,6,6,4,6,0.33
Public Method,"org.apache.commons.math3.analysis.polynomials.PolynomialFunctionNewtonFormTest.testLinearFunction",,,,,,,,,,,,,,28,18,15,5,0,23,1,1,0,,,,0,,,,,,,,,,,,,1,6,5,4,1,22,5,18,1,1,,,0,0,,1,1,1,1,0.22
Public Method,"org.apache.commons.math3.analysis.polynomials.PolynomialFunctionNewtonFormTest.testParameters",,,,,,,,,,,,,,24,16,12,2,1,11,3,3,2,,,,0,,,,,,,,,,,,,0,1,5,7,4,8,5,6,3,1,,,0,1,,3,3,1,3,0.44
Public Method,"org.apache.commons.math3.analysis.polynomials.PolynomialFunctionNewtonFormTest.testQuadraticFunction",,,,,,,,,,,,,,29,19,16,5,0,24,1,1,0,,,,0,,,,,,,,,,,,,1,6,5,4,1,23,5,19,1,1,,,0,0,,1,1,1,1,0.21
Public Method,"org.apache.commons.math3.analysis.polynomials.PolynomialFunctionNewtonFormTest.testQuinticFunction",,,,,,,,,,,,,,33,22,19,5,0,27,1,1,0,,,,0,,,,,,,,,,,,,1,6,5,5,1,26,5,22,1,1,,,0,0,,1,1,1,1,0.23
Public Class,"org.apache.commons.math3.analysis.polynomials.PolynomialFunctionTest",1,1,1,3,4,,0,,13,13,0,1,12,241,152,111,,,122,,,,2,1,1,,1,1,16,10,1,0,0,,,1,13,0,,36,54,53,,105,45,77,,,2,2,,1,53,15,15,13,15,0.35
Private Method,"org.apache.commons.math3.analysis.polynomials.PolynomialFunctionTest.checkNullPolynomial",,,,,,,,,,,,,,5,5,2,2,0,4,2,2,0,,,,0,,,,,,,,,,,,,3,0,1,0,2,1,2,2,2,1,,,0,1,,2,2,1,2,0.00
Public Method,"org.apache.commons.math3.analysis.polynomials.PolynomialFunctionTest.checkPolynomial",,,,,,,,,,,,,,3,3,1,2,0,2,1,1,0,,,,0,,,,,,,,,,,,,6,0,1,0,1,1,1,1,1,1,,,0,0,,1,1,1,1,0.00
Public Method,"org.apache.commons.math3.analysis.polynomials.PolynomialFunctionTest.testAddition",,,,,,,,,,,,,,14,12,10,6,0,11,1,1,0,,,,0,,,,,,,,,,,,,0,2,3,0,1,10,3,8,1,1,,,0,0,,1,1,1,1,0.00
Public Method,"org.apache.commons.math3.analysis.polynomials.PolynomialFunctionTest.testConstants",,,,,,,,,,,,,,21,12,10,7,0,11,1,1,0,,,,0,,,,,,,,,,,,,1,3,3,6,1,10,3,8,1,1,,,0,0,,1,1,1,1,0.50
Public Method,"org.apache.commons.math3.analysis.polynomials.PolynomialFunctionTest.testLinear",,,,,,,,,,,,,,27,12,10,7,0,11,1,1,0,,,,0,,,,,,,,,,,,,1,4,3,11,1,10,3,8,1,1,,,0,0,,1,1,1,1,0.92
Public Method,"org.apache.commons.math3.analysis.polynomials.PolynomialFunctionTest.testMath341",,,,,,,,,,,,,,27,15,13,5,0,14,1,1,0,,,,0,,,,,,,,,,,,,3,3,7,9,1,13,7,7,1,1,,,0,0,,1,1,1,1,0.60
Public Method,"org.apache.commons.math3.analysis.polynomials.PolynomialFunctionTest.testMultiplication",,,,,,,,,,,,,,12,11,8,3,0,11,2,2,0,,,,0,,,,,,,,,,,,,0,1,3,0,2,9,4,7,2,1,,,0,1,,2,2,1,2,0.00
Public Method,"org.apache.commons.math3.analysis.polynomials.PolynomialFunctionTest.testQuadratic",,,,,,,,,,,,,,18,10,8,3,0,9,1,1,0,,,,0,,,,,,,,,,,,,1,2,3,6,1,8,3,6,1,1,,,0,0,,1,1,1,1,0.60
Public Method,"org.apache.commons.math3.analysis.polynomials.PolynomialFunctionTest.testQuintic",,,,,,,,,,,,,,20,11,9,4,0,10,1,1,0,,,,0,,,,,,,,,,,,,1,3,3,6,1,9,3,7,1,1,,,0,0,,1,1,1,1,0.55
Public Method,"org.apache.commons.math3.analysis.polynomials.PolynomialFunctionTest.testSerial",,,,,,,,,,,,,,4,4,2,3,0,3,1,1,0,,,,0,,,,,,,,,,,,,0,0,2,0,1,2,2,1,1,1,,,0,0,,1,1,1,1,0.00
Public Method,"org.apache.commons.math3.analysis.polynomials.PolynomialFunctionTest.testString",,,,,,,,,,,,,,16,16,14,2,0,9,1,1,0,,,,0,,,,,,,,,,,,,0,0,2,0,1,8,2,7,1,1,,,0,0,,1,1,1,1,0.00
Public Method,"org.apache.commons.math3.analysis.polynomials.PolynomialFunctionTest.testSubtraction",,,,,,,,,,,,,,14,12,10,6,0,11,1,1,0,,,,0,,,,,,,,,,,,,0,2,3,0,1,10,3,8,1,1,,,0,0,,1,1,1,1,0.00
Public Method,"org.apache.commons.math3.analysis.polynomials.PolynomialFunctionTest.testfirstDerivativeComparison",,,,,,,,,,,,,,27,15,13,5,0,14,1,1,0,,,,0,,,,,,,,,,,,,3,3,7,9,1,13,7,7,1,1,,,0,0,,1,1,1,1,0.60
Public Class,"org.apache.commons.math3.analysis.polynomials.PolynomialSplineFunction",2,1,0,8,7,,0,,7,7,0,0,7,177,60,34,,,45,,,,4,1,1,,2,2,16,7,2,0,0,,,3,7,0,,9,15,108,,30,16,29,,,4,5,,1,33,14,16,7,14,1.80
Public Constructor,"org.apache.commons.math3.analysis.polynomials.PolynomialSplineFunction.PolynomialSplineFunction",,,,,,,,,,,,,,35,19,14,9,1,13,4,5,0,,,,0,,,,,,,,,,,,,12,1,1,15,8,9,1,12,4,1,,,0,1,,4,5,1,4,0.79
Public Method,"org.apache.commons.math3.analysis.polynomials.PolynomialSplineFunction.derivative",,,,,,,,,,,,,,8,3,1,2,0,2,1,1,0,,,,0,,,,,,,,,,,,,2,0,1,5,1,1,1,1,1,1,,,0,0,,1,1,1,1,1.67
Public Method,"org.apache.commons.math3.analysis.polynomials.PolynomialSplineFunction.getKnots",,,,,,,,,,,,,,12,5,3,2,0,4,1,1,0,,,,0,,,,,,,,,,,,,3,0,2,7,1,3,2,2,1,1,,,0,0,,1,1,1,1,1.40
Public Method,"org.apache.commons.math3.analysis.polynomials.PolynomialSplineFunction.getN",,,,,,,,,,,,,,9,3,1,1,0,2,1,1,0,,,,0,,,,,,,,,,,,,2,0,1,6,1,1,1,1,1,1,,,0,0,,1,1,1,1,2.00
Public Method,"org.apache.commons.math3.analysis.polynomials.PolynomialSplineFunction.getPolynomials",,,,,,,,,,,,,,12,5,3,2,0,4,1,1,0,,,,0,,,,,,,,,,,,,11,0,2,7,1,3,2,2,1,1,,,0,0,,1,1,1,1,1.40
Public Method,"org.apache.commons.math3.analysis.polynomials.PolynomialSplineFunction.polynomialSplineDerivative",,,,,,,,,,,,,,12,7,4,3,0,7,2,2,0,,,,0,,,,,,,,,,,,,4,0,2,5,2,5,3,4,2,1,,,0,1,,2,2,1,2,0.71
Public Method,"org.apache.commons.math3.analysis.polynomials.PolynomialSplineFunction.value",,,,,,,,,,,,,,27,13,8,4,1,9,4,5,0,,,,0,,,,,,,,,,,,,6,0,2,14,8,5,2,7,4,1,,,0,1,,4,5,1,4,1.08
Public Class,"org.apache.commons.math3.analysis.polynomials.PolynomialSplineFunctionTest",4,1,2,6,6,,0,,3,3,0,0,2,125,77,52,,,51,,,,5,3,1,,4,4,28,21,1,0,0,,,4,3,1,,15,21,38,,37,16,35,,,5,5,,2,50,13,14,5,13,0.49
Protected Method,"org.apache.commons.math3.analysis.polynomials.PolynomialSplineFunctionTest.findKnot",,,,,,,,,,,,,,15,11,6,3,1,9,4,5,3,,,,3,,,,,,,,,,,,,4,0,1,4,6,5,2,7,4,3,,,3,2,,4,5,3,4,0.36
Public Method,"org.apache.commons.math3.analysis.polynomials.PolynomialSplineFunctionTest.testConstructor",,,,,,,,,,,,,,28,22,16,9,1,14,4,4,3,,,,0,,,,,,,,,,,,,2,3,3,6,8,10,2,12,4,1,,,0,1,,4,4,1,4,0.27
Public Method,"org.apache.commons.math3.analysis.polynomials.PolynomialSplineFunctionTest.testValues",,,,,,,,,,,,,,43,31,24,8,1,23,5,5,2,,,,0,,,,,,,,,,,,,4,4,6,10,16,18,7,16,5,1,,,0,1,,5,5,1,5,0.32
Public Class,"org.apache.commons.math3.analysis.polynomials.PolynomialsUtils",2,1,3,15,6,,5,,1,9,0,3,6,420,182,118,,,133,,,,6,1,1,,2,2,33,14,1,0,8,,,0,9,0,,62,55,176,,101,61,72,,,6,6,,2,88,19,19,9,19,0.97
Private Static Class,"org.apache.commons.math3.analysis.polynomials.PolynomialsUtils.JacobiKey",1,1,1,3,0,,0,,3,3,0,0,3,42,20,7,,,13,,,,2,1,1,,1,2,9,4,1,0,0,,,2,3,0,,8,9,14,,8,7,6,,,2,4,,1,0,4,6,3,4,0.70
Public Constructor,"org.apache.commons.math3.analysis.polynomials.PolynomialsUtils.JacobiKey.JacobiKey",,,,,,,,,,,,,,8,4,2,3,0,3,1,1,0,,,,0,,,,,,,,,,,,,3,0,1,4,1,2,1,2,1,1,,,0,0,,1,1,1,1,1.00
Public Method,"org.apache.commons.math3.analysis.polynomials.PolynomialsUtils.JacobiKey.equals",,,,,,,,,,,,,,14,7,4,1,0,5,2,4,1,,,,0,,,,,,,,,,,,,3,3,2,4,2,3,2,3,2,1,,,0,1,,2,4,1,2,0.57
Public Method,"org.apache.commons.math3.analysis.polynomials.PolynomialsUtils.JacobiKey.hashCode",,,,,,,,,,,,,,6,3,1,1,0,2,1,1,0,,,,0,,,,,,,,,,,,,2,0,1,3,1,1,1,1,1,1,,,0,0,,1,1,1,1,1.00
Private Constructor,"org.apache.commons.math3.analysis.polynomials.PolynomialsUtils.PolynomialsUtils",,,,,,,,,,,,,,5,2,0,1,0,1,1,1,0,,,,0,,,,,,,,,,,,,0,0,1,3,1,0,1,0,1,1,,,0,0,,1,1,1,1,1.50
Private Interface,"org.apache.commons.math3.analysis.polynomials.PolynomialsUtils.RecurrenceCoefficientsGenerator",0,0,0,0,1,,0,,1,1,1,0,0,9,3,0,,,2,,,,0,0,0,,0,0,0,0,0,5,0,,,0,1,0,,0,2,6,,1,2,0,,,0,0,,0,0,0,0,0,0,2.00
Abstract Method,"org.apache.commons.math3.analysis.polynomials.PolynomialsUtils.RecurrenceCoefficientsGenerator.generate",,,,,,,,,,,,,,7,1,0,1,0,1,0,0,0,,,,0,,,,,,,,,,,,,1,0,1,6,0,1,1,0,0,0,,,0,0,,0,0,0,0,6.00
Private Static Method,"org.apache.commons.math3.analysis.polynomials.PolynomialsUtils.buildPolynomial",,,,,,,,,,,,,,36,16,9,8,1,12,3,3,0,,,,0,,,,,,,,,,,,,9,5,6,15,4,8,5,7,3,1,,,0,1,,3,3,1,3,0.94
Private Static Method,"org.apache.commons.math3.analysis.polynomials.PolynomialsUtils.computeUpToDegree",,,,,,,,,,,,,,45,23,17,6,0,22,3,3,0,,,,0,,,,,,,,,,,,,5,10,10,12,3,19,10,12,3,1,,,0,2,,3,3,1,3,0.52
Public Static Method,"org.apache.commons.math3.analysis.polynomials.PolynomialsUtils.createChebyshevPolynomial",,,,,,,,,,,,,,23,9,6,2,0,5,1,1,0,,,,0,,,,,,,,,,,,,6,0,1,14,1,3,3,2,1,1,,,0,0,,1,1,1,1,1.56
Anonymous Class,"org.apache.commons.math3.analysis.polynomials.PolynomialsUtils.createChebyshevPolynomial.(Anon_1)",1,1,0,1,1,,0,,1,1,0,0,1,6,5,4,,,3,,,,1,1,1,,1,1,4,3,2,0,0,,,1,1,0,,0,0,1,,2,2,1,,,1,1,,0,0,1,1,1,1,0.20
Public Method,"org.apache.commons.math3.analysis.polynomials.PolynomialsUtils.createChebyshevPolynomial.(Anon_1).generate",,,,,,,,,,,,,,4,3,2,1,0,2,1,1,0,,,,0,,,,,,,,,,,,,1,0,0,1,1,1,1,1,1,1,,,0,0,,1,1,1,1,0.33
Public Static Method,"org.apache.commons.math3.analysis.polynomials.PolynomialsUtils.createHermitePolynomial",,,,,,,,,,,,,,26,11,8,2,0,4,1,1,0,,,,0,,,,,,,,,,,,,5,1,1,14,1,2,2,2,1,1,,,0,0,,1,1,1,1,1.27
Anonymous Class,"org.apache.commons.math3.analysis.polynomials.PolynomialsUtils.createHermitePolynomial.(Anon_2)",1,1,0,1,1,,0,,1,1,0,0,1,8,7,6,,,2,,,,1,1,1,,1,1,7,6,2,0,0,,,0,1,0,,0,0,1,,1,1,1,,,1,1,,0,0,1,1,1,1,0.14
Public Method,"org.apache.commons.math3.analysis.polynomials.PolynomialsUtils.createHermitePolynomial.(Anon_2).generate",,,,,,,,,,,,,,7,6,5,2,0,2,1,1,0,,,,0,,,,,,,,,,,,,3,0,0,1,1,1,1,1,1,1,,,0,0,,1,1,1,1,0.17
Public Static Method,"org.apache.commons.math3.analysis.polynomials.PolynomialsUtils.createJacobiPolynomial",,,,,,,,,,,,,,57,26,22,8,0,17,2,2,0,,,,0,,,,,,,,,,,,,8,9,8,22,2,14,9,8,2,1,,,0,0,,2,2,1,2,0.85
Anonymous Class,"org.apache.commons.math3.analysis.polynomials.PolynomialsUtils.createJacobiPolynomial.(Anon_5)",1,1,1,1,2,,0,,1,1,0,0,1,16,14,13,,,8,,,,1,1,1,,1,1,15,13,2,0,0,,,0,1,0,,1,5,1,,7,6,2,,,1,1,,0,0,1,1,1,1,0.07
Public Method,"org.apache.commons.math3.analysis.polynomials.PolynomialsUtils.createJacobiPolynomial.(Anon_5).generate",,,,,,,,,,,,,,15,13,12,2,0,8,1,1,0,,,,0,,,,,,,,,,,,,3,1,5,1,1,7,6,2,1,1,,,0,0,,1,1,1,1,0.08
Public Static Method,"org.apache.commons.math3.analysis.polynomials.PolynomialsUtils.createLaguerrePolynomial",,,,,,,,,,,,,,26,12,9,2,0,5,1,1,0,,,,0,,,,,,,,,,,,,5,0,2,14,1,3,3,2,1,1,,,0,0,,1,1,1,1,1.17
Anonymous Class,"org.apache.commons.math3.analysis.polynomials.PolynomialsUtils.createLaguerrePolynomial.(Anon_3)",1,1,0,1,1,,0,,1,1,0,0,1,9,8,7,,,3,,,,1,1,1,,1,1,8,7,2,0,0,,,0,1,0,,0,1,1,,2,2,1,,,1,1,,0,0,1,1,1,1,0.12
Public Method,"org.apache.commons.math3.analysis.polynomials.PolynomialsUtils.createLaguerrePolynomial.(Anon_3).generate",,,,,,,,,,,,,,8,7,6,2,0,3,1,1,0,,,,0,,,,,,,,,,,,,1,0,1,1,1,2,2,1,1,1,,,0,0,,1,1,1,1,0.14
Public Static Method,"org.apache.commons.math3.analysis.polynomials.PolynomialsUtils.createLegendrePolynomial",,,,,,,,,,,,,,26,12,9,2,0,5,1,1,0,,,,0,,,,,,,,,,,,,7,0,2,14,1,3,3,2,1,1,,,0,0,,1,1,1,1,1.17
Anonymous Class,"org.apache.commons.math3.analysis.polynomials.PolynomialsUtils.createLegendrePolynomial.(Anon_4)",1,1,0,1,1,,0,,1,1,0,0,1,9,8,7,,,3,,,,1,1,1,,1,1,8,7,2,0,0,,,0,1,0,,0,1,1,,2,2,1,,,1,1,,0,0,1,1,1,1,0.12
Public Method,"org.apache.commons.math3.analysis.polynomials.PolynomialsUtils.createLegendrePolynomial.(Anon_4).generate",,,,,,,,,,,,,,8,7,6,2,0,3,1,1,0,,,,0,,,,,,,,,,,,,2,0,1,1,1,2,2,1,1,1,,,0,0,,1,1,1,1,0.14
Public Static Method,"org.apache.commons.math3.analysis.polynomials.PolynomialsUtils.shift",,,,,,,,,,,,,,53,22,14,3,1,24,6,6,0,,,,0,,,,,,,,,,,,,4,4,6,27,18,18,10,14,6,1,,,0,2,,6,6,1,6,1.23
Public Class,"org.apache.commons.math3.analysis.polynomials.PolynomialsUtilsTest",2,1,1,0,8,,0,,22,22,0,4,18,363,297,183,,,237,,,,5,1,1,,2,2,14,12,1,0,0,,,0,22,0,,57,131,9,,181,125,112,,,5,5,,3,0,48,48,22,48,0.03
Private Method,"org.apache.commons.math3.analysis.polynomials.PolynomialsUtilsTest.checkNullPolynomial",,,,,,,,,,,,,,5,5,2,2,0,4,2,2,0,,,,0,,,,,,,,,,,,,6,0,1,0,2,1,2,2,2,1,,,0,1,,2,2,1,2,0.00
Private Method,"org.apache.commons.math3.analysis.polynomials.PolynomialsUtilsTest.checkOrthogonality",,,,,,,,,,,,,,23,21,10,6,0,8,2,2,1,,,,0,,,,,,,,,,,,,11,0,10,2,2,5,4,4,2,1,,,0,1,,2,2,1,2,0.10
Anonymous Class,"org.apache.commons.math3.analysis.polynomials.PolynomialsUtilsTest.checkOrthogonality.(Anon_6)",1,1,0,0,2,,0,,1,1,0,0,1,4,4,3,,,2,,,,1,1,1,,1,1,3,3,2,0,0,,,0,1,0,,0,1,0,,1,1,1,,,1,1,,0,0,1,1,1,1,0.00
Public Method,"org.apache.commons.math3.analysis.polynomials.PolynomialsUtilsTest.checkOrthogonality.(Anon_6).value",,,,,,,,,,,,,,3,3,2,3,0,2,1,1,0,,,,0,,,,,,,,,,,,,4,0,0,0,1,1,1,1,1,1,,,0,0,,1,1,1,1,0.00
Private Method,"org.apache.commons.math3.analysis.polynomials.PolynomialsUtilsTest.checkPolynomial",,,,,,,,,,,,,,4,4,2,4,0,3,1,1,0,,,,0,,,,,,,,,,,,,5,0,2,0,1,2,2,1,1,1,,,0,0,,1,1,1,1,0.00
Private Method,"org.apache.commons.math3.analysis.polynomials.PolynomialsUtilsTest.checkPolynomial",,,,,,,,,,,,,,3,3,1,2,0,2,1,1,0,,,,0,,,,,,,,,,,,,5,0,1,0,1,1,1,1,1,1,,,0,0,,1,1,1,1,0.00
Public Method,"org.apache.commons.math3.analysis.polynomials.PolynomialsUtilsTest.testChebyshevBounds",,,,,,,,,,,,,,8,8,4,4,0,9,3,3,0,,,,0,,,,,,,,,,,,,0,0,2,0,3,6,4,5,3,1,,,0,2,,3,3,1,3,0.00
Public Method,"org.apache.commons.math3.analysis.polynomials.PolynomialsUtilsTest.testChebyshevDifferentials",,,,,,,,,,,,,,19,14,11,6,0,14,2,2,0,,,,0,,,,,,,,,,,,,0,5,10,0,2,12,11,3,2,1,,,0,1,,2,2,1,2,0.00
Public Method,"org.apache.commons.math3.analysis.polynomials.PolynomialsUtilsTest.testChebyshevOrthogonality",,,,,,,,,,,,,,14,14,8,2,0,13,3,3,0,,,,0,,,,,,,,,,,,,0,0,5,0,3,9,7,6,3,1,,,0,2,,3,3,1,3,0.00
Anonymous Class,"org.apache.commons.math3.analysis.polynomials.PolynomialsUtilsTest.testChebyshevOrthogonality.(Anon_1)",1,1,0,0,1,,0,,1,1,0,0,1,4,4,3,,,2,,,,1,1,1,,1,1,3,3,2,0,0,,,0,1,0,,0,1,0,,1,1,1,,,1,1,,0,0,1,1,1,1,0.00
Public Method,"org.apache.commons.math3.analysis.polynomials.PolynomialsUtilsTest.testChebyshevOrthogonality.(Anon_1).value",,,,,,,,,,,,,,3,3,2,2,0,2,1,1,0,,,,0,,,,,,,,,,,,,1,0,0,0,1,1,1,1,1,1,,,0,0,,1,1,1,1,0.00
Public Method,"org.apache.commons.math3.analysis.polynomials.PolynomialsUtilsTest.testFirstChebyshevPolynomials",,,,,,,,,,,,,,12,10,8,2,0,9,1,1,0,,,,0,,,,,,,,,,,,,0,2,1,0,1,8,1,8,1,1,,,0,0,,1,1,1,1,0.00
Public Method,"org.apache.commons.math3.analysis.polynomials.PolynomialsUtilsTest.testFirstHermitePolynomials",,,,,,,,,,,,,,12,10,8,2,0,9,1,1,0,,,,0,,,,,,,,,,,,,0,2,1,0,1,8,1,8,1,1,,,0,0,,1,1,1,1,0.00
Public Method,"org.apache.commons.math3.analysis.polynomials.PolynomialsUtilsTest.testFirstLaguerrePolynomials",,,,,,,,,,,,,,18,16,14,2,0,9,1,1,0,,,,0,,,,,,,,,,,,,0,2,1,0,1,8,1,8,1,1,,,0,0,,1,1,1,1,0.00
Public Method,"org.apache.commons.math3.analysis.polynomials.PolynomialsUtilsTest.testFirstLegendrePolynomials",,,,,,,,,,,,,,12,10,8,2,0,9,1,1,0,,,,0,,,,,,,,,,,,,0,2,1,0,1,8,1,8,1,1,,,0,0,,1,1,1,1,0.00
Public Method,"org.apache.commons.math3.analysis.polynomials.PolynomialsUtilsTest.testHermiteDifferentials",,,,,,,,,,,,,,19,14,11,6,0,14,2,2,0,,,,0,,,,,,,,,,,,,0,5,10,0,2,12,11,3,2,1,,,0,1,,2,2,1,2,0.00
Public Method,"org.apache.commons.math3.analysis.polynomials.PolynomialsUtilsTest.testHermiteOrthogonality",,,,,,,,,,,,,,14,14,8,2,0,13,3,3,0,,,,0,,,,,,,,,,,,,0,0,5,0,3,9,7,6,3,1,,,0,2,,3,3,1,3,0.00
Anonymous Class,"org.apache.commons.math3.analysis.polynomials.PolynomialsUtilsTest.testHermiteOrthogonality.(Anon_2)",1,1,0,0,1,,0,,1,1,0,0,1,4,4,3,,,2,,,,1,1,1,,1,1,3,3,2,0,0,,,0,1,0,,0,1,0,,1,1,1,,,1,1,,0,0,1,1,1,1,0.00
Public Method,"org.apache.commons.math3.analysis.polynomials.PolynomialsUtilsTest.testHermiteOrthogonality.(Anon_2).value",,,,,,,,,,,,,,3,3,2,2,0,2,1,1,0,,,,0,,,,,,,,,,,,,1,0,0,0,1,1,1,1,1,1,,,0,0,,1,1,1,1,0.00
Public Method,"org.apache.commons.math3.analysis.polynomials.PolynomialsUtilsTest.testHighDegreeLegendre",,,,,,,,,,,,,,21,21,16,4,0,12,3,3,1,,,,0,,,,,,,,,,,,,1,0,6,0,3,9,6,6,3,1,,,0,2,,3,3,1,3,0.00
Public Method,"org.apache.commons.math3.analysis.polynomials.PolynomialsUtilsTest.testJacobiEvaluationAt1",,,,,,,,,,,,,,11,11,6,5,1,13,4,4,0,,,,0,,,,,,,,,,,,,0,0,3,0,4,9,6,7,4,1,,,0,3,,4,4,1,4,0.00
Public Method,"org.apache.commons.math3.analysis.polynomials.PolynomialsUtilsTest.testJacobiLegendre",,,,,,,,,,,,,,7,7,4,4,0,7,2,2,0,,,,0,,,,,,,,,,,,,0,0,3,0,2,5,4,3,2,1,,,0,1,,2,2,1,2,0.00
Public Method,"org.apache.commons.math3.analysis.polynomials.PolynomialsUtilsTest.testJacobiOrthogonality",,,,,,,,,,,,,,20,20,12,2,1,21,5,5,0,,,,0,,,,,,,,,,,,,0,0,7,0,5,15,11,10,5,1,,,0,2,,5,5,1,5,0.00
Anonymous Class,"org.apache.commons.math3.analysis.polynomials.PolynomialsUtilsTest.testJacobiOrthogonality.(for_loop_20).(for_loop_21).(Anon_5)",1,1,0,0,2,,0,,1,1,0,0,1,4,4,3,,,2,,,,1,1,1,,1,1,3,3,2,0,0,,,0,1,0,,0,1,0,,1,1,1,,,1,1,,0,0,1,1,1,1,0.00
Public Method,"org.apache.commons.math3.analysis.polynomials.PolynomialsUtilsTest.testJacobiOrthogonality.(for_loop_20).(for_loop_21).(Anon_5).value",,,,,,,,,,,,,,3,3,2,2,0,2,1,1,0,,,,0,,,,,,,,,,,,,1,0,0,0,1,1,1,1,1,1,,,0,0,,1,1,1,1,0.00
Public Method,"org.apache.commons.math3.analysis.polynomials.PolynomialsUtilsTest.testLaguerreDifferentials",,,,,,,,,,,,,,19,14,11,6,0,14,2,2,0,,,,0,,,,,,,,,,,,,0,5,10,0,2,12,11,3,2,1,,,0,1,,2,2,1,2,0.00
Public Method,"org.apache.commons.math3.analysis.polynomials.PolynomialsUtilsTest.testLaguerreOrthogonality",,,,,,,,,,,,,,14,14,8,2,0,13,3,3,0,,,,0,,,,,,,,,,,,,0,0,5,0,3,9,7,6,3,1,,,0,2,,3,3,1,3,0.00
Anonymous Class,"org.apache.commons.math3.analysis.polynomials.PolynomialsUtilsTest.testLaguerreOrthogonality.(Anon_3)",1,1,0,0,1,,0,,1,1,0,0,1,4,4,3,,,2,,,,1,1,1,,1,1,3,3,2,0,0,,,0,1,0,,0,1,0,,1,1,1,,,1,1,,0,0,1,1,1,1,0.00
Public Method,"org.apache.commons.math3.analysis.polynomials.PolynomialsUtilsTest.testLaguerreOrthogonality.(Anon_3).value",,,,,,,,,,,,,,3,3,2,2,0,2,1,1,0,,,,0,,,,,,,,,,,,,1,0,0,0,1,1,1,1,1,1,,,0,0,,1,1,1,1,0.00
Public Method,"org.apache.commons.math3.analysis.polynomials.PolynomialsUtilsTest.testLegendreDifferentials",,,,,,,,,,,,,,19,14,11,6,0,14,2,2,0,,,,0,,,,,,,,,,,,,0,5,10,0,2,12,11,3,2,1,,,0,1,,2,2,1,2,0.00
Public Method,"org.apache.commons.math3.analysis.polynomials.PolynomialsUtilsTest.testLegendreOrthogonality",,,,,,,,,,,,,,14,14,8,2,0,13,3,3,0,,,,0,,,,,,,,,,,,,0,0,5,0,3,9,7,6,3,1,,,0,2,,3,3,1,3,0.00
Anonymous Class,"org.apache.commons.math3.analysis.polynomials.PolynomialsUtilsTest.testLegendreOrthogonality.(Anon_4)",1,1,0,0,0,,0,,1,1,0,0,1,4,4,3,,,2,,,,1,1,1,,1,1,3,3,2,0,0,,,0,1,0,,0,1,0,,1,1,1,,,1,1,,0,0,1,1,1,1,0.00
Public Method,"org.apache.commons.math3.analysis.polynomials.PolynomialsUtilsTest.testLegendreOrthogonality.(Anon_4).value",,,,,,,,,,,,,,3,3,2,1,0,2,1,1,0,,,,0,,,,,,,,,,,,,0,0,0,0,1,1,1,1,1,1,,,0,0,,1,1,1,1,0.00
Public Method,"org.apache.commons.math3.analysis.polynomials.PolynomialsUtilsTest.testShift",,,,,,,,,,,,,,27,19,12,4,0,13,1,1,0,,,,0,,,,,,,,,,,,,0,6,13,2,1,12,8,5,1,1,,,0,0,,1,1,1,1,0.11
Package,"org.apache.commons.math3.analysis.solvers",1,1,1,5,,50,15,39,211,,10,7,156,5441,2525,1464,,,1873,,,,23,21,,,1,2,16,10,,,11,,,27,222,49,,512,1019,2415,,1469,823,1050,,,30,31,,4,,399,428,290,385,0.96
Public Abstract Class,"org.apache.commons.math3.analysis.solvers.AbstractDifferentiableUnivariateSolver",1,1,0,5,2,,0,,4,27,0,0,0,58,23,6,,,12,,,,1,1,2,,1,1,10,4,2,1,0,,,1,4,4,,4,12,31,,7,6,6,,,1,1,,0,50,4,4,4,4,1.35
Protected Constructor,"org.apache.commons.math3.analysis.solvers.AbstractDifferentiableUnivariateSolver.AbstractDifferentiableUnivariateSolver",,,,,,,,,,,,,,8,3,1,2,0,2,1,1,0,,,,0,,,,,,,,,,,,,2,0,1,5,1,1,1,1,1,1,,,0,0,,1,1,1,1,1.67
Protected Constructor,"org.apache.commons.math3.analysis.solvers.AbstractDifferentiableUnivariateSolver.AbstractDifferentiableUnivariateSolver",,,,,,,,,,,,,,12,5,1,2,0,2,1,1,0,,,,0,,,,,,,,,,,,,3,0,3,7,1,1,1,1,1,1,,,0,0,,1,1,1,1,1.40
Protected Method,"org.apache.commons.math3.analysis.solvers.AbstractDifferentiableUnivariateSolver.computeDerivativeObjectiveValue",,,,,,,,,,,,,,12,4,2,3,0,3,1,1,0,,,,0,,,,,,,,,,,,,3,0,1,8,1,2,1,2,1,1,,,0,0,,1,1,1,1,2.00
Protected Method,"org.apache.commons.math3.analysis.solvers.AbstractDifferentiableUnivariateSolver.setup",,,,,,,,,,,,,,8,5,2,3,0,3,1,1,0,,,,0,,,,,,,,,,,,,5,0,2,3,1,2,1,2,1,1,,,0,0,,1,1,1,1,0.60
Public Abstract Class,"org.apache.commons.math3.analysis.solvers.AbstractPolynomialSolver",1,1,0,4,1,,0,,5,28,0,0,0,60,26,6,,,13,,,,1,1,2,,1,1,8,4,2,1,0,,,1,5,5,,3,14,31,,7,7,6,,,1,1,,0,60,5,5,5,5,1.19
Protected Constructor,"org.apache.commons.math3.analysis.solvers.AbstractPolynomialSolver.AbstractPolynomialSolver",,,,,,,,,,,,,,8,3,1,2,0,2,1,1,0,,,,0,,,,,,,,,,,,,2,0,1,5,1,1,1,1,1,1,,,0,0,,1,1,1,1,1.67
Protected Constructor,"org.apache.commons.math3.analysis.solvers.AbstractPolynomialSolver.AbstractPolynomialSolver",,,,,,,,,,,,,,10,4,1,2,0,2,1,1,0,,,,0,,,,,,,,,,,,,3,0,2,6,1,1,1,1,1,1,,,0,0,,1,1,1,1,1.50
Protected Constructor,"org.apache.commons.math3.analysis.solvers.AbstractPolynomialSolver.AbstractPolynomialSolver",,,,,,,,,,,,,,12,5,1,2,0,2,1,1,0,,,,0,,,,,,,,,,,,,4,0,3,7,1,1,1,1,1,1,,,0,0,,1,1,1,1,1.40
Protected Method,"org.apache.commons.math3.analysis.solvers.AbstractPolynomialSolver.getCoefficients",,,,,,,,,,,,,,6,3,1,2,0,2,1,1,0,,,,0,,,,,,,,,,,,,2,0,1,3,1,1,1,1,1,1,,,0,0,,1,1,1,1,1.00
Protected Method,"org.apache.commons.math3.analysis.solvers.AbstractPolynomialSolver.setup",,,,,,,,,,,,,,8,5,2,2,0,3,1,1,0,,,,0,,,,,,,,,,,,,5,0,2,3,1,2,1,2,1,1,,,0,0,,1,1,1,1,0.60
Public Abstract Class,"org.apache.commons.math3.analysis.solvers.AbstractUnivariateSolver",1,1,0,6,0,,0,,3,26,0,0,0,40,16,3,,,7,,,,1,1,2,,1,1,10,4,2,8,0,,,0,3,3,,0,9,24,,3,4,3,,,1,1,,0,0,3,3,3,3,1.50
Protected Constructor,"org.apache.commons.math3.analysis.solvers.AbstractUnivariateSolver.AbstractUnivariateSolver",,,,,,,,,,,,,,8,3,1,2,0,2,1,1,0,,,,0,,,,,,,,,,,,,10,0,1,5,1,1,1,1,1,1,,,0,0,,1,1,1,1,1.67
Protected Constructor,"org.apache.commons.math3.analysis.solvers.AbstractUnivariateSolver.AbstractUnivariateSolver",,,,,,,,,,,,,,10,4,1,2,0,2,1,1,0,,,,0,,,,,,,,,,,,,10,0,2,6,1,1,1,1,1,1,,,0,0,,1,1,1,1,1.50
Protected Constructor,"org.apache.commons.math3.analysis.solvers.AbstractUnivariateSolver.AbstractUnivariateSolver",,,,,,,,,,,,,,12,5,1,2,0,2,1,1,0,,,,0,,,,,,,,,,,,,6,0,3,7,1,1,1,1,1,1,,,0,0,,1,1,1,1,1.40
Public Enum Type,"org.apache.commons.math3.analysis.solvers.AllowedSolution",1,1,0,0,1,,0,,2,2,0,0,2,56,7,0,,,1,,,,1,1,1,,1,1,0,0,1,0,0,,,5,2,0,,5,6,44,,1,1,0,,,1,1,,0,100,2,2,2,2,6.29
Public Method,"org.apache.commons.math3.analysis.solvers.AllowedSolution.valueOf",,,,,,,,,,,,,,0,0,0,1,0,0,1,1,0,,,,0,,,,,,,,,,,,,0,0,0,0,0,0,0,0,1,1,,,0,0,,1,1,1,1,0.00
Public Method,"org.apache.commons.math3.analysis.solvers.AllowedSolution.values",,,,,,,,,,,,,,0,0,0,1,0,0,1,1,0,,,,0,,,,,,,,,,,,,1,0,0,0,0,0,0,0,1,1,,,0,0,,1,1,1,1,0.00
Public Abstract Generic Class,"org.apache.commons.math3.analysis.solvers.BaseAbstractUnivariateSolver",1,1,0,5,7,,2,,23,23,0,0,11,273,113,42,,,68,,,,2,1,1,,1,1,9,4,2,3,0,,,8,23,12,,18,50,142,,44,34,34,,,2,2,,1,89,23,23,22,23,1.26
Protected Constructor,"org.apache.commons.math3.analysis.solvers.BaseAbstractUnivariateSolver.BaseAbstractUnivariateSolver",,,,,,,,,,,,,,10,5,3,2,0,2,1,1,0,,,,0,,,,,,,,,,,,,6,0,1,5,1,1,1,1,1,1,,,0,0,,1,1,1,1,1.00
Protected Constructor,"org.apache.commons.math3.analysis.solvers.BaseAbstractUnivariateSolver.BaseAbstractUnivariateSolver",,,,,,,,,,,,,,14,7,3,4,0,4,1,1,0,,,,0,,,,,,,,,,,,,8,0,3,7,1,3,1,3,1,1,,,0,0,,1,1,1,1,1.00
Protected Constructor,"org.apache.commons.math3.analysis.solvers.BaseAbstractUnivariateSolver.BaseAbstractUnivariateSolver",,,,,,,,,,,,,,12,6,3,2,0,2,1,1,0,,,,0,,,,,,,,,,,,,5,0,2,6,1,1,1,1,1,1,,,0,0,,1,1,1,1,1.00
TypeVariable,"org.apache.commons.math3.analysis.solvers.BaseAbstractUnivariateSolver.FUNC",0,0,0,0,0,,0,,0,0,0,0,0,0,0,0,,,0,,,,0,0,1,,0,0,0,0,2,0,0,,,0,0,0,,0,0,0,,0,0,0,,,0,0,,0,0,0,0,0,0,0.00
Protected Method,"org.apache.commons.math3.analysis.solvers.BaseAbstractUnivariateSolver.computeObjectiveValue",,,,,,,,,,,,,,13,5,2,3,0,3,1,1,0,,,,0,,,,,,,,,,,,,14,0,2,8,1,2,1,2,1,1,,,0,0,,1,1,1,1,1.60
Protected Abstract Method,"org.apache.commons.math3.analysis.solvers.BaseAbstractUnivariateSolver.doSolve",,,,,,,,,,,,,,12,2,0,1,0,1,0,0,0,,,,0,,,,,,,,,,,,,1,0,2,10,0,1,1,0,0,0,,,0,0,,0,0,0,0,5.00
Public Method,"org.apache.commons.math3.analysis.solvers.BaseAbstractUnivariateSolver.getAbsoluteAccuracy",,,,,,,,,,,,,,6,3,1,1,0,2,1,1,0,,,,0,,,,,,,,,,,,,24,0,1,3,1,1,1,1,1,1,,,0,0,,1,1,1,1,1.00
Public Method,"org.apache.commons.math3.analysis.solvers.BaseAbstractUnivariateSolver.getEvaluations",,,,,,,,,,,,,,4,3,1,2,0,2,1,1,0,,,,0,,,,,,,,,,,,,5,0,1,1,1,1,1,1,1,1,,,0,0,,1,1,1,1,0.33
Public Method,"org.apache.commons.math3.analysis.solvers.BaseAbstractUnivariateSolver.getFunctionValueAccuracy",,,,,,,,,,,,,,6,3,1,1,0,2,1,1,0,,,,0,,,,,,,,,,,,,14,0,1,3,1,1,1,1,1,1,,,0,0,,1,1,1,1,1.00
Public Method,"org.apache.commons.math3.analysis.solvers.BaseAbstractUnivariateSolver.getMax",,,,,,,,,,,,,,6,3,1,1,0,2,1,1,0,,,,0,,,,,,,,,,,,,10,0,1,3,1,1,1,1,1,1,,,0,0,,1,1,1,1,1.00
Public Method,"org.apache.commons.math3.analysis.solvers.BaseAbstractUnivariateSolver.getMaxEvaluations",,,,,,,,,,,,,,4,3,1,2,0,2,1,1,0,,,,0,,,,,,,,,,,,,1,0,1,1,1,1,1,1,1,1,,,0,0,,1,1,1,1,0.33
Public Method,"org.apache.commons.math3.analysis.solvers.BaseAbstractUnivariateSolver.getMin",,,,,,,,,,,,,,6,3,1,1,0,2,1,1,0,,,,0,,,,,,,,,,,,,10,0,1,3,1,1,1,1,1,1,,,0,0,,1,1,1,1,1.00
Public Method,"org.apache.commons.math3.analysis.solvers.BaseAbstractUnivariateSolver.getRelativeAccuracy",,,,,,,,,,,,,,6,3,1,1,0,2,1,1,0,,,,0,,,,,,,,,,,,,13,0,1,3,1,1,1,1,1,1,,,0,0,,1,1,1,1,1.00
Public Method,"org.apache.commons.math3.analysis.solvers.BaseAbstractUnivariateSolver.getStartValue",,,,,,,,,,,,,,6,3,1,1,0,2,1,1,0,,,,0,,,,,,,,,,,,,6,0,1,3,1,1,1,1,1,1,,,0,0,,1,1,1,1,1.00
Protected Method,"org.apache.commons.math3.analysis.solvers.BaseAbstractUnivariateSolver.incrementEvaluationCount",,,,,,,,,,,,,,14,7,4,3,0,4,2,2,1,,,,0,,,,,,,,,,,,,5,0,1,7,2,2,1,3,2,1,,,0,1,,2,2,1,2,1.00
Protected Method,"org.apache.commons.math3.analysis.solvers.BaseAbstractUnivariateSolver.isBracketing",,,,,,,,,,,,,,12,4,1,2,0,2,1,1,0,,,,0,,,,,,,,,,,,,4,0,2,8,1,1,1,1,1,1,,,0,0,,1,1,1,1,2.00
Protected Method,"org.apache.commons.math3.analysis.solvers.BaseAbstractUnivariateSolver.isSequence",,,,,,,,,,,,,,13,5,1,2,0,2,1,1,0,,,,0,,,,,,,,,,,,,5,0,3,8,1,1,1,1,1,1,,,0,0,,1,1,1,1,1.60
Protected Method,"org.apache.commons.math3.analysis.solvers.BaseAbstractUnivariateSolver.setup",,,,,,,,,,,,,,26,12,7,7,0,8,1,1,0,,,,0,,,,,,,,,,,,,9,1,4,13,1,7,1,7,1,1,,,0,0,,1,1,1,1,1.08
Public Method,"org.apache.commons.math3.analysis.solvers.BaseAbstractUnivariateSolver.solve",,,,,,,,,,,,,,8,4,2,3,0,3,1,1,0,,,,0,,,,,,,,,,,,,12,1,1,3,1,2,1,2,1,1,,,0,0,,1,1,1,1,0.75
Public Method,"org.apache.commons.math3.analysis.solvers.BaseAbstractUnivariateSolver.solve",,,,,,,,,,,,,,4,3,1,2,0,2,1,1,0,,,,0,,,,,,,,,,,,,15,0,1,1,1,1,1,1,1,1,,,0,0,,1,1,1,1,0.33
Public Method,"org.apache.commons.math3.analysis.solvers.BaseAbstractUnivariateSolver.solve",,,,,,,,,,,,,,4,3,1,2,0,2,1,1,0,,,,0,,,,,,,,,,,,,4,0,1,1,1,1,1,1,1,1,,,0,0,,1,1,1,1,0.33
Protected Method,"org.apache.commons.math3.analysis.solvers.BaseAbstractUnivariateSolver.verifyBracketing",,,,,,,,,,,,,,13,4,1,1,0,2,1,1,0,,,,0,,,,,,,,,,,,,7,0,2,9,1,1,1,1,1,1,,,0,0,,1,1,1,1,2.25
Protected Method,"org.apache.commons.math3.analysis.solvers.BaseAbstractUnivariateSolver.verifyInterval",,,,,,,,,,,,,,12,4,1,1,0,2,1,1,0,,,,0,,,,,,,,,,,,,4,0,2,8,1,1,1,1,1,1,,,0,0,,1,1,1,1,2.00
Protected Method,"org.apache.commons.math3.analysis.solvers.BaseAbstractUnivariateSolver.verifySequence",,,,,,,,,,,,,,14,5,1,1,0,2,1,1,0,,,,0,,,,,,,,,,,,,7,0,3,9,1,1,1,1,1,1,,,0,0,,1,1,1,1,1.80
Public Abstract Class,"org.apache.commons.math3.analysis.solvers.BaseSecantSolver",3,3,1,7,6,,1,,7,33,0,0,3,249,141,89,,,82,,,,20,21,3,,5,5,26,18,2,3,0,,,2,7,4,,24,39,84,,59,22,60,,,30,30,,4,57,36,36,27,26,0.60
Protected Constructor,"org.apache.commons.math3.analysis.solvers.BaseSecantSolver.BaseSecantSolver",,,,,,,,,,,,,,11,5,3,4,0,4,1,1,0,,,,0,,,,,,,,,,,,,9,0,1,6,1,3,1,3,1,1,,,0,0,,1,1,1,1,1.20
Protected Constructor,"org.apache.commons.math3.analysis.solvers.BaseSecantSolver.BaseSecantSolver",,,,,,,,,,,,,,14,7,3,4,0,4,1,1,0,,,,0,,,,,,,,,,,,,7,0,3,7,1,3,1,3,1,1,,,0,0,,1,1,1,1,1.00
Protected Constructor,"org.apache.commons.math3.analysis.solvers.BaseSecantSolver.BaseSecantSolver",,,,,,,,,,,,,,16,8,3,4,0,4,1,1,0,,,,0,,,,,,,,,,,,,8,0,4,8,1,3,1,3,1,1,,,0,0,,1,1,1,1,1.00
Protected Enum Type,"org.apache.commons.math3.analysis.solvers.BaseSecantSolver.Method",1,1,0,0,1,,0,,2,2,0,0,2,16,5,0,,,1,,,,1,1,1,,1,1,0,0,1,0,0,,,3,2,0,,4,4,7,,1,1,0,,,1,1,,0,100,2,2,2,2,1.40
Public Method,"org.apache.commons.math3.analysis.solvers.BaseSecantSolver.Method.valueOf",,,,,,,,,,,,,,0,0,0,1,0,0,1,1,0,,,,0,,,,,,,,,,,,,0,0,0,0,0,0,0,0,1,1,,,0,0,,1,1,1,1,0.00
Public Method,"org.apache.commons.math3.analysis.solvers.BaseSecantSolver.Method.values",,,,,,,,,,,,,,0,0,0,1,0,0,1,1,0,,,,0,,,,,,,,,,,,,0,0,0,0,0,0,0,0,1,1,,,0,0,,1,1,1,1,0.00
Protected Method,"org.apache.commons.math3.analysis.solvers.BaseSecantSolver.doSolve",,,,,,,,,,,,,,127,92,75,12,2,58,30,30,81,,,,74,,,,,,,,,,,,,10,9,11,26,286,42,11,47,20,21,,,75,4,,30,30,21,20,0.28
Public Method,"org.apache.commons.math3.analysis.solvers.BaseSecantSolver.solve",,,,,,,,,,,,,,6,5,1,2,0,2,1,1,0,,,,0,,,,,,,,,,,,,5,0,3,1,1,1,1,1,1,1,,,0,0,,1,1,1,1,0.20
Public Method,"org.apache.commons.math3.analysis.solvers.BaseSecantSolver.solve",,,,,,,,,,,,,,7,6,2,3,0,3,1,1,0,,,,0,,,,,,,,,,,,,8,0,3,1,1,2,1,2,1,1,,,0,0,,1,1,1,1,0.17
Public Method,"org.apache.commons.math3.analysis.solvers.BaseSecantSolver.solve",,,,,,,,,,,,,,5,4,1,2,0,2,1,1,0,,,,0,,,,,,,,,,,,,6,0,2,1,1,1,1,1,1,1,,,0,0,,1,1,1,1,0.25
Public Abstract Class,"org.apache.commons.math3.analysis.solvers.BaseSecantSolverAbstractTest",2,1,1,4,13,,0,,11,11,0,1,8,230,157,106,,,114,,,,4,3,1,,2,2,21,16,1,5,0,,,0,11,2,,23,74,53,,89,56,58,,,4,4,,2,0,24,25,13,24,0.34
Protected Abstract Method,"org.apache.commons.math3.analysis.solvers.BaseSecantSolverAbstractTest.getQuinticEvalCounts",,,,,,,,,,,,,,7,1,0,1,0,1,0,0,0,,,,0,,,,,,,,,,,,,1,0,1,6,0,1,1,0,0,0,,,0,0,,0,0,0,0,6.00
Private Method,"org.apache.commons.math3.analysis.solvers.BaseSecantSolverAbstractTest.getSolution",,,,,,,,,,,,,,21,20,12,9,0,9,3,4,2,,,,2,,,,,,,,,,,,,10,0,8,1,3,6,4,5,3,3,,,2,2,,3,4,3,3,0.05
Protected Abstract Method,"org.apache.commons.math3.analysis.solvers.BaseSecantSolverAbstractTest.getSolver",,,,,,,,,,,,,,4,1,0,1,0,1,0,0,0,,,,0,,,,,,,,,,,,,8,0,1,3,0,1,1,0,0,0,,,0,0,,0,0,0,0,3.00
Public Method,"org.apache.commons.math3.analysis.solvers.BaseSecantSolverAbstractTest.testBadEndpoints",,,,,,,,,,,,,,22,19,14,4,1,12,4,4,3,,,,0,,,,,,,,,,,,,0,0,3,6,8,8,3,9,4,1,,,0,1,,4,4,1,4,0.32
Public Method,"org.apache.commons.math3.analysis.solvers.BaseSecantSolverAbstractTest.testQuinticZero",,,,,,,,,,,,,,45,27,22,7,0,17,3,3,1,,,,1,,,,,,,,,,,,,1,4,20,14,3,14,10,7,3,3,,,1,2,,3,3,3,3,0.52
Public Method,"org.apache.commons.math3.analysis.solvers.BaseSecantSolverAbstractTest.testRootEndpoints",,,,,,,,,,,,,,18,12,10,4,0,11,1,1,0,,,,0,,,,,,,,,,,,,0,4,4,2,1,10,4,7,1,1,,,0,0,,1,1,1,1,0.17
Public Method,"org.apache.commons.math3.analysis.solvers.BaseSecantSolverAbstractTest.testSinZero",,,,,,,,,,,,,,19,11,8,6,0,10,1,1,0,,,,0,,,,,,,,,,,,,1,1,4,7,1,9,4,6,1,1,,,0,0,,1,1,1,1,0.64
Public Method,"org.apache.commons.math3.analysis.solvers.BaseSecantSolverAbstractTest.testSolutionAboveSide",,,,,,,,,,,,,,17,14,10,5,0,13,3,3,0,,,,0,,,,,,,,,,,,,1,1,6,2,3,10,7,6,3,1,,,0,2,,3,3,1,3,0.14
Public Method,"org.apache.commons.math3.analysis.solvers.BaseSecantSolverAbstractTest.testSolutionBelowSide",,,,,,,,,,,,,,17,14,10,5,0,13,3,3,0,,,,0,,,,,,,,,,,,,1,1,6,2,3,10,7,6,3,1,,,0,2,,3,3,1,3,0.14
Public Method,"org.apache.commons.math3.analysis.solvers.BaseSecantSolverAbstractTest.testSolutionLeftSide",,,,,,,,,,,,,,17,14,10,4,0,13,3,3,0,,,,0,,,,,,,,,,,,,1,1,6,2,3,10,7,6,3,1,,,0,2,,3,3,1,3,0.14
Public Method,"org.apache.commons.math3.analysis.solvers.BaseSecantSolverAbstractTest.testSolutionRightSide",,,,,,,,,,,,,,17,14,10,4,0,13,3,3,0,,,,0,,,,,,,,,,,,,1,1,6,2,3,10,7,6,3,1,,,0,2,,3,3,1,3,0.14
Public Generic Interface,"org.apache.commons.math3.analysis.solvers.BaseUnivariateSolver",0,0,0,0,0,,0,,8,8,8,0,0,102,10,0,,,9,,,,0,0,0,,0,0,0,0,0,5,0,,,0,8,0,,7,9,85,,8,9,0,,,0,0,,0,0,0,0,0,0,8.50
TypeVariable,"org.apache.commons.math3.analysis.solvers.BaseUnivariateSolver.FUNC",0,0,0,0,0,,0,,0,0,0,0,0,0,0,0,,,0,,,,0,0,1,,0,0,0,0,2,0,0,,,0,0,0,,0,0,0,,0,0,0,,,0,0,,0,0,0,0,0,0,0.00
Abstract Method,"org.apache.commons.math3.analysis.solvers.BaseUnivariateSolver.getAbsoluteAccuracy",,,,,,,,,,,,,,10,1,0,1,0,1,0,0,0,,,,0,,,,,,,,,,,,,17,0,1,9,0,1,1,0,0,0,,,0,0,,0,0,0,0,9.00
Abstract Method,"org.apache.commons.math3.analysis.solvers.BaseUnivariateSolver.getEvaluations",,,,,,,,,,,,,,9,1,0,1,0,1,0,0,0,,,,0,,,,,,,,,,,,,7,0,1,8,0,1,1,0,0,0,,,0,0,,0,0,0,0,8.00
Abstract Method,"org.apache.commons.math3.analysis.solvers.BaseUnivariateSolver.getFunctionValueAccuracy",,,,,,,,,,,,,,9,1,0,1,0,1,0,0,0,,,,0,,,,,,,,,,,,,1,0,1,8,0,1,1,0,0,0,,,0,0,,0,0,0,0,8.00
Abstract Method,"org.apache.commons.math3.analysis.solvers.BaseUnivariateSolver.getMaxEvaluations",,,,,,,,,,,,,,6,1,0,1,0,1,0,0,0,,,,0,,,,,,,,,,,,,0,0,1,5,0,1,1,0,0,0,,,0,0,,0,0,0,0,5.00
Abstract Method,"org.apache.commons.math3.analysis.solvers.BaseUnivariateSolver.getRelativeAccuracy",,,,,,,,,,,,,,11,1,0,1,0,1,0,0,0,,,,0,,,,,,,,,,,,,13,0,1,10,0,1,1,0,0,0,,,0,0,,0,0,0,0,10.00
Abstract Method,"org.apache.commons.math3.analysis.solvers.BaseUnivariateSolver.solve",,,,,,,,,,,,,,18,1,0,1,0,1,0,0,0,,,,0,,,,,,,,,,,,,3,0,1,17,0,1,1,0,0,0,,,0,0,,0,0,0,0,17.00
Abstract Method,"org.apache.commons.math3.analysis.solvers.BaseUnivariateSolver.solve",,,,,,,,,,,,,,17,1,0,1,0,1,0,0,0,,,,0,,,,,,,,,,,,,23,0,1,16,0,1,1,0,0,0,,,0,0,,0,0,0,0,16.00
Abstract Method,"org.apache.commons.math3.analysis.solvers.BaseUnivariateSolver.solve",,,,,,,,,,,,,,13,1,0,1,0,1,0,0,0,,,,0,,,,,,,,,,,,,0,0,1,12,0,1,1,0,0,0,,,0,0,,0,0,0,0,12.00
Public Class,"org.apache.commons.math3.analysis.solvers.BisectionSolver",1,1,0,4,2,,1,,4,30,0,0,3,70,37,19,,,26,,,,4,3,3,,1,1,13,8,1,0,0,,,0,4,1,,5,14,28,,18,12,14,,,4,4,,2,75,7,7,6,7,0.76
Public Constructor,"org.apache.commons.math3.analysis.solvers.BisectionSolver.BisectionSolver",,,,,,,,,,,,,,6,3,1,2,0,2,1,1,0,,,,0,,,,,,,,,,,,,4,0,1,3,1,1,1,1,1,1,,,0,0,,1,1,1,1,1.00
Public Constructor,"org.apache.commons.math3.analysis.solvers.BisectionSolver.BisectionSolver",,,,,,,,,,,,,,8,3,1,2,0,2,1,1,0,,,,0,,,,,,,,,,,,,2,0,1,5,1,1,1,1,1,1,,,0,0,,1,1,1,1,1.67
Public Constructor,"org.apache.commons.math3.analysis.solvers.BisectionSolver.BisectionSolver",,,,,,,,,,,,,,10,4,1,2,0,2,1,1,0,,,,0,,,,,,,,,,,,,2,0,2,6,1,1,1,1,1,1,,,0,0,,1,1,1,1,1.50
Protected Method,"org.apache.commons.math3.analysis.solvers.BisectionSolver.doSolve",,,,,,,,,,,,,,31,23,15,8,1,18,4,4,3,,,,2,,,,,,,,,,,,,0,3,7,5,5,14,7,11,4,3,,,3,2,,4,4,3,4,0.22
Public Class,"org.apache.commons.math3.analysis.solvers.BisectionSolverTest",1,1,4,0,6,,0,,3,3,0,0,3,66,47,34,,,40,,,,1,1,1,,1,1,18,14,1,0,0,,,0,3,0,,16,15,3,,36,12,28,,,1,1,,0,0,3,3,3,3,0.06
Public Method,"org.apache.commons.math3.analysis.solvers.BisectionSolverTest.testMath369",,,,,,,,,,,,,,5,5,3,4,0,4,1,1,0,,,,0,,,,,,,,,,,,,1,0,3,0,1,3,3,1,1,1,,,0,0,,1,1,1,1,0.00
Public Method,"org.apache.commons.math3.analysis.solvers.BisectionSolverTest.testQuinticZero",,,,,,,,,,,,,,40,28,25,6,0,27,1,1,0,,,,0,,,,,,,,,,,,,0,12,4,0,1,26,4,23,1,1,,,0,0,,1,1,1,1,0.00
Public Method,"org.apache.commons.math3.analysis.solvers.BisectionSolverTest.testSinZero",,,,,,,,,,,,,,11,9,6,4,0,8,1,1,0,,,,0,,,,,,,,,,,,,1,2,4,0,1,7,4,4,1,1,,,0,0,,1,1,1,1,0.00
Public Generic Interface,"org.apache.commons.math3.analysis.solvers.BracketedUnivariateSolver",0,0,0,0,1,,0,,2,10,2,0,0,47,7,0,,,3,,,,0,0,1,,0,0,0,0,1,2,0,,,0,2,0,,3,6,37,,2,3,0,,,0,0,,0,0,0,0,0,0,5.29
TypeVariable,"org.apache.commons.math3.analysis.solvers.BracketedUnivariateSolver.FUNC",0,0,0,0,0,,0,,0,0,0,0,0,0,0,0,,,0,,,,0,0,1,,0,0,0,0,2,0,0,,,0,0,0,,0,0,0,,0,0,0,,,0,0,,0,0,0,0,0,0,0.00
Abstract Method,"org.apache.commons.math3.analysis.solvers.BracketedUnivariateSolver.solve",,,,,,,,,,,,,,20,2,0,1,0,1,0,0,0,,,,0,,,,,,,,,,,,,2,0,2,18,0,1,1,0,0,0,,,0,0,,0,0,0,0,9.00
Abstract Method,"org.apache.commons.math3.analysis.solvers.BracketedUnivariateSolver.solve",,,,,,,,,,,,,,21,2,0,1,0,1,0,0,0,,,,0,,,,,,,,,,,,,1,0,2,19,0,1,1,0,0,0,,,0,0,,0,0,0,0,9.50
Public Class,"org.apache.commons.math3.analysis.solvers.BracketingNthOrderBrentSolver",4,2,4,10,7,,4,,9,35,0,1,7,377,207,143,,,152,,,,23,13,3,,4,5,36,21,2,0,0,,,2,9,1,,55,60,115,,118,46,106,,,27,31,,4,72,41,45,21,37,0.56
Public Constructor,"org.apache.commons.math3.analysis.solvers.BracketingNthOrderBrentSolver.BracketingNthOrderBrentSolver",,,,,,,,,,,,,,17,10,5,5,0,6,2,2,0,,,,0,,,,,,,,,,,,,7,0,3,7,2,4,1,5,2,1,,,0,1,,2,2,1,2,0.70
Public Constructor,"org.apache.commons.math3.analysis.solvers.BracketingNthOrderBrentSolver.BracketingNthOrderBrentSolver",,,,,,,,,,,,,,21,12,5,5,0,6,2,2,0,,,,0,,,,,,,,,,,,,10,0,5,9,2,4,1,5,2,1,,,0,1,,2,2,1,2,0.75
Public Constructor,"org.apache.commons.math3.analysis.solvers.BracketingNthOrderBrentSolver.BracketingNthOrderBrentSolver",,,,,,,,,,,,,,6,3,1,2,0,2,1,1,0,,,,0,,,,,,,,,,,,,3,0,1,3,1,1,1,1,1,1,,,0,0,,1,1,1,1,1.00
Public Constructor,"org.apache.commons.math3.analysis.solvers.BracketingNthOrderBrentSolver.BracketingNthOrderBrentSolver",,,,,,,,,,,,,,19,11,5,5,0,6,2,2,0,,,,0,,,,,,,,,,,,,6,0,4,8,2,4,1,5,2,1,,,0,1,,2,2,1,2,0.73
Protected Method,"org.apache.commons.math3.analysis.solvers.BracketingNthOrderBrentSolver.doSolve",,,,,,,,,,,,,,212,132,110,17,3,102,27,31,38,,,,32,,,,,,,,,,,,,10,35,27,45,993,83,26,76,23,13,,,33,4,,27,31,13,23,0.34
Public Method,"org.apache.commons.math3.analysis.solvers.BracketingNthOrderBrentSolver.getMaximalOrder",,,,,,,,,,,,,,6,3,1,1,0,2,1,1,0,,,,0,,,,,,,,,,,,,2,0,1,3,1,1,1,1,1,1,,,0,0,,1,1,1,1,1.00
Private Method,"org.apache.commons.math3.analysis.solvers.BracketingNthOrderBrentSolver.guessX",,,,,,,,,,,,,,34,14,8,2,1,15,4,4,0,,,,0,,,,,,,,,,,,,6,4,4,16,6,11,6,9,4,1,,,0,2,,4,4,1,4,1.14
Public Method,"org.apache.commons.math3.analysis.solvers.BracketingNthOrderBrentSolver.solve",,,,,,,,,,,,,,7,6,2,3,0,3,1,1,0,,,,0,,,,,,,,,,,,,8,0,3,1,1,2,1,2,1,1,,,0,0,,1,1,1,1,0.17
Public Method,"org.apache.commons.math3.analysis.solvers.BracketingNthOrderBrentSolver.solve",,,,,,,,,,,,,,6,5,2,3,0,3,1,1,0,,,,0,,,,,,,,,,,,,5,0,2,1,1,2,1,2,1,1,,,0,0,,1,1,1,1,0.20
Public Class,"org.apache.commons.math3.analysis.solvers.BracketingNthOrderBrentSolverTest",1,1,0,0,11,,0,,11,22,0,2,7,182,147,86,,,102,,,,3,1,2,,1,1,10,9,1,0,0,,,0,11,2,,22,47,13,,68,47,55,,,3,3,,1,0,13,13,11,13,0.09
Private Static Abstract Class,"org.apache.commons.math3.analysis.solvers.BracketingNthOrderBrentSolverTest.TestFunction",1,1,0,0,0,,0,,7,7,0,0,6,37,28,10,,,20,,,,1,1,1,,1,1,4,4,2,6,0,,,3,7,1,,9,11,0,,13,12,8,,,1,1,,0,60,5,5,5,5,0.00
Protected Constructor,"org.apache.commons.math3.analysis.solvers.BracketingNthOrderBrentSolverTest.TestFunction.TestFunction",,,,,,,,,,,,,,5,5,3,4,0,4,1,1,0,,,,0,,,,,,,,,,,,,3,0,1,0,1,3,1,3,1,1,,,0,0,,1,1,1,1,0.00
Public Abstract Method,"org.apache.commons.math3.analysis.solvers.BracketingNthOrderBrentSolverTest.TestFunction.derivative",,,,,,,,,,,,,,1,1,0,1,0,1,0,0,0,,,,0,,,,,,,,,,,,,1,0,1,0,0,1,1,0,0,0,,,0,0,,0,0,0,0,0.00
Public Method,"org.apache.commons.math3.analysis.solvers.BracketingNthOrderBrentSolverTest.TestFunction.derivative",,,,,,,,,,,,,,7,7,4,1,0,4,1,1,0,,,,0,,,,,,,,,,,,,0,0,1,0,1,2,2,2,1,1,,,0,0,,1,1,1,1,0.00
Anonymous Class,"org.apache.commons.math3.analysis.solvers.BracketingNthOrderBrentSolverTest.TestFunction.derivative.(Anon_8)",1,1,0,0,1,,0,,1,1,0,0,1,4,4,3,,,2,,,,1,1,1,,1,1,3,3,2,0,0,,,0,1,0,,0,0,0,,1,1,1,,,1,1,,0,0,1,1,1,1,0.00
Public Method,"org.apache.commons.math3.analysis.solvers.BracketingNthOrderBrentSolverTest.TestFunction.derivative.(Anon_8).value",,,,,,,,,,,,,,3,3,2,2,0,2,1,1,0,,,,0,,,,,,,,,,,,,1,0,0,0,1,1,1,1,1,1,,,0,0,,1,1,1,1,0.00
Public Method,"org.apache.commons.math3.analysis.solvers.BracketingNthOrderBrentSolverTest.TestFunction.getMax",,,,,,,,,,,,,,3,3,1,1,0,2,1,1,0,,,,0,,,,,,,,,,,,,2,0,1,0,1,1,1,1,1,1,,,0,0,,1,1,1,1,0.00
Public Method,"org.apache.commons.math3.analysis.solvers.BracketingNthOrderBrentSolverTest.TestFunction.getMin",,,,,,,,,,,,,,3,3,1,1,0,2,1,1,0,,,,0,,,,,,,,,,,,,2,0,1,0,1,1,1,1,1,1,,,0,0,,1,1,1,1,0.00
Public Method,"org.apache.commons.math3.analysis.solvers.BracketingNthOrderBrentSolverTest.TestFunction.getRoot",,,,,,,,,,,,,,3,3,1,1,0,2,1,1,0,,,,0,,,,,,,,,,,,,2,0,1,0,1,1,1,1,1,1,,,0,0,,1,1,1,1,0.00
Public Abstract Method,"org.apache.commons.math3.analysis.solvers.BracketingNthOrderBrentSolverTest.TestFunction.value",,,,,,,,,,,,,,1,1,0,1,0,1,0,0,0,,,,0,,,,,,,,,,,,,0,0,1,0,0,1,1,0,0,0,,,0,0,,0,0,0,0,0.00
Private Method,"org.apache.commons.math3.analysis.solvers.BracketingNthOrderBrentSolverTest.compare",,,,,,,,,,,,,,3,3,1,4,0,2,1,1,0,,,,0,,,,,,,,,,,,,2,0,1,0,1,1,1,1,1,1,,,0,0,,1,1,1,1,0.00
Private Method,"org.apache.commons.math3.analysis.solvers.BracketingNthOrderBrentSolverTest.compare",,,,,,,,,,,,,,21,21,13,8,1,14,3,3,2,,,,0,,,,,,,,,,,,,5,0,7,0,4,11,5,9,3,1,,,0,1,,3,3,1,3,0.00
Protected Method,"org.apache.commons.math3.analysis.solvers.BracketingNthOrderBrentSolverTest.getQuinticEvalCounts",,,,,,,,,,,,,,4,3,1,1,0,2,1,1,0,,,,0,,,,,,,,,,,,,0,0,1,1,1,1,1,1,1,1,,,0,0,,1,1,1,1,0.33
Protected Method,"org.apache.commons.math3.analysis.solvers.BracketingNthOrderBrentSolverTest.getSolver",,,,,,,,,,,,,,4,3,1,2,0,2,1,1,0,,,,0,,,,,,,,,,,,,0,0,1,1,1,1,1,1,1,1,,,0,0,,1,1,1,1,0.33
Public Method,"org.apache.commons.math3.analysis.solvers.BracketingNthOrderBrentSolverTest.testConstructorsOK",,,,,,,,,,,,,,5,5,3,5,0,4,1,1,0,,,,0,,,,,,,,,,,,,0,0,1,0,1,3,1,3,1,1,,,0,0,,1,1,1,1,0.00
Public Method,"org.apache.commons.math3.analysis.solvers.BracketingNthOrderBrentSolverTest.testConvergenceOnFunctionAccuracy",,,,,,,,,,,,,,13,13,10,7,0,11,1,1,0,,,,0,,,,,,,,,,,,,2,0,5,0,1,10,4,7,1,1,,,0,0,,1,1,1,1,0.00
Public Method,"org.apache.commons.math3.analysis.solvers.BracketingNthOrderBrentSolverTest.testFasterThanNewton",,,,,,,,,,,,,,45,38,36,1,0,31,1,1,0,,,,0,,,,,,,,,,,,,0,1,1,6,1,18,13,18,1,1,,,0,0,,1,1,1,1,0.16
Anonymous Class,"org.apache.commons.math3.analysis.solvers.BracketingNthOrderBrentSolverTest.testFasterThanNewton.(Anon_2)",1,1,0,0,1,,0,,2,9,0,0,2,5,5,5,,,4,,,,1,1,2,,1,1,1,1,1,0,0,,,0,2,0,,0,0,0,,2,2,2,,,1,1,,0,0,2,2,2,2,0.00
Public Method,"org.apache.commons.math3.analysis.solvers.BracketingNthOrderBrentSolverTest.testFasterThanNewton.(Anon_2).derivative",,,,,,,,,,,,,,1,1,1,2,0,2,1,1,0,,,,0,,,,,,,,,,,,,1,0,0,0,1,1,1,1,1,1,,,0,0,,1,1,1,1,0.00
Public Method,"org.apache.commons.math3.analysis.solvers.BracketingNthOrderBrentSolverTest.testFasterThanNewton.(Anon_2).value",,,,,,,,,,,,,,1,1,1,2,0,2,1,1,0,,,,0,,,,,,,,,,,,,1,0,0,0,1,1,1,1,1,1,,,0,0,,1,1,1,1,0.00
Anonymous Class,"org.apache.commons.math3.analysis.solvers.BracketingNthOrderBrentSolverTest.testFasterThanNewton.(Anon_3)",1,1,0,0,1,,0,,2,9,0,0,2,5,5,5,,,4,,,,1,1,2,,1,1,1,1,1,0,0,,,0,2,0,,0,0,0,,2,2,2,,,1,1,,0,0,2,2,2,2,0.00
Public Method,"org.apache.commons.math3.analysis.solvers.BracketingNthOrderBrentSolverTest.testFasterThanNewton.(Anon_3).derivative",,,,,,,,,,,,,,1,1,1,2,0,2,1,1,0,,,,0,,,,,,,,,,,,,1,0,0,0,1,1,1,1,1,1,,,0,0,,1,1,1,1,0.00
Public Method,"org.apache.commons.math3.analysis.solvers.BracketingNthOrderBrentSolverTest.testFasterThanNewton.(Anon_3).value",,,,,,,,,,,,,,1,1,1,2,0,2,1,1,0,,,,0,,,,,,,,,,,,,1,0,0,0,1,1,1,1,1,1,,,0,0,,1,1,1,1,0.00
Anonymous Class,"org.apache.commons.math3.analysis.solvers.BracketingNthOrderBrentSolverTest.testFasterThanNewton.(Anon_4)",1,1,0,0,1,,0,,2,9,0,0,2,5,5,5,,,4,,,,1,1,2,,1,1,1,1,1,0,0,,,0,2,0,,0,0,0,,2,2,2,,,1,1,,0,0,2,2,2,2,0.00
Public Method,"org.apache.commons.math3.analysis.solvers.BracketingNthOrderBrentSolverTest.testFasterThanNewton.(Anon_4).derivative",,,,,,,,,,,,,,1,1,1,2,0,2,1,1,0,,,,0,,,,,,,,,,,,,1,0,0,0,1,1,1,1,1,1,,,0,0,,1,1,1,1,0.00
Public Method,"org.apache.commons.math3.analysis.solvers.BracketingNthOrderBrentSolverTest.testFasterThanNewton.(Anon_4).value",,,,,,,,,,,,,,1,1,1,2,0,2,1,1,0,,,,0,,,,,,,,,,,,,1,0,0,0,1,1,1,1,1,1,,,0,0,,1,1,1,1,0.00
Anonymous Class,"org.apache.commons.math3.analysis.solvers.BracketingNthOrderBrentSolverTest.testFasterThanNewton.(Anon_5)",1,1,0,0,1,,0,,2,9,0,0,2,5,5,5,,,4,,,,1,1,2,,1,1,1,1,1,0,0,,,0,2,0,,0,0,0,,2,2,2,,,1,1,,0,0,2,2,2,2,0.00
Public Method,"org.apache.commons.math3.analysis.solvers.BracketingNthOrderBrentSolverTest.testFasterThanNewton.(Anon_5).derivative",,,,,,,,,,,,,,1,1,1,2,0,2,1,1,0,,,,0,,,,,,,,,,,,,1,0,0,0,1,1,1,1,1,1,,,0,0,,1,1,1,1,0.00
Public Method,"org.apache.commons.math3.analysis.solvers.BracketingNthOrderBrentSolverTest.testFasterThanNewton.(Anon_5).value",,,,,,,,,,,,,,1,1,1,2,0,2,1,1,0,,,,0,,,,,,,,,,,,,1,0,0,0,1,1,1,1,1,1,,,0,0,,1,1,1,1,0.00
Anonymous Class,"org.apache.commons.math3.analysis.solvers.BracketingNthOrderBrentSolverTest.testFasterThanNewton.(Anon_6)",1,1,0,0,1,,0,,2,9,0,0,2,5,5,5,,,4,,,,1,1,2,,1,1,1,1,1,0,0,,,0,2,0,,0,0,0,,2,2,2,,,1,1,,0,0,2,2,2,2,0.00
Public Method,"org.apache.commons.math3.analysis.solvers.BracketingNthOrderBrentSolverTest.testFasterThanNewton.(Anon_6).derivative",,,,,,,,,,,,,,1,1,1,2,0,2,1,1,0,,,,0,,,,,,,,,,,,,1,0,0,0,1,1,1,1,1,1,,,0,0,,1,1,1,1,0.00
Public Method,"org.apache.commons.math3.analysis.solvers.BracketingNthOrderBrentSolverTest.testFasterThanNewton.(Anon_6).value",,,,,,,,,,,,,,1,1,1,3,0,2,1,1,0,,,,0,,,,,,,,,,,,,1,0,0,0,1,1,1,1,1,1,,,0,0,,1,1,1,1,0.00
Anonymous Class,"org.apache.commons.math3.analysis.solvers.BracketingNthOrderBrentSolverTest.testFasterThanNewton.(Anon_7)",1,1,0,0,0,,0,,2,9,0,0,2,5,5,5,,,4,,,,1,1,2,,1,1,1,1,1,0,0,,,0,2,0,,0,0,0,,2,2,2,,,1,1,,0,0,2,2,2,2,0.00
Public Method,"org.apache.commons.math3.analysis.solvers.BracketingNthOrderBrentSolverTest.testFasterThanNewton.(Anon_7).derivative",,,,,,,,,,,,,,1,1,1,1,0,2,1,1,0,,,,0,,,,,,,,,,,,,1,0,0,0,1,1,1,1,1,1,,,0,0,,1,1,1,1,0.00
Public Method,"org.apache.commons.math3.analysis.solvers.BracketingNthOrderBrentSolverTest.testFasterThanNewton.(Anon_7).value",,,,,,,,,,,,,,1,1,1,1,0,2,1,1,0,,,,0,,,,,,,,,,,,,1,0,0,0,1,1,1,1,1,1,,,0,0,,1,1,1,1,0.00
Public Method,"org.apache.commons.math3.analysis.solvers.BracketingNthOrderBrentSolverTest.testInsufficientOrder1",,,,,,,,,,,,,,3,3,1,1,0,2,1,1,0,,,,0,,,,,,,,,,,,,0,0,1,0,1,1,1,1,1,1,,,0,0,,1,1,1,1,0.00
Public Method,"org.apache.commons.math3.analysis.solvers.BracketingNthOrderBrentSolverTest.testInsufficientOrder2",,,,,,,,,,,,,,3,3,1,1,0,2,1,1,0,,,,0,,,,,,,,,,,,,0,0,1,0,1,1,1,1,1,1,,,0,0,,1,1,1,1,0.00
Public Method,"org.apache.commons.math3.analysis.solvers.BracketingNthOrderBrentSolverTest.testInsufficientOrder3",,,,,,,,,,,,,,3,3,1,1,0,2,1,1,0,,,,0,,,,,,,,,,,,,0,0,1,0,1,1,1,1,1,1,,,0,0,,1,1,1,1,0.00
Public Method,"org.apache.commons.math3.analysis.solvers.BracketingNthOrderBrentSolverTest.testIssue716",,,,,,,,,,,,,,13,13,8,6,0,9,1,1,0,,,,0,,,,,,,,,,,,,1,0,6,0,1,7,5,4,1,1,,,0,0,,1,1,1,1,0.00
Anonymous Class,"org.apache.commons.math3.analysis.solvers.BracketingNthOrderBrentSolverTest.testIssue716.(Anon_1)",1,1,0,0,0,,0,,1,1,0,0,1,4,4,3,,,2,,,,1,1,1,,1,1,3,3,2,0,0,,,0,1,0,,0,1,0,,1,1,1,,,1,1,,0,0,1,1,1,1,0.00
Public Method,"org.apache.commons.math3.analysis.solvers.BracketingNthOrderBrentSolverTest.testIssue716.(Anon_1).value",,,,,,,,,,,,,,3,3,2,1,0,2,1,1,0,,,,0,,,,,,,,,,,,,1,0,0,0,1,1,1,1,1,1,,,0,0,,1,1,1,1,0.00
Public Class,"org.apache.commons.math3.analysis.solvers.BrentSolver",3,2,2,9,3,,1,,6,32,0,1,4,206,123,88,,,88,,,,11,6,3,,3,4,30,19,1,0,0,,,0,6,1,,16,36,67,,66,31,57,,,11,17,,3,83,21,27,13,21,0.54
Public Constructor,"org.apache.commons.math3.analysis.solvers.BrentSolver.BrentSolver",,,,,,,,,,,,,,8,3,1,2,0,2,1,1,0,,,,0,,,,,,,,,,,,,4,0,1,5,1,1,1,1,1,1,,,0,0,,1,1,1,1,1.67
Public Constructor,"org.apache.commons.math3.analysis.solvers.BrentSolver.BrentSolver",,,,,,,,,,,,,,6,3,1,2,0,2,1,1,0,,,,0,,,,,,,,,,,,,9,0,1,3,1,1,1,1,1,1,,,0,0,,1,1,1,1,1.00
Public Constructor,"org.apache.commons.math3.analysis.solvers.BrentSolver.BrentSolver",,,,,,,,,,,,,,10,4,1,2,0,2,1,1,0,,,,0,,,,,,,,,,,,,4,0,2,6,1,1,1,1,1,1,,,0,0,,1,1,1,1,1.50
Public Constructor,"org.apache.commons.math3.analysis.solvers.BrentSolver.BrentSolver",,,,,,,,,,,,,,12,5,1,2,0,2,1,1,0,,,,0,,,,,,,,,,,,,3,0,3,7,1,1,1,1,1,1,,,0,0,,1,1,1,1,1.40
Private Method,"org.apache.commons.math3.analysis.solvers.BrentSolver.brent",,,,,,,,,,,,,,108,78,64,6,2,58,11,17,8,,,,2,,,,,,,,,,,,,5,5,18,25,111,47,17,41,11,3,,,3,3,,11,17,3,11,0.32
Protected Method,"org.apache.commons.math3.analysis.solvers.BrentSolver.doSolve",,,,,,,,,,,,,,41,26,19,10,1,20,6,6,5,,,,5,,,,,,,,,,,,,0,7,8,8,6,14,8,12,6,6,,,5,1,,6,6,6,6,0.31
Public Class,"org.apache.commons.math3.analysis.solvers.BrentSolverTest",2,1,2,14,12,,0,,5,5,0,0,5,211,119,94,,,98,,,,4,1,1,,2,2,37,22,1,0,0,,,0,5,0,,14,26,81,,87,21,77,,,4,4,,1,0,10,10,5,10,0.68
Public Method,"org.apache.commons.math3.analysis.solvers.BrentSolverTest.testBadEndpoints",,,,,,,,,,,,,,22,19,14,4,1,12,4,4,3,,,,0,,,,,,,,,,,,,0,0,3,6,8,8,3,9,4,1,,,0,1,,4,4,1,4,0.32
Public Method,"org.apache.commons.math3.analysis.solvers.BrentSolverTest.testInitialGuess",,,,,,,,,,,,,,38,27,23,11,0,24,2,2,1,,,,0,,,,,,,,,,,,,0,5,5,6,2,22,5,19,2,1,,,0,1,,2,2,1,2,0.22
Public Method,"org.apache.commons.math3.analysis.solvers.BrentSolverTest.testQuinticZero",,,,,,,,,,,,,,92,43,39,7,0,40,2,2,1,,,,0,,,,,,,,,,,,,0,1,4,48,2,38,4,36,2,1,,,0,1,,2,2,1,2,1.12
Public Method,"org.apache.commons.math3.analysis.solvers.BrentSolverTest.testRootEndpoints",,,,,,,,,,,,,,17,12,10,5,0,11,1,1,0,,,,0,,,,,,,,,,,,,1,4,4,1,1,10,4,7,1,1,,,0,0,,1,1,1,1,0.08
Public Method,"org.apache.commons.math3.analysis.solvers.BrentSolverTest.testSinZero",,,,,,,,,,,,,,20,11,8,6,0,10,1,1,0,,,,0,,,,,,,,,,,,,1,0,4,9,1,9,4,6,1,1,,,0,0,,1,1,1,1,0.82
Public Interface,"org.apache.commons.math3.analysis.solvers.DifferentiableUnivariateSolver",0,0,0,0,0,,0,,0,8,0,0,0,8,2,0,,,1,,,,0,0,1,,0,0,0,0,1,1,0,,,0,0,0,,0,2,6,,0,1,0,,,0,0,,0,0,0,0,0,0,3.00
Public Class,"org.apache.commons.math3.analysis.solvers.IllinoisSolver",1,1,0,4,0,,0,,4,37,0,0,4,63,17,4,,,9,,,,1,1,4,,1,1,8,3,1,0,0,,,0,4,0,,4,8,42,,4,5,4,,,1,1,,0,0,4,4,4,4,2.47
Public Constructor,"org.apache.commons.math3.analysis.solvers.IllinoisSolver.IllinoisSolver",,,,,,,,,,,,,,4,3,1,2,0,2,1,1,0,,,,0,,,,,,,,,,,,,2,0,1,1,1,1,1,1,1,1,,,0,0,,1,1,1,1,0.33
Public Constructor,"org.apache.commons.math3.analysis.solvers.IllinoisSolver.IllinoisSolver",,,,,,,,,,,,,,8,3,1,2,0,2,1,1,0,,,,0,,,,,,,,,,,,,1,0,1,5,1,1,1,1,1,1,,,0,0,,1,1,1,1,1.67
Public Constructor,"org.apache.commons.math3.analysis.solvers.IllinoisSolver.IllinoisSolver",,,,,,,,,,,,,,10,4,1,2,0,2,1,1,0,,,,0,,,,,,,,,,,,,2,0,2,6,1,1,1,1,1,1,,,0,0,,1,1,1,1,1.50
Public Constructor,"org.apache.commons.math3.analysis.solvers.IllinoisSolver.IllinoisSolver",,,,,,,,,,,,,,12,5,1,2,0,2,1,1,0,,,,0,,,,,,,,,,,,,3,0,3,7,1,1,1,1,1,1,,,0,0,,1,1,1,1,1.40
Public Class,"org.apache.commons.math3.analysis.solvers.IllinoisSolverTest",1,1,0,1,2,,0,,2,13,0,0,0,18,10,2,,,5,,,,1,1,2,,1,1,4,3,1,0,0,,,0,2,2,,1,5,7,,2,3,2,,,1,1,,0,0,2,2,2,2,0.70
Protected Method,"org.apache.commons.math3.analysis.solvers.IllinoisSolverTest.getQuinticEvalCounts",,,,,,,,,,,,,,4,3,1,1,0,2,1,1,0,,,,0,,,,,,,,,,,,,0,0,1,1,1,1,1,1,1,1,,,0,0,,1,1,1,1,0.33
Protected Method,"org.apache.commons.math3.analysis.solvers.IllinoisSolverTest.getSolver",,,,,,,,,,,,,,4,3,1,2,0,2,1,1,0,,,,0,,,,,,,,,,,,,0,0,1,1,1,1,1,1,1,1,,,0,0,,1,1,1,1,0.33
Public Class,"org.apache.commons.math3.analysis.solvers.LaguerreSolver",2,2,1,8,4,,1,,6,34,0,0,6,301,167,118,,,135,,,,6,6,3,,2,2,19,10,1,0,0,,,1,6,0,,21,60,113,,102,59,76,,,6,6,,3,83,15,15,14,15,0.68
Private Class,"org.apache.commons.math3.analysis.solvers.LaguerreSolver.ComplexSolver",5,2,2,15,6,,0,,3,3,0,0,3,156,98,77,,,84,,,,9,4,1,,5,6,49,32,1,0,0,,,0,3,0,,10,33,48,,67,35,49,,,9,9,,2,0,17,18,6,17,0.49
Public Method,"org.apache.commons.math3.analysis.solvers.LaguerreSolver.ComplexSolver.isRoot",,,,,,,,,,,,,,17,8,5,10,0,5,2,3,1,,,,0,,,,,,,,,,,,,4,0,2,9,2,3,2,3,2,1,,,0,1,,2,3,1,2,1.12
Public Method,"org.apache.commons.math3.analysis.solvers.LaguerreSolver.ComplexSolver.solve",,,,,,,,,,,,,,87,61,52,16,2,51,9,9,5,,,,4,,,,,,,,,,,,,7,6,23,20,36,43,22,29,9,4,,,5,2,,9,9,4,9,0.33
Public Method,"org.apache.commons.math3.analysis.solvers.LaguerreSolver.ComplexSolver.solveAll",,,,,,,,,,,,,,45,27,20,7,1,27,6,6,0,,,,0,,,,,,,,,,,,,5,2,7,16,24,21,10,17,6,1,,,0,2,,6,6,1,6,0.59
Public Constructor,"org.apache.commons.math3.analysis.solvers.LaguerreSolver.LaguerreSolver",,,,,,,,,,,,,,6,3,1,2,0,2,1,1,0,,,,0,,,,,,,,,,,,,5,0,1,3,1,1,1,1,1,1,,,0,0,,1,1,1,1,1.00
Public Constructor,"org.apache.commons.math3.analysis.solvers.LaguerreSolver.LaguerreSolver",,,,,,,,,,,,,,8,3,1,2,0,2,1,1,0,,,,0,,,,,,,,,,,,,2,0,1,5,1,1,1,1,1,1,,,0,0,,1,1,1,1,1.67
Public Constructor,"org.apache.commons.math3.analysis.solvers.LaguerreSolver.LaguerreSolver",,,,,,,,,,,,,,10,4,1,2,0,2,1,1,0,,,,0,,,,,,,,,,,,,2,0,2,6,1,1,1,1,1,1,,,0,0,,1,1,1,1,1.50
Public Constructor,"org.apache.commons.math3.analysis.solvers.LaguerreSolver.LaguerreSolver",,,,,,,,,,,,,,12,5,1,2,0,2,1,1,0,,,,0,,,,,,,,,,,,,3,0,3,7,1,1,1,1,1,1,,,0,0,,1,1,1,1,1.40
Public Method,"org.apache.commons.math3.analysis.solvers.LaguerreSolver.doSolve",,,,,,,,,,,,,,41,26,19,10,1,20,6,6,5,,,,5,,,,,,,,,,,,,0,7,8,8,6,14,8,12,6,6,,,5,1,,6,6,6,6,0.31
Public Method,"org.apache.commons.math3.analysis.solvers.LaguerreSolver.laguerre",,,,,,,,,,,,,,42,23,16,7,1,20,5,5,3,,,,3,,,,,,,,,,,,,5,0,8,19,8,15,9,11,5,4,,,3,3,,5,5,4,5,0.83
Public Class,"org.apache.commons.math3.analysis.solvers.LaguerreSolverTest",1,1,2,5,6,,0,,4,4,0,0,4,150,69,50,,,62,,,,3,1,1,,1,1,24,15,1,0,0,,,0,4,0,,20,24,61,,55,20,42,,,3,3,,1,0,6,6,4,6,0.88
Public Method,"org.apache.commons.math3.analysis.solvers.LaguerreSolverTest.testLinearFunction",,,,,,,,,,,,,,17,11,8,8,0,11,1,1,0,,,,0,,,,,,,,,,,,,0,2,5,4,1,10,5,6,1,1,,,0,0,,1,1,1,1,0.36
Public Method,"org.apache.commons.math3.analysis.solvers.LaguerreSolverTest.testParameters",,,,,,,,,,,,,,27,15,11,4,1,10,3,3,2,,,,0,,,,,,,,,,,,,0,1,4,11,4,7,4,6,3,1,,,0,1,,3,3,1,3,0.73
Public Method,"org.apache.commons.math3.analysis.solvers.LaguerreSolverTest.testQuadraticFunction",,,,,,,,,,,,,,23,16,13,8,0,17,1,1,0,,,,0,,,,,,,,,,,,,0,3,5,4,1,16,5,12,1,1,,,0,0,,1,1,1,1,0.25
Public Method,"org.apache.commons.math3.analysis.solvers.LaguerreSolverTest.testQuinticFunction",,,,,,,,,,,,,,29,21,18,8,0,23,1,1,0,,,,0,,,,,,,,,,,,,0,4,5,4,1,22,5,18,1,1,,,0,0,,1,1,1,1,0.19
Public Class,"org.apache.commons.math3.analysis.solvers.MullerSolver",3,2,2,8,1,,1,,5,31,0,1,3,174,90,67,,,70,,,,10,5,3,,3,4,27,17,1,0,0,,,0,5,1,,14,41,70,,56,37,33,,,10,15,,3,80,18,23,11,18,0.78
Public Constructor,"org.apache.commons.math3.analysis.solvers.MullerSolver.MullerSolver",,,,,,,,,,,,,,6,3,1,2,0,2,1,1,0,,,,0,,,,,,,,,,,,,5,0,1,3,1,1,1,1,1,1,,,0,0,,1,1,1,1,1.00
Public Constructor,"org.apache.commons.math3.analysis.solvers.MullerSolver.MullerSolver",,,,,,,,,,,,,,8,3,1,2,0,2,1,1,0,,,,0,,,,,,,,,,,,,2,0,1,5,1,1,1,1,1,1,,,0,0,,1,1,1,1,1.67
Public Constructor,"org.apache.commons.math3.analysis.solvers.MullerSolver.MullerSolver",,,,,,,,,,,,,,10,4,1,2,0,2,1,1,0,,,,0,,,,,,,,,,,,,2,0,2,6,1,1,1,1,1,1,,,0,0,,1,1,1,1,1.50
Protected Method,"org.apache.commons.math3.analysis.solvers.MullerSolver.doSolve",,,,,,,,,,,,,,34,25,19,11,1,19,5,5,4,,,,4,,,,,,,,,,,,,0,5,8,4,5,14,8,11,5,5,,,4,1,,5,5,5,5,0.16
Private Method,"org.apache.commons.math3.analysis.solvers.MullerSolver.solve",,,,,,,,,,,,,,81,51,44,10,1,43,10,15,4,,,,2,,,,,,,,,,,,,5,5,26,25,5,38,24,19,10,3,,,3,3,,10,15,3,10,0.49
Public Class,"org.apache.commons.math3.analysis.solvers.MullerSolver2",3,2,2,7,2,,1,,4,30,0,0,3,143,76,54,,,58,,,,10,5,3,,3,3,27,18,1,0,0,,,0,4,1,,12,31,55,,45,29,29,,,10,12,,3,75,13,15,8,13,0.72
Public Constructor,"org.apache.commons.math3.analysis.solvers.MullerSolver2.MullerSolver2",,,,,,,,,,,,,,6,3,1,2,0,2,1,1,0,,,,0,,,,,,,,,,,,,5,0,1,3,1,1,1,1,1,1,,,0,0,,1,1,1,1,1.00
Public Constructor,"org.apache.commons.math3.analysis.solvers.MullerSolver2.MullerSolver2",,,,,,,,,,,,,,8,3,1,2,0,2,1,1,0,,,,0,,,,,,,,,,,,,2,0,1,5,1,1,1,1,1,1,,,0,0,,1,1,1,1,1.67
Public Constructor,"org.apache.commons.math3.analysis.solvers.MullerSolver2.MullerSolver2",,,,,,,,,,,,,,10,4,1,2,0,2,1,1,0,,,,0,,,,,,,,,,,,,2,0,2,6,1,1,1,1,1,1,,,0,0,,1,1,1,1,1.50
Protected Method,"org.apache.commons.math3.analysis.solvers.MullerSolver2.doSolve",,,,,,,,,,,,,,85,62,50,13,1,50,10,12,6,,,,4,,,,,,,,,,,,,0,9,24,14,28,41,24,26,10,5,,,5,3,,10,12,5,10,0.23
Public Class,"org.apache.commons.math3.analysis.solvers.MullerSolver2Test",1,1,2,4,10,,0,,4,4,0,0,4,118,75,56,,,70,,,,3,1,1,,1,1,24,17,1,0,0,,,0,4,0,,12,20,31,,63,16,54,,,3,3,,1,0,6,6,4,6,0.41
Public Method,"org.apache.commons.math3.analysis.solvers.MullerSolver2Test.testExpm1Function",,,,,,,,,,,,,,28,20,17,7,0,22,1,1,0,,,,0,,,,,,,,,,,,,0,3,4,5,1,21,4,18,1,1,,,0,0,,1,1,1,1,0.25
Public Method,"org.apache.commons.math3.analysis.solvers.MullerSolver2Test.testParameters",,,,,,,,,,,,,,22,14,10,3,1,9,3,3,2,,,,0,,,,,,,,,,,,,0,1,3,7,4,6,3,6,3,1,,,0,1,,3,3,1,3,0.50
Public Method,"org.apache.commons.math3.analysis.solvers.MullerSolver2Test.testQuinticFunction",,,,,,,,,,,,,,26,20,17,7,0,22,1,1,0,,,,0,,,,,,,,,,,,,0,3,4,3,1,21,4,18,1,1,,,0,0,,1,1,1,1,0.15
Public Method,"org.apache.commons.math3.analysis.solvers.MullerSolver2Test.testSinFunction",,,,,,,,,,,,,,20,15,12,7,0,16,1,1,0,,,,0,,,,,,,,,,,,,1,2,4,3,1,15,4,12,1,1,,,0,0,,1,1,1,1,0.20
Public Class,"org.apache.commons.math3.analysis.solvers.MullerSolverTest",1,1,2,5,10,,0,,4,4,0,0,4,121,76,57,,,71,,,,3,1,1,,1,1,24,17,1,0,0,,,0,4,0,,12,21,33,,64,17,54,,,3,3,,1,0,6,6,4,6,0.43
Public Method,"org.apache.commons.math3.analysis.solvers.MullerSolverTest.testExpm1Function",,,,,,,,,,,,,,30,20,17,7,0,22,1,1,0,,,,0,,,,,,,,,,,,,0,3,4,7,1,21,4,18,1,1,,,0,0,,1,1,1,1,0.35
Public Method,"org.apache.commons.math3.analysis.solvers.MullerSolverTest.testParameters",,,,,,,,,,,,,,23,15,11,4,1,10,3,3,2,,,,0,,,,,,,,,,,,,0,1,4,7,4,7,4,6,3,1,,,0,1,,3,3,1,3,0.47
Public Method,"org.apache.commons.math3.analysis.solvers.MullerSolverTest.testQuinticFunction",,,,,,,,,,,,,,26,20,17,7,0,22,1,1,0,,,,0,,,,,,,,,,,,,0,3,4,3,1,21,4,18,1,1,,,0,0,,1,1,1,1,0.15
Public Method,"org.apache.commons.math3.analysis.solvers.MullerSolverTest.testSinFunction",,,,,,,,,,,,,,20,15,12,7,0,16,1,1,0,,,,0,,,,,,,,,,,,,1,2,4,3,1,15,4,12,1,1,,,0,0,,1,1,1,1,0.20
Public Class,"org.apache.commons.math3.analysis.solvers.NewtonSolver",1,1,0,6,3,,1,,4,31,0,0,3,66,28,12,,,18,,,,3,3,3,,1,1,12,5,1,0,0,,,0,4,1,,5,13,33,,11,10,8,,,3,3,,2,75,6,6,6,6,1.18
Public Constructor,"org.apache.commons.math3.analysis.solvers.NewtonSolver.NewtonSolver",,,,,,,,,,,,,,6,3,1,2,0,2,1,1,0,,,,0,,,,,,,,,,,,,3,0,1,3,1,1,1,1,1,1,,,0,0,,1,1,1,1,1.00
Public Constructor,"org.apache.commons.math3.analysis.solvers.NewtonSolver.NewtonSolver",,,,,,,,,,,,,,8,3,1,2,0,2,1,1,0,,,,0,,,,,,,,,,,,,3,0,1,5,1,1,1,1,1,1,,,0,0,,1,1,1,1,1.67
Protected Method,"org.apache.commons.math3.analysis.solvers.NewtonSolver.doSolve",,,,,,,,,,,,,,18,13,8,6,0,10,3,3,2,,,,2,,,,,,,,,,,,,0,2,5,3,3,7,5,5,3,3,,,2,2,,3,3,3,3,0.23
Public Method,"org.apache.commons.math3.analysis.solvers.NewtonSolver.solve",,,,,,,,,,,,,,17,4,1,3,0,2,1,1,0,,,,0,,,,,,,,,,,,,7,0,2,13,1,1,1,1,1,1,,,0,0,,1,1,1,1,3.25
Public Class,"org.apache.commons.math3.analysis.solvers.NewtonSolverTest",1,1,7,3,6,,0,,2,2,0,0,2,65,41,31,,,36,,,,1,1,1,,1,1,28,18,1,0,0,,,0,2,0,,15,11,9,,33,9,27,,,1,1,,0,0,2,2,2,2,0.22
Public Method,"org.apache.commons.math3.analysis.solvers.NewtonSolverTest.testQuinticZero",,,,,,,,,,,,,,41,27,24,4,0,26,1,1,0,,,,0,,,,,,,,,,,,,0,11,4,3,1,25,4,22,1,1,,,0,0,,1,1,1,1,0.11
Public Method,"org.apache.commons.math3.analysis.solvers.NewtonSolverTest.testSinZero",,,,,,,,,,,,,,16,10,7,6,0,9,1,1,0,,,,0,,,,,,,,,,,,,1,3,4,3,1,8,4,5,1,1,,,0,0,,1,1,1,1,0.30
Public Class,"org.apache.commons.math3.analysis.solvers.PegasusSolver",1,1,0,4,0,,0,,4,37,0,0,4,66,17,4,,,9,,,,1,1,4,,1,1,8,3,1,0,0,,,0,4,0,,4,8,45,,4,5,4,,,1,1,,0,0,4,4,4,4,2.65
Public Constructor,"org.apache.commons.math3.analysis.solvers.PegasusSolver.PegasusSolver",,,,,,,,,,,,,,4,3,1,2,0,2,1,1,0,,,,0,,,,,,,,,,,,,2,0,1,1,1,1,1,1,1,1,,,0,0,,1,1,1,1,0.33
Public Constructor,"org.apache.commons.math3.analysis.solvers.PegasusSolver.PegasusSolver",,,,,,,,,,,,,,8,3,1,2,0,2,1,1,0,,,,0,,,,,,,,,,,,,1,0,1,5,1,1,1,1,1,1,,,0,0,,1,1,1,1,1.67
Public Constructor,"org.apache.commons.math3.analysis.solvers.PegasusSolver.PegasusSolver",,,,,,,,,,,,,,10,4,1,2,0,2,1,1,0,,,,0,,,,,,,,,,,,,5,0,2,6,1,1,1,1,1,1,,,0,0,,1,1,1,1,1.50
Public Constructor,"org.apache.commons.math3.analysis.solvers.PegasusSolver.PegasusSolver",,,,,,,,,,,,,,12,5,1,2,0,2,1,1,0,,,,0,,,,,,,,,,,,,4,0,3,7,1,1,1,1,1,1,,,0,0,,1,1,1,1,1.40
Public Class,"org.apache.commons.math3.analysis.solvers.PegasusSolverTest",1,1,0,1,2,,0,,2,13,0,0,0,18,10,2,,,5,,,,1,1,2,,1,1,4,3,1,0,0,,,0,2,2,,1,5,7,,2,3,2,,,1,1,,0,0,2,2,2,2,0.70
Protected Method,"org.apache.commons.math3.analysis.solvers.PegasusSolverTest.getQuinticEvalCounts",,,,,,,,,,,,,,4,3,1,1,0,2,1,1,0,,,,0,,,,,,,,,,,,,0,0,1,1,1,1,1,1,1,1,,,0,0,,1,1,1,1,0.33
Protected Method,"org.apache.commons.math3.analysis.solvers.PegasusSolverTest.getSolver",,,,,,,,,,,,,,4,3,1,2,0,2,1,1,0,,,,0,,,,,,,,,,,,,0,0,1,1,1,1,1,1,1,1,,,0,0,,1,1,1,1,0.33
Public Interface,"org.apache.commons.math3.analysis.solvers.PolynomialSolver",0,0,0,0,0,,0,,0,8,0,0,0,9,2,0,,,1,,,,0,0,1,,0,0,0,0,1,1,0,,,0,0,0,,0,2,7,,0,1,0,,,0,0,,0,0,0,0,0,0,3.50
Public Class,"org.apache.commons.math3.analysis.solvers.RegulaFalsiSolver",1,1,0,4,0,,0,,4,37,0,0,4,76,17,4,,,9,,,,1,1,4,,1,1,8,3,1,0,0,,,0,4,0,,4,8,55,,4,5,4,,,1,1,,0,0,4,4,4,4,3.24
Public Constructor,"org.apache.commons.math3.analysis.solvers.RegulaFalsiSolver.RegulaFalsiSolver",,,,,,,,,,,,,,4,3,1,2,0,2,1,1,0,,,,0,,,,,,,,,,,,,3,0,1,1,1,1,1,1,1,1,,,0,0,,1,1,1,1,0.33
Public Constructor,"org.apache.commons.math3.analysis.solvers.RegulaFalsiSolver.RegulaFalsiSolver",,,,,,,,,,,,,,8,3,1,2,0,2,1,1,0,,,,0,,,,,,,,,,,,,1,0,1,5,1,1,1,1,1,1,,,0,0,,1,1,1,1,1.67
Public Constructor,"org.apache.commons.math3.analysis.solvers.RegulaFalsiSolver.RegulaFalsiSolver",,,,,,,,,,,,,,10,4,1,2,0,2,1,1,0,,,,0,,,,,,,,,,,,,2,0,2,6,1,1,1,1,1,1,,,0,0,,1,1,1,1,1.50
Public Constructor,"org.apache.commons.math3.analysis.solvers.RegulaFalsiSolver.RegulaFalsiSolver",,,,,,,,,,,,,,12,5,1,2,0,2,1,1,0,,,,0,,,,,,,,,,,,,3,0,3,7,1,1,1,1,1,1,,,0,0,,1,1,1,1,1.40
Public Class,"org.apache.commons.math3.analysis.solvers.RegulaFalsiSolverTest",1,1,0,2,5,,0,,3,14,0,0,1,35,21,8,,,12,,,,1,1,2,,1,1,7,5,1,0,0,,,0,3,2,,3,11,11,,7,8,4,,,1,1,,0,0,3,3,3,3,0.52
Protected Method,"org.apache.commons.math3.analysis.solvers.RegulaFalsiSolverTest.getQuinticEvalCounts",,,,,,,,,,,,,,7,3,1,1,0,2,1,1,0,,,,0,,,,,,,,,,,,,0,0,1,4,1,1,1,1,1,1,,,0,0,,1,1,1,1,1.33
Protected Method,"org.apache.commons.math3.analysis.solvers.RegulaFalsiSolverTest.getSolver",,,,,,,,,,,,,,4,3,1,2,0,2,1,1,0,,,,0,,,,,,,,,,,,,0,0,1,1,1,1,1,1,1,1,,,0,0,,1,1,1,1,0.33
Public Method,"org.apache.commons.math3.analysis.solvers.RegulaFalsiSolverTest.testIssue631",,,,,,,,,,,,,,12,10,6,3,0,7,1,1,0,,,,0,,,,,,,,,,,,,0,1,5,1,1,5,5,2,1,1,,,0,0,,1,1,1,1,0.10
Anonymous Class,"org.apache.commons.math3.analysis.solvers.RegulaFalsiSolverTest.testIssue631.(Anon_1)",1,1,0,1,0,,0,,1,1,0,0,1,5,4,3,,,2,,,,1,1,1,,1,1,4,3,2,0,0,,,0,1,0,,0,1,1,,1,1,1,,,1,1,,0,0,1,1,1,1,0.25
Public Method,"org.apache.commons.math3.analysis.solvers.RegulaFalsiSolverTest.testIssue631.(Anon_1).value",,,,,,,,,,,,,,4,3,2,3,0,2,1,1,0,,,,0,,,,,,,,,,,,,1,0,0,1,1,1,1,1,1,1,,,0,0,,1,1,1,1,0.33
Public Class,"org.apache.commons.math3.analysis.solvers.RiddersSolver",3,2,1,7,1,,1,,4,30,0,0,3,119,74,53,,,54,,,,10,7,3,,3,3,25,17,1,0,0,,,0,4,1,,7,26,42,,40,23,31,,,10,10,,3,75,13,13,10,13,0.57
Public Constructor,"org.apache.commons.math3.analysis.solvers.RiddersSolver.RiddersSolver",,,,,,,,,,,,,,6,3,1,2,0,2,1,1,0,,,,0,,,,,,,,,,,,,5,0,1,3,1,1,1,1,1,1,,,0,0,,1,1,1,1,1.00
Public Constructor,"org.apache.commons.math3.analysis.solvers.RiddersSolver.RiddersSolver",,,,,,,,,,,,,,8,3,1,2,0,2,1,1,0,,,,0,,,,,,,,,,,,,2,0,1,5,1,1,1,1,1,1,,,0,0,,1,1,1,1,1.67
Public Constructor,"org.apache.commons.math3.analysis.solvers.RiddersSolver.RiddersSolver",,,,,,,,,,,,,,10,4,1,2,0,2,1,1,0,,,,0,,,,,,,,,,,,,2,0,2,6,1,1,1,1,1,1,,,0,0,,1,1,1,1,1.50
Protected Method,"org.apache.commons.math3.analysis.solvers.RiddersSolver.doSolve",,,,,,,,,,,,,,76,60,49,12,1,46,10,10,11,,,,8,,,,,,,,,,,,,0,5,19,15,10,36,18,28,10,7,,,9,3,,10,10,7,10,0.25
Public Class,"org.apache.commons.math3.analysis.solvers.RiddersSolverTest",1,1,2,4,10,,0,,4,4,0,0,4,114,75,56,,,70,,,,3,1,1,,1,1,23,17,1,0,0,,,0,4,0,,12,20,27,,63,16,54,,,3,3,,1,0,6,6,4,6,0.36
Public Method,"org.apache.commons.math3.analysis.solvers.RiddersSolverTest.testExpm1Function",,,,,,,,,,,,,,26,20,17,7,0,22,1,1,0,,,,0,,,,,,,,,,,,,0,3,4,3,1,21,4,18,1,1,,,0,0,,1,1,1,1,0.15
Public Method,"org.apache.commons.math3.analysis.solvers.RiddersSolverTest.testParameters",,,,,,,,,,,,,,22,14,10,3,1,9,3,3,2,,,,0,,,,,,,,,,,,,0,1,3,7,4,6,3,6,3,1,,,0,1,,3,3,1,3,0.50
Public Method,"org.apache.commons.math3.analysis.solvers.RiddersSolverTest.testQuinticFunction",,,,,,,,,,,,,,26,20,17,7,0,22,1,1,0,,,,0,,,,,,,,,,,,,0,3,4,3,1,21,4,18,1,1,,,0,0,,1,1,1,1,0.15
Public Method,"org.apache.commons.math3.analysis.solvers.RiddersSolverTest.testSinFunction",,,,,,,,,,,,,,20,15,12,7,0,16,1,1,0,,,,0,,,,,,,,,,,,,1,2,4,3,1,15,4,12,1,1,,,0,0,,1,1,1,1,0.20
Public Class,"org.apache.commons.math3.analysis.solvers.SecantSolver",2,2,2,7,1,,1,,4,30,0,0,3,111,47,29,,,34,,,,7,7,3,,2,2,20,10,1,0,0,,,0,4,1,,14,17,50,,23,15,19,,,7,7,,2,75,10,10,10,10,1.06
Public Constructor,"org.apache.commons.math3.analysis.solvers.SecantSolver.SecantSolver",,,,,,,,,,,,,,4,3,1,2,0,2,1,1,0,,,,0,,,,,,,,,,,,,2,0,1,1,1,1,1,1,1,1,,,0,0,,1,1,1,1,0.33
Public Constructor,"org.apache.commons.math3.analysis.solvers.SecantSolver.SecantSolver",,,,,,,,,,,,,,8,3,1,2,0,2,1,1,0,,,,0,,,,,,,,,,,,,1,0,1,5,1,1,1,1,1,1,,,0,0,,1,1,1,1,1.67
Public Constructor,"org.apache.commons.math3.analysis.solvers.SecantSolver.SecantSolver",,,,,,,,,,,,,,10,4,1,2,0,2,1,1,0,,,,0,,,,,,,,,,,,,2,0,2,6,1,1,1,1,1,1,,,0,0,,1,1,1,1,1.50
Protected Method,"org.apache.commons.math3.analysis.solvers.SecantSolver.doSolve",,,,,,,,,,,,,,59,33,25,10,1,26,7,7,8,,,,8,,,,,,,,,,,,,0,8,10,18,7,19,10,16,7,7,,,8,2,,7,7,7,7,0.55
Public Class,"org.apache.commons.math3.analysis.solvers.SecantSolverTest",1,1,0,2,2,,0,,2,13,0,0,0,21,10,2,,,5,,,,1,1,2,,1,1,5,3,1,0,0,,,0,2,2,,1,5,10,,2,3,2,,,1,1,,0,0,2,2,2,2,1.00
Protected Method,"org.apache.commons.math3.analysis.solvers.SecantSolverTest.getQuinticEvalCounts",,,,,,,,,,,,,,7,3,1,1,0,2,1,1,0,,,,0,,,,,,,,,,,,,0,0,1,4,1,1,1,1,1,1,,,0,0,,1,1,1,1,1.33
Protected Method,"org.apache.commons.math3.analysis.solvers.SecantSolverTest.getSolver",,,,,,,,,,,,,,4,3,1,2,0,2,1,1,0,,,,0,,,,,,,,,,,,,0,0,1,1,1,1,1,1,1,1,,,0,0,,1,1,1,1,0.33
Public Interface,"org.apache.commons.math3.analysis.solvers.UnivariateSolver",0,0,0,0,0,,0,,0,8,0,0,0,8,2,0,,,1,,,,0,0,1,,0,0,0,0,1,1,0,,,0,0,0,,0,2,6,,0,1,0,,,0,0,,0,0,0,0,0,0,3.00
Public Class,"org.apache.commons.math3.analysis.solvers.UnivariateSolverUtils",2,1,1,14,12,,0,,1,12,0,1,11,355,152,89,,,89,,,,10,4,1,,2,3,28,12,1,0,11,,,0,12,0,,25,50,178,,58,30,59,,,10,13,,3,0,31,41,15,31,1.17
Private Constructor,"org.apache.commons.math3.analysis.solvers.UnivariateSolverUtils.UnivariateSolverUtils",,,,,,,,,,,,,,4,1,0,1,0,1,1,1,0,,,,0,,,,,,,,,,,,,0,0,1,3,1,0,1,0,1,1,,,0,0,,1,1,1,1,3.00
Public Static Method,"org.apache.commons.math3.analysis.solvers.UnivariateSolverUtils.bracket",,,,,,,,,,,,,,44,5,1,2,0,2,1,1,0,,,,0,,,,,,,,,,,,,9,0,3,39,1,1,1,1,1,1,,,0,0,,1,1,1,1,7.80
Public Static Method,"org.apache.commons.math3.analysis.solvers.UnivariateSolverUtils.bracket",,,,,,,,,,,,,,69,32,22,8,1,20,5,8,0,,,,0,,,,,,,,,,,,,10,5,9,32,8,16,6,14,5,1,,,0,1,,5,8,1,5,1.00
Public Static Method,"org.apache.commons.math3.analysis.solvers.UnivariateSolverUtils.forceSide",,,,,,,,,,,,,,84,52,39,9,1,33,10,13,8,,,,4,,,,,,,,,,,,,11,9,13,23,23,23,9,24,10,4,,,5,3,,10,13,4,10,0.44
Public Static Method,"org.apache.commons.math3.analysis.solvers.UnivariateSolverUtils.isBracketing",,,,,,,,,,,,,,21,10,5,3,0,6,2,5,0,,,,0,,,,,,,,,,,,,6,0,5,11,2,4,3,3,2,1,,,0,1,,2,5,1,2,1.10
Public Static Method,"org.apache.commons.math3.analysis.solvers.UnivariateSolverUtils.isSequence",,,,,,,,,,,,,,13,5,1,1,0,2,1,2,0,,,,0,,,,,,,,,,,,,4,0,3,8,1,1,1,1,1,1,,,0,0,,1,2,1,1,1.60
Public Static Method,"org.apache.commons.math3.analysis.solvers.UnivariateSolverUtils.midpoint",,,,,,,,,,,,,,10,3,1,1,0,2,1,1,0,,,,0,,,,,,,,,,,,,4,0,1,7,1,1,1,1,1,1,,,0,0,,1,1,1,1,2.33
Public Static Method,"org.apache.commons.math3.analysis.solvers.UnivariateSolverUtils.solve",,,,,,,,,,,,,,22,9,4,4,0,5,2,2,0,,,,0,,,,,,,,,,,,,10,0,4,13,2,3,2,3,2,1,,,0,1,,2,2,1,2,1.44
Public Static Method,"org.apache.commons.math3.analysis.solvers.UnivariateSolverUtils.solve",,,,,,,,,,,,,,18,7,4,4,0,5,2,2,0,,,,0,,,,,,,,,,,,,8,0,2,11,2,3,2,3,2,1,,,0,1,,2,2,1,2,1.57
Public Static Method,"org.apache.commons.math3.analysis.solvers.UnivariateSolverUtils.verifyBracketing",,,,,,,,,,,,,,23,13,7,5,1,6,3,3,0,,,,0,,,,,,,,,,,,,5,0,3,10,4,3,1,5,3,1,,,0,1,,3,3,1,3,0.77
Public Static Method,"org.apache.commons.math3.analysis.solvers.UnivariateSolverUtils.verifyInterval",,,,,,,,,,,,,,14,7,3,1,0,3,2,2,0,,,,0,,,,,,,,,,,,,7,0,2,7,2,1,1,2,2,1,,,0,1,,2,2,1,2,1.00
Public Static Method,"org.apache.commons.math3.analysis.solvers.UnivariateSolverUtils.verifySequence",,,,,,,,,,,,,,15,6,2,1,0,3,1,1,0,,,,0,,,,,,,,,,,,,5,0,3,9,1,2,1,2,1,1,,,0,0,,1,1,1,1,1.50
Public Class,"org.apache.commons.math3.analysis.solvers.UnivariateSolverUtilsTest",1,1,0,0,6,,0,,14,14,0,0,14,119,96,50,,,63,,,,2,1,1,,1,1,6,5,1,0,0,,,1,14,0,,15,41,9,,47,25,38,,,2,2,,1,28,15,15,14,15,0.09
Public Method,"org.apache.commons.math3.analysis.solvers.UnivariateSolverUtilsTest.testBadEndpoints",,,,,,,,,,,,,,4,3,1,1,0,2,1,1,0,,,,0,,,,,,,,,,,,,1,0,1,1,1,1,1,1,1,1,,,0,0,,1,1,1,1,0.33
Public Method,"org.apache.commons.math3.analysis.solvers.UnivariateSolverUtilsTest.testBadInitial",,,,,,,,,,,,,,3,3,1,1,0,2,1,1,0,,,,0,,,,,,,,,,,,,1,0,1,0,1,1,1,1,1,1,,,0,0,,1,1,1,1,0.00
Public Method,"org.apache.commons.math3.analysis.solvers.UnivariateSolverUtilsTest.testBadMaximumIterations",,,,,,,,,,,,,,4,3,1,1,0,2,1,1,0,,,,0,,,,,,,,,,,,,1,0,1,1,1,1,1,1,1,1,,,0,0,,1,1,1,1,0.33
Public Method,"org.apache.commons.math3.analysis.solvers.UnivariateSolverUtilsTest.testBracketEndpointRoot",,,,,,,,,,,,,,5,5,3,4,0,4,1,1,0,,,,0,,,,,,,,,,,,,1,0,2,0,1,3,2,2,1,1,,,0,0,,1,1,1,1,0.00
Public Method,"org.apache.commons.math3.analysis.solvers.UnivariateSolverUtilsTest.testBracketSin",,,,,,,,,,,,,,6,6,4,3,0,4,1,1,0,,,,0,,,,,,,,,,,,,1,0,3,0,1,3,2,2,1,1,,,0,0,,1,1,1,1,0.00
Public Method,"org.apache.commons.math3.analysis.solvers.UnivariateSolverUtilsTest.testMisc",,,,,,,,,,,,,,27,26,23,2,0,25,1,1,0,,,,0,,,,,,,,,,,,,0,0,3,1,1,24,3,22,1,1,,,0,0,,1,1,1,1,0.04
Public Method,"org.apache.commons.math3.analysis.solvers.UnivariateSolverUtilsTest.testNullFunction",,,,,,,,,,,,,,3,3,1,1,0,2,1,1,0,,,,0,,,,,,,,,,,,,0,0,1,0,1,1,1,1,1,1,,,0,0,,1,1,1,1,0.00
Public Method,"org.apache.commons.math3.analysis.solvers.UnivariateSolverUtilsTest.testSolveAccuracyNull",,,,,,,,,,,,,,4,4,2,1,0,3,1,1,0,,,,0,,,,,,,,,,,,,0,0,2,0,1,2,2,1,1,1,,,0,0,,1,1,1,1,0.00
Public Method,"org.apache.commons.math3.analysis.solvers.UnivariateSolverUtilsTest.testSolveAccuracySin",,,,,,,,,,,,,,6,6,4,2,0,4,1,1,0,,,,0,,,,,,,,,,,,,2,0,4,0,1,3,3,1,1,1,,,0,0,,1,1,1,1,0.00
Public Method,"org.apache.commons.math3.analysis.solvers.UnivariateSolverUtilsTest.testSolveBadAccuracy",,,,,,,,,,,,,,8,6,3,1,0,3,2,2,1,,,,0,,,,,,,,,,,,,1,0,1,3,2,1,1,2,2,1,,,0,1,,2,2,1,2,0.50
Public Method,"org.apache.commons.math3.analysis.solvers.UnivariateSolverUtilsTest.testSolveBadEndpoints",,,,,,,,,,,,,,4,4,2,2,0,3,1,1,0,,,,0,,,,,,,,,,,,,1,0,2,0,1,2,2,1,1,1,,,0,0,,1,1,1,1,0.00
Public Method,"org.apache.commons.math3.analysis.solvers.UnivariateSolverUtilsTest.testSolveNoRoot",,,,,,,,,,,,,,3,3,1,1,0,2,1,1,0,,,,0,,,,,,,,,,,,,1,0,1,0,1,1,1,1,1,1,,,0,0,,1,1,1,1,0.00
Public Method,"org.apache.commons.math3.analysis.solvers.UnivariateSolverUtilsTest.testSolveNull",,,,,,,,,,,,,,3,3,1,1,0,2,1,1,0,,,,0,,,,,,,,,,,,,0,0,1,0,1,1,1,1,1,1,,,0,0,,1,1,1,1,0.00
Public Method,"org.apache.commons.math3.analysis.solvers.UnivariateSolverUtilsTest.testSolveSin",,,,,,,,,,,,,,4,4,2,2,0,3,1,1,0,,,,0,,,,,,,,,,,,,2,0,2,0,1,2,2,1,1,1,,,0,0,,1,1,1,1,0.00
Package,"org.apache.commons.math3.complex",1,1,0,4,,14,11,13,249,,0,5,241,3981,2180,1279,,,1567,,,,6,7,,,1,1,11,7,,,8,,,45,257,11,,432,926,1369,,1210,743,824,,,7,8,,2,,348,376,297,346,0.63
Public Class,"org.apache.commons.math3.complex.Complex",2,1,0,15,6,,6,,42,44,0,0,42,1203,393,234,,,252,,,,6,6,1,,2,2,25,8,3,1,2,,,4,44,2,,81,92,729,,151,84,168,,,6,8,,2,71,101,126,80,101,1.85
Public Constructor,"org.apache.commons.math3.complex.Complex.Complex",,,,,,,,,,,,,,14,7,5,7,0,5,1,4,0,,,,0,,,,,,,,,,,,,132,1,1,6,1,4,1,4,1,1,,,0,0,,1,4,1,1,0.86
Public Constructor,"org.apache.commons.math3.complex.Complex.Complex",,,,,,,,,,,,,,8,3,1,2,0,2,1,1,0,,,,0,,,,,,,,,,,,,18,0,1,5,1,1,1,1,1,1,,,0,0,,1,1,1,1,1.67
Public Method,"org.apache.commons.math3.complex.Complex.abs",,,,,,,,,,,,,,29,21,14,4,1,14,6,6,6,,,,6,,,,,,,,,,,,,11,0,3,8,6,8,3,11,6,6,,,6,2,,6,6,6,6,0.38
Public Method,"org.apache.commons.math3.complex.Complex.acos",,,,,,,,,,,,,,24,7,4,6,0,4,2,2,1,,,,0,,,,,,,,,,,,,6,1,1,16,2,2,1,3,2,1,,,0,1,,2,2,1,2,2.29
Public Method,"org.apache.commons.math3.complex.Complex.add",,,,,,,,,,,,,,28,8,5,5,0,5,2,3,1,,,,0,,,,,,,,,,,,,16,1,1,19,2,3,1,4,2,1,,,0,1,,2,3,1,2,2.38
Public Method,"org.apache.commons.math3.complex.Complex.add",,,,,,,,,,,,,,15,6,3,3,0,4,2,3,1,,,,0,,,,,,,,,,,,,8,1,1,8,2,2,1,3,2,1,,,0,1,,2,3,1,2,1.33
Public Method,"org.apache.commons.math3.complex.Complex.asin",,,,,,,,,,,,,,24,7,4,6,0,4,2,2,1,,,,0,,,,,,,,,,,,,6,1,1,16,2,2,1,3,2,1,,,0,1,,2,2,1,2,2.29
Public Method,"org.apache.commons.math3.complex.Complex.atan",,,,,,,,,,,,,,24,7,4,7,0,4,2,2,1,,,,0,,,,,,,,,,,,,7,1,1,16,2,2,1,3,2,1,,,0,1,,2,2,1,2,2.29
Public Method,"org.apache.commons.math3.complex.Complex.conjugate",,,,,,,,,,,,,,21,6,3,2,0,4,2,2,1,,,,0,,,,,,,,,,,,,7,1,1,14,2,2,1,3,2,1,,,0,1,,2,2,1,2,2.33
Public Method,"org.apache.commons.math3.complex.Complex.cos",,,,,,,,,,,,,,40,7,4,6,0,4,2,2,1,,,,0,,,,,,,,,,,,,7,1,1,32,2,2,1,3,2,1,,,0,1,,2,2,1,2,4.57
Public Method,"org.apache.commons.math3.complex.Complex.cosh",,,,,,,,,,,,,,39,7,4,6,0,4,2,2,1,,,,0,,,,,,,,,,,,,7,1,1,31,2,2,1,3,2,1,,,0,1,,2,2,1,2,4.43
Protected Method,"org.apache.commons.math3.complex.Complex.createComplex",,,,,,,,,,,,,,13,4,1,2,0,2,1,1,0,,,,0,,,,,,,,,,,,,27,0,2,9,1,1,1,1,1,1,,,0,0,,1,1,1,1,2.25
Public Method,"org.apache.commons.math3.complex.Complex.divide",,,,,,,,,,,,,,71,26,19,7,1,17,5,8,4,,,,4,,,,,,,,,,,,,21,3,8,42,5,12,7,10,5,5,,,4,1,,5,8,5,5,1.62
Public Method,"org.apache.commons.math3.complex.Complex.divide",,,,,,,,,,,,,,21,13,8,5,1,8,5,6,3,,,,3,,,,,,,,,,,,,10,0,1,8,4,4,1,7,5,4,,,3,1,,5,6,4,5,0.62
Public Method,"org.apache.commons.math3.complex.Complex.equals",,,,,,,,,,,,,,29,14,9,1,1,9,4,5,4,,,,4,,,,,,,,,,,,,15,0,2,15,4,5,2,7,4,4,,,4,2,,4,5,4,4,1.07
Public Method,"org.apache.commons.math3.complex.Complex.exp",,,,,,,,,,,,,,41,8,5,5,0,5,2,2,1,,,,0,,,,,,,,,,,,,10,1,2,32,2,3,2,3,2,1,,,0,1,,2,2,1,2,4.00
Public Method,"org.apache.commons.math3.complex.Complex.getArgument",,,,,,,,,,,,,,20,3,1,4,0,2,1,1,0,,,,0,,,,,,,,,,,,,4,0,1,17,1,1,1,1,1,1,,,0,0,,1,1,1,1,5.67
Public Method,"org.apache.commons.math3.complex.Complex.getField",,,,,,,,,,,,,,4,3,1,2,0,2,1,1,0,,,,0,,,,,,,,,,,,,0,0,1,1,1,1,1,1,1,1,,,0,0,,1,1,1,1,0.33
Public Method,"org.apache.commons.math3.complex.Complex.getImaginary",,,,,,,,,,,,,,8,3,1,1,0,2,1,1,0,,,,0,,,,,,,,,,,,,42,0,1,5,1,1,1,1,1,1,,,0,0,,1,1,1,1,1.67
Public Method,"org.apache.commons.math3.complex.Complex.getReal",,,,,,,,,,,,,,8,3,1,1,0,2,1,1,0,,,,0,,,,,,,,,,,,,42,0,1,5,1,1,1,1,1,1,,,0,0,,1,1,1,1,1.67
Public Method,"org.apache.commons.math3.complex.Complex.hashCode",,,,,,,,,,,,,,14,7,4,2,0,4,2,2,1,,,,0,,,,,,,,,,,,,4,0,1,7,2,2,1,3,2,1,,,0,1,,2,2,1,2,1.00
Public Method,"org.apache.commons.math3.complex.Complex.isInfinite",,,,,,,,,,,,,,12,3,1,1,0,2,1,1,0,,,,0,,,,,,,,,,,,,7,0,1,9,1,1,1,1,1,1,,,0,0,,1,1,1,1,3.00
Public Method,"org.apache.commons.math3.complex.Complex.isNaN",,,,,,,,,,,,,,10,3,1,1,0,2,1,1,0,,,,0,,,,,,,,,,,,,23,0,1,7,1,1,1,1,1,1,,,0,0,,1,1,1,1,2.33
Public Method,"org.apache.commons.math3.complex.Complex.log",,,,,,,,,,,,,,43,7,4,5,0,4,2,2,1,,,,0,,,,,,,,,,,,,13,1,1,35,2,2,1,3,2,1,,,0,1,,2,2,1,2,5.00
Public Method,"org.apache.commons.math3.complex.Complex.multiply",,,,,,,,,,,,,,40,15,10,4,0,7,3,7,2,,,,2,,,,,,,,,,,,,23,0,2,25,3,4,1,6,3,3,,,2,1,,3,7,3,3,1.67
Public Method,"org.apache.commons.math3.complex.Complex.multiply",,,,,,,,,,,,,,18,10,6,3,0,6,3,4,2,,,,2,,,,,,,,,,,,,8,0,1,8,3,3,1,5,3,3,,,2,1,,3,4,3,3,0.80
Public Method,"org.apache.commons.math3.complex.Complex.multiply",,,,,,,,,,,,,,20,11,7,4,0,6,3,6,2,,,,2,,,,,,,,,,,,,10,0,1,9,3,3,1,5,3,3,,,2,1,,3,6,3,3,0.82
Public Method,"org.apache.commons.math3.complex.Complex.negate",,,,,,,,,,,,,,14,6,3,2,0,4,2,2,1,,,,0,,,,,,,,,,,,,10,1,1,7,2,2,1,3,2,1,,,0,1,,2,2,1,2,1.17
Public Method,"org.apache.commons.math3.complex.Complex.nthRoot",,,,,,,,,,,,,,57,26,20,10,1,22,5,5,2,,,,2,,,,,,,,,,,,,11,6,8,25,8,17,9,13,5,3,,,2,1,,5,5,3,5,0.96
Public Method,"org.apache.commons.math3.complex.Complex.pow",,,,,,,,,,,,,,25,5,2,5,0,3,1,1,0,,,,0,,,,,,,,,,,,,10,0,2,20,1,2,1,2,1,1,,,0,0,,1,1,1,1,4.00
Public Method,"org.apache.commons.math3.complex.Complex.pow",,,,,,,,,,,,,,10,3,1,4,0,2,1,1,0,,,,0,,,,,,,,,,,,,6,0,1,7,1,1,1,1,1,1,,,0,0,,1,1,1,1,2.33
Protected Method,"org.apache.commons.math3.complex.Complex.readResolve",,,,,,,,,,,,,,11,3,1,2,0,2,1,1,0,,,,0,,,,,,,,,,,,,2,0,1,8,1,1,1,1,1,1,,,0,0,,1,1,1,1,2.67
Public Method,"org.apache.commons.math3.complex.Complex.reciprocal",,,,,,,,,,,,,,24,20,14,3,1,14,5,6,4,,,,4,,,,,,,,,,,,,12,3,5,1,5,9,5,9,5,5,,,4,1,,5,6,5,5,0.05
Public Method,"org.apache.commons.math3.complex.Complex.sin",,,,,,,,,,,,,,40,7,4,6,0,4,2,2,1,,,,0,,,,,,,,,,,,,7,1,1,32,2,2,1,3,2,1,,,0,1,,2,2,1,2,4.57
Public Method,"org.apache.commons.math3.complex.Complex.sinh",,,,,,,,,,,,,,39,7,4,6,0,4,2,2,1,,,,0,,,,,,,,,,,,,7,1,1,31,2,2,1,3,2,1,,,0,1,,2,2,1,2,4.43
Public Method,"org.apache.commons.math3.complex.Complex.sqrt",,,,,,,,,,,,,,51,15,10,6,1,9,4,5,3,,,,3,,,,,,,,,,,,,14,2,2,34,4,5,2,7,4,4,,,3,1,,4,5,4,4,2.27
Public Method,"org.apache.commons.math3.complex.Complex.sqrt1z",,,,,,,,,,,,,,20,3,1,5,0,2,1,1,0,,,,0,,,,,,,,,,,,,4,0,1,17,1,1,1,1,1,1,,,0,0,,1,1,1,1,5.67
Public Method,"org.apache.commons.math3.complex.Complex.subtract",,,,,,,,,,,,,,28,9,5,5,0,5,2,3,1,,,,0,,,,,,,,,,,,,14,1,2,18,2,3,1,4,2,1,,,0,1,,2,3,1,2,2.00
Public Method,"org.apache.commons.math3.complex.Complex.subtract",,,,,,,,,,,,,,14,6,3,3,0,4,2,3,1,,,,0,,,,,,,,,,,,,8,0,1,8,2,2,1,3,2,1,,,0,1,,2,3,1,2,1.33
Public Method,"org.apache.commons.math3.complex.Complex.tan",,,,,,,,,,,,,,50,16,11,7,1,11,4,5,3,,,,3,,,,,,,,,,,,,8,2,4,32,4,7,4,7,4,4,,,3,1,,4,5,4,4,2.00
Public Method,"org.apache.commons.math3.complex.Complex.tanh",,,,,,,,,,,,,,49,16,11,7,1,11,4,5,3,,,,3,,,,,,,,,,,,,8,1,4,32,4,7,4,7,4,4,,,3,1,,4,5,4,4,2.00
Public Method,"org.apache.commons.math3.complex.Complex.toString",,,,,,,,,,,,,,4,3,1,1,0,2,1,1,0,,,,0,,,,,,,,,,,,,2,0,1,1,1,1,1,1,1,1,,,0,0,,1,1,1,1,0.33
Public Static Method,"org.apache.commons.math3.complex.Complex.valueOf",,,,,,,,,,,,,,15,8,4,3,0,4,2,3,1,,,,0,,,,,,,,,,,,,5,0,2,7,2,2,1,3,2,1,,,0,1,,2,3,1,2,0.88
Public Static Method,"org.apache.commons.math3.complex.Complex.valueOf",,,,,,,,,,,,,,12,6,3,3,0,4,2,2,1,,,,0,,,,,,,,,,,,,2,0,1,6,2,2,1,3,2,1,,,0,1,,2,2,1,2,1.00
Public Class,"org.apache.commons.math3.complex.ComplexField",1,1,0,2,2,,1,,5,6,0,2,4,60,23,7,,,15,,,,1,1,1,,1,1,4,2,3,0,1,,,0,6,0,,9,10,28,,7,10,5,,,1,1,,0,100,6,6,6,6,1.22
Private Constructor,"org.apache.commons.math3.complex.ComplexField.ComplexField",,,,,,,,,,,,,,4,2,0,1,0,1,1,1,0,,,,0,,,,,,,,,,,,,0,0,1,2,1,0,1,0,1,1,,,0,0,,1,1,1,1,1.00
Private Static Class,"org.apache.commons.math3.complex.ComplexField.LazyHolder",0,0,0,0,1,,1,,0,0,0,0,0,7,3,1,,,2,,,,0,0,1,,0,0,0,0,1,0,0,,,0,0,0,,0,2,4,,1,2,0,,,0,0,,0,0,0,0,0,0,1.33
Public Static Method,"org.apache.commons.math3.complex.ComplexField.getInstance",,,,,,,,,,,,,,6,3,1,1,0,2,1,1,0,,,,0,,,,,,,,,,,,,5,0,1,3,1,1,1,1,1,1,,,0,0,,1,1,1,1,1.00
Public Method,"org.apache.commons.math3.complex.ComplexField.getOne",,,,,,,,,,,,,,4,3,1,1,0,2,1,1,0,,,,0,,,,,,,,,,,,,2,0,1,1,1,1,1,1,1,1,,,0,0,,1,1,1,1,0.33
Public Method,"org.apache.commons.math3.complex.ComplexField.getRuntimeClass",,,,,,,,,,,,,,4,3,1,1,0,2,1,1,0,,,,0,,,,,,,,,,,,,1,0,1,1,1,1,1,1,1,1,,,0,0,,1,1,1,1,0.33
Public Method,"org.apache.commons.math3.complex.ComplexField.getZero",,,,,,,,,,,,,,4,3,1,1,0,2,1,1,0,,,,0,,,,,,,,,,,,,2,0,1,1,1,1,1,1,1,1,,,0,0,,1,1,1,1,0.33
Private Method,"org.apache.commons.math3.complex.ComplexField.readResolve",,,,,,,,,,,,,,7,3,1,1,0,2,1,1,0,,,,0,,,,,,,,,,,,,1,0,1,4,1,1,1,1,1,1,,,0,0,,1,1,1,1,1.33
Public Class,"org.apache.commons.math3.complex.ComplexFieldTest",1,1,0,0,3,,0,,3,3,0,0,3,20,15,4,,,8,,,,1,1,1,,1,1,3,3,1,0,0,,,0,3,0,,4,8,1,,4,5,3,,,1,1,,0,0,3,3,3,3,0.07
Public Method,"org.apache.commons.math3.complex.ComplexFieldTest.testOne",,,,,,,,,,,,,,3,3,1,3,0,2,1,1,0,,,,0,,,,,,,,,,,,,1,0,1,0,1,1,1,1,1,1,,,0,0,,1,1,1,1,0.00
Public Method,"org.apache.commons.math3.complex.ComplexFieldTest.testSerial",,,,,,,,,,,,,,5,4,2,3,0,3,1,1,0,,,,0,,,,,,,,,,,,,0,0,2,1,1,2,2,1,1,1,,,0,0,,1,1,1,1,0.25
Public Method,"org.apache.commons.math3.complex.ComplexFieldTest.testZero",,,,,,,,,,,,,,3,3,1,3,0,2,1,1,0,,,,0,,,,,,,,,,,,,1,0,1,0,1,1,1,1,1,1,,,0,0,,1,1,1,1,0.00
Public Class,"org.apache.commons.math3.complex.ComplexFormat",1,1,0,7,8,,1,,16,20,0,1,19,365,165,99,,,115,,,,5,7,1,,1,1,16,7,1,0,4,,,3,20,0,,39,46,161,,79,39,76,,,7,7,,1,88,37,38,26,35,0.98
Public Constructor,"org.apache.commons.math3.complex.ComplexFormat.ComplexFormat",,,,,,,,,,,,,,7,3,1,3,0,2,1,1,0,,,,0,,,,,,,,,,,,,4,0,1,4,1,1,1,1,1,1,,,0,0,,1,1,1,1,1.33
Public Constructor,"org.apache.commons.math3.complex.ComplexFormat.ComplexFormat",,,,,,,,,,,,,,8,3,1,2,0,2,1,1,0,,,,0,,,,,,,,,,,,,6,0,1,5,1,1,1,1,1,1,,,0,0,,1,1,1,1,1.67
Public Constructor,"org.apache.commons.math3.complex.ComplexFormat.ComplexFormat",,,,,,,,,,,,,,9,3,1,2,0,2,1,1,0,,,,0,,,,,,,,,,,,,3,0,1,6,1,1,1,1,1,1,,,0,0,,1,1,1,1,2.00
Public Constructor,"org.apache.commons.math3.complex.ComplexFormat.ComplexFormat",,,,,,,,,,,,,,8,3,1,3,0,2,1,1,0,,,,0,,,,,,,,,,,,,1,0,1,5,1,1,1,1,1,1,,,0,0,,1,1,1,1,1.67
Public Constructor,"org.apache.commons.math3.complex.ComplexFormat.ComplexFormat",,,,,,,,,,,,,,9,3,1,2,0,2,1,1,0,,,,0,,,,,,,,,,,,,6,0,1,6,1,1,1,1,1,1,,,0,0,,1,1,1,1,2.00
Public Constructor,"org.apache.commons.math3.complex.ComplexFormat.ComplexFormat",,,,,,,,,,,,,,35,19,11,8,1,12,5,5,0,,,,0,,,,,,,,,,,,,7,1,3,15,16,7,1,11,5,1,,,0,1,,5,5,1,5,0.79
Public Method,"org.apache.commons.math3.complex.ComplexFormat.format",,,,,,,,,,,,,,9,3,1,3,0,2,1,1,0,,,,0,,,,,,,,,,,,,16,0,1,6,1,1,1,1,1,1,,,0,0,,1,1,1,1,2.00
Public Method,"org.apache.commons.math3.complex.ComplexFormat.format",,,,,,,,,,,,,,9,3,1,4,0,2,1,1,0,,,,0,,,,,,,,,,,,,2,0,1,6,1,1,1,1,1,1,,,0,0,,1,1,1,1,2.00
Public Method,"org.apache.commons.math3.complex.ComplexFormat.format",,,,,,,,,,,,,,35,21,16,11,0,18,3,4,1,,,,0,,,,,,,,,,,,,6,3,5,11,3,15,4,14,3,1,,,0,1,,3,4,1,3,0.52
Public Method,"org.apache.commons.math3.complex.ComplexFormat.format",,,,,,,,,,,,,,30,14,10,7,0,8,3,3,2,,,,0,,,,,,,,,,,,,4,3,3,13,3,5,2,6,3,1,,,0,1,,3,3,1,3,0.93
Private Method,"org.apache.commons.math3.complex.ComplexFormat.formatImaginary",,,,,,,,,,,,,,28,14,8,9,1,9,3,3,0,,,,0,,,,,,,,,,,,,4,3,3,11,4,6,1,8,3,1,,,0,1,,3,3,1,3,0.79
Public Static Method,"org.apache.commons.math3.complex.ComplexFormat.getAvailableLocales",,,,,,,,,,,,,,8,3,1,2,0,2,1,1,0,,,,0,,,,,,,,,,,,,0,0,1,5,1,1,1,1,1,1,,,0,0,,1,1,1,1,1.67
Public Method,"org.apache.commons.math3.complex.ComplexFormat.getImaginaryCharacter",,,,,,,,,,,,,,7,3,1,1,0,2,1,1,0,,,,0,,,,,,,,,,,,,3,0,1,4,1,1,1,1,1,1,,,0,0,,1,1,1,1,1.33
Public Method,"org.apache.commons.math3.complex.ComplexFormat.getImaginaryFormat",,,,,,,,,,,,,,7,3,1,1,0,2,1,1,0,,,,0,,,,,,,,,,,,,4,0,1,4,1,1,1,1,1,1,,,0,0,,1,1,1,1,1.33
Public Static Method,"org.apache.commons.math3.complex.ComplexFormat.getInstance",,,,,,,,,,,,,,9,4,2,3,0,3,1,1,0,,,,0,,,,,,,,,,,,,5,0,2,5,1,2,2,1,1,1,,,0,0,,1,1,1,1,1.25
Public Static Method,"org.apache.commons.math3.complex.ComplexFormat.getInstance",,,,,,,,,,,,,,11,5,2,3,0,3,1,1,0,,,,0,,,,,,,,,,,,,3,0,3,6,1,2,2,1,1,1,,,0,0,,1,1,1,1,1.20
Public Static Method,"org.apache.commons.math3.complex.ComplexFormat.getInstance",,,,,,,,,,,,,,7,3,1,3,0,2,1,1,0,,,,0,,,,,,,,,,,,,0,0,1,4,1,1,1,1,1,1,,,0,0,,1,1,1,1,1.33
Public Method,"org.apache.commons.math3.complex.ComplexFormat.getRealFormat",,,,,,,,,,,,,,7,3,1,1,0,2,1,1,0,,,,0,,,,,,,,,,,,,5,0,1,4,1,1,1,1,1,1,,,0,0,,1,1,1,1,1.33
Public Method,"org.apache.commons.math3.complex.ComplexFormat.parse",,,,,,,,,,,,,,66,36,30,12,1,27,7,7,11,,,,11,,,,,,,,,,,,,4,8,7,22,9,22,7,20,5,7,,,11,1,,7,7,7,5,0.61
Public Method,"org.apache.commons.math3.complex.ComplexFormat.parse",,,,,,,,,,,,,,18,10,7,5,0,6,2,2,0,,,,0,,,,,,,,,,,,,14,0,3,8,2,4,3,3,2,1,,,0,1,,2,2,1,2,0.80
Public Abstract Class,"org.apache.commons.math3.complex.ComplexFormatAbstractTest",1,1,0,0,3,,0,,34,34,0,0,31,282,241,142,,,177,,,,1,1,1,,1,1,6,6,1,2,0,,,2,34,3,,41,158,0,,144,127,50,,,1,1,,0,59,32,32,32,32,0.00
Protected Constructor,"org.apache.commons.math3.complex.ComplexFormatAbstractTest.ComplexFormatAbstractTest",,,,,,,,,,,,,,4,4,2,6,0,3,1,1,0,,,,0,,,,,,,,,,,,,0,0,1,0,1,2,1,2,1,1,,,0,0,,1,1,1,1,0.00
Protected Abstract Method,"org.apache.commons.math3.complex.ComplexFormatAbstractTest.getDecimalCharacter",,,,,,,,,,,,,,1,1,0,1,0,1,0,0,0,,,,0,,,,,,,,,,,,,18,0,1,0,0,1,1,0,0,0,,,0,0,,0,0,0,0,0.00
Protected Abstract Method,"org.apache.commons.math3.complex.ComplexFormatAbstractTest.getLocale",,,,,,,,,,,,,,1,1,0,1,0,1,0,0,0,,,,0,,,,,,,,,,,,,4,0,1,0,0,1,1,0,0,0,,,0,0,,0,0,0,0,0.00
Public Method,"org.apache.commons.math3.complex.ComplexFormatAbstractTest.testConstructorSingleFormat",,,,,,,,,,,,,,6,6,4,5,0,5,1,1,0,,,,0,,,,,,,,,,,,,0,0,3,0,1,4,3,2,1,1,,,0,0,,1,1,1,1,0.00
Public Method,"org.apache.commons.math3.complex.ComplexFormatAbstractTest.testDefaultFormatComplex",,,,,,,,,,,,,,11,9,7,8,0,8,1,1,0,,,,0,,,,,,,,,,,,,0,2,5,0,1,7,5,3,1,1,,,0,0,,1,1,1,1,0.00
Public Method,"org.apache.commons.math3.complex.ComplexFormatAbstractTest.testDifferentImaginaryChar",,,,,,,,,,,,,,6,6,4,3,0,5,1,1,0,,,,0,,,,,,,,,,,,,1,0,4,0,1,4,4,1,1,1,,,0,0,,1,1,1,1,0.00
Public Method,"org.apache.commons.math3.complex.ComplexFormatAbstractTest.testForgottenImaginaryCharacter",,,,,,,,,,,,,,5,5,3,5,0,4,1,1,0,,,,0,,,,,,,,,,,,,0,0,2,0,1,3,2,2,1,1,,,0,0,,1,1,1,1,0.00
Public Method,"org.apache.commons.math3.complex.ComplexFormatAbstractTest.testFormatNumber",,,,,,,,,,,,,,6,6,4,6,0,5,1,1,0,,,,0,,,,,,,,,,,,,1,0,4,0,1,4,4,1,1,1,,,0,0,,1,1,1,1,0.00
Public Method,"org.apache.commons.math3.complex.ComplexFormatAbstractTest.testGetImaginaryFormat",,,,,,,,,,,,,,5,5,3,4,0,4,1,1,0,,,,0,,,,,,,,,,,,,0,0,3,0,1,3,3,1,1,1,,,0,0,,1,1,1,1,0.00
Public Method,"org.apache.commons.math3.complex.ComplexFormatAbstractTest.testGetRealFormat",,,,,,,,,,,,,,5,5,3,4,0,4,1,1,0,,,,0,,,,,,,,,,,,,0,0,3,0,1,3,3,1,1,1,,,0,0,,1,1,1,1,0.00
Public Method,"org.apache.commons.math3.complex.ComplexFormatAbstractTest.testNan",,,,,,,,,,,,,,6,6,4,3,0,5,1,1,0,,,,0,,,,,,,,,,,,,2,0,4,0,1,4,4,1,1,1,,,0,0,,1,1,1,1,0.00
Public Method,"org.apache.commons.math3.complex.ComplexFormatAbstractTest.testNegativeBoth",,,,,,,,,,,,,,6,6,4,4,0,5,1,1,0,,,,0,,,,,,,,,,,,,1,0,4,0,1,4,4,1,1,1,,,0,0,,1,1,1,1,0.00
Public Method,"org.apache.commons.math3.complex.ComplexFormatAbstractTest.testNegativeImaginary",,,,,,,,,,,,,,6,6,4,4,0,5,1,1,0,,,,0,,,,,,,,,,,,,1,0,4,0,1,4,4,1,1,1,,,0,0,,1,1,1,1,0.00
Public Method,"org.apache.commons.math3.complex.ComplexFormatAbstractTest.testNegativeInfinity",,,,,,,,,,,,,,6,6,4,3,0,5,1,1,0,,,,0,,,,,,,,,,,,,2,0,4,0,1,4,4,1,1,1,,,0,0,,1,1,1,1,0.00
Public Method,"org.apache.commons.math3.complex.ComplexFormatAbstractTest.testNegativeReal",,,,,,,,,,,,,,6,6,4,4,0,5,1,1,0,,,,0,,,,,,,,,,,,,1,0,4,0,1,4,4,1,1,1,,,0,0,,1,1,1,1,0.00
Public Method,"org.apache.commons.math3.complex.ComplexFormatAbstractTest.testParseDifferentImaginaryChar",,,,,,,,,,,,,,6,6,4,4,0,5,1,1,0,,,,0,,,,,,,,,,,,,1,0,4,0,1,4,4,1,1,1,,,0,0,,1,1,1,1,0.00
Public Method,"org.apache.commons.math3.complex.ComplexFormatAbstractTest.testParseNan",,,,,,,,,,,,,,6,6,4,3,0,5,1,1,0,,,,0,,,,,,,,,,,,,2,0,4,0,1,4,4,1,1,1,,,0,0,,1,1,1,1,0.00
Public Method,"org.apache.commons.math3.complex.ComplexFormatAbstractTest.testParseNegativeBoth",,,,,,,,,,,,,,6,6,4,4,0,5,1,1,0,,,,0,,,,,,,,,,,,,1,0,4,0,1,4,4,1,1,1,,,0,0,,1,1,1,1,0.00
Public Method,"org.apache.commons.math3.complex.ComplexFormatAbstractTest.testParseNegativeImaginary",,,,,,,,,,,,,,6,6,4,4,0,5,1,1,0,,,,0,,,,,,,,,,,,,1,0,4,0,1,4,4,1,1,1,,,0,0,,1,1,1,1,0.00
Public Method,"org.apache.commons.math3.complex.ComplexFormatAbstractTest.testParseNegativeReal",,,,,,,,,,,,,,6,6,4,4,0,5,1,1,0,,,,0,,,,,,,,,,,,,1,0,4,0,1,4,4,1,1,1,,,0,0,,1,1,1,1,0.00
Public Method,"org.apache.commons.math3.complex.ComplexFormatAbstractTest.testParsePositiveInfinity",,,,,,,,,,,,,,6,6,4,3,0,5,1,1,0,,,,0,,,,,,,,,,,,,2,0,4,0,1,4,4,1,1,1,,,0,0,,1,1,1,1,0.00
Public Method,"org.apache.commons.math3.complex.ComplexFormatAbstractTest.testParseSimpleNoDecimals",,,,,,,,,,,,,,6,6,4,3,0,5,1,1,0,,,,0,,,,,,,,,,,,,1,0,4,0,1,4,4,1,1,1,,,0,0,,1,1,1,1,0.00
Public Method,"org.apache.commons.math3.complex.ComplexFormatAbstractTest.testParseSimpleWithDecimals",,,,,,,,,,,,,,6,6,4,4,0,5,1,1,0,,,,0,,,,,,,,,,,,,1,0,4,0,1,4,4,1,1,1,,,0,0,,1,1,1,1,0.00
Public Method,"org.apache.commons.math3.complex.ComplexFormatAbstractTest.testParseSimpleWithDecimalsTrunc",,,,,,,,,,,,,,6,6,4,4,0,5,1,1,0,,,,0,,,,,,,,,,,,,1,0,4,0,1,4,4,1,1,1,,,0,0,,1,1,1,1,0.00
Public Method,"org.apache.commons.math3.complex.ComplexFormatAbstractTest.testParseZeroImaginary",,,,,,,,,,,,,,6,6,4,4,0,5,1,1,0,,,,0,,,,,,,,,,,,,1,0,4,0,1,4,4,1,1,1,,,0,0,,1,1,1,1,0.00
Public Method,"org.apache.commons.math3.complex.ComplexFormatAbstractTest.testParseZeroReal",,,,,,,,,,,,,,6,6,4,4,0,5,1,1,0,,,,0,,,,,,,,,,,,,1,0,4,0,1,4,4,1,1,1,,,0,0,,1,1,1,1,0.00
Public Method,"org.apache.commons.math3.complex.ComplexFormatAbstractTest.testPaseNegativeInfinity",,,,,,,,,,,,,,6,6,4,3,0,5,1,1,0,,,,0,,,,,,,,,,,,,2,0,4,0,1,4,4,1,1,1,,,0,0,,1,1,1,1,0.00
Public Method,"org.apache.commons.math3.complex.ComplexFormatAbstractTest.testPositiveInfinity",,,,,,,,,,,,,,6,6,4,3,0,5,1,1,0,,,,0,,,,,,,,,,,,,2,0,4,0,1,4,4,1,1,1,,,0,0,,1,1,1,1,0.00
Public Method,"org.apache.commons.math3.complex.ComplexFormatAbstractTest.testSimpleNoDecimals",,,,,,,,,,,,,,6,6,4,3,0,5,1,1,0,,,,0,,,,,,,,,,,,,1,0,4,0,1,4,4,1,1,1,,,0,0,,1,1,1,1,0.00
Public Method,"org.apache.commons.math3.complex.ComplexFormatAbstractTest.testSimpleWithDecimals",,,,,,,,,,,,,,6,6,4,4,0,5,1,1,0,,,,0,,,,,,,,,,,,,1,0,4,0,1,4,4,1,1,1,,,0,0,,1,1,1,1,0.00
Public Method,"org.apache.commons.math3.complex.ComplexFormatAbstractTest.testSimpleWithDecimalsTrunc",,,,,,,,,,,,,,6,6,4,4,0,5,1,1,0,,,,0,,,,,,,,,,,,,1,0,4,0,1,4,4,1,1,1,,,0,0,,1,1,1,1,0.00
Public Method,"org.apache.commons.math3.complex.ComplexFormatAbstractTest.testTrimOneImaginary",,,,,,,,,,,,,,24,20,18,8,0,19,1,1,0,,,,0,,,,,,,,,,,,,0,4,5,0,1,18,5,14,1,1,,,0,0,,1,1,1,1,0.00
Public Method,"org.apache.commons.math3.complex.ComplexFormatAbstractTest.testZeroImaginary",,,,,,,,,,,,,,6,6,4,4,0,5,1,1,0,,,,0,,,,,,,,,,,,,1,0,4,0,1,4,4,1,1,1,,,0,0,,1,1,1,1,0.00
Public Method,"org.apache.commons.math3.complex.ComplexFormatAbstractTest.testZeroReal",,,,,,,,,,,,,,6,6,4,4,0,5,1,1,0,,,,0,,,,,,,,,,,,,1,0,4,0,1,4,4,1,1,1,,,0,0,,1,1,1,1,0.00
Public Class,"org.apache.commons.math3.complex.ComplexFormatTest",1,1,0,0,0,,0,,2,36,0,0,0,11,10,2,,,5,,,,1,1,2,,1,1,3,3,1,0,0,,,0,2,2,,1,5,0,,2,3,2,,,1,1,,0,0,2,2,2,2,0.00
Protected Method,"org.apache.commons.math3.complex.ComplexFormatTest.getDecimalCharacter",,,,,,,,,,,,,,3,3,1,1,0,2,1,1,0,,,,0,,,,,,,,,,,,,0,0,1,0,1,1,1,1,1,1,,,0,0,,1,1,1,1,0.00
Protected Method,"org.apache.commons.math3.complex.ComplexFormatTest.getLocale",,,,,,,,,,,,,,3,3,1,1,0,2,1,1,0,,,,0,,,,,,,,,,,,,1,0,1,0,1,1,1,1,1,1,,,0,0,,1,1,1,1,0.00
Public Class,"org.apache.commons.math3.complex.ComplexTest",1,1,0,0,6,,0,,123,123,0,0,123,1302,1031,649,,,765,,,,3,1,1,,1,1,8,7,1,0,0,,,22,123,0,,169,462,102,,635,340,425,,,3,3,,2,93,125,125,123,125,0.10
Public Static Class,"org.apache.commons.math3.complex.ComplexTest.TestComplex",1,1,0,0,0,,1,,3,47,0,0,2,24,13,4,,,8,,,,1,1,2,,1,1,3,3,1,0,0,,,0,3,1,,5,6,6,,4,5,3,,,1,1,,0,100,3,3,3,3,0.46
Public Constructor,"org.apache.commons.math3.complex.ComplexTest.TestComplex.TestComplex",,,,,,,,,,,,,,3,3,1,2,0,2,1,1,0,,,,0,,,,,,,,,,,,,5,0,1,0,1,1,1,1,1,1,,,0,0,,1,1,1,1,0.00
Public Constructor,"org.apache.commons.math3.complex.ComplexTest.TestComplex.TestComplex",,,,,,,,,,,,,,3,3,1,4,0,2,1,1,0,,,,0,,,,,,,,,,,,,2,0,1,0,1,1,1,1,1,1,,,0,0,,1,1,1,1,0.00
Protected Method,"org.apache.commons.math3.complex.ComplexTest.TestComplex.createComplex",,,,,,,,,,,,,,3,3,1,2,0,2,1,1,0,,,,0,,,,,,,,,,,,,2,0,1,0,1,1,1,1,1,1,,,0,0,,1,1,1,1,0.00
Public Method,"org.apache.commons.math3.complex.ComplexTest.testAbs",,,,,,,,,,,,,,4,4,2,3,0,3,1,1,0,,,,0,,,,,,,,,,,,,0,0,2,0,1,2,2,1,1,1,,,0,0,,1,1,1,1,0.00
Public Method,"org.apache.commons.math3.complex.ComplexTest.testAbsInfinite",,,,,,,,,,,,,,8,8,6,3,0,7,1,1,0,,,,0,,,,,,,,,,,,,2,0,2,0,1,6,2,5,1,1,,,0,0,,1,1,1,1,0.00
Public Method,"org.apache.commons.math3.complex.ComplexTest.testAbsNaN",,,,,,,,,,,,,,5,5,3,4,0,4,1,1,0,,,,0,,,,,,,,,,,,,3,0,2,0,1,3,2,2,1,1,,,0,0,,1,1,1,1,0.00
Public Method,"org.apache.commons.math3.complex.ComplexTest.testAcos",,,,,,,,,,,,,,7,7,5,4,0,5,1,1,0,,,,0,,,,,,,,,,,,,1,0,3,0,1,4,3,2,1,1,,,0,0,,1,1,1,1,0.00
Public Method,"org.apache.commons.math3.complex.ComplexTest.testAcosInf",,,,,,,,,,,,,,10,10,8,2,0,9,1,1,0,,,,0,,,,,,,,,,,,,9,0,1,0,1,8,1,8,1,1,,,0,0,,1,1,1,1,0.00
Public Method,"org.apache.commons.math3.complex.ComplexTest.testAcosNaN",,,,,,,,,,,,,,3,3,1,3,0,2,1,1,0,,,,0,,,,,,,,,,,,,1,0,1,0,1,1,1,1,1,1,,,0,0,,1,1,1,1,0.00
Public Method,"org.apache.commons.math3.complex.ComplexTest.testAdd",,,,,,,,,,,,,,7,7,5,5,0,6,1,1,0,,,,0,,,,,,,,,,,,,0,0,4,0,1,5,4,2,1,1,,,0,0,,1,1,1,1,0.00
Public Method,"org.apache.commons.math3.complex.ComplexTest.testAddInf",,,,,,,,,,,,,,10,9,7,7,0,8,1,1,0,,,,0,,,,,,,,,,,,,2,1,4,0,1,7,4,4,1,1,,,0,0,,1,1,1,1,0.00
Public Method,"org.apache.commons.math3.complex.ComplexTest.testAddNaN",,,,,,,,,,,,,,8,8,6,3,0,7,1,1,0,,,,0,,,,,,,,,,,,,2,0,4,0,1,6,4,3,1,1,,,0,0,,1,1,1,1,0.00
Public Method,"org.apache.commons.math3.complex.ComplexTest.testAsin",,,,,,,,,,,,,,5,5,3,3,0,4,1,1,0,,,,0,,,,,,,,,,,,,0,0,3,0,1,3,3,1,1,1,,,0,0,,1,1,1,1,0.00
Public Method,"org.apache.commons.math3.complex.ComplexTest.testAsinInf",,,,,,,,,,,,,,10,10,8,2,0,9,1,1,0,,,,0,,,,,,,,,,,,,9,0,1,0,1,8,1,8,1,1,,,0,0,,1,1,1,1,0.00
Public Method,"org.apache.commons.math3.complex.ComplexTest.testAsinNaN",,,,,,,,,,,,,,3,3,1,3,0,2,1,1,0,,,,0,,,,,,,,,,,,,1,0,1,0,1,1,1,1,1,1,,,0,0,,1,1,1,1,0.00
Public Method,"org.apache.commons.math3.complex.ComplexTest.testAtan",,,,,,,,,,,,,,5,5,3,3,0,4,1,1,0,,,,0,,,,,,,,,,,,,0,0,3,0,1,3,3,1,1,1,,,0,0,,1,1,1,1,0.00
Public Method,"org.apache.commons.math3.complex.ComplexTest.testAtanI",,,,,,,,,,,,,,3,3,1,3,0,2,1,1,0,,,,0,,,,,,,,,,,,,1,0,1,0,1,1,1,1,1,1,,,0,0,,1,1,1,1,0.00
Public Method,"org.apache.commons.math3.complex.ComplexTest.testAtanInf",,,,,,,,,,,,,,10,10,8,2,0,9,1,1,0,,,,0,,,,,,,,,,,,,9,0,1,0,1,8,1,8,1,1,,,0,0,,1,1,1,1,0.00
Public Method,"org.apache.commons.math3.complex.ComplexTest.testAtanNaN",,,,,,,,,,,,,,3,3,1,3,0,2,1,1,0,,,,0,,,,,,,,,,,,,1,0,1,0,1,1,1,1,1,1,,,0,0,,1,1,1,1,0.00
Public Method,"org.apache.commons.math3.complex.ComplexTest.testConjugate",,,,,,,,,,,,,,6,6,4,5,0,5,1,1,0,,,,0,,,,,,,,,,,,,0,0,3,0,1,4,3,2,1,1,,,0,0,,1,1,1,1,0.00
Public Method,"org.apache.commons.math3.complex.ComplexTest.testConjugateInfiinite",,,,,,,,,,,,,,6,6,4,4,0,5,1,1,0,,,,0,,,,,,,,,,,,,2,0,2,0,1,4,2,3,1,1,,,0,0,,1,1,1,1,0.00
Public Method,"org.apache.commons.math3.complex.ComplexTest.testConjugateNaN",,,,,,,,,,,,,,4,4,2,3,0,3,1,1,0,,,,0,,,,,,,,,,,,,1,0,2,0,1,2,2,1,1,1,,,0,0,,1,1,1,1,0.00
Public Method,"org.apache.commons.math3.complex.ComplexTest.testConstructor",,,,,,,,,,,,,,5,5,3,4,0,4,1,1,0,,,,0,,,,,,,,,,,,,0,0,2,0,1,3,2,2,1,1,,,0,0,,1,1,1,1,0.00
Public Method,"org.apache.commons.math3.complex.ComplexTest.testConstructorNaN",,,,,,,,,,,,,,10,8,6,4,0,7,1,1,0,,,,0,,,,,,,,,,,,,1,2,2,0,1,6,2,5,1,1,,,0,0,,1,1,1,1,0.00
Public Method,"org.apache.commons.math3.complex.ComplexTest.testCos",,,,,,,,,,,,,,5,5,3,3,0,4,1,1,0,,,,0,,,,,,,,,,,,,0,0,3,0,1,3,3,1,1,1,,,0,0,,1,1,1,1,0.00
Public Method,"org.apache.commons.math3.complex.ComplexTest.testCosInf",,,,,,,,,,,,,,10,10,8,2,0,9,1,1,0,,,,0,,,,,,,,,,,,,9,0,1,0,1,8,1,8,1,1,,,0,0,,1,1,1,1,0.00
Public Method,"org.apache.commons.math3.complex.ComplexTest.testCosNaN",,,,,,,,,,,,,,3,3,1,3,0,2,1,1,0,,,,0,,,,,,,,,,,,,1,0,1,0,1,1,1,1,1,1,,,0,0,,1,1,1,1,0.00
Public Method,"org.apache.commons.math3.complex.ComplexTest.testCosh",,,,,,,,,,,,,,5,5,3,3,0,4,1,1,0,,,,0,,,,,,,,,,,,,0,0,3,0,1,3,3,1,1,1,,,0,0,,1,1,1,1,0.00
Public Method,"org.apache.commons.math3.complex.ComplexTest.testCoshInf",,,,,,,,,,,,,,10,10,8,2,0,9,1,1,0,,,,0,,,,,,,,,,,,,9,0,1,0,1,8,1,8,1,1,,,0,0,,1,1,1,1,0.00
Public Method,"org.apache.commons.math3.complex.ComplexTest.testCoshNaN",,,,,,,,,,,,,,3,3,1,3,0,2,1,1,0,,,,0,,,,,,,,,,,,,1,0,1,0,1,1,1,1,1,1,,,0,0,,1,1,1,1,0.00
Public Method,"org.apache.commons.math3.complex.ComplexTest.testDivide",,,,,,,,,,,,,,7,7,5,5,0,6,1,1,0,,,,0,,,,,,,,,,,,,0,0,4,0,1,5,4,2,1,1,,,0,0,,1,1,1,1,0.00
Public Method,"org.apache.commons.math3.complex.ComplexTest.testDivideImaginary",,,,,,,,,,,,,,5,5,3,3,0,4,1,1,0,,,,0,,,,,,,,,,,,,0,0,3,0,1,3,3,1,1,1,,,0,0,,1,1,1,1,0.00
Public Method,"org.apache.commons.math3.complex.ComplexTest.testDivideInf",,,,,,,,,,,,,,19,16,14,8,0,15,1,1,0,,,,0,,,,,,,,,,,,,3,3,4,0,1,14,4,11,1,1,,,0,0,,1,1,1,1,0.00
Public Method,"org.apache.commons.math3.complex.ComplexTest.testDivideNaN",,,,,,,,,,,,,,5,5,3,4,0,4,1,1,0,,,,0,,,,,,,,,,,,,1,0,3,0,1,3,3,1,1,1,,,0,0,,1,1,1,1,0.00
Public Method,"org.apache.commons.math3.complex.ComplexTest.testDivideNaNInf",,,,,,,,,,,,,,13,11,9,6,0,10,1,1,0,,,,0,,,,,,,,,,,,,6,2,2,0,1,9,2,8,1,1,,,0,0,,1,1,1,1,0.00
Public Method,"org.apache.commons.math3.complex.ComplexTest.testDivideReal",,,,,,,,,,,,,,6,5,3,3,0,4,1,1,0,,,,0,,,,,,,,,,,,,0,1,3,0,1,3,3,1,1,1,,,0,0,,1,1,1,1,0.00
Public Method,"org.apache.commons.math3.complex.ComplexTest.testDivideZero",,,,,,,,,,,,,,6,5,3,3,0,4,1,1,0,,,,0,,,,,,,,,,,,,2,0,3,1,1,3,3,1,1,1,,,0,0,,1,1,1,1,0.20
Public Method,"org.apache.commons.math3.complex.ComplexTest.testDivideZeroZero",,,,,,,,,,,,,,5,5,3,3,0,4,1,1,0,,,,0,,,,,,,,,,,,,2,0,3,0,1,3,3,1,1,1,,,0,0,,1,1,1,1,0.00
Public Method,"org.apache.commons.math3.complex.ComplexTest.testEqualsClass",,,,,,,,,,,,,,4,4,2,3,0,3,1,1,0,,,,0,,,,,,,,,,,,,0,0,2,0,1,2,2,1,1,1,,,0,0,,1,1,1,1,0.00
Public Method,"org.apache.commons.math3.complex.ComplexTest.testEqualsImaginaryDifference",,,,,,,,,,,,,,5,5,3,3,0,4,1,1,0,,,,0,,,,,,,,,,,,,0,0,3,0,1,3,3,1,1,1,,,0,0,,1,1,1,1,0.00
Public Method,"org.apache.commons.math3.complex.ComplexTest.testEqualsNaN",,,,,,,,,,,,,,8,8,6,3,0,7,1,1,0,,,,0,,,,,,,,,,,,,1,0,4,0,1,6,4,3,1,1,,,0,0,,1,1,1,1,0.00
Public Method,"org.apache.commons.math3.complex.ComplexTest.testEqualsNull",,,,,,,,,,,,,,4,4,2,3,0,3,1,1,0,,,,0,,,,,,,,,,,,,0,0,2,0,1,2,2,1,1,1,,,0,0,,1,1,1,1,0.00
Public Method,"org.apache.commons.math3.complex.ComplexTest.testEqualsRealDifference",,,,,,,,,,,,,,5,5,3,3,0,4,1,1,0,,,,0,,,,,,,,,,,,,0,0,3,0,1,3,3,1,1,1,,,0,0,,1,1,1,1,0.00
Public Method,"org.apache.commons.math3.complex.ComplexTest.testEqualsSame",,,,,,,,,,,,,,4,4,2,3,0,3,1,1,0,,,,0,,,,,,,,,,,,,0,0,2,0,1,2,2,1,1,1,,,0,0,,1,1,1,1,0.00
Public Method,"org.apache.commons.math3.complex.ComplexTest.testEqualsTrue",,,,,,,,,,,,,,5,5,3,3,0,4,1,1,0,,,,0,,,,,,,,,,,,,0,0,3,0,1,3,3,1,1,1,,,0,0,,1,1,1,1,0.00
Public Method,"org.apache.commons.math3.complex.ComplexTest.testExp",,,,,,,,,,,,,,10,10,8,5,0,7,1,1,0,,,,0,,,,,,,,,,,,,4,0,4,0,1,6,4,3,1,1,,,0,0,,1,1,1,1,0.00
Public Method,"org.apache.commons.math3.complex.ComplexTest.testExpInf",,,,,,,,,,,,,,10,10,8,2,0,9,1,1,0,,,,0,,,,,,,,,,,,,10,0,1,0,1,8,1,8,1,1,,,0,0,,1,1,1,1,0.00
Public Method,"org.apache.commons.math3.complex.ComplexTest.testExpNaN",,,,,,,,,,,,,,3,3,1,3,0,2,1,1,0,,,,0,,,,,,,,,,,,,1,0,1,0,1,1,1,1,1,1,,,0,0,,1,1,1,1,0.00
Public Method,"org.apache.commons.math3.complex.ComplexTest.testGetArgument",,,,,,,,,,,,,,29,18,16,3,0,17,1,1,0,,,,0,,,,,,,,,,,,,1,8,2,3,1,16,2,15,1,1,,,0,0,,1,1,1,1,0.17
Public Method,"org.apache.commons.math3.complex.ComplexTest.testGetArgumentInf",,,,,,,,,,,,,,13,10,8,2,0,9,1,1,0,,,,0,,,,,,,,,,,,,9,0,1,3,1,8,1,8,1,1,,,0,0,,1,1,1,1,0.30
Public Method,"org.apache.commons.math3.complex.ComplexTest.testGetArgumentNaN",,,,,,,,,,,,,,8,5,3,3,0,4,1,1,0,,,,0,,,,,,,,,,,,,3,0,1,3,1,3,1,3,1,1,,,0,0,,1,1,1,1,0.60
Public Method,"org.apache.commons.math3.complex.ComplexTest.testHashCode",,,,,,,,,,,,,,11,11,9,4,0,10,1,1,0,,,,0,,,,,,,,,,,,,1,0,5,0,1,9,5,5,1,1,,,0,0,,1,1,1,1,0.00
Public Method,"org.apache.commons.math3.complex.ComplexTest.testLog",,,,,,,,,,,,,,5,5,3,3,0,4,1,1,0,,,,0,,,,,,,,,,,,,0,0,3,0,1,3,3,1,1,1,,,0,0,,1,1,1,1,0.00
Public Method,"org.apache.commons.math3.complex.ComplexTest.testLogInf",,,,,,,,,,,,,,17,17,15,3,0,9,1,1,0,,,,0,,,,,,,,,,,,,11,0,1,0,1,8,1,8,1,1,,,0,0,,1,1,1,1,0.00
Public Method,"org.apache.commons.math3.complex.ComplexTest.testLogNaN",,,,,,,,,,,,,,3,3,1,3,0,2,1,1,0,,,,0,,,,,,,,,,,,,1,0,1,0,1,1,1,1,1,1,,,0,0,,1,1,1,1,0.00
Public Method,"org.apache.commons.math3.complex.ComplexTest.testLogZero",,,,,,,,,,,,,,3,3,1,2,0,2,1,1,0,,,,0,,,,,,,,,,,,,2,0,1,0,1,1,1,1,1,1,,,0,0,,1,1,1,1,0.00
Public Method,"org.apache.commons.math3.complex.ComplexTest.testMath221",,,,,,,,,,,,,,4,3,1,3,0,2,1,1,0,,,,0,,,,,,,,,,,,,0,0,1,1,1,1,1,1,1,1,,,0,0,,1,1,1,1,0.33
Public Method,"org.apache.commons.math3.complex.ComplexTest.testMultiply",,,,,,,,,,,,,,7,7,5,5,0,6,1,1,0,,,,0,,,,,,,,,,,,,0,0,4,0,1,5,4,2,1,1,,,0,0,,1,1,1,1,0.00
Public Method,"org.apache.commons.math3.complex.ComplexTest.testMultiplyInfInf",,,,,,,,,,,,,,4,3,1,3,0,2,1,1,0,,,,0,,,,,,,,,,,,,1,0,1,1,1,1,1,1,1,1,,,0,0,,1,1,1,1,0.33
Public Method,"org.apache.commons.math3.complex.ComplexTest.testMultiplyNaN",,,,,,,,,,,,,,7,7,5,4,0,6,1,1,0,,,,0,,,,,,,,,,,,,1,0,3,0,1,5,3,3,1,1,,,0,0,,1,1,1,1,0.00
Public Method,"org.apache.commons.math3.complex.ComplexTest.testMultiplyNaNInf",,,,,,,,,,,,,,22,17,15,9,0,16,1,1,0,,,,0,,,,,,,,,,,,,10,4,3,1,1,15,3,13,1,1,,,0,0,,1,1,1,1,0.06
Public Method,"org.apache.commons.math3.complex.ComplexTest.testNegate",,,,,,,,,,,,,,6,6,4,5,0,5,1,1,0,,,,0,,,,,,,,,,,,,0,0,3,0,1,4,3,2,1,1,,,0,0,,1,1,1,1,0.00
Public Method,"org.apache.commons.math3.complex.ComplexTest.testNegateNaN",,,,,,,,,,,,,,4,4,2,3,0,3,1,1,0,,,,0,,,,,,,,,,,,,1,0,2,0,1,2,2,1,1,1,,,0,0,,1,1,1,1,0.00
Public Method,"org.apache.commons.math3.complex.ComplexTest.testNthRoot_cornercase_NAN_Inf",,,,,,,,,,,,,,28,17,15,4,0,16,1,1,0,,,,0,,,,,,,,,,,,,7,4,2,7,1,15,2,14,1,1,,,0,0,,1,1,1,1,0.41
Public Method,"org.apache.commons.math3.complex.ComplexTest.testNthRoot_cornercase_thirdRoot_imaginaryPartEmpty",,,,,,,,,,,,,,29,11,9,6,0,10,1,1,0,,,,0,,,,,,,,,,,,,1,0,3,18,1,9,3,7,1,1,,,0,0,,1,1,1,1,1.64
Public Method,"org.apache.commons.math3.complex.ComplexTest.testNthRoot_cornercase_thirdRoot_realPartZero",,,,,,,,,,,,,,28,11,9,6,0,10,1,1,0,,,,0,,,,,,,,,,,,,1,0,3,17,1,9,3,7,1,1,,,0,0,,1,1,1,1,1.55
Public Method,"org.apache.commons.math3.complex.ComplexTest.testNthRoot_normal_fourthRoot",,,,,,,,,,,,,,32,13,11,6,0,12,1,1,0,,,,0,,,,,,,,,,,,,1,0,3,19,1,11,3,9,1,1,,,0,0,,1,1,1,1,1.46
Public Method,"org.apache.commons.math3.complex.ComplexTest.testNthRoot_normal_thirdRoot",,,,,,,,,,,,,,28,11,9,6,0,10,1,1,0,,,,0,,,,,,,,,,,,,1,0,3,17,1,9,3,7,1,1,,,0,0,,1,1,1,1,1.55
Public Method,"org.apache.commons.math3.complex.ComplexTest.testPow",,,,,,,,,,,,,,6,6,4,3,0,5,1,1,0,,,,0,,,,,,,,,,,,,0,0,4,0,1,4,4,1,1,1,,,0,0,,1,1,1,1,0.00
Public Method,"org.apache.commons.math3.complex.ComplexTest.testPowInf",,,,,,,,,,,,,,24,24,22,2,0,23,1,1,0,,,,0,,,,,,,,,,,,,10,0,1,0,1,22,1,22,1,1,,,0,0,,1,1,1,1,0.00
Public Method,"org.apache.commons.math3.complex.ComplexTest.testPowNaNBase",,,,,,,,,,,,,,4,4,2,4,0,3,1,1,0,,,,0,,,,,,,,,,,,,1,0,2,0,1,2,2,1,1,1,,,0,0,,1,1,1,1,0.00
Public Method,"org.apache.commons.math3.complex.ComplexTest.testPowNaNExponent",,,,,,,,,,,,,,4,4,2,4,0,3,1,1,0,,,,0,,,,,,,,,,,,,1,0,2,0,1,2,2,1,1,1,,,0,0,,1,1,1,1,0.00
Public Method,"org.apache.commons.math3.complex.ComplexTest.testPowZero",,,,,,,,,,,,,,14,14,12,4,0,7,1,1,0,,,,0,,,,,,,,,,,,,4,0,1,0,1,6,1,6,1,1,,,0,0,,1,1,1,1,0.00
Public Method,"org.apache.commons.math3.complex.ComplexTest.testReciprocal",,,,,,,,,,,,,,8,8,6,6,0,7,1,1,0,,,,0,,,,,,,,,,,,,0,0,5,0,1,6,5,2,1,1,,,0,0,,1,1,1,1,0.00
Public Method,"org.apache.commons.math3.complex.ComplexTest.testReciprocalImaginary",,,,,,,,,,,,,,4,4,2,3,0,3,1,1,0,,,,0,,,,,,,,,,,,,0,0,2,0,1,2,2,1,1,1,,,0,0,,1,1,1,1,0.00
Public Method,"org.apache.commons.math3.complex.ComplexTest.testReciprocalInf",,,,,,,,,,,,,,7,6,4,5,0,5,1,1,0,,,,0,,,,,,,,,,,,,3,1,2,0,1,4,2,3,1,1,,,0,0,,1,1,1,1,0.00
Public Method,"org.apache.commons.math3.complex.ComplexTest.testReciprocalNaN",,,,,,,,,,,,,,3,3,1,3,0,2,1,1,0,,,,0,,,,,,,,,,,,,1,0,1,0,1,1,1,1,1,1,,,0,0,,1,1,1,1,0.00
Public Method,"org.apache.commons.math3.complex.ComplexTest.testReciprocalReal",,,,,,,,,,,,,,4,4,2,3,0,3,1,1,0,,,,0,,,,,,,,,,,,,0,0,2,0,1,2,2,1,1,1,,,0,0,,1,1,1,1,0.00
Public Method,"org.apache.commons.math3.complex.ComplexTest.testReciprocalZero",,,,,,,,,,,,,,3,3,1,2,0,2,1,1,0,,,,0,,,,,,,,,,,,,2,0,1,0,1,1,1,1,1,1,,,0,0,,1,1,1,1,0.00
Public Method,"org.apache.commons.math3.complex.ComplexTest.testScalarAdd",,,,,,,,,,,,,,6,6,4,5,0,5,1,1,0,,,,0,,,,,,,,,,,,,0,0,4,0,1,4,4,1,1,1,,,0,0,,1,1,1,1,0.00
Public Method,"org.apache.commons.math3.complex.ComplexTest.testScalarAddInf",,,,,,,,,,,,,,10,8,6,5,0,7,1,1,0,,,,0,,,,,,,,,,,,,1,2,4,0,1,6,4,3,1,1,,,0,0,,1,1,1,1,0.00
Public Method,"org.apache.commons.math3.complex.ComplexTest.testScalarAddNaN",,,,,,,,,,,,,,6,6,4,5,0,5,1,1,0,,,,0,,,,,,,,,,,,,0,0,4,0,1,4,4,1,1,1,,,0,0,,1,1,1,1,0.00
Public Method,"org.apache.commons.math3.complex.ComplexTest.testScalarDivide",,,,,,,,,,,,,,6,6,4,5,0,5,1,1,0,,,,0,,,,,,,,,,,,,0,0,4,0,1,4,4,1,1,1,,,0,0,,1,1,1,1,0.00
Public Method,"org.apache.commons.math3.complex.ComplexTest.testScalarDivideInf",,,,,,,,,,,,,,13,11,9,5,0,10,1,1,0,,,,0,,,,,,,,,,,,,0,2,4,0,1,9,4,6,1,1,,,0,0,,1,1,1,1,0.00
Public Method,"org.apache.commons.math3.complex.ComplexTest.testScalarDivideNaN",,,,,,,,,,,,,,6,6,4,5,0,5,1,1,0,,,,0,,,,,,,,,,,,,0,0,4,0,1,4,4,1,1,1,,,0,0,,1,1,1,1,0.00
Public Method,"org.apache.commons.math3.complex.ComplexTest.testScalarDivideZero",,,,,,,,,,,,,,4,4,2,4,0,3,1,1,0,,,,0,,,,,,,,,,,,,1,0,2,0,1,2,2,1,1,1,,,0,0,,1,1,1,1,0.00
Public Method,"org.apache.commons.math3.complex.ComplexTest.testScalarMultiply",,,,,,,,,,,,,,9,9,7,6,0,8,1,1,0,,,,0,,,,,,,,,,,,,0,0,6,0,1,7,6,2,1,1,,,0,0,,1,1,1,1,0.00
Public Method,"org.apache.commons.math3.complex.ComplexTest.testScalarMultiplyInf",,,,,,,,,,,,,,10,9,7,5,0,8,1,1,0,,,,0,,,,,,,,,,,,,0,1,4,0,1,7,4,4,1,1,,,0,0,,1,1,1,1,0.00
Public Method,"org.apache.commons.math3.complex.ComplexTest.testScalarMultiplyNaN",,,,,,,,,,,,,,6,6,4,5,0,5,1,1,0,,,,0,,,,,,,,,,,,,0,0,4,0,1,4,4,1,1,1,,,0,0,,1,1,1,1,0.00
Public Method,"org.apache.commons.math3.complex.ComplexTest.testScalarPow",,,,,,,,,,,,,,6,6,4,5,0,5,1,1,0,,,,0,,,,,,,,,,,,,0,0,4,0,1,4,4,1,1,1,,,0,0,,1,1,1,1,0.00
Public Method,"org.apache.commons.math3.complex.ComplexTest.testScalarPowInf",,,,,,,,,,,,,,16,16,14,4,0,15,1,1,0,,,,0,,,,,,,,,,,,,8,0,1,0,1,14,1,14,1,1,,,0,0,,1,1,1,1,0.00
Public Method,"org.apache.commons.math3.complex.ComplexTest.testScalarPowNaNBase",,,,,,,,,,,,,,6,6,4,4,0,5,1,1,0,,,,0,,,,,,,,,,,,,1,0,4,0,1,4,4,1,1,1,,,0,0,,1,1,1,1,0.00
Public Method,"org.apache.commons.math3.complex.ComplexTest.testScalarPowNaNExponent",,,,,,,,,,,,,,6,6,4,5,0,5,1,1,0,,,,0,,,,,,,,,,,,,0,0,4,0,1,4,4,1,1,1,,,0,0,,1,1,1,1,0.00
Public Method,"org.apache.commons.math3.complex.ComplexTest.testScalarPowZero",,,,,,,,,,,,,,7,7,5,4,0,6,1,1,0,,,,0,,,,,,,,,,,,,4,0,1,0,1,5,1,5,1,1,,,0,0,,1,1,1,1,0.00
Public Method,"org.apache.commons.math3.complex.ComplexTest.testScalarSubtract",,,,,,,,,,,,,,6,6,4,5,0,5,1,1,0,,,,0,,,,,,,,,,,,,0,0,4,0,1,4,4,1,1,1,,,0,0,,1,1,1,1,0.00
Public Method,"org.apache.commons.math3.complex.ComplexTest.testScalarSubtractInf",,,,,,,,,,,,,,9,8,6,5,0,7,1,1,0,,,,0,,,,,,,,,,,,,1,1,4,0,1,6,4,3,1,1,,,0,0,,1,1,1,1,0.00
Public Method,"org.apache.commons.math3.complex.ComplexTest.testScalarSubtractNaN",,,,,,,,,,,,,,6,6,4,5,0,5,1,1,0,,,,0,,,,,,,,,,,,,0,0,4,0,1,4,4,1,1,1,,,0,0,,1,1,1,1,0.00
Public Method,"org.apache.commons.math3.complex.ComplexTest.testSerial",,,,,,,,,,,,,,18,18,16,8,0,17,1,1,0,,,,0,,,,,,,,,,,,,3,0,7,0,1,16,7,10,1,1,,,0,0,,1,1,1,1,0.00
Public Method,"org.apache.commons.math3.complex.ComplexTest.testSin",,,,,,,,,,,,,,5,5,3,3,0,4,1,1,0,,,,0,,,,,,,,,,,,,0,0,3,0,1,3,3,1,1,1,,,0,0,,1,1,1,1,0.00
Public Method,"org.apache.commons.math3.complex.ComplexTest.testSinInf",,,,,,,,,,,,,,10,10,8,2,0,9,1,1,0,,,,0,,,,,,,,,,,,,9,0,1,0,1,8,1,8,1,1,,,0,0,,1,1,1,1,0.00
Public Method,"org.apache.commons.math3.complex.ComplexTest.testSinNaN",,,,,,,,,,,,,,3,3,1,3,0,2,1,1,0,,,,0,,,,,,,,,,,,,1,0,1,0,1,1,1,1,1,1,,,0,0,,1,1,1,1,0.00
Public Method,"org.apache.commons.math3.complex.ComplexTest.testSinh",,,,,,,,,,,,,,5,5,3,3,0,4,1,1,0,,,,0,,,,,,,,,,,,,0,0,3,0,1,3,3,1,1,1,,,0,0,,1,1,1,1,0.00
Public Method,"org.apache.commons.math3.complex.ComplexTest.testSinhInf",,,,,,,,,,,,,,10,10,8,2,0,9,1,1,0,,,,0,,,,,,,,,,,,,9,0,1,0,1,8,1,8,1,1,,,0,0,,1,1,1,1,0.00
Public Method,"org.apache.commons.math3.complex.ComplexTest.testSinhNaN",,,,,,,,,,,,,,3,3,1,3,0,2,1,1,0,,,,0,,,,,,,,,,,,,1,0,1,0,1,1,1,1,1,1,,,0,0,,1,1,1,1,0.00
Public Method,"org.apache.commons.math3.complex.ComplexTest.testSqrt1z",,,,,,,,,,,,,,5,5,3,3,0,4,1,1,0,,,,0,,,,,,,,,,,,,0,0,3,0,1,3,3,1,1,1,,,0,0,,1,1,1,1,0.00
Public Method,"org.apache.commons.math3.complex.ComplexTest.testSqrt1zNaN",,,,,,,,,,,,,,3,3,1,3,0,2,1,1,0,,,,0,,,,,,,,,,,,,1,0,1,0,1,1,1,1,1,1,,,0,0,,1,1,1,1,0.00
Public Method,"org.apache.commons.math3.complex.ComplexTest.testSqrtImaginaryNegative",,,,,,,,,,,,,,5,5,3,3,0,4,1,1,0,,,,0,,,,,,,,,,,,,0,0,3,0,1,3,3,1,1,1,,,0,0,,1,1,1,1,0.00
Public Method,"org.apache.commons.math3.complex.ComplexTest.testSqrtImaginaryZero",,,,,,,,,,,,,,5,5,3,3,0,4,1,1,0,,,,0,,,,,,,,,,,,,0,0,3,0,1,3,3,1,1,1,,,0,0,,1,1,1,1,0.00
Public Method,"org.apache.commons.math3.complex.ComplexTest.testSqrtInf",,,,,,,,,,,,,,10,10,8,2,0,9,1,1,0,,,,0,,,,,,,,,,,,,13,0,1,0,1,8,1,8,1,1,,,0,0,,1,1,1,1,0.00
Public Method,"org.apache.commons.math3.complex.ComplexTest.testSqrtNaN",,,,,,,,,,,,,,3,3,1,3,0,2,1,1,0,,,,0,,,,,,,,,,,,,1,0,1,0,1,1,1,1,1,1,,,0,0,,1,1,1,1,0.00
Public Method,"org.apache.commons.math3.complex.ComplexTest.testSqrtPolar",,,,,,,,,,,,,,13,13,9,4,0,14,3,3,0,,,,0,,,,,,,,,,,,,1,0,5,0,3,11,7,7,3,1,,,0,2,,3,3,1,3,0.00
Public Method,"org.apache.commons.math3.complex.ComplexTest.testSqrtRealNegative",,,,,,,,,,,,,,5,5,3,3,0,4,1,1,0,,,,0,,,,,,,,,,,,,0,0,3,0,1,3,3,1,1,1,,,0,0,,1,1,1,1,0.00
Public Method,"org.apache.commons.math3.complex.ComplexTest.testSqrtRealPositive",,,,,,,,,,,,,,5,5,3,3,0,4,1,1,0,,,,0,,,,,,,,,,,,,0,0,3,0,1,3,3,1,1,1,,,0,0,,1,1,1,1,0.00
Public Method,"org.apache.commons.math3.complex.ComplexTest.testSqrtRealZero",,,,,,,,,,,,,,5,5,3,3,0,4,1,1,0,,,,0,,,,,,,,,,,,,0,0,3,0,1,3,3,1,1,1,,,0,0,,1,1,1,1,0.00
Public Method,"org.apache.commons.math3.complex.ComplexTest.testSubtract",,,,,,,,,,,,,,7,7,5,5,0,6,1,1,0,,,,0,,,,,,,,,,,,,0,0,4,0,1,5,4,2,1,1,,,0,0,,1,1,1,1,0.00
Public Method,"org.apache.commons.math3.complex.ComplexTest.testSubtractInf",,,,,,,,,,,,,,10,9,7,7,0,8,1,1,0,,,,0,,,,,,,,,,,,,2,1,4,0,1,7,4,4,1,1,,,0,0,,1,1,1,1,0.00
Public Method,"org.apache.commons.math3.complex.ComplexTest.testSubtractNaN",,,,,,,,,,,,,,8,8,6,3,0,7,1,1,0,,,,0,,,,,,,,,,,,,2,0,4,0,1,6,4,3,1,1,,,0,0,,1,1,1,1,0.00
Public Method,"org.apache.commons.math3.complex.ComplexTest.testTan",,,,,,,,,,,,,,12,11,9,3,0,10,1,1,0,,,,0,,,,,,,,,,,,,0,0,4,1,1,9,4,6,1,1,,,0,0,,1,1,1,1,0.09
Public Method,"org.apache.commons.math3.complex.ComplexTest.testTanCritical",,,,,,,,,,,,,,4,4,2,3,0,3,1,1,0,,,,0,,,,,,,,,,,,,3,0,1,0,1,2,1,2,1,1,,,0,0,,1,1,1,1,0.00
Public Method,"org.apache.commons.math3.complex.ComplexTest.testTanInf",,,,,,,,,,,,,,10,10,8,3,0,9,1,1,0,,,,0,,,,,,,,,,,,,9,0,1,0,1,8,1,8,1,1,,,0,0,,1,1,1,1,0.00
Public Method,"org.apache.commons.math3.complex.ComplexTest.testTanNaN",,,,,,,,,,,,,,3,3,1,3,0,2,1,1,0,,,,0,,,,,,,,,,,,,1,0,1,0,1,1,1,1,1,1,,,0,0,,1,1,1,1,0.00
Public Method,"org.apache.commons.math3.complex.ComplexTest.testTanh",,,,,,,,,,,,,,12,11,9,3,0,10,1,1,0,,,,0,,,,,,,,,,,,,0,0,4,1,1,9,4,6,1,1,,,0,0,,1,1,1,1,0.09
Public Method,"org.apache.commons.math3.complex.ComplexTest.testTanhCritical",,,,,,,,,,,,,,3,3,1,3,0,2,1,1,0,,,,0,,,,,,,,,,,,,2,0,1,0,1,1,1,1,1,1,,,0,0,,1,1,1,1,0.00
Public Method,"org.apache.commons.math3.complex.ComplexTest.testTanhInf",,,,,,,,,,,,,,10,10,8,3,0,9,1,1,0,,,,0,,,,,,,,,,,,,9,0,1,0,1,8,1,8,1,1,,,0,0,,1,1,1,1,0.00
Public Method,"org.apache.commons.math3.complex.ComplexTest.testTanhNaN",,,,,,,,,,,,,,3,3,1,3,0,2,1,1,0,,,,0,,,,,,,,,,,,,1,0,1,0,1,1,1,1,1,1,,,0,0,,1,1,1,1,0.00
Public Method,"org.apache.commons.math3.complex.ComplexTest.testpowNull",,,,,,,,,,,,,,3,3,1,1,0,2,1,1,0,,,,0,,,,,,,,,,,,,1,0,1,0,1,1,1,1,1,1,,,0,0,,1,1,1,1,0.00
Public Class,"org.apache.commons.math3.complex.ComplexUtils",1,1,0,14,4,,0,,1,2,0,1,1,49,12,5,,,7,,,,2,1,1,,1,1,19,5,1,0,1,,,0,2,0,,3,3,34,,3,3,4,,,2,2,,1,0,3,3,2,3,2.83
Private Constructor,"org.apache.commons.math3.complex.ComplexUtils.ComplexUtils",,,,,,,,,,,,,,6,3,1,1,0,2,1,1,0,,,,0,,,,,,,,,,,,,0,0,1,3,1,1,1,1,1,1,,,0,0,,1,1,1,1,1.00
Public Static Method,"org.apache.commons.math3.complex.ComplexUtils.polar2Complex",,,,,,,,,,,,,,32,7,4,5,0,4,2,2,0,,,,0,,,,,,,,,,,,,8,0,1,25,2,2,1,3,2,1,,,0,1,,2,2,1,2,3.57
Public Class,"org.apache.commons.math3.complex.ComplexUtilsTest",1,1,0,0,4,,0,,5,5,0,0,4,79,68,49,,,51,,,,4,1,1,,1,1,10,10,1,0,0,,,9,5,1,,8,21,3,,42,20,31,,,4,4,,2,77,8,8,5,8,0.04
Protected Method,"org.apache.commons.math3.complex.ComplexUtilsTest.altPolar",,,,,,,,,,,,,,3,3,1,4,0,2,1,1,0,,,,0,,,,,,,,,,,,,4,0,1,0,1,1,1,1,1,1,,,0,0,,1,1,1,1,0.00
Public Method,"org.apache.commons.math3.complex.ComplexUtilsTest.testPolar2Complex",,,,,,,,,,,,,,28,28,23,4,1,23,4,4,0,,,,0,,,,,,,,,,,,,4,0,3,0,5,19,6,17,4,1,,,0,2,,4,4,1,4,0.00
Public Method,"org.apache.commons.math3.complex.ComplexUtilsTest.testPolar2ComplexIllegalModulus",,,,,,,,,,,,,,3,3,1,1,0,2,1,1,0,,,,0,,,,,,,,,,,,,0,0,1,0,1,1,1,1,1,1,,,0,0,,1,1,1,1,0.00
Public Method,"org.apache.commons.math3.complex.ComplexUtilsTest.testPolar2ComplexInf",,,,,,,,,,,,,,13,13,11,2,0,10,1,1,0,,,,0,,,,,,,,,,,,,9,0,1,0,1,9,1,9,1,1,,,0,0,,1,1,1,1,0.00
Public Method,"org.apache.commons.math3.complex.ComplexUtilsTest.testPolar2ComplexNaN",,,,,,,,,,,,,,6,6,4,2,0,4,1,1,0,,,,0,,,,,,,,,,,,,2,0,1,0,1,3,1,3,1,1,,,0,0,,1,1,1,1,0.00
Public Class,"org.apache.commons.math3.complex.FrenchComplexFormatTest",1,1,0,0,0,,0,,2,36,0,0,0,12,10,2,,,5,,,,1,1,2,,1,1,3,3,1,0,0,,,0,2,2,,2,5,0,,2,3,2,,,1,1,,0,0,2,2,2,2,0.00
Protected Method,"org.apache.commons.math3.complex.FrenchComplexFormatTest.getDecimalCharacter",,,,,,,,,,,,,,3,3,1,1,0,2,1,1,0,,,,0,,,,,,,,,,,,,0,0,1,0,1,1,1,1,1,1,,,0,0,,1,1,1,1,0.00
Protected Method,"org.apache.commons.math3.complex.FrenchComplexFormatTest.getLocale",,,,,,,,,,,,,,3,3,1,1,0,2,1,1,0,,,,0,,,,,,,,,,,,,1,0,1,0,1,1,1,1,1,1,,,0,0,,1,1,1,1,0.00
Public Class,"org.apache.commons.math3.complex.RootsOfUnity",2,1,1,10,6,,1,,6,6,0,0,6,192,85,55,,,54,,,,4,1,1,,2,2,24,12,2,0,0,,,5,6,0,,23,20,84,,39,18,36,,,4,5,,1,47,15,17,6,15,0.99
Public Constructor,"org.apache.commons.math3.complex.RootsOfUnity.RootsOfUnity",,,,,,,,,,,,,,11,7,5,6,0,6,1,1,0,,,,0,,,,,,,,,,,,,6,1,1,3,1,5,1,5,1,1,,,0,0,,1,1,1,1,0.43
Public Method,"org.apache.commons.math3.complex.RootsOfUnity.computeRoots",,,,,,,,,,,,,,54,28,23,9,1,23,4,4,1,,,,0,,,,,,,,,,,,,9,5,5,21,6,19,6,17,4,1,,,0,1,,4,4,1,4,0.75
Public Method,"org.apache.commons.math3.complex.RootsOfUnity.getImaginary",,,,,,,,,,,,,,27,16,11,4,1,6,4,5,0,,,,0,,,,,,,,,,,,,9,2,2,9,4,3,1,5,4,1,,,0,1,,4,5,1,4,0.56
Public Method,"org.apache.commons.math3.complex.RootsOfUnity.getNumberOfRoots",,,,,,,,,,,,,,11,3,1,1,0,2,1,1,0,,,,0,,,,,,,,,,,,,3,0,1,8,1,1,1,1,1,1,,,0,0,,1,1,1,1,2.67
Public Method,"org.apache.commons.math3.complex.RootsOfUnity.getReal",,,,,,,,,,,,,,26,15,10,4,1,6,3,4,0,,,,0,,,,,,,,,,,,,7,2,2,9,4,3,1,5,3,1,,,0,1,,3,4,1,3,0.60
Public Method,"org.apache.commons.math3.complex.RootsOfUnity.isCounterClockWise",,,,,,,,,,,,,,19,8,4,2,0,4,2,2,0,,,,0,,,,,,,,,,,,,5,1,2,10,2,2,1,3,2,1,,,0,1,,2,2,1,2,1.25
Public Class,"org.apache.commons.math3.complex.RootsOfUnityTest",1,1,0,1,4,,0,,7,7,0,1,6,76,56,31,,,42,,,,3,1,1,,1,1,8,6,1,0,0,,,0,7,0,,7,25,13,,31,20,22,,,3,3,,2,0,11,11,7,11,0.23
Private Method,"org.apache.commons.math3.complex.RootsOfUnityTest.doTestComputeRoots",,,,,,,,,,,,,,11,11,8,9,0,10,3,3,0,,,,0,,,,,,,,,,,,,3,0,6,0,2,8,6,4,3,1,,,0,1,,3,3,1,3,0.00
Public Method,"org.apache.commons.math3.complex.RootsOfUnityTest.testComputeRoots",,,,,,,,,,,,,,15,11,7,3,0,10,3,3,0,,,,0,,,,,,,,,,,,,0,0,2,4,3,7,3,7,3,1,,,0,2,,3,3,1,3,0.36
Public Method,"org.apache.commons.math3.complex.RootsOfUnityTest.testGetNumberOfRoots",,,,,,,,,,,,,,14,10,8,4,0,9,1,1,0,,,,0,,,,,,,,,,,,,0,0,2,4,1,8,2,7,1,1,,,0,0,,1,1,1,1,0.40
Public Method,"org.apache.commons.math3.complex.RootsOfUnityTest.testMathIllegalState1",,,,,,,,,,,,,,4,4,2,2,0,3,1,1,0,,,,0,,,,,,,,,,,,,0,0,2,0,1,2,2,1,1,1,,,0,0,,1,1,1,1,0.00
Public Method,"org.apache.commons.math3.complex.RootsOfUnityTest.testMathIllegalState2",,,,,,,,,,,,,,4,4,2,2,0,3,1,1,0,,,,0,,,,,,,,,,,,,0,0,2,0,1,2,2,1,1,1,,,0,0,,1,1,1,1,0.00
Public Method,"org.apache.commons.math3.complex.RootsOfUnityTest.testMathIllegalState3",,,,,,,,,,,,,,4,4,2,2,0,3,1,1,0,,,,0,,,,,,,,,,,,,0,0,2,0,1,2,2,1,1,1,,,0,0,,1,1,1,1,0.00
Public Method,"org.apache.commons.math3.complex.RootsOfUnityTest.testZeroNumberOfRoots",,,,,,,,,,,,,,4,4,2,2,0,3,1,1,0,,,,0,,,,,,,,,,,,,0,0,2,0,1,2,2,1,1,1,,,0,0,,1,1,1,1,0.00
Package,"org.apache.commons.math3.dfp",2,1,4,6,,19,37,12,207,,6,12,178,8207,4978,3843,,,3321,,,,33,24,,,3,3,30,20,,,26,,,56,233,37,,1507,782,1965,,2650,749,2572,,,33,40,,4,,716,851,432,685,0.39
Public Class,"org.apache.commons.math3.dfp.BracketingNthOrderBrentSolverDFP",3,2,4,13,8,,1,,10,10,0,1,9,412,198,140,,,151,,,,25,13,1,,4,4,36,19,1,0,0,,,5,10,0,,58,52,156,,118,47,104,,,29,33,,4,73,42,46,22,38,0.79
Public Constructor,"org.apache.commons.math3.dfp.BracketingNthOrderBrentSolverDFP.BracketingNthOrderBrentSolverDFP",,,,,,,,,,,,,,22,13,6,6,0,7,2,2,0,,,,0,,,,,,,,,,,,,8,0,5,9,2,5,1,6,2,1,,,0,1,,2,2,1,2,0.69
Public Method,"org.apache.commons.math3.dfp.BracketingNthOrderBrentSolverDFP.getAbsoluteAccuracy",,,,,,,,,,,,,,7,3,1,1,0,2,1,1,0,,,,0,,,,,,,,,,,,,2,0,1,4,1,1,1,1,1,1,,,0,0,,1,1,1,1,1.33
Public Method,"org.apache.commons.math3.dfp.BracketingNthOrderBrentSolverDFP.getEvaluations",,,,,,,,,,,,,,11,3,1,2,0,2,1,1,0,,,,0,,,,,,,,,,,,,1,0,1,8,1,1,1,1,1,1,,,0,0,,1,1,1,1,2.67
Public Method,"org.apache.commons.math3.dfp.BracketingNthOrderBrentSolverDFP.getFunctionValueAccuracy",,,,,,,,,,,,,,7,3,1,1,0,2,1,1,0,,,,0,,,,,,,,,,,,,2,0,1,4,1,1,1,1,1,1,,,0,0,,1,1,1,1,1.33
Public Method,"org.apache.commons.math3.dfp.BracketingNthOrderBrentSolverDFP.getMaxEvaluations",,,,,,,,,,,,,,8,3,1,2,0,2,1,1,0,,,,0,,,,,,,,,,,,,1,0,1,5,1,1,1,1,1,1,,,0,0,,1,1,1,1,1.67
Public Method,"org.apache.commons.math3.dfp.BracketingNthOrderBrentSolverDFP.getMaximalOrder",,,,,,,,,,,,,,6,3,1,1,0,2,1,1,0,,,,0,,,,,,,,,,,,,2,0,1,3,1,1,1,1,1,1,,,0,0,,1,1,1,1,1.00
Public Method,"org.apache.commons.math3.dfp.BracketingNthOrderBrentSolverDFP.getRelativeAccuracy",,,,,,,,,,,,,,7,3,1,1,0,2,1,1,0,,,,0,,,,,,,,,,,,,1,0,1,4,1,1,1,1,1,1,,,0,0,,1,1,1,1,1.33
Private Method,"org.apache.commons.math3.dfp.BracketingNthOrderBrentSolverDFP.guessX",,,,,,,,,,,,,,34,14,8,7,1,15,4,4,0,,,,0,,,,,,,,,,,,,6,4,4,16,6,11,6,9,4,1,,,0,2,,4,4,1,4,1.14
Public Method,"org.apache.commons.math3.dfp.BracketingNthOrderBrentSolverDFP.solve",,,,,,,,,,,,,,22,4,1,4,0,2,1,1,0,,,,0,,,,,,,,,,,,,6,0,2,18,1,1,1,1,1,1,,,0,0,,1,1,1,1,4.50
Public Method,"org.apache.commons.math3.dfp.BracketingNthOrderBrentSolverDFP.solve",,,,,,,,,,,,,,241,141,117,24,3,108,29,33,38,,,,32,,,,,,,,,,,,,21,37,28,63,993,89,26,82,25,13,,,33,4,,29,33,13,25,0.45
Public Class,"org.apache.commons.math3.dfp.BracketingNthOrderBrentSolverDFPTest",1,1,1,0,7,,0,,6,6,0,1,5,145,119,80,,,73,,,,4,1,1,,2,2,20,18,1,0,0,,,4,6,0,,16,38,10,,56,34,39,,,8,8,,1,29,14,14,6,10,0.08
Private Method,"org.apache.commons.math3.dfp.BracketingNthOrderBrentSolverDFPTest.check",,,,,,,,,,,,,,33,32,25,13,1,18,8,8,15,,,,0,,,,,,,,,,,,,15,0,9,1,6,16,6,12,4,1,,,0,1,,8,8,1,4,0.03
Public Method,"org.apache.commons.math3.dfp.BracketingNthOrderBrentSolverDFPTest.setUp",,,,,,,,,,,,,,6,6,4,6,0,5,1,1,0,,,,0,,,,,,,,,,,,,1,0,1,0,1,4,1,4,1,1,,,0,0,,1,1,1,1,0.00
Public Method,"org.apache.commons.math3.dfp.BracketingNthOrderBrentSolverDFPTest.testConstructorOK",,,,,,,,,,,,,,6,6,3,3,0,3,1,1,0,,,,0,,,,,,,,,,,,,3,0,3,0,1,2,2,1,1,1,,,0,0,,1,1,1,1,0.00
Public Method,"org.apache.commons.math3.dfp.BracketingNthOrderBrentSolverDFPTest.testConvergenceOnFunctionAccuracy",,,,,,,,,,,,,,27,26,21,13,0,19,1,1,0,,,,0,,,,,,,,,,,,,5,1,13,0,1,17,11,8,1,1,,,0,0,,1,1,1,1,0.00
Anonymous Class,"org.apache.commons.math3.dfp.BracketingNthOrderBrentSolverDFPTest.testConvergenceOnFunctionAccuracy.(Anon_1)",1,1,0,0,3,,0,,1,1,0,0,1,10,10,9,,,8,,,,1,1,1,,1,1,9,9,2,0,0,,,0,1,0,,0,7,0,,7,7,1,,,1,1,,0,0,1,1,1,1,0.00
Public Method,"org.apache.commons.math3.dfp.BracketingNthOrderBrentSolverDFPTest.testConvergenceOnFunctionAccuracy.(Anon_1).value",,,,,,,,,,,,,,9,9,8,6,0,8,1,1,0,,,,0,,,,,,,,,,,,,2,0,6,0,1,7,7,1,1,1,,,0,0,,1,1,1,1,0.00
Public Method,"org.apache.commons.math3.dfp.BracketingNthOrderBrentSolverDFPTest.testInsufficientOrder3",,,,,,,,,,,,,,4,4,2,1,0,2,1,1,0,,,,0,,,,,,,,,,,,,3,0,1,0,1,1,1,1,1,1,,,0,0,,1,1,1,1,0.00
Public Method,"org.apache.commons.math3.dfp.BracketingNthOrderBrentSolverDFPTest.testNeta",,,,,,,,,,,,,,45,34,25,2,0,21,2,2,0,,,,0,,,,,,,,,,,,,0,7,1,4,2,12,8,13,2,1,,,0,0,,2,2,1,2,0.12
Anonymous Class,"org.apache.commons.math3.dfp.BracketingNthOrderBrentSolverDFPTest.testNeta.(for_loop_1).(Anon_2)",1,1,0,0,2,,0,,1,1,0,0,1,4,4,3,,,2,,,,1,1,1,,1,1,3,3,2,0,0,,,0,1,0,,0,0,0,,1,1,1,,,1,1,,0,0,1,1,1,1,0.00
Public Method,"org.apache.commons.math3.dfp.BracketingNthOrderBrentSolverDFPTest.testNeta.(for_loop_1).(Anon_2).value",,,,,,,,,,,,,,3,3,2,4,0,2,1,1,0,,,,0,,,,,,,,,,,,,1,0,0,0,1,1,1,1,1,1,,,0,0,,1,1,1,1,0.00
Anonymous Class,"org.apache.commons.math3.dfp.BracketingNthOrderBrentSolverDFPTest.testNeta.(for_loop_1).(Anon_3)",1,1,0,0,4,,0,,1,1,0,0,1,4,4,3,,,2,,,,1,1,1,,1,1,3,3,2,0,0,,,0,1,0,,0,0,0,,1,1,1,,,1,1,,0,0,1,1,1,1,0.00
Public Method,"org.apache.commons.math3.dfp.BracketingNthOrderBrentSolverDFPTest.testNeta.(for_loop_1).(Anon_3).value",,,,,,,,,,,,,,3,3,2,5,0,2,1,1,0,,,,0,,,,,,,,,,,,,2,0,0,0,1,1,1,1,1,1,,,0,0,,1,1,1,1,0.00
Anonymous Class,"org.apache.commons.math3.dfp.BracketingNthOrderBrentSolverDFPTest.testNeta.(for_loop_1).(Anon_4)",1,1,0,0,3,,0,,1,1,0,0,1,4,4,3,,,2,,,,1,1,1,,1,1,3,3,2,0,0,,,0,1,0,,0,0,0,,1,1,1,,,1,1,,0,0,1,1,1,1,0.00
Public Method,"org.apache.commons.math3.dfp.BracketingNthOrderBrentSolverDFPTest.testNeta.(for_loop_1).(Anon_4).value",,,,,,,,,,,,,,3,3,2,6,0,2,1,1,0,,,,0,,,,,,,,,,,,,2,0,0,0,1,1,1,1,1,1,,,0,0,,1,1,1,1,0.00
Anonymous Class,"org.apache.commons.math3.dfp.BracketingNthOrderBrentSolverDFPTest.testNeta.(for_loop_1).(Anon_5)",1,1,0,0,4,,0,,1,1,0,0,1,4,4,3,,,2,,,,1,1,1,,1,1,3,3,2,0,0,,,0,1,0,,0,0,0,,1,1,1,,,1,1,,0,0,1,1,1,1,0.00
Public Method,"org.apache.commons.math3.dfp.BracketingNthOrderBrentSolverDFPTest.testNeta.(for_loop_1).(Anon_5).value",,,,,,,,,,,,,,3,3,2,5,0,2,1,1,0,,,,0,,,,,,,,,,,,,2,0,0,0,1,1,1,1,1,1,,,0,0,,1,1,1,1,0.00
Anonymous Class,"org.apache.commons.math3.dfp.BracketingNthOrderBrentSolverDFPTest.testNeta.(for_loop_1).(Anon_6)",1,1,0,0,4,,0,,1,1,0,0,1,4,4,3,,,2,,,,1,1,1,,1,1,3,3,2,0,0,,,0,1,0,,0,0,0,,1,1,1,,,1,1,,0,0,1,1,1,1,0.00
Public Method,"org.apache.commons.math3.dfp.BracketingNthOrderBrentSolverDFPTest.testNeta.(for_loop_1).(Anon_6).value",,,,,,,,,,,,,,3,3,2,6,0,2,1,1,0,,,,0,,,,,,,,,,,,,2,0,0,0,1,1,1,1,1,1,,,0,0,,1,1,1,1,0.00
Anonymous Class,"org.apache.commons.math3.dfp.BracketingNthOrderBrentSolverDFPTest.testNeta.(for_loop_1).(Anon_7)",1,1,0,0,3,,0,,1,1,0,0,1,4,4,3,,,2,,,,1,1,1,,1,1,3,3,2,0,0,,,0,1,0,,0,0,0,,1,1,1,,,1,1,,0,0,1,1,1,1,0.00
Public Method,"org.apache.commons.math3.dfp.BracketingNthOrderBrentSolverDFPTest.testNeta.(for_loop_1).(Anon_7).value",,,,,,,,,,,,,,3,3,2,4,0,2,1,1,0,,,,0,,,,,,,,,,,,,2,0,0,0,1,1,1,1,1,1,,,0,0,,1,1,1,1,0.00
Public Class,"org.apache.commons.math3.dfp.Decimal10",1,1,0,0,1,,0,,17,105,5,0,10,80,62,17,,,35,,,,1,1,3,,1,1,3,3,1,0,0,,,0,17,2,,18,27,0,,17,18,17,,,1,1,,0,0,17,17,17,17,0.00
Constructor,"org.apache.commons.math3.dfp.Decimal10.Decimal10",,,,,,,,,,,,,,3,3,1,2,0,2,1,1,0,,,,0,,,,,,,,,,,,,4,0,1,0,1,1,1,1,1,1,,,0,0,,1,1,1,1,0.00
Constructor,"org.apache.commons.math3.dfp.Decimal10.Decimal10",,,,,,,,,,,,,,3,3,1,2,0,2,1,1,0,,,,0,,,,,,,,,,,,,4,0,1,0,1,1,1,1,1,1,,,0,0,,1,1,1,1,0.00
Constructor,"org.apache.commons.math3.dfp.Decimal10.Decimal10",,,,,,,,,,,,,,3,3,1,2,0,2,1,1,0,,,,0,,,,,,,,,,,,,2,0,1,0,1,1,1,1,1,1,,,0,0,,1,1,1,1,0.00
Constructor,"org.apache.commons.math3.dfp.Decimal10.Decimal10",,,,,,,,,,,,,,3,3,1,2,0,2,1,1,0,,,,0,,,,,,,,,,,,,3,0,1,0,1,1,1,1,1,1,,,0,0,,1,1,1,1,0.00
Constructor,"org.apache.commons.math3.dfp.Decimal10.Decimal10",,,,,,,,,,,,,,3,3,1,2,0,2,1,1,0,,,,0,,,,,,,,,,,,,3,0,1,0,1,1,1,1,1,1,,,0,0,,1,1,1,1,0.00
Public Constructor,"org.apache.commons.math3.dfp.Decimal10.Decimal10",,,,,,,,,,,,,,3,3,1,2,0,2,1,1,0,,,,0,,,,,,,,,,,,,2,0,1,0,1,1,1,1,1,1,,,0,0,,1,1,1,1,0.00
Public Constructor,"org.apache.commons.math3.dfp.Decimal10.Decimal10",,,,,,,,,,,,,,3,3,1,2,0,2,1,1,0,,,,0,,,,,,,,,,,,,3,0,1,0,1,1,1,1,1,1,,,0,0,,1,1,1,1,0.00
Protected Constructor,"org.apache.commons.math3.dfp.Decimal10.Decimal10",,,,,,,,,,,,,,3,3,1,2,0,2,1,1,0,,,,0,,,,,,,,,,,,,4,0,1,0,1,1,1,1,1,1,,,0,0,,1,1,1,1,0.00
Protected Method,"org.apache.commons.math3.dfp.Decimal10.getDecimalDigits",,,,,,,,,,,,,,3,3,1,1,0,2,1,1,0,,,,0,,,,,,,,,,,,,0,0,1,0,1,1,1,1,1,1,,,0,0,,1,1,1,1,0.00
Public Method,"org.apache.commons.math3.dfp.Decimal10.newInstance",,,,,,,,,,,,,,3,3,1,3,0,2,1,1,0,,,,0,,,,,,,,,,,,,0,0,1,0,1,1,1,1,1,1,,,0,0,,1,1,1,1,0.00
Public Method,"org.apache.commons.math3.dfp.Decimal10.newInstance",,,,,,,,,,,,,,3,3,1,3,0,2,1,1,0,,,,0,,,,,,,,,,,,,1,0,1,0,1,1,1,1,1,1,,,0,0,,1,1,1,1,0.00
Public Method,"org.apache.commons.math3.dfp.Decimal10.newInstance",,,,,,,,,,,,,,3,3,1,3,0,2,1,1,0,,,,0,,,,,,,,,,,,,1,0,1,0,1,1,1,1,1,1,,,0,0,,1,1,1,1,0.00
Public Method,"org.apache.commons.math3.dfp.Decimal10.newInstance",,,,,,,,,,,,,,3,3,1,3,0,2,1,1,0,,,,0,,,,,,,,,,,,,1,0,1,0,1,1,1,1,1,1,,,0,0,,1,1,1,1,0.00
Public Method,"org.apache.commons.math3.dfp.Decimal10.newInstance",,,,,,,,,,,,,,3,3,1,3,0,2,1,1,0,,,,0,,,,,,,,,,,,,1,0,1,0,1,1,1,1,1,1,,,0,0,,1,1,1,1,0.00
Public Method,"org.apache.commons.math3.dfp.Decimal10.newInstance",,,,,,,,,,,,,,3,3,1,2,0,2,1,1,0,,,,0,,,,,,,,,,,,,1,0,1,0,1,1,1,1,1,1,,,0,0,,1,1,1,1,0.00
Public Method,"org.apache.commons.math3.dfp.Decimal10.newInstance",,,,,,,,,,,,,,3,3,1,3,0,2,1,1,0,,,,0,,,,,,,,,,,,,1,0,1,0,1,1,1,1,1,1,,,0,0,,1,1,1,1,0.00
Public Method,"org.apache.commons.math3.dfp.Decimal10.newInstance",,,,,,,,,,,,,,3,3,1,3,0,2,1,1,0,,,,0,,,,,,,,,,,,,2,0,1,0,1,1,1,1,1,1,,,0,0,,1,1,1,1,0.00
Public Class,"org.apache.commons.math3.dfp.Dfp",4,2,4,6,3,,21,,67,69,0,1,52,2471,1515,1085,,,1201,,,,33,21,1,,5,6,32,21,2,1,2,,,5,69,16,,425,232,576,,876,257,944,,,33,39,,4,87,352,430,199,336,0.38
Public Constructor,"org.apache.commons.math3.dfp.Dfp.Dfp",,,,,,,,,,,,,,10,7,5,7,0,6,1,1,0,,,,0,,,,,,,,,,,,,20,0,1,3,1,5,1,5,1,1,,,0,0,,1,1,1,1,0.43
Protected Constructor,"org.apache.commons.math3.dfp.Dfp.Dfp",,,,,,,,,,,,,,7,3,1,2,0,2,1,1,0,,,,0,,,,,,,,,,,,,9,0,1,4,1,1,1,1,1,1,,,0,0,,1,1,1,1,1.33
Protected Constructor,"org.apache.commons.math3.dfp.Dfp.Dfp",,,,,,,,,,,,,,204,147,110,14,7,113,33,39,26,,,,24,,,,,,,,,,,,,15,34,14,27,10986627,86,15,98,33,21,,,26,3,,33,39,21,33,0.18
Protected Constructor,"org.apache.commons.math3.dfp.Dfp.Dfp",,,,,,,,,,,,,,10,7,5,7,0,6,1,1,0,,,,0,,,,,,,,,,,,,5,0,1,3,1,5,1,5,1,1,,,0,0,,1,1,1,1,0.43
Protected Constructor,"org.apache.commons.math3.dfp.Dfp.Dfp",,,,,,,,,,,,,,7,3,1,2,0,2,1,1,0,,,,0,,,,,,,,,,,,,6,0,1,4,1,1,1,1,1,1,,,0,0,,1,1,1,1,1.33
Protected Constructor,"org.apache.commons.math3.dfp.Dfp.Dfp",,,,,,,,,,,,,,46,31,23,8,2,25,7,7,3,,,,2,,,,,,,,,,,,,14,5,2,10,32,18,3,22,7,4,,,3,3,,7,7,4,7,0.32
Protected Constructor,"org.apache.commons.math3.dfp.Dfp.Dfp",,,,,,,,,,,,,,66,47,38,17,1,38,9,9,5,,,,3,,,,,,,,,,,,,13,10,5,10,17,29,5,33,9,4,,,3,3,,9,9,4,9,0.21
Protected Constructor,"org.apache.commons.math3.dfp.Dfp.Dfp",,,,,,,,,,,,,,13,7,5,7,0,6,1,1,0,,,,0,,,,,,,,,,,,,5,0,1,6,1,5,1,5,1,1,,,0,0,,1,1,1,1,0.86
Public Method,"org.apache.commons.math3.dfp.Dfp.abs",,,,,,,,,,,,,,8,5,3,3,0,4,1,1,0,,,,0,,,,,,,,,,,,,3,0,2,3,1,3,2,2,1,1,,,0,0,,1,1,1,1,0.60
Public Method,"org.apache.commons.math3.dfp.Dfp.add",,,,,,,,,,,,,,148,102,77,17,4,80,24,32,17,,,,15,,,,,,,,,,,,,48,24,16,24,17287,56,18,62,24,11,,,16,2,,24,32,11,24,0.24
Protected Method,"org.apache.commons.math3.dfp.Dfp.align",,,,,,,,,,,,,,60,35,26,7,1,28,8,8,3,,,,2,,,,,,,,,,,,,8,12,5,13,20,20,6,22,8,3,,,2,3,,8,8,3,8,0.37
Public Method,"org.apache.commons.math3.dfp.Dfp.ceil",,,,,,,,,,,,,,7,3,1,2,0,2,1,1,0,,,,0,,,,,,,,,,,,,1,0,1,4,1,1,1,1,1,1,,,0,0,,1,1,1,1,1.33
Public Method,"org.apache.commons.math3.dfp.Dfp.classify",,,,,,,,,,,,,,6,3,1,1,0,2,1,1,0,,,,0,,,,,,,,,,,,,6,0,1,3,1,1,1,1,1,1,,,0,0,,1,1,1,1,1.00
Private Static Method,"org.apache.commons.math3.dfp.Dfp.compare",,,,,,,,,,,,,,59,39,25,1,1,26,13,20,17,,,,17,,,,,,,,,,,,,15,10,1,10,16,13,2,24,13,13,,,17,2,,13,20,13,13,0.26
Protected Method,"org.apache.commons.math3.dfp.Dfp.complement",,,,,,,,,,,,,,23,14,10,2,1,15,3,3,0,,,,0,,,,,,,,,,,,,5,3,3,6,4,12,5,10,3,1,,,0,1,,3,3,1,3,0.43
Public Static Method,"org.apache.commons.math3.dfp.Dfp.copysign",,,,,,,,,,,,,,11,5,3,3,0,4,1,1,0,,,,0,,,,,,,,,,,,,7,0,2,6,1,3,2,2,1,1,,,0,0,,1,1,1,1,1.20
Protected Method,"org.apache.commons.math3.dfp.Dfp.dfp2sci",,,,,,,,,,,,,,80,57,40,1,3,51,11,11,4,,,,2,,,,,,,,,,,,,5,13,8,10,396,40,9,42,11,3,,,3,2,,11,11,3,11,0.18
Protected Method,"org.apache.commons.math3.dfp.Dfp.dfp2string",,,,,,,,,,,,,,72,54,41,1,3,45,11,11,0,,,,0,,,,,,,,,,,,,5,11,6,7,768,34,7,38,11,1,,,0,2,,11,11,1,11,0.13
Public Method,"org.apache.commons.math3.dfp.Dfp.divide",,,,,,,,,,,,,,64,45,35,11,1,38,9,10,6,,,,6,,,,,,,,,,,,,34,10,10,11,22,29,11,27,9,6,,,6,2,,9,10,6,9,0.24
Public Method,"org.apache.commons.math3.dfp.Dfp.divide",,,,,,,,,,,,,,213,150,110,13,6,134,33,39,23,,,,22,,,,,,,,,,,,,58,35,20,46,986312,103,27,107,33,19,,,23,4,,33,39,19,33,0.31
Public Method,"org.apache.commons.math3.dfp.Dfp.dotrap",,,,,,,,,,,,,,65,46,38,7,1,35,10,14,11,,,,0,,,,,,,,,,,,,40,10,2,10,21,28,2,33,7,1,,,0,2,,10,14,1,7,0.22
Public Method,"org.apache.commons.math3.dfp.Dfp.equals",,,,,,,,,,,,,,18,10,6,4,0,7,3,5,3,,,,3,,,,,,,,,,,,,22,4,2,4,3,4,2,5,3,3,,,3,2,,3,5,3,3,0.40
Public Method,"org.apache.commons.math3.dfp.Dfp.floor",,,,,,,,,,,,,,7,3,1,2,0,2,1,1,0,,,,0,,,,,,,,,,,,,2,0,1,4,1,1,1,1,1,1,,,0,0,,1,1,1,1,1.33
Public Method,"org.apache.commons.math3.dfp.Dfp.getField",,,,,,,,,,,,,,10,3,1,1,0,2,1,1,0,,,,0,,,,,,,,,,,,,37,0,1,7,1,1,1,1,1,1,,,0,0,,1,1,1,1,2.33
Public Method,"org.apache.commons.math3.dfp.Dfp.getOne",,,,,,,,,,,,,,6,3,1,2,0,2,1,1,0,,,,0,,,,,,,,,,,,,14,0,1,3,1,1,1,1,1,1,,,0,0,,1,1,1,1,1.00
Public Method,"org.apache.commons.math3.dfp.Dfp.getRadixDigits",,,,,,,,,,,,,,6,3,1,2,0,2,1,1,0,,,,0,,,,,,,,,,,,,4,0,1,3,1,1,1,1,1,1,,,0,0,,1,1,1,1,1.00
Public Method,"org.apache.commons.math3.dfp.Dfp.getTwo",,,,,,,,,,,,,,6,3,1,2,0,2,1,1,0,,,,0,,,,,,,,,,,,,5,0,1,3,1,1,1,1,1,1,,,0,0,,1,1,1,1,1.00
Public Method,"org.apache.commons.math3.dfp.Dfp.getZero",,,,,,,,,,,,,,6,3,1,2,0,2,1,1,0,,,,0,,,,,,,,,,,,,28,0,1,3,1,1,1,1,1,1,,,0,0,,1,1,1,1,1.00
Public Method,"org.apache.commons.math3.dfp.Dfp.greaterThan",,,,,,,,,,,,,,24,15,11,9,0,12,3,4,2,,,,2,,,,,,,,,,,,,16,3,2,6,3,9,2,10,3,3,,,2,1,,3,4,3,3,0.40
Public Method,"org.apache.commons.math3.dfp.Dfp.hashCode",,,,,,,,,,,,,,7,3,1,2,0,2,1,1,0,,,,0,,,,,,,,,,,,,4,0,1,4,1,1,1,1,1,1,,,0,0,,1,1,1,1,1.33
Public Method,"org.apache.commons.math3.dfp.Dfp.intValue",,,,,,,,,,,,,,28,18,11,5,1,15,5,5,2,,,,2,,,,,,,,,,,,,8,6,3,4,6,10,4,11,5,3,,,2,1,,5,5,3,5,0.22
Public Method,"org.apache.commons.math3.dfp.Dfp.isInfinite",,,,,,,,,,,,,,6,3,1,1,0,2,1,1,0,,,,0,,,,,,,,,,,,,8,0,1,3,1,1,1,1,1,1,,,0,0,,1,1,1,1,1.00
Public Method,"org.apache.commons.math3.dfp.Dfp.isNaN",,,,,,,,,,,,,,6,3,1,1,0,2,1,2,0,,,,0,,,,,,,,,,,,,22,0,1,3,1,1,1,1,1,1,,,0,0,,1,2,1,1,1.00
Public Method,"org.apache.commons.math3.dfp.Dfp.isZero",,,,,,,,,,,,,,14,8,5,7,0,6,2,3,1,,,,0,,,,,,,,,,,,,7,3,1,3,2,4,1,5,2,1,,,0,1,,2,3,1,2,0.38
Public Method,"org.apache.commons.math3.dfp.Dfp.lessThan",,,,,,,,,,,,,,24,15,11,9,0,12,3,4,2,,,,2,,,,,,,,,,,,,21,3,2,6,3,9,2,10,3,3,,,2,1,,3,4,3,3,0.40
Public Method,"org.apache.commons.math3.dfp.Dfp.log10",,,,,,,,,,,,,,15,12,7,1,1,8,4,4,3,,,,3,,,,,,,,,,,,,5,0,1,3,4,4,1,7,4,4,,,3,1,,4,4,4,4,0.25
Public Method,"org.apache.commons.math3.dfp.Dfp.log10K",,,,,,,,,,,,,,8,3,1,1,0,2,1,1,0,,,,0,,,,,,,,,,,,,2,0,1,5,1,1,1,1,1,1,,,0,0,,1,1,1,1,1.67
Public Method,"org.apache.commons.math3.dfp.Dfp.multiply",,,,,,,,,,,,,,62,46,35,11,2,38,10,13,7,,,,7,,,,,,,,,,,,,19,9,6,8,37,28,7,31,10,6,,,7,2,,10,13,6,10,0.17
Public Method,"org.apache.commons.math3.dfp.Dfp.multiply",,,,,,,,,,,,,,105,76,57,12,2,65,18,29,16,,,,15,,,,,,,,,,,,,38,19,8,16,295,48,12,53,18,11,,,16,2,,18,29,11,18,0.21
Public Method,"org.apache.commons.math3.dfp.Dfp.negate",,,,,,,,,,,,,,8,5,3,3,0,4,1,1,0,,,,0,,,,,,,,,,,,,20,0,2,3,1,3,2,2,1,1,,,0,0,,1,1,1,1,0.60
Public Method,"org.apache.commons.math3.dfp.Dfp.negativeOrNull",,,,,,,,,,,,,,14,8,5,7,0,6,2,4,1,,,,0,,,,,,,,,,,,,10,3,1,3,2,4,1,5,2,1,,,0,1,,2,4,1,2,0.38
Public Method,"org.apache.commons.math3.dfp.Dfp.newInstance",,,,,,,,,,,,,,18,9,6,7,0,7,2,2,1,,,,0,,,,,,,,,,,,,33,3,2,6,2,5,2,5,2,1,,,0,1,,2,2,1,2,0.67
Public Method,"org.apache.commons.math3.dfp.Dfp.newInstance",,,,,,,,,,,,,,9,3,1,2,0,2,1,1,0,,,,0,,,,,,,,,,,,,7,0,1,6,1,1,1,1,1,1,,,0,0,,1,1,1,1,2.00
Public Method,"org.apache.commons.math3.dfp.Dfp.newInstance",,,,,,,,,,,,,,7,3,1,3,0,2,1,1,0,,,,0,,,,,,,,,,,,,1,0,1,4,1,1,1,1,1,1,,,0,0,,1,1,1,1,1.33
Public Method,"org.apache.commons.math3.dfp.Dfp.newInstance",,,,,,,,,,,,,,7,3,1,3,0,2,1,1,0,,,,0,,,,,,,,,,,,,5,0,1,4,1,1,1,1,1,1,,,0,0,,1,1,1,1,1.33
Public Method,"org.apache.commons.math3.dfp.Dfp.newInstance",,,,,,,,,,,,,,7,3,1,3,0,2,1,1,0,,,,0,,,,,,,,,,,,,1,0,1,4,1,1,1,1,1,1,,,0,0,,1,1,1,1,1.33
Public Method,"org.apache.commons.math3.dfp.Dfp.newInstance",,,,,,,,,,,,,,7,3,1,3,0,2,1,1,0,,,,0,,,,,,,,,,,,,2,0,1,4,1,1,1,1,1,1,,,0,0,,1,1,1,1,1.33
Public Method,"org.apache.commons.math3.dfp.Dfp.newInstance",,,,,,,,,,,,,,7,3,1,3,0,2,1,1,0,,,,0,,,,,,,,,,,,,2,0,1,4,1,1,1,1,1,1,,,0,0,,1,1,1,1,1.33
Public Method,"org.apache.commons.math3.dfp.Dfp.newInstance",,,,,,,,,,,,,,8,3,1,2,0,2,1,1,0,,,,0,,,,,,,,,,,,,2,0,1,5,1,1,1,1,1,1,,,0,0,,1,1,1,1,1.67
Public Method,"org.apache.commons.math3.dfp.Dfp.nextAfter",,,,,,,,,,,,,,72,51,37,16,2,38,11,13,4,,,,2,,,,,,,,,,,,,12,14,5,7,99,27,5,33,11,3,,,2,2,,11,13,3,11,0.14
Public Method,"org.apache.commons.math3.dfp.Dfp.positiveOrNull",,,,,,,,,,,,,,14,8,5,7,0,6,2,4,1,,,,0,,,,,,,,,,,,,9,3,1,3,2,4,1,5,2,1,,,0,1,,2,4,1,2,0.38
Public Method,"org.apache.commons.math3.dfp.Dfp.power10",,,,,,,,,,,,,,28,21,17,5,1,13,5,5,7,,,,0,,,,,,,,,,,,,3,3,2,4,8,10,2,11,3,1,,,0,1,,5,5,1,3,0.19
Public Method,"org.apache.commons.math3.dfp.Dfp.power10K",,,,,,,,,,,,,,9,5,3,4,0,4,1,1,0,,,,0,,,,,,,,,,,,,4,0,2,4,1,3,2,2,1,1,,,0,0,,1,1,1,1,0.80
Public Method,"org.apache.commons.math3.dfp.Dfp.reciprocal",,,,,,,,,,,,,,4,3,1,3,0,2,1,1,0,,,,0,,,,,,,,,,,,,2,0,1,1,1,1,1,1,1,1,,,0,0,,1,1,1,1,0.33
Public Method,"org.apache.commons.math3.dfp.Dfp.remainder",,,,,,,,,,,,,,16,7,4,6,0,5,2,2,0,,,,0,,,,,,,,,,,,,7,4,2,5,2,3,2,3,2,1,,,0,1,,2,2,1,2,0.71
Public Method,"org.apache.commons.math3.dfp.Dfp.rint",,,,,,,,,,,,,,8,3,1,2,0,2,1,1,0,,,,0,,,,,,,,,,,,,6,0,1,5,1,1,1,1,1,1,,,0,0,,1,1,1,1,1.67
Protected Method,"org.apache.commons.math3.dfp.Dfp.round",,,,,,,,,,,,,,78,55,46,5,2,40,15,21,31,,,,3,,,,,,,,,,,,,27,14,4,16,160,32,5,35,8,4,,,3,2,,15,21,4,8,0.29
Protected Method,"org.apache.commons.math3.dfp.Dfp.shiftLeft",,,,,,,,,,,,,,9,7,4,2,0,7,2,2,0,,,,0,,,,,,,,,,,,,5,0,1,2,2,5,2,5,2,1,,,0,1,,2,2,1,2,0.29
Protected Method,"org.apache.commons.math3.dfp.Dfp.shiftRight",,,,,,,,,,,,,,9,7,4,2,0,7,2,2,0,,,,0,,,,,,,,,,,,,7,0,1,2,2,5,2,5,2,1,,,0,1,,2,2,1,2,0.29
Public Method,"org.apache.commons.math3.dfp.Dfp.sqrt",,,,,,,,,,,,,,95,64,49,14,2,48,14,17,18,,,,12,,,,,,,,,,,,,19,17,7,14,86,36,7,41,12,10,,,13,2,,14,17,10,12,0.22
Public Method,"org.apache.commons.math3.dfp.Dfp.strictlyNegative",,,,,,,,,,,,,,14,8,5,7,0,6,2,4,1,,,,0,,,,,,,,,,,,,7,3,1,3,2,4,1,5,2,1,,,0,1,,2,4,1,2,0.38
Public Method,"org.apache.commons.math3.dfp.Dfp.strictlyPositive",,,,,,,,,,,,,,14,8,5,7,0,6,2,4,1,,,,0,,,,,,,,,,,,,7,3,1,3,2,4,1,5,2,1,,,0,1,,2,4,1,2,0.38
Public Method,"org.apache.commons.math3.dfp.Dfp.subtract",,,,,,,,,,,,,,7,3,1,3,0,2,1,1,0,,,,0,,,,,,,,,,,,,47,0,1,4,1,1,1,1,1,1,,,0,0,,1,1,1,1,1.33
Public Method,"org.apache.commons.math3.dfp.Dfp.toDouble",,,,,,,,,,,,,,89,62,47,23,2,47,17,18,7,,,,7,,,,,,,,,,,,,23,18,10,9,292,32,10,37,17,7,,,7,2,,17,18,7,17,0.15
Public Method,"org.apache.commons.math3.dfp.Dfp.toSplitDouble",,,,,,,,,,,,,,13,7,5,6,0,6,1,1,0,,,,0,,,,,,,,,,,,,0,2,3,4,1,5,3,3,1,1,,,0,0,,1,1,1,1,0.57
Public Method,"org.apache.commons.math3.dfp.Dfp.toString",,,,,,,,,,,,,,20,13,8,3,1,8,5,6,4,,,,4,,,,,,,,,,,,,19,3,1,4,4,4,1,7,5,4,,,4,2,,5,6,4,5,0.31
Protected Method,"org.apache.commons.math3.dfp.Dfp.trap",,,,,,,,,,,,,,14,3,1,1,0,2,1,1,0,,,,0,,,,,,,,,,,,,2,0,1,11,1,1,1,1,1,1,,,0,0,,1,1,1,1,3.67
Protected Method,"org.apache.commons.math3.dfp.Dfp.trunc",,,,,,,,,,,,,,89,60,46,15,1,45,15,17,9,,,,6,,,,,,,,,,,,,16,14,6,18,23,32,7,38,13,7,,,6,3,,15,17,7,13,0.30
Public Method,"org.apache.commons.math3.dfp.Dfp.unequal",,,,,,,,,,,,,,11,6,3,5,0,4,2,5,1,,,,0,,,,,,,,,,,,,8,1,1,4,2,2,1,3,2,1,,,0,1,,2,5,1,2,0.67
Public Class,"org.apache.commons.math3.dfp.DfpDec",2,1,2,3,2,,0,,19,88,0,0,10,350,225,145,,,157,,,,14,6,2,,2,3,16,11,1,1,0,,,0,19,9,,61,48,73,,111,41,116,,,21,38,,2,0,52,71,26,45,0.32
Protected Constructor,"org.apache.commons.math3.dfp.DfpDec.DfpDec",,,,,,,,,,,,,,7,3,1,2,0,2,1,1,0,,,,0,,,,,,,,,,,,,7,0,1,4,1,1,1,1,1,1,,,0,0,,1,1,1,1,1.33
Protected Constructor,"org.apache.commons.math3.dfp.DfpDec.DfpDec",,,,,,,,,,,,,,7,3,1,2,0,2,1,1,0,,,,0,,,,,,,,,,,,,5,0,1,4,1,1,1,1,1,1,,,0,0,,1,1,1,1,1.33
Protected Constructor,"org.apache.commons.math3.dfp.DfpDec.DfpDec",,,,,,,,,,,,,,7,3,1,2,0,2,1,1,0,,,,0,,,,,,,,,,,,,5,0,1,4,1,1,1,1,1,1,,,0,0,,1,1,1,1,1.33
Protected Constructor,"org.apache.commons.math3.dfp.DfpDec.DfpDec",,,,,,,,,,,,,,6,3,1,2,0,2,1,1,0,,,,0,,,,,,,,,,,,,3,0,1,3,1,1,1,1,1,1,,,0,0,,1,1,1,1,1.00
Protected Constructor,"org.apache.commons.math3.dfp.DfpDec.DfpDec",,,,,,,,,,,,,,8,4,2,3,0,3,1,1,0,,,,0,,,,,,,,,,,,,4,0,1,4,1,2,1,2,1,1,,,0,0,,1,1,1,1,1.00
Public Constructor,"org.apache.commons.math3.dfp.DfpDec.DfpDec",,,,,,,,,,,,,,7,4,2,3,0,3,1,1,0,,,,0,,,,,,,,,,,,,3,0,1,3,1,2,1,2,1,1,,,0,0,,1,1,1,1,0.75
Protected Constructor,"org.apache.commons.math3.dfp.DfpDec.DfpDec",,,,,,,,,,,,,,8,4,2,3,0,3,1,1,0,,,,0,,,,,,,,,,,,,4,0,1,4,1,2,1,2,1,1,,,0,0,,1,1,1,1,1.00
Protected Constructor,"org.apache.commons.math3.dfp.DfpDec.DfpDec",,,,,,,,,,,,,,9,3,1,2,0,2,1,1,0,,,,0,,,,,,,,,,,,,5,0,1,6,1,1,1,1,1,1,,,0,0,,1,1,1,1,2.00
Protected Method,"org.apache.commons.math3.dfp.DfpDec.getDecimalDigits",,,,,,,,,,,,,,8,3,1,2,0,2,1,1,0,,,,0,,,,,,,,,,,,,2,0,1,5,1,1,1,1,1,1,,,0,0,,1,1,1,1,1.67
Public Method,"org.apache.commons.math3.dfp.DfpDec.newInstance",,,,,,,,,,,,,,4,3,1,3,0,2,1,1,0,,,,0,,,,,,,,,,,,,0,0,1,1,1,1,1,1,1,1,,,0,0,,1,1,1,1,0.33
Public Method,"org.apache.commons.math3.dfp.DfpDec.newInstance",,,,,,,,,,,,,,4,3,1,3,0,2,1,1,0,,,,0,,,,,,,,,,,,,1,0,1,1,1,1,1,1,1,1,,,0,0,,1,1,1,1,0.33
Public Method,"org.apache.commons.math3.dfp.DfpDec.newInstance",,,,,,,,,,,,,,4,3,1,3,0,2,1,1,0,,,,0,,,,,,,,,,,,,1,0,1,1,1,1,1,1,1,1,,,0,0,,1,1,1,1,0.33
Public Method,"org.apache.commons.math3.dfp.DfpDec.newInstance",,,,,,,,,,,,,,4,3,1,3,0,2,1,1,0,,,,0,,,,,,,,,,,,,1,0,1,1,1,1,1,1,1,1,,,0,0,,1,1,1,1,0.33
Public Method,"org.apache.commons.math3.dfp.DfpDec.newInstance",,,,,,,,,,,,,,4,3,1,3,0,2,1,1,0,,,,0,,,,,,,,,,,,,1,0,1,1,1,1,1,1,1,1,,,0,0,,1,1,1,1,0.33
Public Method,"org.apache.commons.math3.dfp.DfpDec.newInstance",,,,,,,,,,,,,,14,9,6,8,0,7,2,2,1,,,,0,,,,,,,,,,,,,4,3,2,2,2,5,2,5,2,1,,,0,1,,2,2,1,2,0.22
Public Method,"org.apache.commons.math3.dfp.DfpDec.newInstance",,,,,,,,,,,,,,4,3,1,3,0,2,1,1,0,,,,0,,,,,,,,,,,,,1,0,1,1,1,1,1,1,1,1,,,0,0,,1,1,1,1,0.33
Public Method,"org.apache.commons.math3.dfp.DfpDec.newInstance",,,,,,,,,,,,,,4,3,1,3,0,2,1,1,0,,,,0,,,,,,,,,,,,,2,0,1,1,1,1,1,1,1,1,,,0,0,,1,1,1,1,0.33
Public Method,"org.apache.commons.math3.dfp.DfpDec.nextAfter",,,,,,,,,,,,,,76,58,42,19,2,41,13,15,6,,,,2,,,,,,,,,,,,,9,15,6,3,195,28,6,35,13,3,,,2,2,,13,15,3,13,0.05
Protected Method,"org.apache.commons.math3.dfp.DfpDec.round",,,,,,,,,,,,,,126,95,78,8,3,73,21,38,34,,,,5,,,,,,,,,,,,,22,23,13,17,2565,59,16,57,14,6,,,5,2,,21,38,6,14,0.18
Public Class,"org.apache.commons.math3.dfp.DfpDecTest",1,1,21,3,5,,0,,6,6,0,1,5,541,386,361,,,153,,,,4,1,1,,1,2,86,62,1,0,0,,,3,6,0,,137,16,22,,143,11,142,,,4,7,,1,33,9,12,6,9,0.06
Public Method,"org.apache.commons.math3.dfp.DfpDecTest.setUp",,,,,,,,,,,,,,7,6,4,8,0,5,1,1,0,,,,0,,,,,,,,,,,,,2,0,1,1,1,4,1,4,1,1,,,0,0,,1,1,1,1,0.17
Public Method,"org.apache.commons.math3.dfp.DfpDecTest.tearDown",,,,,,,,,,,,,,5,5,3,3,0,4,1,1,0,,,,0,,,,,,,,,,,,,0,0,1,0,1,3,1,3,1,1,,,0,0,,1,1,1,1,0.00
Private Method,"org.apache.commons.math3.dfp.DfpDecTest.test",,,,,,,,,,,,,,16,11,9,9,1,10,4,7,0,,,,0,,,,,,,,,,,,,8,5,2,2,8,6,2,8,4,1,,,0,1,,4,7,1,4,0.18
Public Method,"org.apache.commons.math3.dfp.DfpDecTest.testNextAfter",,,,,,,,,,,,,,62,48,45,5,0,16,1,1,0,,,,0,,,,,,,,,,,,,6,14,1,0,1,15,1,15,1,1,,,0,0,,1,1,1,1,0.00
Public Method,"org.apache.commons.math3.dfp.DfpDecTest.testRound",,,,,,,,,,,,,,215,153,150,3,0,57,1,1,0,,,,0,,,,,,,,,,,,,10,55,1,8,1,56,1,56,1,1,,,0,0,,1,1,1,1,0.05
Public Method,"org.apache.commons.math3.dfp.DfpDecTest.testRoundDecimal10",,,,,,,,,,,,,,215,153,150,5,0,57,1,1,0,,,,0,,,,,,,,,,,,,10,55,1,8,1,56,1,56,1,1,,,0,0,,1,1,1,1,0.05
Public Class,"org.apache.commons.math3.dfp.DfpField",1,1,0,6,2,,14,,36,40,0,4,36,736,301,164,,,244,,,,8,3,1,,1,1,13,6,2,0,4,,,20,40,0,,126,117,309,,187,114,130,,,8,13,,2,94,57,63,48,57,1.03
Public Constructor,"org.apache.commons.math3.dfp.DfpField.DfpField",,,,,,,,,,,,,,12,3,1,2,0,2,1,1,0,,,,0,,,,,,,,,,,,,7,0,1,9,1,1,1,1,1,1,,,0,0,,1,1,1,1,3.00
Private Constructor,"org.apache.commons.math3.dfp.DfpField.DfpField",,,,,,,,,,,,,,66,42,38,25,0,38,4,4,1,,,,0,,,,,,,,,,,,,15,6,1,18,2,35,1,37,4,1,,,0,1,,4,4,1,4,0.43
Public Enum Type,"org.apache.commons.math3.dfp.DfpField.RoundingMode",1,1,0,0,1,,0,,2,2,0,0,2,30,10,0,,,1,,,,1,1,1,,1,1,0,0,1,0,0,,,8,2,0,,9,9,11,,1,1,0,,,1,1,,0,100,2,2,2,2,1.10
Public Method,"org.apache.commons.math3.dfp.DfpField.RoundingMode.valueOf",,,,,,,,,,,,,,0,0,0,1,0,0,1,1,0,,,,0,,,,,,,,,,,,,0,0,0,0,0,0,0,0,1,1,,,0,0,,1,1,1,1,0.00
Public Method,"org.apache.commons.math3.dfp.DfpField.RoundingMode.values",,,,,,,,,,,,,,0,0,0,1,0,0,1,1,0,,,,0,,,,,,,,,,,,,0,0,0,0,0,0,0,0,1,1,,,0,0,,1,1,1,1,0.00
Public Method,"org.apache.commons.math3.dfp.DfpField.clearIEEEFlags",,,,,,,,,,,,,,13,3,1,1,0,2,1,1,0,,,,0,,,,,,,,,,,,,7,0,1,10,1,1,1,1,1,1,,,0,0,,1,1,1,1,3.33
Public Static Method,"org.apache.commons.math3.dfp.DfpField.computeExp",,,,,,,,,,,,,,27,18,14,6,0,17,3,3,2,,,,2,,,,,,,,,,,,,3,4,6,5,3,14,7,10,3,3,,,2,2,,3,3,3,3,0.28
Public Static Method,"org.apache.commons.math3.dfp.DfpField.computeLn",,,,,,,,,,,,,,81,19,15,9,0,18,3,3,2,,,,2,,,,,,,,,,,,,4,4,7,58,3,15,8,10,3,3,,,2,2,,3,3,3,3,3.05
Private Static Method,"org.apache.commons.math3.dfp.DfpField.computePi",,,,,,,,,,,,,,42,22,18,7,0,21,3,3,2,,,,2,,,,,,,,,,,,,4,8,12,12,3,18,13,8,3,3,,,2,2,,3,3,3,3,0.55
Private Static Method,"org.apache.commons.math3.dfp.DfpField.computeStringConstants",,,,,,,,,,,,,,28,19,16,18,0,17,2,3,0,,,,0,,,,,,,,,,,,,3,5,7,4,2,15,7,10,2,1,,,0,1,,2,3,1,2,0.21
Public Method,"org.apache.commons.math3.dfp.DfpField.getE",,,,,,,,,,,,,,6,3,1,1,0,2,1,1,0,,,,0,,,,,,,,,,,,,1,0,1,3,1,1,1,1,1,1,,,0,0,,1,1,1,1,1.00
Public Method,"org.apache.commons.math3.dfp.DfpField.getESplit",,,,,,,,,,,,,,6,3,1,2,0,2,1,1,0,,,,0,,,,,,,,,,,,,2,0,1,3,1,1,1,1,1,1,,,0,0,,1,1,1,1,1.00
Public Method,"org.apache.commons.math3.dfp.DfpField.getIEEEFlags",,,,,,,,,,,,,,14,3,1,1,0,2,1,1,0,,,,0,,,,,,,,,,,,,5,0,1,11,1,1,1,1,1,1,,,0,0,,1,1,1,1,3.67
Public Method,"org.apache.commons.math3.dfp.DfpField.getLn10",,,,,,,,,,,,,,6,3,1,1,0,2,1,1,0,,,,0,,,,,,,,,,,,,1,0,1,3,1,1,1,1,1,1,,,0,0,,1,1,1,1,1.00
Public Method,"org.apache.commons.math3.dfp.DfpField.getLn2",,,,,,,,,,,,,,6,3,1,1,0,2,1,1,0,,,,0,,,,,,,,,,,,,2,0,1,3,1,1,1,1,1,1,,,0,0,,1,1,1,1,1.00
Public Method,"org.apache.commons.math3.dfp.DfpField.getLn2Split",,,,,,,,,,,,,,6,3,1,2,0,2,1,1,0,,,,0,,,,,,,,,,,,,2,0,1,3,1,1,1,1,1,1,,,0,0,,1,1,1,1,1.00
Public Method,"org.apache.commons.math3.dfp.DfpField.getLn5",,,,,,,,,,,,,,6,3,1,1,0,2,1,1,0,,,,0,,,,,,,,,,,,,1,0,1,3,1,1,1,1,1,1,,,0,0,,1,1,1,1,1.00
Public Method,"org.apache.commons.math3.dfp.DfpField.getLn5Split",,,,,,,,,,,,,,6,3,1,2,0,2,1,1,0,,,,0,,,,,,,,,,,,,2,0,1,3,1,1,1,1,1,1,,,0,0,,1,1,1,1,1.00
Public Method,"org.apache.commons.math3.dfp.DfpField.getOne",,,,,,,,,,,,,,6,3,1,1,0,2,1,1,0,,,,0,,,,,,,,,,,,,16,0,1,3,1,1,1,1,1,1,,,0,0,,1,1,1,1,1.00
Public Method,"org.apache.commons.math3.dfp.DfpField.getPi",,,,,,,,,,,,,,6,3,1,1,0,2,1,1,0,,,,0,,,,,,,,,,,,,9,0,1,3,1,1,1,1,1,1,,,0,0,,1,1,1,1,1.00
Public Method,"org.apache.commons.math3.dfp.DfpField.getPiSplit",,,,,,,,,,,,,,6,3,1,2,0,2,1,1,0,,,,0,,,,,,,,,,,,,4,0,1,3,1,1,1,1,1,1,,,0,0,,1,1,1,1,1.00
Public Method,"org.apache.commons.math3.dfp.DfpField.getRadixDigits",,,,,,,,,,,,,,6,3,1,1,0,2,1,1,0,,,,0,,,,,,,,,,,,,20,0,1,3,1,1,1,1,1,1,,,0,0,,1,1,1,1,1.00
Public Method,"org.apache.commons.math3.dfp.DfpField.getRoundingMode",,,,,,,,,,,,,,6,3,1,1,0,2,1,1,0,,,,0,,,,,,,,,,,,,4,0,1,3,1,1,1,1,1,1,,,0,0,,1,1,1,1,1.00
Public Method,"org.apache.commons.math3.dfp.DfpField.getRuntimeClass",,,,,,,,,,,,,,4,3,1,1,0,2,1,1,0,,,,0,,,,,,,,,,,,,1,0,1,1,1,1,1,1,1,1,,,0,0,,1,1,1,1,0.33
Public Method,"org.apache.commons.math3.dfp.DfpField.getSqr2",,,,,,,,,,,,,,6,3,1,1,0,2,1,1,0,,,,0,,,,,,,,,,,,,1,0,1,3,1,1,1,1,1,1,,,0,0,,1,1,1,1,1.00
Public Method,"org.apache.commons.math3.dfp.DfpField.getSqr2Reciprocal",,,,,,,,,,,,,,6,3,1,1,0,2,1,1,0,,,,0,,,,,,,,,,,,,1,0,1,3,1,1,1,1,1,1,,,0,0,,1,1,1,1,1.00
Public Method,"org.apache.commons.math3.dfp.DfpField.getSqr2Split",,,,,,,,,,,,,,6,3,1,2,0,2,1,1,0,,,,0,,,,,,,,,,,,,2,0,1,3,1,1,1,1,1,1,,,0,0,,1,1,1,1,1.00
Public Method,"org.apache.commons.math3.dfp.DfpField.getSqr3",,,,,,,,,,,,,,6,3,1,1,0,2,1,1,0,,,,0,,,,,,,,,,,,,1,0,1,3,1,1,1,1,1,1,,,0,0,,1,1,1,1,1.00
Public Method,"org.apache.commons.math3.dfp.DfpField.getSqr3Reciprocal",,,,,,,,,,,,,,6,3,1,1,0,2,1,1,0,,,,0,,,,,,,,,,,,,1,0,1,3,1,1,1,1,1,1,,,0,0,,1,1,1,1,1.00
Public Method,"org.apache.commons.math3.dfp.DfpField.getTwo",,,,,,,,,,,,,,6,3,1,1,0,2,1,1,0,,,,0,,,,,,,,,,,,,3,0,1,3,1,1,1,1,1,1,,,0,0,,1,1,1,1,1.00
Public Method,"org.apache.commons.math3.dfp.DfpField.getZero",,,,,,,,,,,,,,6,3,1,1,0,2,1,1,0,,,,0,,,,,,,,,,,,,11,0,1,3,1,1,1,1,1,1,,,0,0,,1,1,1,1,1.00
Public Method,"org.apache.commons.math3.dfp.DfpField.newDfp",,,,,,,,,,,,,,9,3,1,2,0,2,1,1,0,,,,0,,,,,,,,,,,,,7,0,1,6,1,1,1,1,1,1,,,0,0,,1,1,1,1,2.00
Public Method,"org.apache.commons.math3.dfp.DfpField.newDfp",,,,,,,,,,,,,,7,3,1,2,0,2,1,1,0,,,,0,,,,,,,,,,,,,2,0,1,4,1,1,1,1,1,1,,,0,0,,1,1,1,1,1.33
Public Method,"org.apache.commons.math3.dfp.DfpField.newDfp",,,,,,,,,,,,,,6,3,1,2,0,2,1,1,0,,,,0,,,,,,,,,,,,,2,0,1,3,1,1,1,1,1,1,,,0,0,,1,1,1,1,1.00
Public Method,"org.apache.commons.math3.dfp.DfpField.newDfp",,,,,,,,,,,,,,7,3,1,2,0,2,1,1,0,,,,0,,,,,,,,,,,,,1,0,1,4,1,1,1,1,1,1,,,0,0,,1,1,1,1,1.33
Public Method,"org.apache.commons.math3.dfp.DfpField.newDfp",,,,,,,,,,,,,,7,3,1,2,0,2,1,1,0,,,,0,,,,,,,,,,,,,5,0,1,4,1,1,1,1,1,1,,,0,0,,1,1,1,1,1.33
Public Method,"org.apache.commons.math3.dfp.DfpField.newDfp",,,,,,,,,,,,,,7,3,1,2,0,2,1,1,0,,,,0,,,,,,,,,,,,,1,0,1,4,1,1,1,1,1,1,,,0,0,,1,1,1,1,1.33
Public Method,"org.apache.commons.math3.dfp.DfpField.newDfp",,,,,,,,,,,,,,7,3,1,2,0,2,1,1,0,,,,0,,,,,,,,,,,,,25,0,1,4,1,1,1,1,1,1,,,0,0,,1,1,1,1,1.33
Public Method,"org.apache.commons.math3.dfp.DfpField.newDfp",,,,,,,,,,,,,,7,3,1,2,0,2,1,1,0,,,,0,,,,,,,,,,,,,1,0,1,4,1,1,1,1,1,1,,,0,0,,1,1,1,1,1.33
Public Method,"org.apache.commons.math3.dfp.DfpField.setIEEEFlags",,,,,,,,,,,,,,14,3,1,1,0,2,1,1,0,,,,0,,,,,,,,,,,,,6,0,1,11,1,1,1,1,1,1,,,0,0,,1,1,1,1,3.67
Public Method,"org.apache.commons.math3.dfp.DfpField.setIEEEFlagsBits",,,,,,,,,,,,,,17,3,1,1,0,2,1,1,0,,,,0,,,,,,,,,,,,,29,0,1,14,1,1,1,1,1,1,,,0,0,,1,1,1,1,4.67
Public Method,"org.apache.commons.math3.dfp.DfpField.setRoundingMode",,,,,,,,,,,,,,10,3,1,1,0,2,1,1,0,,,,0,,,,,,,,,,,,,4,0,1,7,1,1,1,1,1,1,,,0,0,,1,1,1,1,2.33
Private Method,"org.apache.commons.math3.dfp.DfpField.split",,,,,,,,,,,,,,50,33,24,4,2,29,8,13,2,,,,2,,,,,,,,,,,,,4,11,6,6,51,21,8,21,8,3,,,2,2,,8,13,3,8,0.18
Public Class,"org.apache.commons.math3.dfp.DfpMath",4,3,6,12,2,,1,,1,21,0,1,10,951,527,393,,,423,,,,29,24,1,,4,5,43,24,1,0,20,,,0,21,10,,168,122,262,,325,129,294,,,29,40,,4,95,100,119,64,100,0.50
Private Constructor,"org.apache.commons.math3.dfp.DfpMath.DfpMath",,,,,,,,,,,,,,5,2,0,1,0,1,1,1,0,,,,0,,,,,,,,,,,,,0,0,1,3,1,0,1,0,1,1,,,0,0,,1,1,1,1,1.50
Public Static Method,"org.apache.commons.math3.dfp.DfpMath.acos",,,,,,,,,,,,,,22,13,8,13,1,10,3,3,0,,,,0,,,,,,,,,,,,,2,5,3,5,4,7,3,7,3,1,,,0,1,,3,3,1,3,0.38
Public Static Method,"org.apache.commons.math3.dfp.DfpMath.asin",,,,,,,,,,,,,,7,3,1,7,0,2,1,1,0,,,,0,,,,,,,,,,,,,2,0,1,4,1,1,1,1,1,1,,,0,0,,1,1,1,1,1.33
Public Static Method,"org.apache.commons.math3.dfp.DfpMath.atan",,,,,,,,,,,,,,73,43,35,19,2,36,7,7,0,,,,0,,,,,,,,,,,,,6,16,14,14,64,29,14,22,7,1,,,0,1,,7,7,1,7,0.33
Protected Static Method,"org.apache.commons.math3.dfp.DfpMath.atanInternal",,,,,,,,,,,,,,24,16,12,7,0,15,3,3,2,,,,2,,,,,,,,,,,,,2,4,4,4,3,12,5,10,3,3,,,2,2,,3,3,3,3,0.25
Public Static Method,"org.apache.commons.math3.dfp.DfpMath.cos",,,,,,,,,,,,,,49,30,23,15,1,24,5,5,1,,,,0,,,,,,,,,,,,,3,9,9,10,16,19,9,15,5,1,,,0,1,,5,5,1,5,0.33
Protected Static Method,"org.apache.commons.math3.dfp.DfpMath.cosInternal",,,,,,,,,,,,,,33,20,16,8,0,19,3,3,2,,,,2,,,,,,,,,,,,,3,8,7,6,3,16,8,11,3,3,,,2,2,,3,3,3,3,0.30
Public Static Method,"org.apache.commons.math3.dfp.DfpMath.exp",,,,,,,,,,,,,,28,14,10,11,0,11,3,3,2,,,,2,,,,,,,,,,,,,10,5,6,9,3,8,6,5,3,3,,,2,1,,3,3,3,3,0.64
Protected Static Method,"org.apache.commons.math3.dfp.DfpMath.expInternal",,,,,,,,,,,,,,23,16,12,7,0,15,3,3,2,,,,2,,,,,,,,,,,,,2,2,5,5,3,12,6,9,3,3,,,2,2,,3,3,3,3,0.31
Public Static Method,"org.apache.commons.math3.dfp.DfpMath.log",,,,,,,,,,,,,,69,44,35,30,1,39,5,7,2,,,,2,,,,,,,,,,,,,9,15,8,13,6,34,8,31,5,3,,,2,1,,5,7,3,5,0.30
Protected Static Method,"org.apache.commons.math3.dfp.DfpMath.logInternal",,,,,,,,,,,,,,84,21,17,11,0,20,3,3,2,,,,2,,,,,,,,,,,,,2,5,7,58,3,17,8,12,3,3,,,2,2,,3,3,3,3,2.76
Public Static Method,"org.apache.commons.math3.dfp.DfpMath.pow",,,,,,,,,,,,,,201,123,91,32,2,80,29,40,44,,,,42,,,,,,,,,,,,,10,20,13,58,53,51,13,67,29,24,,,42,4,,29,40,24,29,0.47
Public Static Method,"org.apache.commons.math3.dfp.DfpMath.pow",,,,,,,,,,,,,,50,32,24,6,1,25,6,6,1,,,,0,,,,,,,,,,,,,7,11,7,7,5,21,7,18,6,1,,,0,2,,6,6,1,6,0.22
Public Static Method,"org.apache.commons.math3.dfp.DfpMath.sin",,,,,,,,,,,,,,50,30,23,16,1,24,5,5,1,,,,0,,,,,,,,,,,,,5,9,9,11,16,19,9,15,5,1,,,0,1,,5,5,1,5,0.37
Protected Static Method,"org.apache.commons.math3.dfp.DfpMath.sinInternal",,,,,,,,,,,,,,29,19,15,8,0,18,3,3,2,,,,2,,,,,,,,,,,,,3,5,6,6,3,15,7,11,3,3,,,2,2,,3,3,3,3,0.32
Protected Static Method,"org.apache.commons.math3.dfp.DfpMath.split",,,,,,,,,,,,,,53,34,24,5,2,30,8,13,2,,,,2,,,,,,,,,,,,,3,10,6,9,51,22,8,22,8,3,,,2,2,,8,13,3,8,0.26
Protected Static Method,"org.apache.commons.math3.dfp.DfpMath.split",,,,,,,,,,,,,,11,7,5,6,0,6,1,1,0,,,,0,,,,,,,,,,,,,6,0,3,4,1,5,3,3,1,1,,,0,0,,1,1,1,1,0.57
Protected Static Method,"org.apache.commons.math3.dfp.DfpMath.splitDiv",,,,,,,,,,,,,,18,8,5,5,0,7,1,1,0,,,,0,,,,,,,,,,,,,3,3,2,7,1,6,2,5,1,1,,,0,0,,1,1,1,1,0.88
Protected Static Method,"org.apache.commons.math3.dfp.DfpMath.splitMult",,,,,,,,,,,,,,26,10,7,6,0,8,2,3,1,,,,0,,,,,,,,,,,,,6,5,2,11,2,6,2,6,2,1,,,0,1,,2,3,1,2,1.10
Protected Static Method,"org.apache.commons.math3.dfp.DfpMath.splitPow",,,,,,,,,,,,,,57,36,28,7,1,29,7,7,3,,,,3,,,,,,,,,,,,,4,13,6,8,13,23,6,23,7,5,,,3,3,,7,7,5,7,0.22
Public Static Method,"org.apache.commons.math3.dfp.DfpMath.tan",,,,,,,,,,,,,,7,3,1,4,0,2,1,1,0,,,,0,,,,,,,,,,,,,2,0,1,4,1,1,1,1,1,1,,,0,0,,1,1,1,1,1.33
Public Class,"org.apache.commons.math3.dfp.DfpMathTest",1,1,25,7,3,,0,,5,5,0,1,4,563,396,372,,,149,,,,4,1,1,,1,2,108,77,1,0,0,,,5,5,0,,137,17,38,,140,13,136,,,4,7,,1,31,8,11,5,8,0.10
Public Method,"org.apache.commons.math3.dfp.DfpMathTest.setUp",,,,,,,,,,,,,,13,10,8,12,0,9,1,1,0,,,,0,,,,,,,,,,,,,3,1,2,2,1,8,2,7,1,1,,,0,0,,1,1,1,1,0.20
Public Method,"org.apache.commons.math3.dfp.DfpMathTest.tearDown",,,,,,,,,,,,,,6,6,4,4,0,5,1,1,0,,,,0,,,,,,,,,,,,,0,0,1,0,1,4,1,4,1,1,,,0,0,,1,1,1,1,0.00
Private Method,"org.apache.commons.math3.dfp.DfpMathTest.test",,,,,,,,,,,,,,17,12,9,9,1,10,4,7,0,,,,0,,,,,,,,,,,,,7,5,2,2,8,6,2,8,4,1,,,0,1,,4,7,1,4,0.17
Public Method,"org.apache.commons.math3.dfp.DfpMathTest.testPow",,,,,,,,,,,,,,395,273,270,7,0,91,1,1,0,,,,0,,,,,,,,,,,,,6,97,1,25,1,90,1,90,1,1,,,0,0,,1,1,1,1,0.09
Public Method,"org.apache.commons.math3.dfp.DfpMathTest.testSin",,,,,,,,,,,,,,110,84,81,12,0,28,1,1,0,,,,0,,,,,,,,,,,,,5,26,1,6,1,27,1,27,1,1,,,0,0,,1,1,1,1,0.07
Public Class,"org.apache.commons.math3.dfp.DfpTest",1,1,9,7,5,,0,,30,30,0,2,28,1602,1204,1086,,,691,,,,16,1,1,,1,1,50,38,1,0,0,,,6,30,0,,330,69,239,,634,41,650,,,16,16,,2,61,56,59,30,56,0.20
Private Method,"org.apache.commons.math3.dfp.DfpTest.cmptst",,,,,,,,,,,,,,18,15,12,5,2,13,9,9,0,,,,0,,,,,,,,,,,,,6,3,1,0,81,4,1,12,9,1,,,0,2,,9,9,1,9,0.00
Public Method,"org.apache.commons.math3.dfp.DfpTest.setUp",,,,,,,,,,,,,,10,9,7,12,0,8,1,1,0,,,,0,,,,,,,,,,,,,4,0,1,1,1,7,1,7,1,1,,,0,0,,1,1,1,1,0.11
Public Method,"org.apache.commons.math3.dfp.DfpTest.tearDown",,,,,,,,,,,,,,8,8,6,6,0,7,1,1,0,,,,0,,,,,,,,,,,,,0,0,1,0,1,6,1,6,1,1,,,0,0,,1,1,1,1,0.00
Private Method,"org.apache.commons.math3.dfp.DfpTest.test",,,,,,,,,,,,,,17,12,9,9,1,10,4,7,0,,,,0,,,,,,,,,,,,,20,5,2,2,8,6,2,8,4,1,,,0,1,,4,7,1,4,0.17
Public Method,"org.apache.commons.math3.dfp.DfpTest.testAdd",,,,,,,,,,,,,,248,186,183,4,0,62,1,1,0,,,,0,,,,,,,,,,,,,8,61,1,51,1,61,1,61,1,1,,,0,0,,1,1,1,1,0.27
Public Method,"org.apache.commons.math3.dfp.DfpTest.testByteConstructor",,,,,,,,,,,,,,7,7,5,3,0,6,1,1,0,,,,0,,,,,,,,,,,,,1,0,1,0,1,5,1,5,1,1,,,0,0,,1,1,1,1,0.00
Public Method,"org.apache.commons.math3.dfp.DfpTest.testCeil",,,,,,,,,,,,,,6,6,3,3,0,2,1,1,0,,,,0,,,,,,,,,,,,,2,0,1,0,1,1,1,1,1,1,,,0,0,,1,1,1,1,0.00
Public Method,"org.apache.commons.math3.dfp.DfpTest.testCompare",,,,,,,,,,,,,,363,260,257,6,5,258,16,16,0,,,,0,,,,,,,,,,,,,7,58,1,153,32768,242,1,257,16,1,,,0,1,,16,16,1,16,0.59
Public Method,"org.apache.commons.math3.dfp.DfpTest.testCopySign",,,,,,,,,,,,,,18,15,12,3,0,5,1,1,0,,,,0,,,,,,,,,,,,,1,3,1,0,1,4,1,4,1,1,,,0,0,,1,1,1,1,0.00
Public Method,"org.apache.commons.math3.dfp.DfpTest.testDivide",,,,,,,,,,,,,,118,90,87,4,0,30,1,1,0,,,,0,,,,,,,,,,,,,9,28,1,3,1,29,1,29,1,1,,,0,0,,1,1,1,1,0.03
Public Method,"org.apache.commons.math3.dfp.DfpTest.testDivideInt",,,,,,,,,,,,,,66,51,48,4,0,17,1,1,0,,,,0,,,,,,,,,,,,,8,15,1,1,1,16,1,16,1,1,,,0,0,,1,1,1,1,0.02
Public Method,"org.apache.commons.math3.dfp.DfpTest.testFloor",,,,,,,,,,,,,,6,6,3,3,0,2,1,1,0,,,,0,,,,,,,,,,,,,2,0,1,0,1,1,1,1,1,1,,,0,0,,1,1,1,1,0.00
Public Method,"org.apache.commons.math3.dfp.DfpTest.testIntConstructor",,,,,,,,,,,,,,9,9,7,3,0,8,1,1,0,,,,0,,,,,,,,,,,,,1,0,1,0,1,7,1,7,1,1,,,0,0,,1,1,1,1,0.00
Public Method,"org.apache.commons.math3.dfp.DfpTest.testIntValue",,,,,,,,,,,,,,9,9,6,3,0,7,1,1,0,,,,0,,,,,,,,,,,,,1,0,1,0,1,6,1,6,1,1,,,0,0,,1,1,1,1,0.00
Public Method,"org.apache.commons.math3.dfp.DfpTest.testIsZero",,,,,,,,,,,,,,13,13,11,6,0,12,1,1,0,,,,0,,,,,,,,,,,,,4,0,1,0,1,11,1,11,1,1,,,0,0,,1,1,1,1,0.00
Public Method,"org.apache.commons.math3.dfp.DfpTest.testIssue567",,,,,,,,,,,,,,7,7,5,6,0,6,1,1,0,,,,0,,,,,,,,,,,,,2,0,2,0,1,5,2,4,1,1,,,0,0,,1,1,1,1,0.00
Public Method,"org.apache.commons.math3.dfp.DfpTest.testLog10",,,,,,,,,,,,,,21,19,16,3,0,17,1,1,0,,,,0,,,,,,,,,,,,,1,2,1,0,1,16,1,16,1,1,,,0,0,,1,1,1,1,0.00
Public Method,"org.apache.commons.math3.dfp.DfpTest.testLog10K",,,,,,,,,,,,,,8,8,5,3,0,6,1,1,0,,,,0,,,,,,,,,,,,,1,0,1,0,1,5,1,5,1,1,,,0,0,,1,1,1,1,0.00
Public Method,"org.apache.commons.math3.dfp.DfpTest.testLongConstructor",,,,,,,,,,,,,,9,9,7,3,0,8,1,1,0,,,,0,,,,,,,,,,,,,1,0,1,0,1,7,1,7,1,1,,,0,0,,1,1,1,1,0.00
Public Method,"org.apache.commons.math3.dfp.DfpTest.testMultiply",,,,,,,,,,,,,,161,120,117,5,0,40,1,1,0,,,,0,,,,,,,,,,,,,7,39,1,8,1,39,1,39,1,1,,,0,0,,1,1,1,1,0.07
Public Method,"org.apache.commons.math3.dfp.DfpTest.testNextAfter",,,,,,,,,,,,,,62,48,45,3,0,16,1,1,0,,,,0,,,,,,,,,,,,,6,14,1,0,1,15,1,15,1,1,,,0,0,,1,1,1,1,0.00
Public Method,"org.apache.commons.math3.dfp.DfpTest.testPower10",,,,,,,,,,,,,,26,24,21,4,0,22,1,1,0,,,,0,,,,,,,,,,,,,1,2,2,0,1,21,2,20,1,1,,,0,0,,1,1,1,1,0.00
Public Method,"org.apache.commons.math3.dfp.DfpTest.testPower10K",,,,,,,,,,,,,,12,10,7,4,0,8,1,1,0,,,,0,,,,,,,,,,,,,1,2,2,0,1,7,2,6,1,1,,,0,0,,1,1,1,1,0.00
Public Method,"org.apache.commons.math3.dfp.DfpTest.testReciprocal",,,,,,,,,,,,,,38,30,27,4,0,10,1,1,0,,,,0,,,,,,,,,,,,,6,8,1,0,1,9,1,9,1,1,,,0,0,,1,1,1,1,0.00
Public Method,"org.apache.commons.math3.dfp.DfpTest.testRemainder",,,,,,,,,,,,,,14,12,9,3,0,4,1,1,0,,,,0,,,,,,,,,,,,,2,2,1,0,1,3,1,3,1,1,,,0,0,,1,1,1,1,0.00
Public Method,"org.apache.commons.math3.dfp.DfpTest.testRint",,,,,,,,,,,,,,14,12,9,3,0,4,1,1,0,,,,0,,,,,,,,,,,,,2,2,1,0,1,3,1,3,1,1,,,0,0,,1,1,1,1,0.00
Public Method,"org.apache.commons.math3.dfp.DfpTest.testRound",,,,,,,,,,,,,,117,80,77,4,0,32,1,1,0,,,,0,,,,,,,,,,,,,10,30,1,8,1,31,1,31,1,1,,,0,0,,1,1,1,1,0.10
Public Method,"org.apache.commons.math3.dfp.DfpTest.testSignPredicates",,,,,,,,,,,,,,53,42,40,9,0,41,1,1,0,,,,0,,,,,,,,,,,,,4,11,1,0,1,40,1,40,1,1,,,0,0,,1,1,1,1,0.00
Public Method,"org.apache.commons.math3.dfp.DfpTest.testSqrt",,,,,,,,,,,,,,50,39,36,5,0,13,1,1,0,,,,0,,,,,,,,,,,,,7,11,1,0,1,12,1,12,1,1,,,0,0,,1,1,1,1,0.00
Public Method,"org.apache.commons.math3.dfp.DfpTest.testToString",,,,,,,,,,,,,,12,12,9,5,0,10,1,1,0,,,,0,,,,,,,,,,,,,6,0,1,0,1,9,1,9,1,1,,,0,0,,1,1,1,1,0.00
Public Interface,"org.apache.commons.math3.dfp.UnivariateDfpFunction",0,0,0,0,1,,0,,1,1,1,0,0,17,3,0,,,2,,,,0,0,0,,0,0,0,0,0,7,0,,,0,1,0,,2,2,12,,1,2,0,,,0,0,,0,0,0,0,0,0,4.00
Abstract Method,"org.apache.commons.math3.dfp.UnivariateDfpFunction.value",,,,,,,,,,,,,,13,1,0,1,0,1,0,0,0,,,,0,,,,,,,,,,,,,3,0,1,12,0,1,1,0,0,0,,,0,0,,0,0,0,0,12.00
Package,"org.apache.commons.math3.distribution",1,1,0,3,,53,46,48,640,,30,26,530,10038,4876,2650,,,3202,,,,15,6,,,1,1,11,6,,,4,,,92,644,58,,1081,1826,4130,,2290,1517,1685,,,15,19,,5,,869,907,667,869,0.85
Public Abstract Class,"org.apache.commons.math3.distribution.AbstractIntegerDistribution",2,1,0,8,7,,1,,8,8,0,1,5,180,92,58,,,63,,,,9,5,1,,2,3,19,10,3,7,0,,,1,8,2,,14,25,75,,39,23,40,,,9,14,,2,87,23,29,12,23,0.82
Protected Constructor,"org.apache.commons.math3.distribution.AbstractIntegerDistribution.AbstractIntegerDistribution",,,,,,,,,,,,,,2,1,0,1,0,1,1,1,0,,,,0,,,,,,,,,,,,,0,0,1,1,1,0,1,0,1,1,,,0,0,,1,1,1,1,1.00
Private Method,"org.apache.commons.math3.distribution.AbstractIntegerDistribution.checkedCumulativeProbability",,,,,,,,,,,,,,21,10,6,4,0,6,2,2,0,,,,0,,,,,,,,,,,,,4,0,3,11,2,4,2,4,2,1,,,0,1,,2,2,1,2,1.10
Public Method,"org.apache.commons.math3.distribution.AbstractIntegerDistribution.cumulativeProbability",,,,,,,,,,,,,,13,7,4,3,0,4,2,2,0,,,,0,,,,,,,,,,,,,5,0,1,6,2,2,1,3,2,1,,,0,1,,2,2,1,2,0.86
Public Method,"org.apache.commons.math3.distribution.AbstractIntegerDistribution.inverseCumulativeProbability",,,,,,,,,,,,,,55,37,27,12,1,26,9,14,5,,,,5,,,,,,,,,,,,,4,4,9,15,28,17,8,18,9,5,,,5,2,,9,14,5,9,0.41
Public Method,"org.apache.commons.math3.distribution.AbstractIntegerDistribution.reseedRandomGenerator",,,,,,,,,,,,,,4,3,1,1,0,2,1,1,0,,,,0,,,,,,,,,,,,,4,0,1,1,1,1,1,1,1,1,,,0,0,,1,1,1,1,0.33
Public Method,"org.apache.commons.math3.distribution.AbstractIntegerDistribution.sample",,,,,,,,,,,,,,17,11,7,3,1,9,3,3,0,,,,0,,,,,,,,,,,,,3,0,2,6,4,6,3,6,3,1,,,0,1,,3,3,1,3,0.55
Public Method,"org.apache.commons.math3.distribution.AbstractIntegerDistribution.sample",,,,,,,,,,,,,,10,3,1,2,0,2,1,1,0,,,,0,,,,,,,,,,,,,2,0,1,7,1,1,1,1,1,1,,,0,0,,1,1,1,1,2.33
Protected Method,"org.apache.commons.math3.distribution.AbstractIntegerDistribution.solveInverseCumulativeProbability",,,,,,,,,,,,,,33,15,10,2,1,10,4,5,1,,,,0,,,,,,,,,,,,,4,1,3,17,5,6,3,7,4,1,,,0,2,,4,5,1,4,1.13
Public Abstract Class,"org.apache.commons.math3.distribution.AbstractRealDistribution",3,1,1,9,8,,2,,7,7,0,0,5,199,101,65,,,67,,,,15,6,1,,3,4,24,13,3,14,0,,,2,7,2,,19,26,79,,41,25,42,,,15,19,,5,89,24,28,12,24,0.78
Protected Constructor,"org.apache.commons.math3.distribution.AbstractRealDistribution.AbstractRealDistribution",,,,,,,,,,,,,,2,1,0,1,0,1,1,1,0,,,,0,,,,,,,,,,,,,0,0,1,1,1,0,1,0,1,1,,,0,0,,1,1,1,1,1.00
Public Method,"org.apache.commons.math3.distribution.AbstractRealDistribution.cumulativeProbability",,,,,,,,,,,,,,13,7,4,3,0,4,2,2,0,,,,0,,,,,,,,,,,,,4,0,1,6,2,2,1,3,2,1,,,0,1,,2,2,1,2,0.86
Protected Method,"org.apache.commons.math3.distribution.AbstractRealDistribution.getSolverAbsoluteAccuracy",,,,,,,,,,,,,,10,3,1,1,0,2,1,1,0,,,,0,,,,,,,,,,,,,4,0,1,7,1,1,1,1,1,1,,,0,0,,1,1,1,1,2.33
Public Method,"org.apache.commons.math3.distribution.AbstractRealDistribution.inverseCumulativeProbability",,,,,,,,,,,,,,113,66,47,13,2,42,15,19,8,,,,5,,,,,,,,,,,,,10,9,13,38,196,26,12,30,15,6,,,5,5,,15,19,6,15,0.58
Anonymous Class,"org.apache.commons.math3.distribution.AbstractRealDistribution.inverseCumulativeProbability.(Anon_1)",1,1,0,0,2,,0,,1,1,0,0,1,5,4,3,,,2,,,,1,1,1,,1,1,3,3,2,0,0,,,0,1,0,,1,1,0,,1,1,1,,,1,1,,0,0,1,1,1,1,0.00
Public Method,"org.apache.commons.math3.distribution.AbstractRealDistribution.inverseCumulativeProbability.(Anon_1).value",,,,,,,,,,,,,,3,3,2,2,0,2,1,1,0,,,,0,,,,,,,,,,,,,2,0,0,0,1,1,1,1,1,1,,,0,0,,1,1,1,1,0.00
Public Method,"org.apache.commons.math3.distribution.AbstractRealDistribution.reseedRandomGenerator",,,,,,,,,,,,,,4,3,1,1,0,2,1,1,0,,,,0,,,,,,,,,,,,,2,0,1,1,1,1,1,1,1,1,,,0,0,,1,1,1,1,0.33
Public Method,"org.apache.commons.math3.distribution.AbstractRealDistribution.sample",,,,,,,,,,,,,,11,3,1,2,0,2,1,1,0,,,,0,,,,,,,,,,,,,2,0,1,8,1,1,1,1,1,1,,,0,0,,1,1,1,1,2.67
Public Method,"org.apache.commons.math3.distribution.AbstractRealDistribution.sample",,,,,,,,,,,,,,17,11,7,3,1,9,3,3,0,,,,0,,,,,,,,,,,,,2,0,2,6,4,6,3,6,3,1,,,0,1,,3,3,1,3,0.55
Public Class,"org.apache.commons.math3.distribution.AbstractRealDistributionTest",1,1,11,0,1,,0,,2,2,0,0,2,184,158,115,,,112,,,,1,1,1,,1,1,88,77,1,0,0,,,0,2,0,,25,34,1,,71,53,59,,,1,1,,0,0,2,2,2,2,0.01
Public Method,"org.apache.commons.math3.distribution.AbstractRealDistributionTest.testContinuous",,,,,,,,,,,,,,80,70,52,3,0,51,1,1,0,,,,0,,,,,,,,,,,,,0,10,11,0,1,32,22,29,1,1,,,0,0,,1,1,1,1,0.00
Anonymous Class,"org.apache.commons.math3.distribution.AbstractRealDistributionTest.testContinuous.(Anon_1)",1,1,0,0,2,,1,,10,17,0,0,10,67,57,42,,,40,,,,5,4,2,,1,2,5,5,1,0,0,,,0,10,0,,10,2,0,,22,13,27,,,5,6,,1,100,18,20,16,18,0.00
Public Method,"org.apache.commons.math3.distribution.AbstractRealDistributionTest.testContinuous.(Anon_1).cumulativeProbability",,,,,,,,,,,,,,13,13,10,2,1,10,5,6,3,,,,3,,,,,,,,,,,,,1,0,0,0,8,5,1,9,5,4,,,3,1,,5,6,4,5,0.00
Public Method,"org.apache.commons.math3.distribution.AbstractRealDistributionTest.testContinuous.(Anon_1).density",,,,,,,,,,,,,,13,13,10,2,1,10,5,6,3,,,,3,,,,,,,,,,,,,1,0,0,0,8,5,1,9,5,4,,,3,1,,5,6,4,5,0.00
Public Method,"org.apache.commons.math3.distribution.AbstractRealDistributionTest.testContinuous.(Anon_1).getNumericalMean",,,,,,,,,,,,,,3,3,2,1,0,2,1,1,0,,,,0,,,,,,,,,,,,,1,0,0,0,1,1,1,1,1,1,,,0,0,,1,1,1,1,0.00
Public Method,"org.apache.commons.math3.distribution.AbstractRealDistributionTest.testContinuous.(Anon_1).getNumericalVariance",,,,,,,,,,,,,,8,8,6,2,0,5,1,1,0,,,,0,,,,,,,,,,,,,0,0,2,0,1,4,3,2,1,1,,,0,0,,1,1,1,1,0.00
Public Method,"org.apache.commons.math3.distribution.AbstractRealDistributionTest.testContinuous.(Anon_1).getSupportLowerBound",,,,,,,,,,,,,,3,3,2,1,0,2,1,1,0,,,,0,,,,,,,,,,,,,0,0,0,0,1,1,1,1,1,1,,,0,0,,1,1,1,1,0.00
Public Method,"org.apache.commons.math3.distribution.AbstractRealDistributionTest.testContinuous.(Anon_1).getSupportUpperBound",,,,,,,,,,,,,,3,3,2,1,0,2,1,1,0,,,,0,,,,,,,,,,,,,0,0,0,0,1,1,1,1,1,1,,,0,0,,1,1,1,1,0.00
Public Method,"org.apache.commons.math3.distribution.AbstractRealDistributionTest.testContinuous.(Anon_1).isSupportConnected",,,,,,,,,,,,,,3,3,2,1,0,2,1,1,0,,,,0,,,,,,,,,,,,,0,0,0,0,1,1,1,1,1,1,,,0,0,,1,1,1,1,0.00
Public Method,"org.apache.commons.math3.distribution.AbstractRealDistributionTest.testContinuous.(Anon_1).isSupportLowerBoundInclusive",,,,,,,,,,,,,,3,3,2,1,0,2,1,1,0,,,,0,,,,,,,,,,,,,0,0,0,0,1,1,1,1,1,1,,,0,0,,1,1,1,1,0.00
Public Method,"org.apache.commons.math3.distribution.AbstractRealDistributionTest.testContinuous.(Anon_1).isSupportUpperBoundInclusive",,,,,,,,,,,,,,3,3,2,1,0,2,1,1,0,,,,0,,,,,,,,,,,,,0,0,0,0,1,1,1,1,1,1,,,0,0,,1,1,1,1,0.00
Public Method,"org.apache.commons.math3.distribution.AbstractRealDistributionTest.testContinuous.(Anon_1).probability",,,,,,,,,,,,,,3,3,2,1,0,2,1,1,0,,,,0,,,,,,,,,,,,,0,0,0,0,1,1,1,1,1,1,,,0,0,,1,1,1,1,0.00
Public Method,"org.apache.commons.math3.distribution.AbstractRealDistributionTest.testDiscontinuous",,,,,,,,,,,,,,97,84,63,3,0,60,1,1,0,,,,0,,,,,,,,,,,,,0,13,20,0,1,39,30,30,1,1,,,0,0,,1,1,1,1,0.00
Anonymous Class,"org.apache.commons.math3.distribution.AbstractRealDistributionTest.testDiscontinuous.(Anon_2)",1,1,0,0,5,,1,,10,17,0,0,10,81,69,51,,,47,,,,5,4,2,,1,2,6,6,1,0,0,,,0,10,0,,12,9,0,,27,19,28,,,5,6,,1,100,18,20,16,18,0.00
Public Method,"org.apache.commons.math3.distribution.AbstractRealDistributionTest.testDiscontinuous.(Anon_2).cumulativeProbability",,,,,,,,,,,,,,14,14,11,2,1,10,5,6,3,,,,3,,,,,,,,,,,,,1,0,0,0,8,5,1,9,5,4,,,3,1,,5,6,4,5,0.00
Public Method,"org.apache.commons.math3.distribution.AbstractRealDistributionTest.testDiscontinuous.(Anon_2).density",,,,,,,,,,,,,,14,14,11,2,1,10,5,6,3,,,,3,,,,,,,,,,,,,3,0,0,0,8,5,1,9,5,4,,,3,1,,5,6,4,5,0.00
Public Method,"org.apache.commons.math3.distribution.AbstractRealDistributionTest.testDiscontinuous.(Anon_2).getNumericalMean",,,,,,,,,,,,,,10,9,6,3,0,6,1,1,0,,,,0,,,,,,,,,,,,,1,1,3,0,1,4,4,2,1,1,,,0,0,,1,1,1,1,0.00
Anonymous Class,"org.apache.commons.math3.distribution.AbstractRealDistributionTest.testDiscontinuous.(Anon_2).getNumericalMean.(Anon_3)",1,1,0,0,1,,0,,1,1,0,0,1,5,4,3,,,2,,,,1,1,1,,1,1,3,3,2,0,0,,,0,1,0,,1,1,0,,1,1,1,,,1,1,,0,0,1,1,1,1,0.00
Public Method,"org.apache.commons.math3.distribution.AbstractRealDistributionTest.testDiscontinuous.(Anon_2).getNumericalMean.(Anon_3).value",,,,,,,,,,,,,,3,3,2,2,0,2,1,1,0,,,,0,,,,,,,,,,,,,1,0,0,0,1,1,1,1,1,1,,,0,0,,1,1,1,1,0.00
Public Method,"org.apache.commons.math3.distribution.AbstractRealDistributionTest.testDiscontinuous.(Anon_2).getNumericalVariance",,,,,,,,,,,,,,13,12,9,4,0,8,1,1,0,,,,0,,,,,,,,,,,,,0,1,6,0,1,6,6,2,1,1,,,0,0,,1,1,1,1,0.00
Anonymous Class,"org.apache.commons.math3.distribution.AbstractRealDistributionTest.testDiscontinuous.(Anon_2).getNumericalVariance.(Anon_4)",1,1,0,0,1,,0,,1,1,0,0,1,5,4,3,,,2,,,,1,1,1,,1,1,3,3,2,0,0,,,0,1,0,,1,1,0,,1,1,1,,,1,1,,0,0,1,1,1,1,0.00
Public Method,"org.apache.commons.math3.distribution.AbstractRealDistributionTest.testDiscontinuous.(Anon_2).getNumericalVariance.(Anon_4).value",,,,,,,,,,,,,,3,3,2,2,0,2,1,1,0,,,,0,,,,,,,,,,,,,1,0,0,0,1,1,1,1,1,1,,,0,0,,1,1,1,1,0.00
Public Method,"org.apache.commons.math3.distribution.AbstractRealDistributionTest.testDiscontinuous.(Anon_2).getSupportLowerBound",,,,,,,,,,,,,,3,3,2,1,0,2,1,1,0,,,,0,,,,,,,,,,,,,0,0,0,0,1,1,1,1,1,1,,,0,0,,1,1,1,1,0.00
Public Method,"org.apache.commons.math3.distribution.AbstractRealDistributionTest.testDiscontinuous.(Anon_2).getSupportUpperBound",,,,,,,,,,,,,,3,3,2,1,0,2,1,1,0,,,,0,,,,,,,,,,,,,0,0,0,0,1,1,1,1,1,1,,,0,0,,1,1,1,1,0.00
Public Method,"org.apache.commons.math3.distribution.AbstractRealDistributionTest.testDiscontinuous.(Anon_2).isSupportConnected",,,,,,,,,,,,,,3,3,2,1,0,2,1,1,0,,,,0,,,,,,,,,,,,,0,0,0,0,1,1,1,1,1,1,,,0,0,,1,1,1,1,0.00
Public Method,"org.apache.commons.math3.distribution.AbstractRealDistributionTest.testDiscontinuous.(Anon_2).isSupportLowerBoundInclusive",,,,,,,,,,,,,,3,3,2,1,0,2,1,1,0,,,,0,,,,,,,,,,,,,0,0,0,0,1,1,1,1,1,1,,,0,0,,1,1,1,1,0.00
Public Method,"org.apache.commons.math3.distribution.AbstractRealDistributionTest.testDiscontinuous.(Anon_2).isSupportUpperBoundInclusive",,,,,,,,,,,,,,3,3,2,1,0,2,1,1,0,,,,0,,,,,,,,,,,,,0,0,0,0,1,1,1,1,1,1,,,0,0,,1,1,1,1,0.00
Public Method,"org.apache.commons.math3.distribution.AbstractRealDistributionTest.testDiscontinuous.(Anon_2).probability",,,,,,,,,,,,,,3,3,2,1,0,2,1,1,0,,,,0,,,,,,,,,,,,,0,0,0,0,1,1,1,1,1,1,,,0,0,,1,1,1,1,0.00
Public Class,"org.apache.commons.math3.distribution.AbtractIntegerDistributionTest",2,1,0,0,2,,0,,2,2,0,0,2,84,64,35,,,46,,,,3,1,1,,2,2,12,11,1,0,0,,,2,2,0,,11,19,10,,29,20,26,,,3,3,,1,0,5,5,2,5,0.16
Class,"org.apache.commons.math3.distribution.AbtractIntegerDistributionTest.DiceDistribution",1,1,0,0,0,,1,,7,15,0,0,7,46,35,17,,,23,,,,3,3,2,,1,1,4,4,1,0,0,,,1,7,0,,8,10,4,,12,10,13,,,3,3,,1,85,10,11,9,10,0.11
Public Method,"org.apache.commons.math3.distribution.AbtractIntegerDistributionTest.DiceDistribution.cumulativeProbability",,,,,,,,,,,,,,9,9,6,1,0,6,3,3,2,,,,2,,,,,,,,,,,,,3,0,1,0,3,3,1,5,3,3,,,2,1,,3,3,3,3,0.00
Public Method,"org.apache.commons.math3.distribution.AbtractIntegerDistributionTest.DiceDistribution.getNumericalMean",,,,,,,,,,,,,,3,3,1,1,0,2,1,1,0,,,,0,,,,,,,,,,,,,0,0,1,0,1,1,1,1,1,1,,,0,0,,1,1,1,1,0.00
Public Method,"org.apache.commons.math3.distribution.AbtractIntegerDistributionTest.DiceDistribution.getNumericalVariance",,,,,,,,,,,,,,3,3,1,1,0,2,1,1,0,,,,0,,,,,,,,,,,,,0,0,1,1,1,1,1,1,1,1,,,0,0,,1,1,1,1,0.33
Public Method,"org.apache.commons.math3.distribution.AbtractIntegerDistributionTest.DiceDistribution.getSupportLowerBound",,,,,,,,,,,,,,3,3,1,1,0,2,1,1,0,,,,0,,,,,,,,,,,,,0,0,1,0,1,1,1,1,1,1,,,0,0,,1,1,1,1,0.00
Public Method,"org.apache.commons.math3.distribution.AbtractIntegerDistributionTest.DiceDistribution.getSupportUpperBound",,,,,,,,,,,,,,3,3,1,1,0,2,1,1,0,,,,0,,,,,,,,,,,,,0,0,1,0,1,1,1,1,1,1,,,0,0,,1,1,1,1,0.00
Public Method,"org.apache.commons.math3.distribution.AbtractIntegerDistributionTest.DiceDistribution.isSupportConnected",,,,,,,,,,,,,,3,3,1,1,0,2,1,1,0,,,,0,,,,,,,,,,,,,0,0,1,0,1,1,1,1,1,1,,,0,0,,1,1,1,1,0.00
Public Method,"org.apache.commons.math3.distribution.AbtractIntegerDistributionTest.DiceDistribution.probability",,,,,,,,,,,,,,7,7,4,1,0,4,2,3,1,,,,0,,,,,,,,,,,,,2,0,1,0,2,2,1,3,2,1,,,0,1,,2,3,1,2,0.00
Public Method,"org.apache.commons.math3.distribution.AbtractIntegerDistributionTest.testCumulativeProbabilitiesRangeArguments",,,,,,,,,,,,,,14,13,9,2,1,13,3,3,0,,,,0,,,,,,,,,,,,,2,0,3,1,4,10,5,8,3,1,,,0,1,,3,3,1,3,0.08
Public Method,"org.apache.commons.math3.distribution.AbtractIntegerDistributionTest.testCumulativeProbabilitiesSingleArguments",,,,,,,,,,,,,,10,10,7,2,0,7,2,2,0,,,,0,,,,,,,,,,,,,2,0,1,0,2,5,2,5,2,1,,,0,1,,2,2,1,2,0.00
Public Class,"org.apache.commons.math3.distribution.BetaDistribution",1,1,0,4,5,,2,,16,23,0,1,14,202,89,45,,,64,,,,6,4,2,,1,1,9,5,1,0,0,,,4,16,1,,16,30,97,,39,29,35,,,6,7,,2,83,24,25,21,24,1.09
Public Constructor,"org.apache.commons.math3.distribution.BetaDistribution.BetaDistribution",,,,,,,,,,,,,,16,6,4,5,0,5,1,1,0,,,,0,,,,,,,,,,,,,4,0,1,10,1,4,1,4,1,1,,,0,0,,1,1,1,1,1.67
Public Constructor,"org.apache.commons.math3.distribution.BetaDistribution.BetaDistribution",,,,,,,,,,,,,,9,3,1,2,0,2,1,1,0,,,,0,,,,,,,,,,,,,9,0,1,6,1,1,1,1,1,1,,,0,0,,1,1,1,1,2.00
Public Method,"org.apache.commons.math3.distribution.BetaDistribution.cumulativeProbability",,,,,,,,,,,,,,10,9,6,2,0,6,3,3,2,,,,2,,,,,,,,,,,,,5,0,1,1,3,3,1,5,3,3,,,2,1,,3,3,3,3,0.11
Public Method,"org.apache.commons.math3.distribution.BetaDistribution.density",,,,,,,,,,,,,,21,20,15,6,1,15,6,7,3,,,,3,,,,,,,,,,,,,7,0,3,1,6,9,3,12,6,4,,,3,2,,6,7,4,6,0.05
Public Method,"org.apache.commons.math3.distribution.BetaDistribution.getAlpha",,,,,,,,,,,,,,8,3,1,1,0,2,1,1,0,,,,0,,,,,,,,,,,,,3,0,1,5,1,1,1,1,1,1,,,0,0,,1,1,1,1,1.67
Public Method,"org.apache.commons.math3.distribution.BetaDistribution.getBeta",,,,,,,,,,,,,,8,3,1,1,0,2,1,1,0,,,,0,,,,,,,,,,,,,3,0,1,5,1,1,1,1,1,1,,,0,0,,1,1,1,1,1.67
Public Method,"org.apache.commons.math3.distribution.BetaDistribution.getNumericalMean",,,,,,,,,,,,,,10,4,2,3,0,3,1,1,0,,,,0,,,,,,,,,,,,,1,0,2,6,1,2,2,1,1,1,,,0,0,,1,1,1,1,1.50
Public Method,"org.apache.commons.math3.distribution.BetaDistribution.getNumericalVariance",,,,,,,,,,,,,,13,6,4,3,0,5,1,1,0,,,,0,,,,,,,,,,,,,1,0,4,7,1,4,4,1,1,1,,,0,0,,1,1,1,1,1.17
Protected Method,"org.apache.commons.math3.distribution.BetaDistribution.getSolverAbsoluteAccuracy",,,,,,,,,,,,,,10,3,1,1,0,2,1,1,0,,,,0,,,,,,,,,,,,,1,0,1,7,1,1,1,1,1,1,,,0,0,,1,1,1,1,2.33
Public Method,"org.apache.commons.math3.distribution.BetaDistribution.getSupportLowerBound",,,,,,,,,,,,,,10,3,1,1,0,2,1,1,0,,,,0,,,,,,,,,,,,,0,0,1,7,1,1,1,1,1,1,,,0,0,,1,1,1,1,2.33
Public Method,"org.apache.commons.math3.distribution.BetaDistribution.getSupportUpperBound",,,,,,,,,,,,,,10,3,1,1,0,2,1,1,0,,,,0,,,,,,,,,,,,,0,0,1,7,1,1,1,1,1,1,,,0,0,,1,1,1,1,2.33
Public Method,"org.apache.commons.math3.distribution.BetaDistribution.isSupportConnected",,,,,,,,,,,,,,10,3,1,1,0,2,1,1,0,,,,0,,,,,,,,,,,,,0,0,1,7,1,1,1,1,1,1,,,0,0,,1,1,1,1,2.33
Public Method,"org.apache.commons.math3.distribution.BetaDistribution.isSupportLowerBoundInclusive",,,,,,,,,,,,,,4,3,1,1,0,2,1,1,0,,,,0,,,,,,,,,,,,,0,0,1,1,1,1,1,1,1,1,,,0,0,,1,1,1,1,0.33
Public Method,"org.apache.commons.math3.distribution.BetaDistribution.isSupportUpperBoundInclusive",,,,,,,,,,,,,,4,3,1,1,0,2,1,1,0,,,,0,,,,,,,,,,,,,0,0,1,1,1,1,1,1,1,1,,,0,0,,1,1,1,1,0.33
Public Method,"org.apache.commons.math3.distribution.BetaDistribution.probability",,,,,,,,,,,,,,10,3,1,1,0,2,1,1,0,,,,0,,,,,,,,,,,,,0,0,1,7,1,1,1,1,1,1,,,0,0,,1,1,1,1,2.33
Private Method,"org.apache.commons.math3.distribution.BetaDistribution.recomputeZ",,,,,,,,,,,,,,6,5,2,3,0,3,2,2,0,,,,0,,,,,,,,,,,,,4,0,1,1,2,1,1,2,2,1,,,0,1,,2,2,1,2,0.20
Public Class,"org.apache.commons.math3.distribution.BetaDistributionTest",1,1,1,0,2,,0,,5,5,0,2,3,284,273,254,,,80,,,,3,1,1,,1,1,55,53,1,0,0,,,0,5,0,,10,15,1,,71,15,65,,,3,3,,1,0,8,8,5,8,0.00
Private Method,"org.apache.commons.math3.distribution.BetaDistributionTest.checkCumulative",,,,,,,,,,,,,,10,9,5,4,1,10,3,3,0,,,,0,,,,,,,,,,,,,6,1,2,0,4,7,4,6,3,1,,,0,1,,3,3,1,3,0.00
Private Method,"org.apache.commons.math3.distribution.BetaDistributionTest.checkDensity",,,,,,,,,,,,,,6,6,3,4,0,6,2,2,0,,,,0,,,,,,,,,,,,,6,0,2,0,2,4,3,3,2,1,,,0,1,,2,2,1,2,0.00
Public Method,"org.apache.commons.math3.distribution.BetaDistributionTest.testCumulative",,,,,,,,,,,,,,118,115,113,1,0,27,1,1,0,,,,0,,,,,,,,,,,,,0,2,2,1,1,26,2,25,1,1,,,0,0,,1,1,1,1,0.01
Public Method,"org.apache.commons.math3.distribution.BetaDistributionTest.testDensity",,,,,,,,,,,,,,129,128,126,1,0,27,1,1,0,,,,0,,,,,,,,,,,,,0,1,2,0,1,26,2,25,1,1,,,0,0,,1,1,1,1,0.00
Public Method,"org.apache.commons.math3.distribution.BetaDistributionTest.testMoments",,,,,,,,,,,,,,12,10,7,4,0,9,1,1,0,,,,0,,,,,,,,,,,,,0,2,3,0,1,8,3,6,1,1,,,0,0,,1,1,1,1,0.00
Public Class,"org.apache.commons.math3.distribution.BinomialDistribution",1,1,0,5,6,,1,,10,18,0,0,10,138,61,31,,,40,,,,3,1,2,,1,1,11,5,1,0,0,,,2,10,0,,11,17,66,,24,17,23,,,3,4,,1,46,17,19,10,17,1.08
Public Constructor,"org.apache.commons.math3.distribution.BinomialDistribution.BinomialDistribution",,,,,,,,,,,,,,21,11,7,5,1,7,3,4,0,,,,0,,,,,,,,,,,,,9,1,1,9,4,4,1,6,3,1,,,0,1,,3,4,1,3,0.82
Public Method,"org.apache.commons.math3.distribution.BinomialDistribution.cumulativeProbability",,,,,,,,,,,,,,13,12,8,2,0,8,3,3,2,,,,0,,,,,,,,,,,,,3,0,2,1,3,5,2,6,3,1,,,0,1,,3,3,1,3,0.08
Public Method,"org.apache.commons.math3.distribution.BinomialDistribution.getNumberOfTrials",,,,,,,,,,,,,,8,3,1,1,0,2,1,1,0,,,,0,,,,,,,,,,,,,2,0,1,5,1,1,1,1,1,1,,,0,0,,1,1,1,1,1.67
Public Method,"org.apache.commons.math3.distribution.BinomialDistribution.getNumericalMean",,,,,,,,,,,,,,9,3,1,1,0,2,1,1,0,,,,0,,,,,,,,,,,,,3,0,1,6,1,1,1,1,1,1,,,0,0,,1,1,1,1,2.00
Public Method,"org.apache.commons.math3.distribution.BinomialDistribution.getNumericalVariance",,,,,,,,,,,,,,10,4,2,1,0,3,1,1,0,,,,0,,,,,,,,,,,,,3,0,2,6,1,2,2,1,1,1,,,0,0,,1,1,1,1,1.50
Public Method,"org.apache.commons.math3.distribution.BinomialDistribution.getProbabilityOfSuccess",,,,,,,,,,,,,,8,3,1,1,0,2,1,1,0,,,,0,,,,,,,,,,,,,2,0,1,5,1,1,1,1,1,1,,,0,0,,1,1,1,1,1.67
Public Method,"org.apache.commons.math3.distribution.BinomialDistribution.getSupportLowerBound",,,,,,,,,,,,,,11,3,1,1,0,2,2,2,0,,,,0,,,,,,,,,,,,,4,0,1,8,1,1,1,1,2,1,,,0,0,,2,2,1,2,2.67
Public Method,"org.apache.commons.math3.distribution.BinomialDistribution.getSupportUpperBound",,,,,,,,,,,,,,11,3,1,1,0,2,2,2,0,,,,0,,,,,,,,,,,,,4,0,1,8,1,1,1,1,2,1,,,0,0,,2,2,1,2,2.67
Public Method,"org.apache.commons.math3.distribution.BinomialDistribution.isSupportConnected",,,,,,,,,,,,,,10,3,1,1,0,2,1,1,0,,,,0,,,,,,,,,,,,,0,0,1,7,1,1,1,1,1,1,,,0,0,,1,1,1,1,2.33
Public Method,"org.apache.commons.math3.distribution.BinomialDistribution.probability",,,,,,,,,,,,,,12,11,7,3,0,6,2,3,1,,,,0,,,,,,,,,,,,,3,0,2,1,2,4,2,4,2,1,,,0,1,,2,3,1,2,0.09
Public Class,"org.apache.commons.math3.distribution.BinomialDistributionTest",1,1,0,1,3,,0,,11,45,0,0,11,127,85,48,,,59,,,,2,1,2,,1,1,8,6,1,0,0,,,0,11,0,,17,29,25,,46,19,40,,,2,2,,1,0,12,12,11,12,0.29
Public Method,"org.apache.commons.math3.distribution.BinomialDistributionTest.makeCumulativeTestPoints",,,,,,,,,,,,,,4,3,1,2,0,2,1,1,0,,,,0,,,,,,,,,,,,,0,0,1,1,1,1,1,1,1,1,,,0,0,,1,1,1,1,0.33
Public Method,"org.apache.commons.math3.distribution.BinomialDistributionTest.makeCumulativeTestValues",,,,,,,,,,,,,,5,4,2,1,0,2,1,1,0,,,,0,,,,,,,,,,,,,0,0,1,1,1,1,1,1,1,1,,,0,0,,1,1,1,1,0.25
Public Method,"org.apache.commons.math3.distribution.BinomialDistributionTest.makeDensityTestPoints",,,,,,,,,,,,,,4,3,1,1,0,2,1,1,0,,,,0,,,,,,,,,,,,,2,0,1,1,1,1,1,1,1,1,,,0,0,,1,1,1,1,0.33
Public Method,"org.apache.commons.math3.distribution.BinomialDistributionTest.makeDensityTestValues",,,,,,,,,,,,,,6,5,3,1,0,2,1,1,0,,,,0,,,,,,,,,,,,,1,0,1,1,1,1,1,1,1,1,,,0,0,,1,1,1,1,0.20
Public Method,"org.apache.commons.math3.distribution.BinomialDistributionTest.makeDistribution",,,,,,,,,,,,,,4,3,1,2,0,2,1,1,0,,,,0,,,,,,,,,,,,,1,0,1,1,1,1,1,1,1,1,,,0,0,,1,1,1,1,0.33
Public Method,"org.apache.commons.math3.distribution.BinomialDistributionTest.makeInverseCumulativeTestPoints",,,,,,,,,,,,,,5,4,2,1,0,2,1,1,0,,,,0,,,,,,,,,,,,,0,0,1,1,1,1,1,1,1,1,,,0,0,,1,1,1,1,0.25
Public Method,"org.apache.commons.math3.distribution.BinomialDistributionTest.makeInverseCumulativeTestValues",,,,,,,,,,,,,,7,3,1,1,0,2,1,1,0,,,,0,,,,,,,,,,,,,0,0,1,4,1,1,1,1,1,1,,,0,0,,1,1,1,1,1.33
Public Method,"org.apache.commons.math3.distribution.BinomialDistributionTest.testDegenerate0",,,,,,,,,,,,,,16,15,13,14,0,14,1,1,0,,,,0,,,,,,,,,,,,,0,0,2,1,1,13,2,12,1,1,,,0,0,,1,1,1,1,0.07
Public Method,"org.apache.commons.math3.distribution.BinomialDistributionTest.testDegenerate1",,,,,,,,,,,,,,16,15,13,14,0,14,1,1,0,,,,0,,,,,,,,,,,,,0,0,2,1,1,13,2,12,1,1,,,0,0,,1,1,1,1,0.07
Public Method,"org.apache.commons.math3.distribution.BinomialDistributionTest.testMath718",,,,,,,,,,,,,,12,7,4,3,0,7,2,2,0,,,,0,,,,,,,,,,,,,0,2,3,3,2,5,4,3,2,1,,,0,1,,2,2,1,2,0.43
Public Method,"org.apache.commons.math3.distribution.BinomialDistributionTest.testMoments",,,,,,,,,,,,,,12,10,7,4,0,9,1,1,0,,,,0,,,,,,,,,,,,,0,2,3,0,1,8,3,6,1,1,,,0,0,,1,1,1,1,0.00
Public Class,"org.apache.commons.math3.distribution.CauchyDistribution",1,1,0,5,4,,2,,17,24,0,0,16,196,77,32,,,53,,,,4,1,2,,1,1,9,4,1,0,0,,,3,17,1,,17,28,102,,31,25,28,,,4,5,,1,84,21,22,17,21,1.32
Public Constructor,"org.apache.commons.math3.distribution.CauchyDistribution.CauchyDistribution",,,,,,,,,,,,,,9,3,1,2,0,2,1,1,0,,,,0,,,,,,,,,,,,,9,0,1,6,1,1,1,1,1,1,,,0,0,,1,1,1,1,2.00
Public Constructor,"org.apache.commons.math3.distribution.CauchyDistribution.CauchyDistribution",,,,,,,,,,,,,,7,3,1,2,0,2,1,1,0,,,,0,,,,,,,,,,,,,0,0,1,4,1,1,1,1,1,1,,,0,0,,1,1,1,1,1.33
Public Constructor,"org.apache.commons.math3.distribution.CauchyDistribution.CauchyDistribution",,,,,,,,,,,,,,20,9,5,5,0,6,2,2,0,,,,0,,,,,,,,,,,,,5,0,2,11,2,4,1,5,2,1,,,0,1,,2,2,1,2,1.22
Public Method,"org.apache.commons.math3.distribution.CauchyDistribution.cumulativeProbability",,,,,,,,,,,,,,4,3,1,2,0,2,1,1,0,,,,0,,,,,,,,,,,,,4,0,1,1,1,1,1,1,1,1,,,0,0,,1,1,1,1,0.33
Public Method,"org.apache.commons.math3.distribution.CauchyDistribution.density",,,,,,,,,,,,,,5,4,2,1,0,3,1,1,0,,,,0,,,,,,,,,,,,,4,0,2,1,1,2,2,1,1,1,,,0,0,,1,1,1,1,0.25
Public Method,"org.apache.commons.math3.distribution.CauchyDistribution.getMedian",,,,,,,,,,,,,,8,3,1,1,0,2,1,1,0,,,,0,,,,,,,,,,,,,2,0,1,5,1,1,1,1,1,1,,,0,0,,1,1,1,1,1.67
Public Method,"org.apache.commons.math3.distribution.CauchyDistribution.getNumericalMean",,,,,,,,,,,,,,10,3,1,1,0,2,1,1,0,,,,0,,,,,,,,,,,,,1,0,1,7,1,1,1,1,1,1,,,0,0,,1,1,1,1,2.33
Public Method,"org.apache.commons.math3.distribution.CauchyDistribution.getNumericalVariance",,,,,,,,,,,,,,10,3,1,1,0,2,1,1,0,,,,0,,,,,,,,,,,,,1,0,1,7,1,1,1,1,1,1,,,0,0,,1,1,1,1,2.33
Public Method,"org.apache.commons.math3.distribution.CauchyDistribution.getScale",,,,,,,,,,,,,,8,3,1,1,0,2,1,1,0,,,,0,,,,,,,,,,,,,2,0,1,5,1,1,1,1,1,1,,,0,0,,1,1,1,1,1.67
Protected Method,"org.apache.commons.math3.distribution.CauchyDistribution.getSolverAbsoluteAccuracy",,,,,,,,,,,,,,4,3,1,1,0,2,1,1,0,,,,0,,,,,,,,,,,,,1,0,1,1,1,1,1,1,1,1,,,0,0,,1,1,1,1,0.33
Public Method,"org.apache.commons.math3.distribution.CauchyDistribution.getSupportLowerBound",,,,,,,,,,,,,,11,3,1,1,0,2,1,1,0,,,,0,,,,,,,,,,,,,0,0,1,8,1,1,1,1,1,1,,,0,0,,1,1,1,1,2.67
Public Method,"org.apache.commons.math3.distribution.CauchyDistribution.getSupportUpperBound",,,,,,,,,,,,,,11,3,1,1,0,2,1,1,0,,,,0,,,,,,,,,,,,,0,0,1,8,1,1,1,1,1,1,,,0,0,,1,1,1,1,2.67
Public Method,"org.apache.commons.math3.distribution.CauchyDistribution.inverseCumulativeProbability",,,,,,,,,,,,,,19,13,9,3,1,10,4,5,3,,,,0,,,,,,,,,,,,,4,0,2,6,4,6,2,8,4,1,,,0,1,,4,5,1,4,0.46
Public Method,"org.apache.commons.math3.distribution.CauchyDistribution.isSupportConnected",,,,,,,,,,,,,,10,3,1,1,0,2,1,1,0,,,,0,,,,,,,,,,,,,0,0,1,7,1,1,1,1,1,1,,,0,0,,1,1,1,1,2.33
Public Method,"org.apache.commons.math3.distribution.CauchyDistribution.isSupportLowerBoundInclusive",,,,,,,,,,,,,,4,3,1,1,0,2,1,1,0,,,,0,,,,,,,,,,,,,0,0,1,1,1,1,1,1,1,1,,,0,0,,1,1,1,1,0.33
Public Method,"org.apache.commons.math3.distribution.CauchyDistribution.isSupportUpperBoundInclusive",,,,,,,,,,,,,,4,3,1,1,0,2,1,1,0,,,,0,,,,,,,,,,,,,0,0,1,1,1,1,1,1,1,1,,,0,0,,1,1,1,1,0.33
Public Method,"org.apache.commons.math3.distribution.CauchyDistribution.probability",,,,,,,,,,,,,,10,3,1,1,0,2,1,1,0,,,,0,,,,,,,,,,,,,0,0,1,7,1,1,1,1,1,1,,,0,0,,1,1,1,1,2.33
Public Class,"org.apache.commons.math3.distribution.CauchyDistributionTest",1,1,0,0,3,,0,,10,41,0,0,10,98,67,32,,,38,,,,3,1,2,,1,1,6,5,1,0,0,,,1,10,0,,14,25,17,,25,15,23,,,3,3,,1,90,12,12,10,12,0.25
Public Method,"org.apache.commons.math3.distribution.CauchyDistributionTest.makeCumulativeTestPoints",,,,,,,,,,,,,,6,4,2,1,0,2,1,1,0,,,,0,,,,,,,,,,,,,0,0,1,2,1,1,1,1,1,1,,,0,0,,1,1,1,1,0.50
Public Method,"org.apache.commons.math3.distribution.CauchyDistributionTest.makeCumulativeTestValues",,,,,,,,,,,,,,5,4,2,1,0,2,1,1,0,,,,0,,,,,,,,,,,,,0,0,1,1,1,1,1,1,1,1,,,0,0,,1,1,1,1,0.25
Public Method,"org.apache.commons.math3.distribution.CauchyDistributionTest.makeDensityTestValues",,,,,,,,,,,,,,5,4,2,1,0,2,1,1,0,,,,0,,,,,,,,,,,,,0,0,1,1,1,1,1,1,1,1,,,0,0,,1,1,1,1,0.25
Public Method,"org.apache.commons.math3.distribution.CauchyDistributionTest.makeDistribution",,,,,,,,,,,,,,4,3,1,2,0,2,1,1,0,,,,0,,,,,,,,,,,,,0,0,1,1,1,1,1,1,1,1,,,0,0,,1,1,1,1,0.33
Public Method,"org.apache.commons.math3.distribution.CauchyDistributionTest.setUp",,,,,,,,,,,,,,4,4,2,2,0,3,1,1,0,,,,0,,,,,,,,,,,,,1,0,1,0,1,2,1,2,1,1,,,0,0,,1,1,1,1,0.00
Public Method,"org.apache.commons.math3.distribution.CauchyDistributionTest.testInverseCumulativeProbabilityExtremes",,,,,,,,,,,,,,6,6,4,3,0,4,1,1,0,,,,0,,,,,,,,,,,,,0,0,1,0,1,3,1,3,1,1,,,0,0,,1,1,1,1,0.00
Public Method,"org.apache.commons.math3.distribution.CauchyDistributionTest.testMedian",,,,,,,,,,,,,,4,4,2,3,0,3,1,1,0,,,,0,,,,,,,,,,,,,0,0,2,0,1,2,2,1,1,1,,,0,0,,1,1,1,1,0.00
Public Method,"org.apache.commons.math3.distribution.CauchyDistributionTest.testMoments",,,,,,,,,,,,,,11,9,6,5,0,8,1,1,0,,,,0,,,,,,,,,,,,,0,2,2,0,1,7,2,6,1,1,,,0,0,,1,1,1,1,0.00
Public Method,"org.apache.commons.math3.distribution.CauchyDistributionTest.testPreconditions",,,,,,,,,,,,,,14,12,8,2,1,7,3,3,2,,,,0,,,,,,,,,,,,,0,0,1,2,4,4,1,6,3,1,,,0,1,,3,3,1,3,0.17
Public Method,"org.apache.commons.math3.distribution.CauchyDistributionTest.testScale",,,,,,,,,,,,,,4,4,2,3,0,3,1,1,0,,,,0,,,,,,,,,,,,,0,0,2,0,1,2,2,1,1,1,,,0,0,,1,1,1,1,0.00
Public Class,"org.apache.commons.math3.distribution.ChiSquaredDistribution",1,1,0,4,1,,2,,14,21,0,0,13,146,51,17,,,34,,,,1,1,2,,1,1,7,3,1,0,0,,,2,14,1,,14,21,81,,19,19,15,,,1,1,,0,87,14,14,14,14,1.59
Public Constructor,"org.apache.commons.math3.distribution.ChiSquaredDistribution.ChiSquaredDistribution",,,,,,,,,,,,,,8,3,1,2,0,2,1,1,0,,,,0,,,,,,,,,,,,,11,0,1,5,1,1,1,1,1,1,,,0,0,,1,1,1,1,1.67
Public Constructor,"org.apache.commons.math3.distribution.ChiSquaredDistribution.ChiSquaredDistribution",,,,,,,,,,,,,,15,5,2,4,0,3,1,1,0,,,,0,,,,,,,,,,,,,3,0,2,10,1,2,1,2,1,1,,,0,0,,1,1,1,1,2.00
Public Method,"org.apache.commons.math3.distribution.ChiSquaredDistribution.cumulativeProbability",,,,,,,,,,,,,,4,3,1,2,0,2,1,1,0,,,,0,,,,,,,,,,,,,5,0,1,1,1,1,1,1,1,1,,,0,0,,1,1,1,1,0.33
Public Method,"org.apache.commons.math3.distribution.ChiSquaredDistribution.density",,,,,,,,,,,,,,4,3,1,2,0,2,1,1,0,,,,0,,,,,,,,,,,,,3,0,1,1,1,1,1,1,1,1,,,0,0,,1,1,1,1,0.33
Public Method,"org.apache.commons.math3.distribution.ChiSquaredDistribution.getDegreesOfFreedom",,,,,,,,,,,,,,8,3,1,2,0,2,1,1,0,,,,0,,,,,,,,,,,,,4,0,1,5,1,1,1,1,1,1,,,0,0,,1,1,1,1,1.67
Public Method,"org.apache.commons.math3.distribution.ChiSquaredDistribution.getNumericalMean",,,,,,,,,,,,,,8,3,1,2,0,2,1,1,0,,,,0,,,,,,,,,,,,,1,0,1,5,1,1,1,1,1,1,,,0,0,,1,1,1,1,1.67
Public Method,"org.apache.commons.math3.distribution.ChiSquaredDistribution.getNumericalVariance",,,,,,,,,,,,,,10,3,1,2,0,2,1,1,0,,,,0,,,,,,,,,,,,,1,0,1,7,1,1,1,1,1,1,,,0,0,,1,1,1,1,2.33
Protected Method,"org.apache.commons.math3.distribution.ChiSquaredDistribution.getSolverAbsoluteAccuracy",,,,,,,,,,,,,,4,3,1,1,0,2,1,1,0,,,,0,,,,,,,,,,,,,1,0,1,1,1,1,1,1,1,1,,,0,0,,1,1,1,1,0.33
Public Method,"org.apache.commons.math3.distribution.ChiSquaredDistribution.getSupportLowerBound",,,,,,,,,,,,,,11,3,1,1,0,2,1,1,0,,,,0,,,,,,,,,,,,,0,0,1,8,1,1,1,1,1,1,,,0,0,,1,1,1,1,2.67
Public Method,"org.apache.commons.math3.distribution.ChiSquaredDistribution.getSupportUpperBound",,,,,,,,,,,,,,11,3,1,1,0,2,1,1,0,,,,0,,,,,,,,,,,,,0,0,1,8,1,1,1,1,1,1,,,0,0,,1,1,1,1,2.67
Public Method,"org.apache.commons.math3.distribution.ChiSquaredDistribution.isSupportConnected",,,,,,,,,,,,,,10,3,1,1,0,2,1,1,0,,,,0,,,,,,,,,,,,,0,0,1,7,1,1,1,1,1,1,,,0,0,,1,1,1,1,2.33
Public Method,"org.apache.commons.math3.distribution.ChiSquaredDistribution.isSupportLowerBoundInclusive",,,,,,,,,,,,,,4,3,1,1,0,2,1,1,0,,,,0,,,,,,,,,,,,,0,0,1,1,1,1,1,1,1,1,,,0,0,,1,1,1,1,0.33
Public Method,"org.apache.commons.math3.distribution.ChiSquaredDistribution.isSupportUpperBoundInclusive",,,,,,,,,,,,,,4,3,1,1,0,2,1,1,0,,,,0,,,,,,,,,,,,,0,0,1,1,1,1,1,1,1,1,,,0,0,,1,1,1,1,0.33
Public Method,"org.apache.commons.math3.distribution.ChiSquaredDistribution.probability",,,,,,,,,,,,,,10,3,1,1,0,2,1,1,0,,,,0,,,,,,,,,,,,,0,0,1,7,1,1,1,1,1,1,,,0,0,,1,1,1,1,2.33
Public Class,"org.apache.commons.math3.distribution.ChiSquaredDistributionTest",1,1,0,1,1,,0,,12,43,0,1,11,115,78,39,,,48,,,,2,1,2,,1,1,6,5,1,0,0,,,0,12,0,,16,29,21,,34,19,29,,,2,2,,1,0,13,13,12,13,0.27
Private Method,"org.apache.commons.math3.distribution.ChiSquaredDistributionTest.checkDensity",,,,,,,,,,,,,,6,6,3,3,0,6,2,2,0,,,,0,,,,,,,,,,,,,5,0,2,0,2,4,3,3,2,1,,,0,1,,2,2,1,2,0.00
Public Method,"org.apache.commons.math3.distribution.ChiSquaredDistributionTest.makeCumulativeTestPoints",,,,,,,,,,,,,,6,4,2,1,0,2,1,1,0,,,,0,,,,,,,,,,,,,0,0,1,2,1,1,1,1,1,1,,,0,0,,1,1,1,1,0.50
Public Method,"org.apache.commons.math3.distribution.ChiSquaredDistributionTest.makeCumulativeTestValues",,,,,,,,,,,,,,4,3,1,1,0,2,1,1,0,,,,0,,,,,,,,,,,,,0,0,1,1,1,1,1,1,1,1,,,0,0,,1,1,1,1,0.33
Public Method,"org.apache.commons.math3.distribution.ChiSquaredDistributionTest.makeDensityTestValues",,,,,,,,,,,,,,5,4,2,1,0,2,1,1,0,,,,0,,,,,,,,,,,,,0,0,1,1,1,1,1,1,1,1,,,0,0,,1,1,1,1,0.25
Public Method,"org.apache.commons.math3.distribution.ChiSquaredDistributionTest.makeDistribution",,,,,,,,,,,,,,4,3,1,2,0,2,1,1,0,,,,0,,,,,,,,,,,,,0,0,1,1,1,1,1,1,1,1,,,0,0,,1,1,1,1,0.33
Public Method,"org.apache.commons.math3.distribution.ChiSquaredDistributionTest.makeInverseCumulativeTestPoints",,,,,,,,,,,,,,5,4,2,1,0,2,1,1,0,,,,0,,,,,,,,,,,,,0,0,1,1,1,1,1,1,1,1,,,0,0,,1,1,1,1,0.25
Public Method,"org.apache.commons.math3.distribution.ChiSquaredDistributionTest.makeInverseCumulativeTestValues",,,,,,,,,,,,,,6,5,3,1,0,2,1,1,0,,,,0,,,,,,,,,,,,,0,0,1,1,1,1,1,1,1,1,,,0,0,,1,1,1,1,0.20
Public Method,"org.apache.commons.math3.distribution.ChiSquaredDistributionTest.setUp",,,,,,,,,,,,,,4,4,2,2,0,3,1,1,0,,,,0,,,,,,,,,,,,,0,0,1,0,1,2,1,2,1,1,,,0,0,,1,1,1,1,0.00
Public Method,"org.apache.commons.math3.distribution.ChiSquaredDistributionTest.testDensity",,,,,,,,,,,,,,11,7,5,1,0,6,1,1,0,,,,0,,,,,,,,,,,,,0,0,2,4,1,5,2,4,1,1,,,0,0,,1,1,1,1,0.57
Public Method,"org.apache.commons.math3.distribution.ChiSquaredDistributionTest.testDfAccessors",,,,,,,,,,,,,,4,4,2,3,0,3,1,1,0,,,,0,,,,,,,,,,,,,0,0,2,0,1,2,2,1,1,1,,,0,0,,1,1,1,1,0.00
Public Method,"org.apache.commons.math3.distribution.ChiSquaredDistributionTest.testMoments",,,,,,,,,,,,,,12,10,7,4,0,9,1,1,0,,,,0,,,,,,,,,,,,,0,2,3,0,1,8,3,6,1,1,,,0,0,,1,1,1,1,0.00
Public Method,"org.apache.commons.math3.distribution.ChiSquaredDistributionTest.testSmallDf",,,,,,,,,,,,,,12,11,9,10,0,8,1,1,0,,,,0,,,,,,,,,,,,,0,0,1,1,1,7,1,7,1,1,,,0,0,,1,1,1,1,0.09
Public Class,"org.apache.commons.math3.distribution.ExponentialDistribution",1,1,0,5,5,,2,,16,23,0,0,15,201,80,34,,,53,,,,3,1,2,,1,1,10,4,1,0,0,,,2,16,1,,18,28,103,,31,24,29,,,3,4,,1,85,21,22,16,21,1.29
Public Constructor,"org.apache.commons.math3.distribution.ExponentialDistribution.ExponentialDistribution",,,,,,,,,,,,,,7,3,1,2,0,2,1,1,0,,,,0,,,,,,,,,,,,,7,0,1,4,1,1,1,1,1,1,,,0,0,,1,1,1,1,1.33
Public Constructor,"org.apache.commons.math3.distribution.ExponentialDistribution.ExponentialDistribution",,,,,,,,,,,,,,18,8,4,4,0,5,2,2,0,,,,0,,,,,,,,,,,,,4,0,2,10,2,3,1,4,2,1,,,0,1,,2,2,1,2,1.25
Public Method,"org.apache.commons.math3.distribution.ExponentialDistribution.cumulativeProbability",,,,,,,,,,,,,,19,9,5,2,0,6,2,2,1,,,,0,,,,,,,,,,,,,2,0,2,10,2,4,2,4,2,1,,,0,1,,2,2,1,2,1.11
Public Method,"org.apache.commons.math3.distribution.ExponentialDistribution.density",,,,,,,,,,,,,,7,6,3,2,0,4,2,2,1,,,,0,,,,,,,,,,,,,3,0,1,1,2,2,1,3,2,1,,,0,1,,2,2,1,2,0.17
Public Method,"org.apache.commons.math3.distribution.ExponentialDistribution.getMean",,,,,,,,,,,,,,8,3,1,1,0,2,1,1,0,,,,0,,,,,,,,,,,,,4,0,1,5,1,1,1,1,1,1,,,0,0,,1,1,1,1,1.67
Public Method,"org.apache.commons.math3.distribution.ExponentialDistribution.getNumericalMean",,,,,,,,,,,,,,8,3,1,2,0,2,1,1,0,,,,0,,,,,,,,,,,,,1,0,1,5,1,1,1,1,1,1,,,0,0,,1,1,1,1,1.67
Public Method,"org.apache.commons.math3.distribution.ExponentialDistribution.getNumericalVariance",,,,,,,,,,,,,,9,4,2,2,0,3,1,1,0,,,,0,,,,,,,,,,,,,1,0,2,5,1,2,2,1,1,1,,,0,0,,1,1,1,1,1.25
Protected Method,"org.apache.commons.math3.distribution.ExponentialDistribution.getSolverAbsoluteAccuracy",,,,,,,,,,,,,,4,3,1,1,0,2,1,1,0,,,,0,,,,,,,,,,,,,1,0,1,1,1,1,1,1,1,1,,,0,0,,1,1,1,1,0.33
Public Method,"org.apache.commons.math3.distribution.ExponentialDistribution.getSupportLowerBound",,,,,,,,,,,,,,10,3,1,1,0,2,1,1,0,,,,0,,,,,,,,,,,,,0,0,1,7,1,1,1,1,1,1,,,0,0,,1,1,1,1,2.33
Public Method,"org.apache.commons.math3.distribution.ExponentialDistribution.getSupportUpperBound",,,,,,,,,,,,,,11,3,1,1,0,2,1,1,0,,,,0,,,,,,,,,,,,,0,0,1,8,1,1,1,1,1,1,,,0,0,,1,1,1,1,2.67
Public Method,"org.apache.commons.math3.distribution.ExponentialDistribution.inverseCumulativeProbability",,,,,,,,,,,,,,19,11,7,3,0,8,3,4,2,,,,0,,,,,,,,,,,,,2,2,2,6,3,5,2,6,3,1,,,0,1,,3,4,1,3,0.55
Public Method,"org.apache.commons.math3.distribution.ExponentialDistribution.isSupportConnected",,,,,,,,,,,,,,10,3,1,1,0,2,1,1,0,,,,0,,,,,,,,,,,,,0,0,1,7,1,1,1,1,1,1,,,0,0,,1,1,1,1,2.33
Public Method,"org.apache.commons.math3.distribution.ExponentialDistribution.isSupportLowerBoundInclusive",,,,,,,,,,,,,,4,3,1,1,0,2,1,1,0,,,,0,,,,,,,,,,,,,0,0,1,1,1,1,1,1,1,1,,,0,0,,1,1,1,1,0.33
Public Method,"org.apache.commons.math3.distribution.ExponentialDistribution.isSupportUpperBoundInclusive",,,,,,,,,,,,,,4,3,1,1,0,2,1,1,0,,,,0,,,,,,,,,,,,,0,0,1,1,1,1,1,1,1,1,,,0,0,,1,1,1,1,0.33
Public Method,"org.apache.commons.math3.distribution.ExponentialDistribution.probability",,,,,,,,,,,,,,10,3,1,1,0,2,1,1,0,,,,0,,,,,,,,,,,,,0,0,1,7,1,1,1,1,1,1,,,0,0,,1,1,1,1,2.33
Public Method,"org.apache.commons.math3.distribution.ExponentialDistribution.sample",,,,,,,,,,,,,,14,3,1,2,0,2,1,1,0,,,,0,,,,,,,,,,,,,2,0,1,11,1,1,1,1,1,1,,,0,0,,1,1,1,1,3.67
Public Class,"org.apache.commons.math3.distribution.ExponentialDistributionTest",1,1,0,0,5,,0,,12,43,0,0,12,111,76,37,,,48,,,,1,1,2,,1,1,6,5,1,0,0,,,0,12,0,,18,31,17,,35,19,29,,,1,1,,0,0,12,12,12,12,0.22
Public Method,"org.apache.commons.math3.distribution.ExponentialDistributionTest.makeCumulativeTestPoints",,,,,,,,,,,,,,6,4,2,1,0,2,1,1,0,,,,0,,,,,,,,,,,,,0,0,1,2,1,1,1,1,1,1,,,0,0,,1,1,1,1,0.50
Public Method,"org.apache.commons.math3.distribution.ExponentialDistributionTest.makeCumulativeTestValues",,,,,,,,,,,,,,5,4,2,1,0,2,1,1,0,,,,0,,,,,,,,,,,,,0,0,1,1,1,1,1,1,1,1,,,0,0,,1,1,1,1,0.25
Public Method,"org.apache.commons.math3.distribution.ExponentialDistributionTest.makeDensityTestValues",,,,,,,,,,,,,,5,4,2,1,0,2,1,1,0,,,,0,,,,,,,,,,,,,0,0,1,1,1,1,1,1,1,1,,,0,0,,1,1,1,1,0.25
Public Method,"org.apache.commons.math3.distribution.ExponentialDistributionTest.makeDistribution",,,,,,,,,,,,,,4,3,1,2,0,2,1,1,0,,,,0,,,,,,,,,,,,,0,0,1,1,1,1,1,1,1,1,,,0,0,,1,1,1,1,0.33
Public Method,"org.apache.commons.math3.distribution.ExponentialDistributionTest.setUp",,,,,,,,,,,,,,4,4,2,2,0,3,1,1,0,,,,0,,,,,,,,,,,,,0,0,1,0,1,2,1,2,1,1,,,0,0,,1,1,1,1,0.00
Public Method,"org.apache.commons.math3.distribution.ExponentialDistributionTest.testCumulativeProbability2",,,,,,,,,,,,,,4,4,2,3,0,3,1,1,0,,,,0,,,,,,,,,,,,,0,0,2,0,1,2,2,1,1,1,,,0,0,,1,1,1,1,0.00
Public Method,"org.apache.commons.math3.distribution.ExponentialDistributionTest.testCumulativeProbabilityExtremes",,,,,,,,,,,,,,5,5,3,3,0,4,1,1,0,,,,0,,,,,,,,,,,,,0,0,1,0,1,3,1,3,1,1,,,0,0,,1,1,1,1,0.00
Public Method,"org.apache.commons.math3.distribution.ExponentialDistributionTest.testDensity",,,,,,,,,,,,,,16,12,10,6,0,11,1,1,0,,,,0,,,,,,,,,,,,,0,2,3,2,1,10,3,8,1,1,,,0,0,,1,1,1,1,0.17
Public Method,"org.apache.commons.math3.distribution.ExponentialDistributionTest.testInverseCumulativeProbabilityExtremes",,,,,,,,,,,,,,5,5,3,3,0,4,1,1,0,,,,0,,,,,,,,,,,,,0,0,1,0,1,3,1,3,1,1,,,0,0,,1,1,1,1,0.00
Public Method,"org.apache.commons.math3.distribution.ExponentialDistributionTest.testMeanAccessors",,,,,,,,,,,,,,4,4,2,3,0,3,1,1,0,,,,0,,,,,,,,,,,,,0,0,2,0,1,2,2,1,1,1,,,0,0,,1,1,1,1,0.00
Public Method,"org.apache.commons.math3.distribution.ExponentialDistributionTest.testMoments",,,,,,,,,,,,,,12,10,7,4,0,9,1,1,0,,,,0,,,,,,,,,,,,,0,2,3,0,1,8,3,6,1,1,,,0,0,,1,1,1,1,0.00
Public Method,"org.apache.commons.math3.distribution.ExponentialDistributionTest.testPreconditions",,,,,,,,,,,,,,3,3,1,1,0,2,1,1,0,,,,0,,,,,,,,,,,,,0,0,1,0,1,1,1,1,1,1,,,0,0,,1,1,1,1,0.00
Public Class,"org.apache.commons.math3.distribution.FDistribution",1,1,0,6,4,,2,,16,23,0,0,14,259,108,58,,,69,,,,3,1,2,,1,1,13,6,1,0,0,,,5,16,2,,28,44,123,,46,37,32,,,3,3,,1,88,22,22,16,22,1.14
Public Constructor,"org.apache.commons.math3.distribution.FDistribution.FDistribution",,,,,,,,,,,,,,14,6,2,2,0,2,1,1,0,,,,0,,,,,,,,,,,,,12,0,3,8,1,1,1,1,1,1,,,0,0,,1,1,1,1,1.33
Public Constructor,"org.apache.commons.math3.distribution.FDistribution.FDistribution",,,,,,,,,,,,,,29,16,9,5,1,8,3,3,0,,,,0,,,,,,,,,,,,,5,0,4,13,4,5,1,7,3,1,,,0,1,,3,3,1,3,0.81
Protected Method,"org.apache.commons.math3.distribution.FDistribution.calculateNumericalVariance",,,,,,,,,,,,,,18,10,7,3,0,7,2,2,1,,,,0,,,,,,,,,,,,,1,3,4,5,2,5,4,3,2,1,,,0,1,,2,2,1,2,0.50
Public Method,"org.apache.commons.math3.distribution.FDistribution.cumulativeProbability",,,,,,,,,,,,,,25,13,9,2,0,8,2,2,1,,,,0,,,,,,,,,,,,,6,1,4,11,2,6,4,4,2,1,,,0,1,,2,2,1,2,0.85
Public Method,"org.apache.commons.math3.distribution.FDistribution.density",,,,,,,,,,,,,,17,12,10,4,0,8,1,1,0,,,,0,,,,,,,,,,,,,3,0,8,5,1,7,7,1,1,1,,,0,0,,1,1,1,1,0.42
Public Method,"org.apache.commons.math3.distribution.FDistribution.getDenominatorDegreesOfFreedom",,,,,,,,,,,,,,8,3,1,1,0,2,1,1,0,,,,0,,,,,,,,,,,,,4,0,1,5,1,1,1,1,1,1,,,0,0,,1,1,1,1,1.67
Public Method,"org.apache.commons.math3.distribution.FDistribution.getNumeratorDegreesOfFreedom",,,,,,,,,,,,,,8,3,1,1,0,2,1,1,0,,,,0,,,,,,,,,,,,,3,0,1,5,1,1,1,1,1,1,,,0,0,,1,1,1,1,1.67
Public Method,"org.apache.commons.math3.distribution.FDistribution.getNumericalMean",,,,,,,,,,,,,,18,7,4,2,0,5,2,2,1,,,,0,,,,,,,,,,,,,1,2,2,9,2,3,2,3,2,1,,,0,1,,2,2,1,2,1.29
Public Method,"org.apache.commons.math3.distribution.FDistribution.getNumericalVariance",,,,,,,,,,,,,,20,7,4,4,0,5,2,2,0,,,,0,,,,,,,,,,,,,3,0,1,13,2,3,1,4,2,1,,,0,1,,2,2,1,2,1.86
Protected Method,"org.apache.commons.math3.distribution.FDistribution.getSolverAbsoluteAccuracy",,,,,,,,,,,,,,4,3,1,1,0,2,1,1,0,,,,0,,,,,,,,,,,,,1,0,1,1,1,1,1,1,1,1,,,0,0,,1,1,1,1,0.33
Public Method,"org.apache.commons.math3.distribution.FDistribution.getSupportLowerBound",,,,,,,,,,,,,,10,3,1,1,0,2,1,1,0,,,,0,,,,,,,,,,,,,0,0,1,7,1,1,1,1,1,1,,,0,0,,1,1,1,1,2.33
Public Method,"org.apache.commons.math3.distribution.FDistribution.getSupportUpperBound",,,,,,,,,,,,,,11,3,1,1,0,2,1,1,0,,,,0,,,,,,,,,,,,,0,0,1,8,1,1,1,1,1,1,,,0,0,,1,1,1,1,2.67
Public Method,"org.apache.commons.math3.distribution.FDistribution.isSupportConnected",,,,,,,,,,,,,,10,3,1,1,0,2,1,1,0,,,,0,,,,,,,,,,,,,0,0,1,7,1,1,1,1,1,1,,,0,0,,1,1,1,1,2.33
Public Method,"org.apache.commons.math3.distribution.FDistribution.isSupportLowerBoundInclusive",,,,,,,,,,,,,,4,3,1,1,0,2,1,1,0,,,,0,,,,,,,,,,,,,0,0,1,1,1,1,1,1,1,1,,,0,0,,1,1,1,1,0.33
Public Method,"org.apache.commons.math3.distribution.FDistribution.isSupportUpperBoundInclusive",,,,,,,,,,,,,,4,3,1,1,0,2,1,1,0,,,,0,,,,,,,,,,,,,0,0,1,1,1,1,1,1,1,1,,,0,0,,1,1,1,1,0.33
Public Method,"org.apache.commons.math3.distribution.FDistribution.probability",,,,,,,,,,,,,,10,3,1,1,0,2,1,1,0,,,,0,,,,,,,,,,,,,0,0,1,7,1,1,1,1,1,1,,,0,0,,1,1,1,1,2.33
Public Class,"org.apache.commons.math3.distribution.FDistributionTest",1,1,0,0,3,,0,,13,44,0,0,13,137,99,54,,,64,,,,3,1,2,,1,1,7,6,1,0,0,,,0,13,0,,20,39,18,,47,26,38,,,3,3,,1,0,16,16,13,16,0.18
Public Method,"org.apache.commons.math3.distribution.FDistributionTest.makeCumulativeTestPoints",,,,,,,,,,,,,,6,4,2,1,0,2,1,1,0,,,,0,,,,,,,,,,,,,0,0,1,2,1,1,1,1,1,1,,,0,0,,1,1,1,1,0.50
Public Method,"org.apache.commons.math3.distribution.FDistributionTest.makeCumulativeTestValues",,,,,,,,,,,,,,4,3,1,1,0,2,1,1,0,,,,0,,,,,,,,,,,,,0,0,1,1,1,1,1,1,1,1,,,0,0,,1,1,1,1,0.33
Public Method,"org.apache.commons.math3.distribution.FDistributionTest.makeDensityTestValues",,,,,,,,,,,,,,5,4,2,1,0,2,1,1,0,,,,0,,,,,,,,,,,,,0,0,1,1,1,1,1,1,1,1,,,0,0,,1,1,1,1,0.25
Public Method,"org.apache.commons.math3.distribution.FDistributionTest.makeDistribution",,,,,,,,,,,,,,4,3,1,2,0,2,1,1,0,,,,0,,,,,,,,,,,,,0,0,1,1,1,1,1,1,1,1,,,0,0,,1,1,1,1,0.33
Public Method,"org.apache.commons.math3.distribution.FDistributionTest.setUp",,,,,,,,,,,,,,4,4,2,2,0,3,1,1,0,,,,0,,,,,,,,,,,,,0,0,1,0,1,2,1,2,1,1,,,0,0,,1,1,1,1,0.00
Public Method,"org.apache.commons.math3.distribution.FDistributionTest.testCumulativeProbabilityExtremes",,,,,,,,,,,,,,5,5,3,3,0,4,1,1,0,,,,0,,,,,,,,,,,,,0,0,1,0,1,3,1,3,1,1,,,0,0,,1,1,1,1,0.00
Public Method,"org.apache.commons.math3.distribution.FDistributionTest.testDfAccessors",,,,,,,,,,,,,,5,5,3,4,0,4,1,1,0,,,,0,,,,,,,,,,,,,0,0,2,0,1,3,2,2,1,1,,,0,0,,1,1,1,1,0.00
Public Method,"org.apache.commons.math3.distribution.FDistributionTest.testInverseCumulativeProbabilityExtremes",,,,,,,,,,,,,,5,5,3,3,0,4,1,1,0,,,,0,,,,,,,,,,,,,0,0,1,0,1,3,1,3,1,1,,,0,0,,1,1,1,1,0.00
Public Method,"org.apache.commons.math3.distribution.FDistributionTest.testLargeDegreesOfFreedom",,,,,,,,,,,,,,6,6,4,4,0,5,1,1,0,,,,0,,,,,,,,,,,,,0,0,4,0,1,4,4,1,1,1,,,0,0,,1,1,1,1,0.00
Public Method,"org.apache.commons.math3.distribution.FDistributionTest.testMath785",,,,,,,,,,,,,,12,10,7,4,0,7,2,2,1,,,,0,,,,,,,,,,,,,0,1,4,1,2,5,4,3,2,1,,,0,1,,2,2,1,2,0.10
Public Method,"org.apache.commons.math3.distribution.FDistributionTest.testMoments",,,,,,,,,,,,,,16,13,10,6,0,12,1,1,0,,,,0,,,,,,,,,,,,,0,3,3,0,1,11,3,9,1,1,,,0,0,,1,1,1,1,0.00
Public Method,"org.apache.commons.math3.distribution.FDistributionTest.testPreconditions",,,,,,,,,,,,,,14,12,8,2,1,7,3,3,2,,,,0,,,,,,,,,,,,,0,0,1,2,4,4,1,6,3,1,,,0,1,,3,3,1,3,0.17
Public Method,"org.apache.commons.math3.distribution.FDistributionTest.testSmallDegreesOfFreedom",,,,,,,,,,,,,,11,10,8,4,0,9,1,1,0,,,,0,,,,,,,,,,,,,0,1,4,0,1,8,4,5,1,1,,,0,0,,1,1,1,1,0.00
Public Class,"org.apache.commons.math3.distribution.GammaDistribution",1,1,0,8,4,,2,,15,22,0,0,14,303,94,46,,,66,,,,3,3,2,,1,1,14,5,1,0,0,,,8,15,1,,27,36,182,,45,33,33,,,3,4,,1,86,20,21,17,20,1.94
Public Constructor,"org.apache.commons.math3.distribution.GammaDistribution.GammaDistribution",,,,,,,,,,,,,,9,3,1,2,0,2,1,1,0,,,,0,,,,,,,,,,,,,12,0,1,6,1,1,1,1,1,1,,,0,0,,1,1,1,1,2.00
Public Constructor,"org.apache.commons.math3.distribution.GammaDistribution.GammaDistribution",,,,,,,,,,,,,,34,20,15,15,1,14,3,3,0,,,,0,,,,,,,,,,,,,11,1,3,13,4,11,2,12,3,1,,,0,1,,3,3,1,3,0.65
Public Method,"org.apache.commons.math3.distribution.GammaDistribution.cumulativeProbability",,,,,,,,,,,,,,25,9,5,2,0,6,2,2,1,,,,0,,,,,,,,,,,,,5,2,2,14,2,4,2,4,2,1,,,0,1,,2,2,1,2,1.56
Public Method,"org.apache.commons.math3.distribution.GammaDistribution.density",,,,,,,,,,,,,,60,15,11,5,0,10,3,4,2,,,,2,,,,,,,,,,,,,12,0,6,45,3,7,5,5,3,3,,,2,1,,3,4,3,3,3.00
Public Method,"org.apache.commons.math3.distribution.GammaDistribution.getAlpha",,,,,,,,,,,,,,8,3,1,1,0,2,1,1,0,,,,0,,,,,,,,,,,,,5,0,1,5,1,1,1,1,1,1,,,0,0,,1,1,1,1,1.67
Public Method,"org.apache.commons.math3.distribution.GammaDistribution.getBeta",,,,,,,,,,,,,,8,3,1,1,0,2,1,1,0,,,,0,,,,,,,,,,,,,4,0,1,5,1,1,1,1,1,1,,,0,0,,1,1,1,1,1.67
Public Method,"org.apache.commons.math3.distribution.GammaDistribution.getNumericalMean",,,,,,,,,,,,,,9,3,1,3,0,2,1,1,0,,,,0,,,,,,,,,,,,,1,0,1,6,1,1,1,1,1,1,,,0,0,,1,1,1,1,2.00
Public Method,"org.apache.commons.math3.distribution.GammaDistribution.getNumericalVariance",,,,,,,,,,,,,,12,4,2,3,0,3,1,1,0,,,,0,,,,,,,,,,,,,1,0,2,8,1,2,2,1,1,1,,,0,0,,1,1,1,1,2.00
Protected Method,"org.apache.commons.math3.distribution.GammaDistribution.getSolverAbsoluteAccuracy",,,,,,,,,,,,,,4,3,1,1,0,2,1,1,0,,,,0,,,,,,,,,,,,,1,0,1,1,1,1,1,1,1,1,,,0,0,,1,1,1,1,0.33
Public Method,"org.apache.commons.math3.distribution.GammaDistribution.getSupportLowerBound",,,,,,,,,,,,,,10,3,1,1,0,2,1,1,0,,,,0,,,,,,,,,,,,,0,0,1,7,1,1,1,1,1,1,,,0,0,,1,1,1,1,2.33
Public Method,"org.apache.commons.math3.distribution.GammaDistribution.getSupportUpperBound",,,,,,,,,,,,,,11,3,1,1,0,2,1,1,0,,,,0,,,,,,,,,,,,,0,0,1,8,1,1,1,1,1,1,,,0,0,,1,1,1,1,2.67
Public Method,"org.apache.commons.math3.distribution.GammaDistribution.isSupportConnected",,,,,,,,,,,,,,10,3,1,1,0,2,1,1,0,,,,0,,,,,,,,,,,,,0,0,1,7,1,1,1,1,1,1,,,0,0,,1,1,1,1,2.33
Public Method,"org.apache.commons.math3.distribution.GammaDistribution.isSupportLowerBoundInclusive",,,,,,,,,,,,,,4,3,1,1,0,2,1,1,0,,,,0,,,,,,,,,,,,,0,0,1,1,1,1,1,1,1,1,,,0,0,,1,1,1,1,0.33
Public Method,"org.apache.commons.math3.distribution.GammaDistribution.isSupportUpperBoundInclusive",,,,,,,,,,,,,,4,3,1,1,0,2,1,1,0,,,,0,,,,,,,,,,,,,0,0,1,1,1,1,1,1,1,1,,,0,0,,1,1,1,1,0.33
Public Method,"org.apache.commons.math3.distribution.GammaDistribution.probability",,,,,,,,,,,,,,10,3,1,1,0,2,1,1,0,,,,0,,,,,,,,,,,,,0,0,1,7,1,1,1,1,1,1,,,0,0,,1,1,1,1,2.33
Public Class,"org.apache.commons.math3.distribution.GammaDistributionTest",1,1,0,1,6,,0,,21,53,0,4,18,298,221,141,,,160,,,,6,1,2,,1,1,10,9,1,0,1,,,0,22,0,,37,82,40,,128,62,98,,,6,7,,3,0,31,32,22,31,0.18
Private Method,"org.apache.commons.math3.distribution.GammaDistributionTest.checkDensity",,,,,,,,,,,,,,6,6,3,3,0,6,2,2,0,,,,0,,,,,,,,,,,,,6,0,2,0,2,4,3,3,2,1,,,0,1,,2,2,1,2,0.00
Public Static Method,"org.apache.commons.math3.distribution.GammaDistributionTest.density",,,,,,,,,,,,,,13,8,4,4,0,4,2,2,1,,,,0,,,,,,,,,,,,,4,0,2,5,2,2,1,3,2,1,,,0,1,,2,2,1,2,0.62
Private Method,"org.apache.commons.math3.distribution.GammaDistributionTest.doTestMath753",,,,,,,,,,,,,,103,89,76,28,1,75,6,7,2,,,,0,,,,,,,,,,,,,13,10,33,4,13,69,30,45,6,1,,,0,3,,6,7,1,6,0.04
Public Method,"org.apache.commons.math3.distribution.GammaDistributionTest.makeCumulativeTestPoints",,,,,,,,,,,,,,6,4,2,1,0,2,1,1,0,,,,0,,,,,,,,,,,,,0,0,1,2,1,1,1,1,1,1,,,0,0,,1,1,1,1,0.50
Public Method,"org.apache.commons.math3.distribution.GammaDistributionTest.makeCumulativeTestValues",,,,,,,,,,,,,,4,3,1,1,0,2,1,1,0,,,,0,,,,,,,,,,,,,0,0,1,1,1,1,1,1,1,1,,,0,0,,1,1,1,1,0.33
Public Method,"org.apache.commons.math3.distribution.GammaDistributionTest.makeDensityTestValues",,,,,,,,,,,,,,5,4,2,1,0,2,1,1,0,,,,0,,,,,,,,,,,,,0,0,1,1,1,1,1,1,1,1,,,0,0,,1,1,1,1,0.25
Public Method,"org.apache.commons.math3.distribution.GammaDistributionTest.makeDistribution",,,,,,,,,,,,,,4,3,1,2,0,2,1,1,0,,,,0,,,,,,,,,,,,,0,0,1,1,1,1,1,1,1,1,,,0,0,,1,1,1,1,0.33
Public Method,"org.apache.commons.math3.distribution.GammaDistributionTest.setUp",,,,,,,,,,,,,,4,4,2,2,0,3,1,1,0,,,,0,,,,,,,,,,,,,0,0,1,0,1,2,1,2,1,1,,,0,0,,1,1,1,1,0.00
Public Method,"org.apache.commons.math3.distribution.GammaDistributionTest.testDensity",,,,,,,,,,,,,,19,11,9,1,0,10,1,1,0,,,,0,,,,,,,,,,,,,0,0,2,8,1,9,2,8,1,1,,,0,0,,1,1,1,1,0.73
Public Method,"org.apache.commons.math3.distribution.GammaDistributionTest.testInverseCumulativeProbabilityExtremes",,,,,,,,,,,,,,5,5,3,3,0,4,1,1,0,,,,0,,,,,,,,,,,,,0,0,1,0,1,3,1,3,1,1,,,0,0,,1,1,1,1,0.00
Public Method,"org.apache.commons.math3.distribution.GammaDistributionTest.testMath753Shape1",,,,,,,,,,,,,,3,3,1,1,0,2,1,1,0,,,,0,,,,,,,,,,,,,0,0,1,0,1,1,1,1,1,1,,,0,0,,1,1,1,1,0.00
Public Method,"org.apache.commons.math3.distribution.GammaDistributionTest.testMath753Shape10",,,,,,,,,,,,,,3,3,1,1,0,2,1,1,0,,,,0,,,,,,,,,,,,,0,0,1,0,1,1,1,1,1,1,,,0,0,,1,1,1,1,0.00
Public Method,"org.apache.commons.math3.distribution.GammaDistributionTest.testMath753Shape100",,,,,,,,,,,,,,3,3,1,1,0,2,1,1,0,,,,0,,,,,,,,,,,,,0,0,1,0,1,1,1,1,1,1,,,0,0,,1,1,1,1,0.00
Public Method,"org.apache.commons.math3.distribution.GammaDistributionTest.testMath753Shape1000",,,,,,,,,,,,,,3,3,1,1,0,2,1,1,0,,,,0,,,,,,,,,,,,,0,0,1,0,1,1,1,1,1,1,,,0,0,,1,1,1,1,0.00
Public Method,"org.apache.commons.math3.distribution.GammaDistributionTest.testMath753Shape142",,,,,,,,,,,,,,3,3,1,1,0,2,1,1,0,,,,0,,,,,,,,,,,,,0,0,1,0,1,1,1,1,1,1,,,0,0,,1,1,1,1,0.00
Public Method,"org.apache.commons.math3.distribution.GammaDistributionTest.testMoments",,,,,,,,,,,,,,12,10,7,4,0,9,1,1,0,,,,0,,,,,,,,,,,,,0,2,3,0,1,8,3,6,1,1,,,0,0,,1,1,1,1,0.00
Public Method,"org.apache.commons.math3.distribution.GammaDistributionTest.testParameterAccessors",,,,,,,,,,,,,,5,5,3,4,0,4,1,1,0,,,,0,,,,,,,,,,,,,0,0,2,0,1,3,2,2,1,1,,,0,0,,1,1,1,1,0.00
Public Method,"org.apache.commons.math3.distribution.GammaDistributionTest.testPreconditions",,,,,,,,,,,,,,14,12,8,2,1,7,3,3,2,,,,0,,,,,,,,,,,,,0,0,1,2,4,4,1,6,3,1,,,0,1,,3,3,1,3,0.17
Public Method,"org.apache.commons.math3.distribution.GammaDistributionTest.testProbabilities",,,,,,,,,,,,,,7,7,5,1,0,6,1,1,0,,,,0,,,,,,,,,,,,,0,0,1,0,1,5,1,5,1,1,,,0,0,,1,1,1,1,0.00
Private Method,"org.apache.commons.math3.distribution.GammaDistributionTest.testProbability",,,,,,,,,,,,,,5,5,3,3,0,4,1,1,0,,,,0,,,,,,,,,,,,,5,0,3,0,1,3,3,1,1,1,,,0,0,,1,1,1,1,0.00
Private Method,"org.apache.commons.math3.distribution.GammaDistributionTest.testValue",,,,,,,,,,,,,,5,5,3,3,0,4,1,1,0,,,,0,,,,,,,,,,,,,5,0,3,0,1,3,3,1,1,1,,,0,0,,1,1,1,1,0.00
Public Method,"org.apache.commons.math3.distribution.GammaDistributionTest.testValues",,,,,,,,,,,,,,6,6,4,1,0,5,1,1,0,,,,0,,,,,,,,,,,,,0,0,1,0,1,4,1,4,1,1,,,0,0,,1,1,1,1,0.00
Public Class,"org.apache.commons.math3.distribution.HypergeometricDistribution",1,1,0,7,7,,1,,18,26,0,5,12,311,137,79,,,89,,,,6,1,2,,1,1,14,7,1,0,0,,,5,18,1,,31,45,143,,58,40,49,,,6,6,,1,84,30,31,18,30,1.04
Public Constructor,"org.apache.commons.math3.distribution.HypergeometricDistribution.HypergeometricDistribution",,,,,,,,,,,,,,40,26,18,7,2,14,6,6,0,,,,0,,,,,,,,,,,,,17,2,2,12,32,8,1,13,6,1,,,0,1,,6,6,1,6,0.46
Protected Method,"org.apache.commons.math3.distribution.HypergeometricDistribution.calculateNumericalVariance",,,,,,,,,,,,,,11,6,4,4,0,5,1,1,0,,,,0,,,,,,,,,,,,,1,0,4,5,1,4,4,1,1,1,,,0,0,,1,1,1,1,0.83
Public Method,"org.apache.commons.math3.distribution.HypergeometricDistribution.cumulativeProbability",,,,,,,,,,,,,,16,13,9,3,0,9,3,3,2,,,,0,,,,,,,,,,,,,5,2,3,1,3,6,3,6,3,1,,,0,1,,3,3,1,3,0.08
Private Method,"org.apache.commons.math3.distribution.HypergeometricDistribution.getDomain",,,,,,,,,,,,,,12,3,1,3,0,2,1,1,0,,,,0,,,,,,,,,,,,,6,0,1,9,1,1,1,1,1,1,,,0,0,,1,1,1,1,3.00
Private Method,"org.apache.commons.math3.distribution.HypergeometricDistribution.getLowerDomain",,,,,,,,,,,,,,12,3,1,2,0,2,1,1,0,,,,0,,,,,,,,,,,,,4,0,1,9,1,1,1,1,1,1,,,0,0,,1,1,1,1,3.00
Public Method,"org.apache.commons.math3.distribution.HypergeometricDistribution.getNumberOfSuccesses",,,,,,,,,,,,,,8,3,1,1,0,2,1,1,0,,,,0,,,,,,,,,,,,,7,0,1,5,1,1,1,1,1,1,,,0,0,,1,1,1,1,1.67
Public Method,"org.apache.commons.math3.distribution.HypergeometricDistribution.getNumericalMean",,,,,,,,,,,,,,9,3,1,4,0,2,1,1,0,,,,0,,,,,,,,,,,,,1,0,1,6,1,1,1,1,1,1,,,0,0,,1,1,1,1,2.00
Public Method,"org.apache.commons.math3.distribution.HypergeometricDistribution.getNumericalVariance",,,,,,,,,,,,,,14,7,4,4,0,5,2,2,0,,,,0,,,,,,,,,,,,,3,0,1,7,2,3,1,4,2,1,,,0,1,,2,2,1,2,1.00
Public Method,"org.apache.commons.math3.distribution.HypergeometricDistribution.getPopulationSize",,,,,,,,,,,,,,8,3,1,1,0,2,1,1,0,,,,0,,,,,,,,,,,,,6,0,1,5,1,1,1,1,1,1,,,0,0,,1,1,1,1,1.67
Public Method,"org.apache.commons.math3.distribution.HypergeometricDistribution.getSampleSize",,,,,,,,,,,,,,8,3,1,1,0,2,1,1,0,,,,0,,,,,,,,,,,,,7,0,1,5,1,1,1,1,1,1,,,0,0,,1,1,1,1,1.67
Public Method,"org.apache.commons.math3.distribution.HypergeometricDistribution.getSupportLowerBound",,,,,,,,,,,,,,13,4,2,5,0,2,1,1,0,,,,0,,,,,,,,,,,,,3,0,1,9,1,1,1,1,1,1,,,0,0,,1,1,1,1,2.25
Public Method,"org.apache.commons.math3.distribution.HypergeometricDistribution.getSupportUpperBound",,,,,,,,,,,,,,11,3,1,4,0,2,1,1,0,,,,0,,,,,,,,,,,,,3,0,1,8,1,1,1,1,1,1,,,0,0,,1,1,1,1,2.67
Private Method,"org.apache.commons.math3.distribution.HypergeometricDistribution.getUpperDomain",,,,,,,,,,,,,,11,3,1,2,0,2,1,1,0,,,,0,,,,,,,,,,,,,3,0,1,8,1,1,1,1,1,1,,,0,0,,1,1,1,1,2.67
Private Method,"org.apache.commons.math3.distribution.HypergeometricDistribution.innerCumulativeProbability",,,,,,,,,,,,,,25,9,5,2,0,6,2,2,0,,,,0,,,,,,,,,,,,,8,0,3,16,2,4,2,4,2,1,,,0,1,,2,2,1,2,1.78
Public Method,"org.apache.commons.math3.distribution.HypergeometricDistribution.isSupportConnected",,,,,,,,,,,,,,10,3,1,1,0,2,1,1,0,,,,0,,,,,,,,,,,,,0,0,1,7,1,1,1,1,1,1,,,0,0,,1,1,1,1,2.33
Public Method,"org.apache.commons.math3.distribution.HypergeometricDistribution.probability",,,,,,,,,,,,,,22,19,13,4,0,12,2,3,1,,,,0,,,,,,,,,,,,,5,2,11,1,2,10,8,4,2,1,,,0,1,,2,3,1,2,0.05
Private Method,"org.apache.commons.math3.distribution.HypergeometricDistribution.probability",,,,,,,,,,,,,,15,5,3,3,0,2,1,1,0,,,,0,,,,,,,,,,,,,5,0,1,10,1,1,1,1,1,1,,,0,0,,1,1,1,1,2.00
Public Method,"org.apache.commons.math3.distribution.HypergeometricDistribution.upperCumulativeProbability",,,,,,,,,,,,,,22,13,9,3,0,9,3,3,2,,,,0,,,,,,,,,,,,,5,2,3,7,3,6,3,6,3,1,,,0,1,,3,3,1,3,0.54
Public Class,"org.apache.commons.math3.distribution.HypergeometricDistributionTest",1,1,0,0,6,,0,,16,50,0,1,15,243,196,136,,,114,,,,6,1,2,,1,1,12,11,1,0,0,,,0,16,0,,23,92,24,,91,40,74,,,6,6,,1,0,22,22,16,22,0.12
Public Method,"org.apache.commons.math3.distribution.HypergeometricDistributionTest.makeCumulativeTestPoints",,,,,,,,,,,,,,4,3,1,2,0,2,1,1,0,,,,0,,,,,,,,,,,,,0,0,1,1,1,1,1,1,1,1,,,0,0,,1,1,1,1,0.33
Public Method,"org.apache.commons.math3.distribution.HypergeometricDistributionTest.makeCumulativeTestValues",,,,,,,,,,,,,,5,4,2,1,0,2,1,1,0,,,,0,,,,,,,,,,,,,0,0,1,1,1,1,1,1,1,1,,,0,0,,1,1,1,1,0.25
Public Method,"org.apache.commons.math3.distribution.HypergeometricDistributionTest.makeDensityTestPoints",,,,,,,,,,,,,,4,3,1,1,0,2,1,1,0,,,,0,,,,,,,,,,,,,2,0,1,1,1,1,1,1,1,1,,,0,0,,1,1,1,1,0.33
Public Method,"org.apache.commons.math3.distribution.HypergeometricDistributionTest.makeDensityTestValues",,,,,,,,,,,,,,5,4,2,1,0,2,1,1,0,,,,0,,,,,,,,,,,,,1,0,1,1,1,1,1,1,1,1,,,0,0,,1,1,1,1,0.25
Public Method,"org.apache.commons.math3.distribution.HypergeometricDistributionTest.makeDistribution",,,,,,,,,,,,,,4,3,1,2,0,2,1,1,0,,,,0,,,,,,,,,,,,,1,0,1,1,1,1,1,1,1,1,,,0,0,,1,1,1,1,0.33
Public Method,"org.apache.commons.math3.distribution.HypergeometricDistributionTest.makeInverseCumulativeTestPoints",,,,,,,,,,,,,,5,4,2,1,0,2,1,1,0,,,,0,,,,,,,,,,,,,0,0,1,1,1,1,1,1,1,1,,,0,0,,1,1,1,1,0.25
Public Method,"org.apache.commons.math3.distribution.HypergeometricDistributionTest.makeInverseCumulativeTestValues",,,,,,,,,,,,,,4,3,1,1,0,2,1,1,0,,,,0,,,,,,,,,,,,,0,0,1,1,1,1,1,1,1,1,,,0,0,,1,1,1,1,0.33
Public Method,"org.apache.commons.math3.distribution.HypergeometricDistributionTest.testAccessors",,,,,,,,,,,,,,6,6,4,5,0,5,1,1,0,,,,0,,,,,,,,,,,,,0,0,2,0,1,4,2,3,1,1,,,0,0,,1,1,1,1,0.00
Public Method,"org.apache.commons.math3.distribution.HypergeometricDistributionTest.testDegenerateFullSample",,,,,,,,,,,,,,16,15,13,14,0,14,1,1,0,,,,0,,,,,,,,,,,,,0,0,2,1,1,13,2,12,1,1,,,0,0,,1,1,1,1,0.07
Public Method,"org.apache.commons.math3.distribution.HypergeometricDistributionTest.testDegenerateNoFailures",,,,,,,,,,,,,,16,15,13,14,0,14,1,1,0,,,,0,,,,,,,,,,,,,0,0,2,1,1,13,2,12,1,1,,,0,0,,1,1,1,1,0.07
Public Method,"org.apache.commons.math3.distribution.HypergeometricDistributionTest.testDegenerateNoSuccesses",,,,,,,,,,,,,,16,15,13,14,0,14,1,1,0,,,,0,,,,,,,,,,,,,0,0,2,1,1,13,2,12,1,1,,,0,0,,1,1,1,1,0.07
Private Method,"org.apache.commons.math3.distribution.HypergeometricDistributionTest.testHypergeometricDistributionProbabilities",,,,,,,,,,,,,,17,15,12,5,0,15,2,2,0,,,,0,,,,,,,,,,,,,7,2,9,0,2,13,10,5,2,1,,,0,1,,2,2,1,2,0.00
Public Method,"org.apache.commons.math3.distribution.HypergeometricDistributionTest.testLargeValues",,,,,,,,,,,,,,27,26,22,1,0,6,1,1,0,,,,0,,,,,,,,,,,,,0,1,24,0,1,5,5,1,1,1,,,0,0,,1,1,1,1,0.00
Public Method,"org.apache.commons.math3.distribution.HypergeometricDistributionTest.testMoments",,,,,,,,,,,,,,12,10,7,4,0,9,1,1,0,,,,0,,,,,,,,,,,,,0,2,3,0,1,8,3,6,1,1,,,0,0,,1,1,1,1,0.00
Public Method,"org.apache.commons.math3.distribution.HypergeometricDistributionTest.testMoreLargeValues",,,,,,,,,,,,,,26,26,22,1,0,6,1,1,0,,,,0,,,,,,,,,,,,,0,0,24,0,1,5,5,1,1,1,,,0,0,,1,1,1,1,0.00
Public Method,"org.apache.commons.math3.distribution.HypergeometricDistributionTest.testPreconditions",,,,,,,,,,,,,,32,27,20,2,2,16,6,6,5,,,,0,,,,,,,,,,,,,0,0,1,5,32,10,1,15,6,1,,,0,1,,6,6,1,6,0.19
Public Interface,"org.apache.commons.math3.distribution.IntegerDistribution",0,0,0,0,2,,0,,12,12,12,0,0,130,14,0,,,13,,,,0,0,0,,0,0,0,0,0,1,0,,,0,12,0,,11,13,105,,12,13,0,,,0,0,,0,0,0,0,0,0,7.50
Abstract Method,"org.apache.commons.math3.distribution.IntegerDistribution.cumulativeProbability",,,,,,,,,,,,,,11,1,0,1,0,1,0,0,0,,,,0,,,,,,,,,,,,,5,0,1,10,0,1,1,0,0,0,,,0,0,,0,0,0,0,10.00
Abstract Method,"org.apache.commons.math3.distribution.IntegerDistribution.cumulativeProbability",,,,,,,,,,,,,,12,1,0,1,0,1,0,0,0,,,,0,,,,,,,,,,,,,1,0,1,11,0,1,1,0,0,0,,,0,0,,0,0,0,0,11.00
Abstract Method,"org.apache.commons.math3.distribution.IntegerDistribution.getNumericalMean",,,,,,,,,,,,,,7,1,0,1,0,1,0,0,0,,,,0,,,,,,,,,,,,,1,0,1,6,0,1,1,0,0,0,,,0,0,,0,0,0,0,6.00
Abstract Method,"org.apache.commons.math3.distribution.IntegerDistribution.getNumericalVariance",,,,,,,,,,,,,,8,1,0,1,0,1,0,0,0,,,,0,,,,,,,,,,,,,1,0,1,7,0,1,1,0,0,0,,,0,0,,0,0,0,0,7.00
Abstract Method,"org.apache.commons.math3.distribution.IntegerDistribution.getSupportLowerBound",,,,,,,,,,,,,,10,1,0,1,0,1,0,0,0,,,,0,,,,,,,,,,,,,2,0,1,9,0,1,1,0,0,0,,,0,0,,0,0,0,0,9.00
Abstract Method,"org.apache.commons.math3.distribution.IntegerDistribution.getSupportUpperBound",,,,,,,,,,,,,,10,1,0,1,0,1,0,0,0,,,,0,,,,,,,,,,,,,2,0,1,9,0,1,1,0,0,0,,,0,0,,0,0,0,0,9.00
Abstract Method,"org.apache.commons.math3.distribution.IntegerDistribution.inverseCumulativeProbability",,,,,,,,,,,,,,17,1,0,1,0,1,0,0,0,,,,0,,,,,,,,,,,,,4,0,1,16,0,1,1,0,0,0,,,0,0,,0,0,0,0,16.00
Abstract Method,"org.apache.commons.math3.distribution.IntegerDistribution.isSupportConnected",,,,,,,,,,,,,,8,1,0,1,0,1,0,0,0,,,,0,,,,,,,,,,,,,0,0,1,7,0,1,1,0,0,0,,,0,0,,0,0,0,0,7.00
Abstract Method,"org.apache.commons.math3.distribution.IntegerDistribution.probability",,,,,,,,,,,,,,10,1,0,1,0,1,0,0,0,,,,0,,,,,,,,,,,,,2,0,1,9,0,1,1,0,0,0,,,0,0,,0,0,0,0,9.00
Abstract Method,"org.apache.commons.math3.distribution.IntegerDistribution.reseedRandomGenerator",,,,,,,,,,,,,,7,1,0,0,0,1,0,0,0,,,,0,,,,,,,,,,,,,0,0,1,6,0,1,1,0,0,0,,,0,0,,0,0,0,0,6.00
Abstract Method,"org.apache.commons.math3.distribution.IntegerDistribution.sample",,,,,,,,,,,,,,7,1,0,1,0,1,0,0,0,,,,0,,,,,,,,,,,,,0,0,1,6,0,1,1,0,0,0,,,0,0,,0,0,0,0,6.00
Abstract Method,"org.apache.commons.math3.distribution.IntegerDistribution.sample",,,,,,,,,,,,,,10,1,0,1,0,1,0,0,0,,,,0,,,,,,,,,,,,,0,0,1,9,0,1,1,0,0,0,,,0,0,,0,0,0,0,9.00
Public Abstract Class,"org.apache.commons.math3.distribution.IntegerDistributionAbstractTest",1,1,0,3,4,,0,,34,34,0,0,15,354,175,87,,,127,,,,5,1,1,,1,1,8,5,1,6,0,,,8,34,19,,49,61,131,,88,59,68,,,5,5,,3,79,38,38,27,38,0.75
Protected Method,"org.apache.commons.math3.distribution.IntegerDistributionAbstractTest.getCumulativeTestPoints",,,,,,,,,,,,,,6,3,1,1,0,2,1,1,0,,,,0,,,,,,,,,,,,,1,0,1,3,1,1,1,1,1,1,,,0,0,,1,1,1,1,1.00
Protected Method,"org.apache.commons.math3.distribution.IntegerDistributionAbstractTest.getCumulativeTestValues",,,,,,,,,,,,,,6,3,1,1,0,2,1,1,0,,,,0,,,,,,,,,,,,,1,0,1,3,1,1,1,1,1,1,,,0,0,,1,1,1,1,1.00
Protected Method,"org.apache.commons.math3.distribution.IntegerDistributionAbstractTest.getDensityTestPoints",,,,,,,,,,,,,,6,3,1,1,0,2,1,1,0,,,,0,,,,,,,,,,,,,1,0,1,3,1,1,1,1,1,1,,,0,0,,1,1,1,1,1.00
Protected Method,"org.apache.commons.math3.distribution.IntegerDistributionAbstractTest.getDensityTestValues",,,,,,,,,,,,,,6,3,1,1,0,2,1,1,0,,,,0,,,,,,,,,,,,,1,0,1,3,1,1,1,1,1,1,,,0,0,,1,1,1,1,1.00
Protected Method,"org.apache.commons.math3.distribution.IntegerDistributionAbstractTest.getDistribution",,,,,,,,,,,,,,6,3,1,1,0,2,1,1,0,,,,0,,,,,,,,,,,,,2,0,1,3,1,1,1,1,1,1,,,0,0,,1,1,1,1,1.00
Protected Method,"org.apache.commons.math3.distribution.IntegerDistributionAbstractTest.getInverseCumulativeTestPoints",,,,,,,,,,,,,,6,3,1,1,0,2,1,1,0,,,,0,,,,,,,,,,,,,1,0,1,3,1,1,1,1,1,1,,,0,0,,1,1,1,1,1.00
Protected Method,"org.apache.commons.math3.distribution.IntegerDistributionAbstractTest.getInverseCumulativeTestValues",,,,,,,,,,,,,,6,3,1,1,0,2,1,1,0,,,,0,,,,,,,,,,,,,1,0,1,3,1,1,1,1,1,1,,,0,0,,1,1,1,1,1.00
Protected Method,"org.apache.commons.math3.distribution.IntegerDistributionAbstractTest.getTolerance",,,,,,,,,,,,,,6,3,1,1,0,2,1,1,0,,,,0,,,,,,,,,,,,,1,0,1,3,1,1,1,1,1,1,,,0,0,,1,1,1,1,1.00
Public Abstract Method,"org.apache.commons.math3.distribution.IntegerDistributionAbstractTest.makeCumulativeTestPoints",,,,,,,,,,,,,,2,1,0,1,0,1,0,0,0,,,,0,,,,,,,,,,,,,1,0,1,1,0,1,1,0,0,0,,,0,0,,0,0,0,0,1.00
Public Abstract Method,"org.apache.commons.math3.distribution.IntegerDistributionAbstractTest.makeCumulativeTestValues",,,,,,,,,,,,,,2,1,0,1,0,1,0,0,0,,,,0,,,,,,,,,,,,,1,0,1,1,0,1,1,0,0,0,,,0,0,,0,0,0,0,1.00
Public Abstract Method,"org.apache.commons.math3.distribution.IntegerDistributionAbstractTest.makeDensityTestPoints",,,,,,,,,,,,,,2,1,0,1,0,1,0,0,0,,,,0,,,,,,,,,,,,,2,0,1,1,0,1,1,0,0,0,,,0,0,,0,0,0,0,1.00
Public Abstract Method,"org.apache.commons.math3.distribution.IntegerDistributionAbstractTest.makeDensityTestValues",,,,,,,,,,,,,,2,1,0,1,0,1,0,0,0,,,,0,,,,,,,,,,,,,2,0,1,1,0,1,1,0,0,0,,,0,0,,0,0,0,0,1.00
Public Abstract Method,"org.apache.commons.math3.distribution.IntegerDistributionAbstractTest.makeDistribution",,,,,,,,,,,,,,2,1,0,1,0,1,0,0,0,,,,0,,,,,,,,,,,,,2,0,1,1,0,1,1,0,0,0,,,0,0,,0,0,0,0,1.00
Public Abstract Method,"org.apache.commons.math3.distribution.IntegerDistributionAbstractTest.makeInverseCumulativeTestPoints",,,,,,,,,,,,,,2,1,0,1,0,1,0,0,0,,,,0,,,,,,,,,,,,,1,0,1,1,0,1,1,0,0,0,,,0,0,,0,0,0,0,1.00
Public Abstract Method,"org.apache.commons.math3.distribution.IntegerDistributionAbstractTest.makeInverseCumulativeTestValues",,,,,,,,,,,,,,2,1,0,1,0,1,0,0,0,,,,0,,,,,,,,,,,,,1,0,1,1,0,1,1,0,0,0,,,0,0,,0,0,0,0,1.00
Protected Method,"org.apache.commons.math3.distribution.IntegerDistributionAbstractTest.setCumulativeTestPoints",,,,,,,,,,,,,,6,3,1,1,0,2,1,1,0,,,,0,,,,,,,,,,,,,8,0,1,3,1,1,1,1,1,1,,,0,0,,1,1,1,1,1.00
Protected Method,"org.apache.commons.math3.distribution.IntegerDistributionAbstractTest.setCumulativeTestValues",,,,,,,,,,,,,,6,3,1,1,0,2,1,1,0,,,,0,,,,,,,,,,,,,8,0,1,3,1,1,1,1,1,1,,,0,0,,1,1,1,1,1.00
Protected Method,"org.apache.commons.math3.distribution.IntegerDistributionAbstractTest.setDensityTestPoints",,,,,,,,,,,,,,6,3,1,1,0,2,1,1,0,,,,0,,,,,,,,,,,,,8,0,1,3,1,1,1,1,1,1,,,0,0,,1,1,1,1,1.00
Protected Method,"org.apache.commons.math3.distribution.IntegerDistributionAbstractTest.setDensityTestValues",,,,,,,,,,,,,,6,3,1,1,0,2,1,1,0,,,,0,,,,,,,,,,,,,8,0,1,3,1,1,1,1,1,1,,,0,0,,1,1,1,1,1.00
Protected Method,"org.apache.commons.math3.distribution.IntegerDistributionAbstractTest.setDistribution",,,,,,,,,,,,,,6,3,1,1,0,2,1,1,0,,,,0,,,,,,,,,,,,,8,0,1,3,1,1,1,1,1,1,,,0,0,,1,1,1,1,1.00
Protected Method,"org.apache.commons.math3.distribution.IntegerDistributionAbstractTest.setInverseCumulativeTestPoints",,,,,,,,,,,,,,6,3,1,1,0,2,1,1,0,,,,0,,,,,,,,,,,,,8,0,1,3,1,1,1,1,1,1,,,0,0,,1,1,1,1,1.00
Protected Method,"org.apache.commons.math3.distribution.IntegerDistributionAbstractTest.setInverseCumulativeTestValues",,,,,,,,,,,,,,6,3,1,1,0,2,1,1,0,,,,0,,,,,,,,,,,,,8,0,1,3,1,1,1,1,1,1,,,0,0,,1,1,1,1,1.00
Protected Method,"org.apache.commons.math3.distribution.IntegerDistributionAbstractTest.setTolerance",,,,,,,,,,,,,,6,3,1,1,0,2,1,1,0,,,,0,,,,,,,,,,,,,4,0,1,3,1,1,1,1,1,1,,,0,0,,1,1,1,1,1.00
Public Method,"org.apache.commons.math3.distribution.IntegerDistributionAbstractTest.setUp",,,,,,,,,,,,,,12,9,7,14,0,8,1,1,0,,,,0,,,,,,,,,,,,,2,0,1,3,1,7,1,7,1,1,,,0,0,,1,1,1,1,0.33
Public Method,"org.apache.commons.math3.distribution.IntegerDistributionAbstractTest.tearDown",,,,,,,,,,,,,,12,9,7,7,0,8,1,1,0,,,,0,,,,,,,,,,,,,0,0,1,3,1,7,1,7,1,1,,,0,0,,1,1,1,1,0.33
Public Method,"org.apache.commons.math3.distribution.IntegerDistributionAbstractTest.testConsistencyAtSupportBounds",,,,,,,,,,,,,,16,15,13,6,0,9,2,2,0,,,,0,,,,,,,,,,,,,2,1,3,0,2,7,3,6,2,1,,,0,1,,2,2,1,2,0.00
Public Method,"org.apache.commons.math3.distribution.IntegerDistributionAbstractTest.testCumulativeProbabilities",,,,,,,,,,,,,,7,3,1,1,0,2,1,1,0,,,,0,,,,,,,,,,,,,0,0,1,4,1,1,1,1,1,1,,,0,0,,1,1,1,1,1.33
Public Method,"org.apache.commons.math3.distribution.IntegerDistributionAbstractTest.testDensities",,,,,,,,,,,,,,7,3,1,1,0,2,1,1,0,,,,0,,,,,,,,,,,,,0,0,1,4,1,1,1,1,1,1,,,0,0,,1,1,1,1,1.33
Public Method,"org.apache.commons.math3.distribution.IntegerDistributionAbstractTest.testIllegalArguments",,,,,,,,,,,,,,23,17,12,3,1,10,4,4,3,,,,0,,,,,,,,,,,,,1,0,1,6,8,6,1,9,4,1,,,0,1,,4,4,1,4,0.35
Public Method,"org.apache.commons.math3.distribution.IntegerDistributionAbstractTest.testInverseCumulativeProbabilities",,,,,,,,,,,,,,7,3,1,1,0,2,1,1,0,,,,0,,,,,,,,,,,,,0,0,1,4,1,1,1,1,1,1,,,0,0,,1,1,1,1,1.33
Public Method,"org.apache.commons.math3.distribution.IntegerDistributionAbstractTest.testSampling",,,,,,,,,,,,,,25,22,16,7,1,23,5,5,0,,,,0,,,,,,,,,,,,,0,0,9,4,8,18,12,11,5,1,,,0,3,,5,5,1,5,0.18
Protected Method,"org.apache.commons.math3.distribution.IntegerDistributionAbstractTest.verifyCumulativeProbabilities",,,,,,,,,,,,,,11,7,4,2,0,5,2,2,0,,,,0,,,,,,,,,,,,,13,0,1,4,2,3,2,3,2,1,,,0,1,,2,2,1,2,0.57
Protected Method,"org.apache.commons.math3.distribution.IntegerDistributionAbstractTest.verifyDensities",,,,,,,,,,,,,,11,7,4,2,0,5,2,2,0,,,,0,,,,,,,,,,,,,13,0,1,4,2,3,2,3,2,1,,,0,1,,2,2,1,2,0.57
Protected Method,"org.apache.commons.math3.distribution.IntegerDistributionAbstractTest.verifyInverseCumulativeProbabilities",,,,,,,,,,,,,,11,7,4,2,0,5,2,2,0,,,,0,,,,,,,,,,,,,12,0,1,4,2,3,2,3,2,1,,,0,1,,2,2,1,2,0.57
Public Class,"org.apache.commons.math3.distribution.KolmogorovSmirnovDistribution",4,1,5,17,12,,1,,7,7,0,3,4,321,114,75,,,105,,,,14,5,1,,4,4,38,15,2,0,0,,,1,7,0,,46,32,161,,74,42,63,,,14,14,,4,64,31,33,11,31,1.41
Public Constructor,"org.apache.commons.math3.distribution.KolmogorovSmirnovDistribution.KolmogorovSmirnovDistribution",,,,,,,,,,,,,,12,7,3,3,0,4,2,2,0,,,,0,,,,,,,,,,,,,3,1,2,4,2,2,1,3,2,1,,,0,1,,2,2,1,2,0.57
Public Method,"org.apache.commons.math3.distribution.KolmogorovSmirnovDistribution.cdf",,,,,,,,,,,,,,49,19,15,4,1,18,7,9,4,,,,4,,,,,,,,,,,,,6,12,5,18,6,12,6,12,7,5,,,4,2,,7,9,5,7,0.95
Public Method,"org.apache.commons.math3.distribution.KolmogorovSmirnovDistribution.cdf",,,,,,,,,,,,,,18,3,1,2,0,2,1,1,0,,,,0,,,,,,,,,,,,,1,0,1,15,1,1,1,1,1,1,,,0,0,,1,1,1,1,5.00
Public Method,"org.apache.commons.math3.distribution.KolmogorovSmirnovDistribution.cdfExact",,,,,,,,,,,,,,19,3,1,2,0,2,1,1,0,,,,0,,,,,,,,,,,,,1,0,1,16,1,1,1,1,1,1,,,0,0,,1,1,1,1,5.33
Private Method,"org.apache.commons.math3.distribution.KolmogorovSmirnovDistribution.createH",,,,,,,,,,,,,,100,51,35,14,3,47,14,14,3,,,,0,,,,,,,,,,,,,7,12,8,37,960,33,14,33,14,1,,,0,4,,14,14,1,14,0.73
Private Method,"org.apache.commons.math3.distribution.KolmogorovSmirnovDistribution.exactK",,,,,,,,,,,,,,32,10,7,9,0,10,2,2,0,,,,0,,,,,,,,,,,,,4,5,5,17,2,8,6,4,2,1,,,0,1,,2,2,1,2,1.70
Private Method,"org.apache.commons.math3.distribution.KolmogorovSmirnovDistribution.roundedK",,,,,,,,,,,,,,39,17,12,10,1,19,4,4,0,,,,0,,,,,,,,,,,,,3,7,7,15,6,15,10,9,4,1,,,0,2,,4,4,1,4,0.88
Public Class,"org.apache.commons.math3.distribution.KolmogorovSmirnovDistributionTest",1,1,17,40,1,,1,,1,1,0,0,1,96,31,25,,,28,,,,1,1,1,,1,1,84,27,1,0,0,,,0,1,0,,20,5,45,,26,4,24,,,1,1,,0,0,1,1,1,1,1.45
Public Method,"org.apache.commons.math3.distribution.KolmogorovSmirnovDistributionTest.testCumulativeDensityFunction",,,,,,,,,,,,,,84,27,24,3,0,26,1,1,0,,,,0,,,,,,,,,,,,,1,17,2,40,1,25,2,24,1,1,,,0,0,,1,1,1,1,1.48
Public Class,"org.apache.commons.math3.distribution.LogNormalDistribution",1,1,0,5,6,,4,,18,25,0,0,17,266,100,47,,,68,,,,4,3,2,,1,1,10,4,1,0,0,,,3,18,1,,25,42,141,,43,36,32,,,4,4,,1,82,25,26,20,25,1.41
Public Constructor,"org.apache.commons.math3.distribution.LogNormalDistribution.LogNormalDistribution",,,,,,,,,,,,,,11,4,1,2,0,2,1,1,0,,,,0,,,,,,,,,,,,,10,0,2,7,1,1,1,1,1,1,,,0,0,,1,1,1,1,1.75
Public Constructor,"org.apache.commons.math3.distribution.LogNormalDistribution.LogNormalDistribution",,,,,,,,,,,,,,19,9,5,5,0,6,2,2,0,,,,0,,,,,,,,,,,,,5,1,2,9,2,4,1,5,2,1,,,0,1,,2,2,1,2,1.00
Public Constructor,"org.apache.commons.math3.distribution.LogNormalDistribution.LogNormalDistribution",,,,,,,,,,,,,,10,3,1,2,0,2,1,1,0,,,,0,,,,,,,,,,,,,0,0,1,7,1,1,1,1,1,1,,,0,0,,1,1,1,1,2.33
Public Method,"org.apache.commons.math3.distribution.LogNormalDistribution.cumulativeProbability",,,,,,,,,,,,,,25,10,6,4,0,7,4,4,2,,,,2,,,,,,,,,,,,,5,0,2,15,3,4,2,5,4,3,,,2,1,,4,4,3,4,1.50
Public Method,"org.apache.commons.math3.distribution.LogNormalDistribution.cumulativeProbability",,,,,,,,,,,,,,15,14,9,5,1,9,3,4,1,,,,0,,,,,,,,,,,,,6,0,5,1,4,6,4,5,3,1,,,0,1,,3,4,1,3,0.07
Public Method,"org.apache.commons.math3.distribution.LogNormalDistribution.density",,,,,,,,,,,,,,19,8,5,3,0,6,2,2,1,,,,0,,,,,,,,,,,,,5,0,3,11,2,4,3,3,2,1,,,0,1,,2,2,1,2,1.38
Public Method,"org.apache.commons.math3.distribution.LogNormalDistribution.getNumericalMean",,,,,,,,,,,,,,10,4,2,2,0,3,1,1,0,,,,0,,,,,,,,,,,,,3,0,2,6,1,2,2,1,1,1,,,0,0,,1,1,1,1,1.50
Public Method,"org.apache.commons.math3.distribution.LogNormalDistribution.getNumericalVariance",,,,,,,,,,,,,,11,5,3,2,0,4,1,1,0,,,,0,,,,,,,,,,,,,3,0,3,6,1,3,3,1,1,1,,,0,0,,1,1,1,1,1.20
Public Method,"org.apache.commons.math3.distribution.LogNormalDistribution.getScale",,,,,,,,,,,,,,8,3,1,1,0,2,1,1,0,,,,0,,,,,,,,,,,,,3,0,1,5,1,1,1,1,1,1,,,0,0,,1,1,1,1,1.67
Public Method,"org.apache.commons.math3.distribution.LogNormalDistribution.getShape",,,,,,,,,,,,,,8,3,1,1,0,2,1,1,0,,,,0,,,,,,,,,,,,,3,0,1,5,1,1,1,1,1,1,,,0,0,,1,1,1,1,1.67
Protected Method,"org.apache.commons.math3.distribution.LogNormalDistribution.getSolverAbsoluteAccuracy",,,,,,,,,,,,,,4,3,1,1,0,2,1,1,0,,,,0,,,,,,,,,,,,,1,0,1,1,1,1,1,1,1,1,,,0,0,,1,1,1,1,0.33
Public Method,"org.apache.commons.math3.distribution.LogNormalDistribution.getSupportLowerBound",,,,,,,,,,,,,,10,3,1,1,0,2,1,1,0,,,,0,,,,,,,,,,,,,0,0,1,7,1,1,1,1,1,1,,,0,0,,1,1,1,1,2.33
Public Method,"org.apache.commons.math3.distribution.LogNormalDistribution.getSupportUpperBound",,,,,,,,,,,,,,12,3,1,1,0,2,1,1,0,,,,0,,,,,,,,,,,,,0,0,1,9,1,1,1,1,1,1,,,0,0,,1,1,1,1,3.00
Public Method,"org.apache.commons.math3.distribution.LogNormalDistribution.isSupportConnected",,,,,,,,,,,,,,10,3,1,1,0,2,1,1,0,,,,0,,,,,,,,,,,,,0,0,1,7,1,1,1,1,1,1,,,0,0,,1,1,1,1,2.33
Public Method,"org.apache.commons.math3.distribution.LogNormalDistribution.isSupportLowerBoundInclusive",,,,,,,,,,,,,,4,3,1,1,0,2,1,1,0,,,,0,,,,,,,,,,,,,0,0,1,1,1,1,1,1,1,1,,,0,0,,1,1,1,1,0.33
Public Method,"org.apache.commons.math3.distribution.LogNormalDistribution.isSupportUpperBoundInclusive",,,,,,,,,,,,,,4,3,1,1,0,2,1,1,0,,,,0,,,,,,,,,,,,,0,0,1,1,1,1,1,1,1,1,,,0,0,,1,1,1,1,0.33
Public Method,"org.apache.commons.math3.distribution.LogNormalDistribution.probability",,,,,,,,,,,,,,10,3,1,1,0,2,1,1,0,,,,0,,,,,,,,,,,,,0,0,1,7,1,1,1,1,1,1,,,0,0,,1,1,1,1,2.33
Public Method,"org.apache.commons.math3.distribution.LogNormalDistribution.sample",,,,,,,,,,,,,,5,4,2,3,0,3,1,1,0,,,,0,,,,,,,,,,,,,3,0,2,1,1,2,2,1,1,1,,,0,0,,1,1,1,1,0.25
Public Class,"org.apache.commons.math3.distribution.LogNormalDistributionTest",1,1,0,1,2,,0,,17,48,0,2,15,223,160,103,,,90,,,,3,1,2,,1,1,10,8,1,0,0,,,0,17,0,,25,49,41,,69,35,55,,,3,3,,2,0,20,20,17,20,0.26
Private Method,"org.apache.commons.math3.distribution.LogNormalDistributionTest.checkDensity",,,,,,,,,,,,,,7,7,3,3,0,6,2,2,0,,,,0,,,,,,,,,,,,,6,0,3,0,2,4,3,3,2,1,,,0,1,,2,2,1,2,0.00
Public Method,"org.apache.commons.math3.distribution.LogNormalDistributionTest.makeCumulativeTestPoints",,,,,,,,,,,,,,9,7,5,1,0,2,1,1,0,,,,0,,,,,,,,,,,,,1,0,1,2,1,1,1,1,1,1,,,0,0,,1,1,1,1,0.29
Public Method,"org.apache.commons.math3.distribution.LogNormalDistributionTest.makeCumulativeTestValues",,,,,,,,,,,,,,6,5,3,1,0,2,1,1,0,,,,0,,,,,,,,,,,,,1,0,1,1,1,1,1,1,1,1,,,0,0,,1,1,1,1,0.20
Public Method,"org.apache.commons.math3.distribution.LogNormalDistributionTest.makeDensityTestValues",,,,,,,,,,,,,,6,5,3,1,0,2,1,1,0,,,,0,,,,,,,,,,,,,0,0,1,1,1,1,1,1,1,1,,,0,0,,1,1,1,1,0.20
Public Method,"org.apache.commons.math3.distribution.LogNormalDistributionTest.makeDistribution",,,,,,,,,,,,,,4,3,1,2,0,2,1,1,0,,,,0,,,,,,,,,,,,,0,0,1,1,1,1,1,1,1,1,,,0,0,,1,1,1,1,0.33
Public Method,"org.apache.commons.math3.distribution.LogNormalDistributionTest.makeInverseCumulativeTestPoints",,,,,,,,,,,,,,14,6,4,3,0,5,1,1,0,,,,0,,,,,,,,,,,,,1,0,3,8,1,4,3,2,1,1,,,0,0,,1,1,1,1,1.33
Public Method,"org.apache.commons.math3.distribution.LogNormalDistributionTest.makeInverseCumulativeTestValues",,,,,,,,,,,,,,14,6,4,3,0,5,1,1,0,,,,0,,,,,,,,,,,,,1,0,3,8,1,4,3,2,1,1,,,0,0,,1,1,1,1,1.33
Public Method,"org.apache.commons.math3.distribution.LogNormalDistributionTest.setUp",,,,,,,,,,,,,,4,4,2,2,0,3,1,1,0,,,,0,,,,,,,,,,,,,1,0,1,0,1,2,1,2,1,1,,,0,0,,1,1,1,1,0.00
Public Method,"org.apache.commons.math3.distribution.LogNormalDistributionTest.testDensity",,,,,,,,,,,,,,11,9,7,1,0,4,1,1,0,,,,0,,,,,,,,,,,,,0,0,2,2,1,3,2,2,1,1,,,0,0,,1,1,1,1,0.22
Public Method,"org.apache.commons.math3.distribution.LogNormalDistributionTest.testExtremeValues",,,,,,,,,,,,,,21,16,11,5,0,13,3,3,1,,,,0,,,,,,,,,,,,,0,1,3,7,3,10,4,9,3,1,,,0,2,,3,3,1,3,0.44
Public Method,"org.apache.commons.math3.distribution.LogNormalDistributionTest.testGetScale",,,,,,,,,,,,,,4,4,2,3,0,3,1,1,0,,,,0,,,,,,,,,,,,,0,0,2,0,1,2,2,1,1,1,,,0,0,,1,1,1,1,0.00
Public Method,"org.apache.commons.math3.distribution.LogNormalDistributionTest.testGetShape",,,,,,,,,,,,,,4,4,2,3,0,3,1,1,0,,,,0,,,,,,,,,,,,,0,0,2,0,1,2,2,1,1,1,,,0,0,,1,1,1,1,0.00
Public Method,"org.apache.commons.math3.distribution.LogNormalDistributionTest.testInverseCumulativeProbabilityExtremes",,,,,,,,,,,,,,6,6,4,3,0,4,1,1,0,,,,0,,,,,,,,,,,,,0,0,1,0,1,3,1,3,1,1,,,0,0,,1,1,1,1,0.00
Public Method,"org.apache.commons.math3.distribution.LogNormalDistributionTest.testMeanVariance",,,,,,,,,,,,,,18,15,12,4,0,12,1,1,0,,,,0,,,,,,,,,,,,,0,3,3,0,1,11,3,9,1,1,,,0,0,,1,1,1,1,0.00
Public Method,"org.apache.commons.math3.distribution.LogNormalDistributionTest.testPreconditions",,,,,,,,,,,,,,3,3,1,1,0,2,1,1,0,,,,0,,,,,,,,,,,,,0,0,1,0,1,1,1,1,1,1,,,0,0,,1,1,1,1,0.00
Public Method,"org.apache.commons.math3.distribution.LogNormalDistributionTest.testQuantiles",,,,,,,,,,,,,,35,33,31,6,0,15,1,1,0,,,,0,,,,,,,,,,,,,0,2,1,0,1,14,1,14,1,1,,,0,0,,1,1,1,1,0.00
Private Method,"org.apache.commons.math3.distribution.LogNormalDistributionTest.verifyQuantiles",,,,,,,,,,,,,,10,10,8,5,0,6,1,1,0,,,,0,,,,,,,,,,,,,1,0,4,0,1,5,4,2,1,1,,,0,0,,1,1,1,1,0.00
Public Class,"org.apache.commons.math3.distribution.NormalDistribution",1,1,0,4,6,,4,,18,25,0,0,17,210,88,38,,,59,,,,3,1,2,,1,1,9,4,1,0,0,,,3,18,1,,19,39,103,,37,33,26,,,3,3,,1,85,22,22,18,22,1.17
Public Constructor,"org.apache.commons.math3.distribution.NormalDistribution.NormalDistribution",,,,,,,,,,,,,,11,4,1,2,0,2,1,1,0,,,,0,,,,,,,,,,,,,14,0,2,7,1,1,1,1,1,1,,,0,0,,1,1,1,1,1.75
Public Constructor,"org.apache.commons.math3.distribution.NormalDistribution.NormalDistribution",,,,,,,,,,,,,,20,9,5,5,0,6,2,2,0,,,,0,,,,,,,,,,,,,5,1,2,10,2,4,1,5,2,1,,,0,1,,2,2,1,2,1.11
Public Constructor,"org.apache.commons.math3.distribution.NormalDistribution.NormalDistribution",,,,,,,,,,,,,,7,3,1,2,0,2,1,1,0,,,,0,,,,,,,,,,,,,0,0,1,4,1,1,1,1,1,1,,,0,0,,1,1,1,1,1.33
Public Method,"org.apache.commons.math3.distribution.NormalDistribution.cumulativeProbability",,,,,,,,,,,,,,14,7,4,3,0,5,3,3,1,,,,0,,,,,,,,,,,,,8,0,2,7,2,3,2,3,3,1,,,0,1,,3,3,1,3,1.00
Public Method,"org.apache.commons.math3.distribution.NormalDistribution.cumulativeProbability",,,,,,,,,,,,,,12,11,7,3,0,7,2,2,0,,,,0,,,,,,,,,,,,,6,0,5,1,2,5,4,3,2,1,,,0,1,,2,2,1,2,0.09
Public Method,"org.apache.commons.math3.distribution.NormalDistribution.density",,,,,,,,,,,,,,6,5,3,2,0,4,1,1,0,,,,0,,,,,,,,,,,,,5,0,3,1,1,3,3,1,1,1,,,0,0,,1,1,1,1,0.20
Public Method,"org.apache.commons.math3.distribution.NormalDistribution.getMean",,,,,,,,,,,,,,8,3,1,1,0,2,1,1,0,,,,0,,,,,,,,,,,,,4,0,1,5,1,1,1,1,1,1,,,0,0,,1,1,1,1,1.67
Public Method,"org.apache.commons.math3.distribution.NormalDistribution.getNumericalMean",,,,,,,,,,,,,,8,3,1,2,0,2,1,1,0,,,,0,,,,,,,,,,,,,1,0,1,5,1,1,1,1,1,1,,,0,0,,1,1,1,1,1.67
Public Method,"org.apache.commons.math3.distribution.NormalDistribution.getNumericalVariance",,,,,,,,,,,,,,9,4,2,2,0,3,1,1,0,,,,0,,,,,,,,,,,,,1,0,2,5,1,2,2,1,1,1,,,0,0,,1,1,1,1,1.25
Protected Method,"org.apache.commons.math3.distribution.NormalDistribution.getSolverAbsoluteAccuracy",,,,,,,,,,,,,,4,3,1,1,0,2,1,1,0,,,,0,,,,,,,,,,,,,1,0,1,1,1,1,1,1,1,1,,,0,0,,1,1,1,1,0.33
Public Method,"org.apache.commons.math3.distribution.NormalDistribution.getStandardDeviation",,,,,,,,,,,,,,8,3,1,1,0,2,1,1,0,,,,0,,,,,,,,,,,,,4,0,1,5,1,1,1,1,1,1,,,0,0,,1,1,1,1,1.67
Public Method,"org.apache.commons.math3.distribution.NormalDistribution.getSupportLowerBound",,,,,,,,,,,,,,12,3,1,1,0,2,1,1,0,,,,0,,,,,,,,,,,,,0,0,1,9,1,1,1,1,1,1,,,0,0,,1,1,1,1,3.00
Public Method,"org.apache.commons.math3.distribution.NormalDistribution.getSupportUpperBound",,,,,,,,,,,,,,12,3,1,1,0,2,1,1,0,,,,0,,,,,,,,,,,,,0,0,1,9,1,1,1,1,1,1,,,0,0,,1,1,1,1,3.00
Public Method,"org.apache.commons.math3.distribution.NormalDistribution.isSupportConnected",,,,,,,,,,,,,,10,3,1,1,0,2,1,1,0,,,,0,,,,,,,,,,,,,0,0,1,7,1,1,1,1,1,1,,,0,0,,1,1,1,1,2.33
Public Method,"org.apache.commons.math3.distribution.NormalDistribution.isSupportLowerBoundInclusive",,,,,,,,,,,,,,4,3,1,1,0,2,1,1,0,,,,0,,,,,,,,,,,,,0,0,1,1,1,1,1,1,1,1,,,0,0,,1,1,1,1,0.33
Public Method,"org.apache.commons.math3.distribution.NormalDistribution.isSupportUpperBoundInclusive",,,,,,,,,,,,,,4,3,1,1,0,2,1,1,0,,,,0,,,,,,,,,,,,,0,0,1,1,1,1,1,1,1,1,,,0,0,,1,1,1,1,0.33
Public Method,"org.apache.commons.math3.distribution.NormalDistribution.probability",,,,,,,,,,,,,,10,3,1,1,0,2,1,1,0,,,,0,,,,,,,,,,,,,0,0,1,7,1,1,1,1,1,1,,,0,0,,1,1,1,1,2.33
Public Method,"org.apache.commons.math3.distribution.NormalDistribution.sample",,,,,,,,,,,,,,4,3,1,2,0,2,1,1,0,,,,0,,,,,,,,,,,,,3,0,1,1,1,1,1,1,1,1,,,0,0,,1,1,1,1,0.33
Public Class,"org.apache.commons.math3.distribution.NormalDistributionTest",1,1,0,1,3,,0,,16,47,0,2,14,182,134,81,,,92,,,,3,1,2,,1,1,8,7,1,0,0,,,1,16,0,,24,46,27,,72,34,58,,,3,3,,2,87,19,19,16,19,0.20
Private Method,"org.apache.commons.math3.distribution.NormalDistributionTest.checkDensity",,,,,,,,,,,,,,6,6,3,3,0,6,2,2,0,,,,0,,,,,,,,,,,,,6,0,2,0,2,4,3,3,2,1,,,0,1,,2,2,1,2,0.00
Public Method,"org.apache.commons.math3.distribution.NormalDistributionTest.makeCumulativeTestPoints",,,,,,,,,,,,,,6,4,2,1,0,2,1,1,0,,,,0,,,,,,,,,,,,,0,0,1,2,1,1,1,1,1,1,,,0,0,,1,1,1,1,0.50
Public Method,"org.apache.commons.math3.distribution.NormalDistributionTest.makeCumulativeTestValues",,,,,,,,,,,,,,5,4,2,1,0,2,1,1,0,,,,0,,,,,,,,,,,,,0,0,1,1,1,1,1,1,1,1,,,0,0,,1,1,1,1,0.25
Public Method,"org.apache.commons.math3.distribution.NormalDistributionTest.makeDensityTestValues",,,,,,,,,,,,,,5,4,2,1,0,2,1,1,0,,,,0,,,,,,,,,,,,,0,0,1,1,1,1,1,1,1,1,,,0,0,,1,1,1,1,0.25
Public Method,"org.apache.commons.math3.distribution.NormalDistributionTest.makeDistribution",,,,,,,,,,,,,,4,3,1,2,0,2,1,1,0,,,,0,,,,,,,,,,,,,0,0,1,1,1,1,1,1,1,1,,,0,0,,1,1,1,1,0.33
Public Method,"org.apache.commons.math3.distribution.NormalDistributionTest.setUp",,,,,,,,,,,,,,4,4,2,2,0,3,1,1,0,,,,0,,,,,,,,,,,,,1,0,1,0,1,2,1,2,1,1,,,0,0,,1,1,1,1,0.00
Public Method,"org.apache.commons.math3.distribution.NormalDistributionTest.testDensity",,,,,,,,,,,,,,7,5,3,1,0,4,1,1,0,,,,0,,,,,,,,,,,,,0,0,2,2,1,3,2,2,1,1,,,0,0,,1,1,1,1,0.40
Public Method,"org.apache.commons.math3.distribution.NormalDistributionTest.testExtremeValues",,,,,,,,,,,,,,26,19,14,5,0,16,3,3,1,,,,0,,,,,,,,,,,,,0,1,4,9,3,13,5,11,3,1,,,0,2,,3,3,1,3,0.47
Public Method,"org.apache.commons.math3.distribution.NormalDistributionTest.testGetMean",,,,,,,,,,,,,,4,4,2,3,0,3,1,1,0,,,,0,,,,,,,,,,,,,0,0,2,0,1,2,2,1,1,1,,,0,0,,1,1,1,1,0.00
Public Method,"org.apache.commons.math3.distribution.NormalDistributionTest.testGetStandardDeviation",,,,,,,,,,,,,,4,4,2,3,0,3,1,1,0,,,,0,,,,,,,,,,,,,0,0,2,0,1,2,2,1,1,1,,,0,0,,1,1,1,1,0.00
Public Method,"org.apache.commons.math3.distribution.NormalDistributionTest.testInverseCumulativeProbabilityExtremes",,,,,,,,,,,,,,6,6,4,3,0,4,1,1,0,,,,0,,,,,,,,,,,,,0,0,1,0,1,3,1,3,1,1,,,0,0,,1,1,1,1,0.00
Public Method,"org.apache.commons.math3.distribution.NormalDistributionTest.testMath280",,,,,,,,,,,,,,11,11,9,3,0,10,1,1,0,,,,0,,,,,,,,,,,,,1,0,3,0,1,9,3,7,1,1,,,0,0,,1,1,1,1,0.00
Public Method,"org.apache.commons.math3.distribution.NormalDistributionTest.testMoments",,,,,,,,,,,,,,16,13,10,4,0,12,1,1,0,,,,0,,,,,,,,,,,,,0,3,3,0,1,11,3,9,1,1,,,0,0,,1,1,1,1,0.00
Public Method,"org.apache.commons.math3.distribution.NormalDistributionTest.testPreconditions",,,,,,,,,,,,,,3,3,1,1,0,2,1,1,0,,,,0,,,,,,,,,,,,,0,0,1,0,1,1,1,1,1,1,,,0,0,,1,1,1,1,0.00
Public Method,"org.apache.commons.math3.distribution.NormalDistributionTest.testQuantiles",,,,,,,,,,,,,,18,16,14,5,0,12,1,1,0,,,,0,,,,,,,,,,,,,0,2,1,0,1,11,1,11,1,1,,,0,0,,1,1,1,1,0.00
Private Method,"org.apache.commons.math3.distribution.NormalDistributionTest.verifyQuantiles",,,,,,,,,,,,,,12,11,9,6,0,7,1,1,0,,,,0,,,,,,,,,,,,,1,0,4,1,1,6,4,3,1,1,,,0,0,,1,1,1,1,0.09
Public Class,"org.apache.commons.math3.distribution.PascalDistribution",1,1,0,5,6,,1,,10,18,0,0,10,171,64,33,,,41,,,,3,1,2,,1,1,11,5,1,0,0,,,2,10,0,,11,21,96,,26,20,21,,,3,4,,1,73,14,15,10,14,1.50
Public Constructor,"org.apache.commons.math3.distribution.PascalDistribution.PascalDistribution",,,,,,,,,,,,,,23,12,7,5,1,7,3,4,0,,,,0,,,,,,,,,,,,,8,1,2,10,4,4,1,6,3,1,,,0,1,,3,4,1,3,0.83
Public Method,"org.apache.commons.math3.distribution.PascalDistribution.cumulativeProbability",,,,,,,,,,,,,,11,10,6,2,0,6,2,2,1,,,,0,,,,,,,,,,,,,3,0,2,1,2,4,2,4,2,1,,,0,1,,2,2,1,2,0.10
Public Method,"org.apache.commons.math3.distribution.PascalDistribution.getNumberOfSuccesses",,,,,,,,,,,,,,8,3,1,1,0,2,1,1,0,,,,0,,,,,,,,,,,,,4,0,1,5,1,1,1,1,1,1,,,0,0,,1,1,1,1,1.67
Public Method,"org.apache.commons.math3.distribution.PascalDistribution.getNumericalMean",,,,,,,,,,,,,,11,5,3,3,0,4,1,1,0,,,,0,,,,,,,,,,,,,1,0,3,6,1,3,3,1,1,1,,,0,0,,1,1,1,1,1.20
Public Method,"org.apache.commons.math3.distribution.PascalDistribution.getNumericalVariance",,,,,,,,,,,,,,11,5,3,3,0,4,1,1,0,,,,0,,,,,,,,,,,,,1,0,3,6,1,3,3,1,1,1,,,0,0,,1,1,1,1,1.20
Public Method,"org.apache.commons.math3.distribution.PascalDistribution.getProbabilityOfSuccess",,,,,,,,,,,,,,8,3,1,1,0,2,1,1,0,,,,0,,,,,,,,,,,,,4,0,1,5,1,1,1,1,1,1,,,0,0,,1,1,1,1,1.67
Public Method,"org.apache.commons.math3.distribution.PascalDistribution.getSupportLowerBound",,,,,,,,,,,,,,10,3,1,1,0,2,1,1,0,,,,0,,,,,,,,,,,,,0,0,1,7,1,1,1,1,1,1,,,0,0,,1,1,1,1,2.33
Public Method,"org.apache.commons.math3.distribution.PascalDistribution.getSupportUpperBound",,,,,,,,,,,,,,12,3,1,1,0,2,1,1,0,,,,0,,,,,,,,,,,,,0,0,1,9,1,1,1,1,1,1,,,0,0,,1,1,1,1,3.00
Public Method,"org.apache.commons.math3.distribution.PascalDistribution.isSupportConnected",,,,,,,,,,,,,,10,3,1,1,0,2,1,1,0,,,,0,,,,,,,,,,,,,0,0,1,7,1,1,1,1,1,1,,,0,0,,1,1,1,1,2.33
Public Method,"org.apache.commons.math3.distribution.PascalDistribution.probability",,,,,,,,,,,,,,13,12,8,3,0,6,2,2,1,,,,0,,,,,,,,,,,,,3,0,2,1,2,4,2,4,2,1,,,0,1,,2,2,1,2,0.08
Public Class,"org.apache.commons.math3.distribution.PascalDistributionTest",1,1,0,0,3,,0,,11,45,0,0,11,112,78,42,,,50,,,,1,1,2,,1,1,6,5,1,0,0,,,1,11,0,,15,26,19,,38,15,35,,,1,1,,0,90,11,11,11,11,0.24
Public Method,"org.apache.commons.math3.distribution.PascalDistributionTest.makeCumulativeTestPoints",,,,,,,,,,,,,,4,3,1,2,0,2,1,1,0,,,,0,,,,,,,,,,,,,0,0,1,1,1,1,1,1,1,1,,,0,0,,1,1,1,1,0.33
Public Method,"org.apache.commons.math3.distribution.PascalDistributionTest.makeCumulativeTestValues",,,,,,,,,,,,,,6,5,3,1,0,2,1,1,0,,,,0,,,,,,,,,,,,,0,0,1,1,1,1,1,1,1,1,,,0,0,,1,1,1,1,0.20
Public Method,"org.apache.commons.math3.distribution.PascalDistributionTest.makeDensityTestPoints",,,,,,,,,,,,,,4,3,1,1,0,2,1,1,0,,,,0,,,,,,,,,,,,,2,0,1,1,1,1,1,1,1,1,,,0,0,,1,1,1,1,0.33
Public Method,"org.apache.commons.math3.distribution.PascalDistributionTest.makeDensityTestValues",,,,,,,,,,,,,,6,5,3,1,0,2,1,1,0,,,,0,,,,,,,,,,,,,1,0,1,1,1,1,1,1,1,1,,,0,0,,1,1,1,1,0.20
Public Method,"org.apache.commons.math3.distribution.PascalDistributionTest.makeDistribution",,,,,,,,,,,,,,4,3,1,2,0,2,1,1,0,,,,0,,,,,,,,,,,,,1,0,1,1,1,1,1,1,1,1,,,0,0,,1,1,1,1,0.33
Public Method,"org.apache.commons.math3.distribution.PascalDistributionTest.makeInverseCumulativeTestPoints",,,,,,,,,,,,,,5,4,2,1,0,2,1,1,0,,,,0,,,,,,,,,,,,,0,0,1,1,1,1,1,1,1,1,,,0,0,,1,1,1,1,0.25
Public Method,"org.apache.commons.math3.distribution.PascalDistributionTest.makeInverseCumulativeTestValues",,,,,,,,,,,,,,4,3,1,1,0,2,1,1,0,,,,0,,,,,,,,,,,,,0,0,1,1,1,1,1,1,1,1,,,0,0,,1,1,1,1,0.33
Public Method,"org.apache.commons.math3.distribution.PascalDistributionTest.setUp",,,,,,,,,,,,,,4,4,2,2,0,3,1,1,0,,,,0,,,,,,,,,,,,,1,0,1,0,1,2,1,2,1,1,,,0,0,,1,1,1,1,0.00
Public Method,"org.apache.commons.math3.distribution.PascalDistributionTest.testDegenerate0",,,,,,,,,,,,,,13,12,10,11,0,11,1,1,0,,,,0,,,,,,,,,,,,,0,0,1,1,1,10,1,10,1,1,,,0,0,,1,1,1,1,0.08
Public Method,"org.apache.commons.math3.distribution.PascalDistributionTest.testDegenerate1",,,,,,,,,,,,,,13,12,10,11,0,11,1,1,0,,,,0,,,,,,,,,,,,,0,0,1,1,1,10,1,10,1,1,,,0,0,,1,1,1,1,0.08
Public Method,"org.apache.commons.math3.distribution.PascalDistributionTest.testMoments",,,,,,,,,,,,,,12,10,7,4,0,9,1,1,0,,,,0,,,,,,,,,,,,,0,2,3,0,1,8,3,6,1,1,,,0,0,,1,1,1,1,0.00
Public Class,"org.apache.commons.math3.distribution.PoissonDistribution",1,1,0,7,8,,3,,14,22,0,0,14,233,77,35,,,51,,,,3,3,2,,1,1,12,4,1,0,0,,,4,14,0,,20,26,136,,31,23,28,,,3,4,,1,84,19,20,16,19,1.77
Public Constructor,"org.apache.commons.math3.distribution.PoissonDistribution.PoissonDistribution",,,,,,,,,,,,,,9,3,1,2,0,2,1,1,0,,,,0,,,,,,,,,,,,,14,0,1,6,1,1,1,1,1,1,,,0,0,,1,1,1,1,2.00
Public Constructor,"org.apache.commons.math3.distribution.PoissonDistribution.PoissonDistribution",,,,,,,,,,,,,,21,10,6,8,0,7,2,2,0,,,,0,,,,,,,,,,,,,7,0,2,11,2,5,1,6,2,1,,,0,1,,2,2,1,2,1.10
Public Constructor,"org.apache.commons.math3.distribution.PoissonDistribution.PoissonDistribution",,,,,,,,,,,,,,13,4,1,2,0,2,1,1,0,,,,0,,,,,,,,,,,,,3,0,2,9,1,1,1,1,1,1,,,0,0,,1,1,1,1,2.25
Public Constructor,"org.apache.commons.math3.distribution.PoissonDistribution.PoissonDistribution",,,,,,,,,,,,,,12,3,1,2,0,2,1,1,0,,,,0,,,,,,,,,,,,,3,0,1,9,1,1,1,1,1,1,,,0,0,,1,1,1,1,3.00
Public Method,"org.apache.commons.math3.distribution.PoissonDistribution.cumulativeProbability",,,,,,,,,,,,,,11,10,6,2,0,6,3,3,2,,,,2,,,,,,,,,,,,,8,0,1,1,3,3,1,5,3,3,,,2,1,,3,3,3,3,0.10
Public Method,"org.apache.commons.math3.distribution.PoissonDistribution.getMean",,,,,,,,,,,,,,8,3,1,1,0,2,1,1,0,,,,0,,,,,,,,,,,,,5,0,1,5,1,1,1,1,1,1,,,0,0,,1,1,1,1,1.67
Public Method,"org.apache.commons.math3.distribution.PoissonDistribution.getNumericalMean",,,,,,,,,,,,,,8,3,1,2,0,2,1,1,0,,,,0,,,,,,,,,,,,,1,0,1,5,1,1,1,1,1,1,,,0,0,,1,1,1,1,1.67
Public Method,"org.apache.commons.math3.distribution.PoissonDistribution.getNumericalVariance",,,,,,,,,,,,,,8,3,1,2,0,2,1,1,0,,,,0,,,,,,,,,,,,,1,0,1,5,1,1,1,1,1,1,,,0,0,,1,1,1,1,1.67
Public Method,"org.apache.commons.math3.distribution.PoissonDistribution.getSupportLowerBound",,,,,,,,,,,,,,10,3,1,1,0,2,1,1,0,,,,0,,,,,,,,,,,,,0,0,1,7,1,1,1,1,1,1,,,0,0,,1,1,1,1,2.33
Public Method,"org.apache.commons.math3.distribution.PoissonDistribution.getSupportUpperBound",,,,,,,,,,,,,,13,3,1,1,0,2,1,1,0,,,,0,,,,,,,,,,,,,0,0,1,10,1,1,1,1,1,1,,,0,0,,1,1,1,1,3.33
Public Method,"org.apache.commons.math3.distribution.PoissonDistribution.isSupportConnected",,,,,,,,,,,,,,10,3,1,1,0,2,1,1,0,,,,0,,,,,,,,,,,,,0,0,1,7,1,1,1,1,1,1,,,0,0,,1,1,1,1,2.33
Public Method,"org.apache.commons.math3.distribution.PoissonDistribution.normalApproximateProbability",,,,,,,,,,,,,,15,3,1,2,0,2,1,1,0,,,,0,,,,,,,,,,,,,3,0,1,12,1,1,1,1,1,1,,,0,0,,1,1,1,1,4.00
Public Method,"org.apache.commons.math3.distribution.PoissonDistribution.probability",,,,,,,,,,,,,,14,13,9,5,0,8,3,4,2,,,,0,,,,,,,,,,,,,3,0,2,1,3,5,2,6,3,1,,,0,1,,3,4,1,3,0.08
Public Method,"org.apache.commons.math3.distribution.PoissonDistribution.sample",,,,,,,,,,,,,,25,3,1,3,0,2,1,1,0,,,,0,,,,,,,,,,,,,3,0,1,22,1,1,1,1,1,1,,,0,0,,1,1,1,1,7.33
Public Class,"org.apache.commons.math3.distribution.PoissonDistributionTest",1,1,0,2,5,,1,,17,51,0,1,16,213,144,84,,,88,,,,5,1,2,,1,1,9,7,1,0,0,,,0,17,0,,23,55,47,,63,39,49,,,5,5,,4,88,24,24,17,24,0.33
Public Constructor,"org.apache.commons.math3.distribution.PoissonDistributionTest.PoissonDistributionTest",,,,,,,,,,,,,,6,3,1,2,0,2,1,1,0,,,,0,,,,,,,,,,,,,0,0,1,3,1,1,1,1,1,1,,,0,0,,1,1,1,1,1.00
Private Method,"org.apache.commons.math3.distribution.PoissonDistributionTest.checkProbability",,,,,,,,,,,,,,7,7,5,5,0,4,1,1,0,,,,0,,,,,,,,,,,,,3,0,2,0,1,3,2,2,1,1,,,0,0,,1,1,1,1,0.00
Public Method,"org.apache.commons.math3.distribution.PoissonDistributionTest.makeCumulativeTestPoints",,,,,,,,,,,,,,6,3,1,1,0,2,1,1,0,,,,0,,,,,,,,,,,,,0,0,1,3,1,1,1,1,1,1,,,0,0,,1,1,1,1,1.00
Public Method,"org.apache.commons.math3.distribution.PoissonDistributionTest.makeCumulativeTestValues",,,,,,,,,,,,,,8,5,3,1,0,2,1,1,0,,,,0,,,,,,,,,,,,,0,0,1,3,1,1,1,1,1,1,,,0,0,,1,1,1,1,0.60
Public Method,"org.apache.commons.math3.distribution.PoissonDistributionTest.makeDensityTestPoints",,,,,,,,,,,,,,6,3,1,1,0,2,1,1,0,,,,0,,,,,,,,,,,,,0,0,1,3,1,1,1,1,1,1,,,0,0,,1,1,1,1,1.00
Public Method,"org.apache.commons.math3.distribution.PoissonDistributionTest.makeDensityTestValues",,,,,,,,,,,,,,9,5,3,1,0,2,1,1,0,,,,0,,,,,,,,,,,,,0,0,1,4,1,1,1,1,1,1,,,0,0,,1,1,1,1,0.80
Public Method,"org.apache.commons.math3.distribution.PoissonDistributionTest.makeDistribution",,,,,,,,,,,,,,6,3,1,2,0,2,1,1,0,,,,0,,,,,,,,,,,,,1,0,1,3,1,1,1,1,1,1,,,0,0,,1,1,1,1,1.00
Public Method,"org.apache.commons.math3.distribution.PoissonDistributionTest.makeInverseCumulativeTestPoints",,,,,,,,,,,,,,11,8,6,3,0,3,1,1,0,,,,0,,,,,,,,,,,,,0,0,2,3,1,2,2,1,1,1,,,0,0,,1,1,1,1,0.38
Public Method,"org.apache.commons.math3.distribution.PoissonDistributionTest.makeInverseCumulativeTestValues",,,,,,,,,,,,,,6,3,1,1,0,2,1,1,0,,,,0,,,,,,,,,,,,,0,0,1,3,1,1,1,1,1,1,,,0,0,,1,1,1,1,1.00
Public Method,"org.apache.commons.math3.distribution.PoissonDistributionTest.testCumulativeProbabilitySpecial",,,,,,,,,,,,,,13,10,7,2,0,9,1,1,0,,,,0,,,,,,,,,,,,,0,0,2,3,1,8,2,7,1,1,,,0,0,,1,1,1,1,0.30
Public Method,"org.apache.commons.math3.distribution.PoissonDistributionTest.testDegenerateInverseCumulativeProbability",,,,,,,,,,,,,,9,5,3,3,0,4,1,1,0,,,,0,,,,,,,,,,,,,1,0,2,4,1,3,2,2,1,1,,,0,0,,1,1,1,1,0.80
Public Method,"org.apache.commons.math3.distribution.PoissonDistributionTest.testLargeMeanCumulativeProbability",,,,,,,,,,,,,,27,25,19,8,1,17,5,5,1,,,,0,,,,,,,,,,,,,1,2,7,0,5,12,7,10,5,1,,,0,4,,5,5,1,5,0.00
Public Method,"org.apache.commons.math3.distribution.PoissonDistributionTest.testLargeMeanInverseCumulativeProbability",,,,,,,,,,,,,,20,19,14,6,1,14,4,4,1,,,,0,,,,,,,,,,,,,1,0,6,2,4,10,6,8,4,1,,,0,3,,4,4,1,4,0.11
Public Method,"org.apache.commons.math3.distribution.PoissonDistributionTest.testMean",,,,,,,,,,,,,,4,4,2,3,0,3,1,1,0,,,,0,,,,,,,,,,,,,0,0,2,0,1,2,2,1,1,1,,,0,0,,1,1,1,1,0.00
Public Method,"org.apache.commons.math3.distribution.PoissonDistributionTest.testMoments",,,,,,,,,,,,,,12,10,7,4,0,9,1,1,0,,,,0,,,,,,,,,,,,,0,2,3,0,1,8,3,6,1,1,,,0,0,,1,1,1,1,0.00
Public Method,"org.apache.commons.math3.distribution.PoissonDistributionTest.testNegativeMean",,,,,,,,,,,,,,3,3,1,1,0,2,1,1,0,,,,0,,,,,,,,,,,,,0,0,1,0,1,1,1,1,1,1,,,0,0,,1,1,1,1,0.00
Public Method,"org.apache.commons.math3.distribution.PoissonDistributionTest.testNormalApproximateProbability",,,,,,,,,,,,,,16,10,8,3,0,7,1,1,0,,,,0,,,,,,,,,,,,,0,1,4,5,1,6,3,4,1,1,,,0,0,,1,1,1,1,0.50
Public Interface,"org.apache.commons.math3.distribution.RealDistribution",0,0,0,0,2,,0,,15,15,15,0,0,156,17,0,,,16,,,,0,0,0,,0,0,0,0,0,1,0,,,0,15,0,,14,16,125,,15,16,0,,,0,0,,0,0,0,0,0,0,7.35
Abstract Method,"org.apache.commons.math3.distribution.RealDistribution.cumulativeProbability",,,,,,,,,,,,,,11,1,0,1,0,1,0,0,0,,,,0,,,,,,,,,,,,,5,0,1,10,0,1,1,0,0,0,,,0,0,,0,0,0,0,10.00
Abstract Method,"org.apache.commons.math3.distribution.RealDistribution.cumulativeProbability",,,,,,,,,,,,,,12,1,0,1,0,1,0,0,0,,,,0,,,,,,,,,,,,,4,0,1,11,0,1,1,0,0,0,,,0,0,,0,0,0,0,11.00
Abstract Method,"org.apache.commons.math3.distribution.RealDistribution.density",,,,,,,,,,,,,,13,1,0,1,0,1,0,0,0,,,,0,,,,,,,,,,,,,1,0,1,12,0,1,1,0,0,0,,,0,0,,0,0,0,0,12.00
Abstract Method,"org.apache.commons.math3.distribution.RealDistribution.getNumericalMean",,,,,,,,,,,,,,7,1,0,1,0,1,0,0,0,,,,0,,,,,,,,,,,,,1,0,1,6,0,1,1,0,0,0,,,0,0,,0,0,0,0,6.00
Abstract Method,"org.apache.commons.math3.distribution.RealDistribution.getNumericalVariance",,,,,,,,,,,,,,9,1,0,1,0,1,0,0,0,,,,0,,,,,,,,,,,,,1,0,1,8,0,1,1,0,0,0,,,0,0,,0,0,0,0,8.00
Abstract Method,"org.apache.commons.math3.distribution.RealDistribution.getSupportLowerBound",,,,,,,,,,,,,,10,1,0,1,0,1,0,0,0,,,,0,,,,,,,,,,,,,1,0,1,9,0,1,1,0,0,0,,,0,0,,0,0,0,0,9.00
Abstract Method,"org.apache.commons.math3.distribution.RealDistribution.getSupportUpperBound",,,,,,,,,,,,,,10,1,0,1,0,1,0,0,0,,,,0,,,,,,,,,,,,,1,0,1,9,0,1,1,0,0,0,,,0,0,,0,0,0,0,9.00
Abstract Method,"org.apache.commons.math3.distribution.RealDistribution.inverseCumulativeProbability",,,,,,,,,,,,,,15,1,0,1,0,1,0,0,0,,,,0,,,,,,,,,,,,,4,0,1,14,0,1,1,0,0,0,,,0,0,,0,0,0,0,14.00
Abstract Method,"org.apache.commons.math3.distribution.RealDistribution.isSupportConnected",,,,,,,,,,,,,,8,1,0,1,0,1,0,0,0,,,,0,,,,,,,,,,,,,1,0,1,7,0,1,1,0,0,0,,,0,0,,0,0,0,0,7.00
Abstract Method,"org.apache.commons.math3.distribution.RealDistribution.isSupportLowerBoundInclusive",,,,,,,,,,,,,,7,1,0,1,0,1,0,0,0,,,,0,,,,,,,,,,,,,0,0,1,6,0,1,1,0,0,0,,,0,0,,0,0,0,0,6.00
Abstract Method,"org.apache.commons.math3.distribution.RealDistribution.isSupportUpperBoundInclusive",,,,,,,,,,,,,,7,1,0,1,0,1,0,0,0,,,,0,,,,,,,,,,,,,0,0,1,6,0,1,1,0,0,0,,,0,0,,0,0,0,0,6.00
Abstract Method,"org.apache.commons.math3.distribution.RealDistribution.probability",,,,,,,,,,,,,,10,1,0,1,0,1,0,0,0,,,,0,,,,,,,,,,,,,0,0,1,9,0,1,1,0,0,0,,,0,0,,0,0,0,0,9.00
Abstract Method,"org.apache.commons.math3.distribution.RealDistribution.reseedRandomGenerator",,,,,,,,,,,,,,6,1,0,0,0,1,0,0,0,,,,0,,,,,,,,,,,,,1,0,1,5,0,1,1,0,0,0,,,0,0,,0,0,0,0,5.00
Abstract Method,"org.apache.commons.math3.distribution.RealDistribution.sample",,,,,,,,,,,,,,6,1,0,1,0,1,0,0,0,,,,0,,,,,,,,,,,,,0,0,1,5,0,1,1,0,0,0,,,0,0,,0,0,0,0,5.00
Abstract Method,"org.apache.commons.math3.distribution.RealDistribution.sample",,,,,,,,,,,,,,9,1,0,1,0,1,0,0,0,,,,0,,,,,,,,,,,,,1,0,1,8,0,1,1,0,0,0,,,0,0,,0,0,0,0,8.00
Public Abstract Class,"org.apache.commons.math3.distribution.RealDistributionAbstractTest",1,1,0,3,5,,0,,31,31,0,0,14,358,177,91,,,123,,,,6,5,1,,1,1,8,5,1,11,0,,,7,31,17,,46,57,136,,83,55,68,,,6,6,,4,78,39,39,31,39,0.77
Protected Method,"org.apache.commons.math3.distribution.RealDistributionAbstractTest.getCumulativeTestPoints",,,,,,,,,,,,,,6,3,1,1,0,2,1,1,0,,,,0,,,,,,,,,,,,,3,0,1,3,1,1,1,1,1,1,,,0,0,,1,1,1,1,1.00
Protected Method,"org.apache.commons.math3.distribution.RealDistributionAbstractTest.getCumulativeTestValues",,,,,,,,,,,,,,6,3,1,1,0,2,1,1,0,,,,0,,,,,,,,,,,,,2,0,1,3,1,1,1,1,1,1,,,0,0,,1,1,1,1,1.00
Protected Method,"org.apache.commons.math3.distribution.RealDistributionAbstractTest.getDensityTestValues",,,,,,,,,,,,,,3,3,1,1,0,2,1,1,0,,,,0,,,,,,,,,,,,,1,0,1,0,1,1,1,1,1,1,,,0,0,,1,1,1,1,0.00
Protected Method,"org.apache.commons.math3.distribution.RealDistributionAbstractTest.getDistribution",,,,,,,,,,,,,,6,3,1,1,0,2,1,1,0,,,,0,,,,,,,,,,,,,15,0,1,3,1,1,1,1,1,1,,,0,0,,1,1,1,1,1.00
Protected Method,"org.apache.commons.math3.distribution.RealDistributionAbstractTest.getInverseCumulativeTestPoints",,,,,,,,,,,,,,6,3,1,1,0,2,1,1,0,,,,0,,,,,,,,,,,,,1,0,1,3,1,1,1,1,1,1,,,0,0,,1,1,1,1,1.00
Protected Method,"org.apache.commons.math3.distribution.RealDistributionAbstractTest.getInverseCumulativeTestValues",,,,,,,,,,,,,,6,3,1,1,0,2,1,1,0,,,,0,,,,,,,,,,,,,1,0,1,3,1,1,1,1,1,1,,,0,0,,1,1,1,1,1.00
Protected Method,"org.apache.commons.math3.distribution.RealDistributionAbstractTest.getTolerance",,,,,,,,,,,,,,6,3,1,1,0,2,1,1,0,,,,0,,,,,,,,,,,,,4,0,1,3,1,1,1,1,1,1,,,0,0,,1,1,1,1,1.00
Public Abstract Method,"org.apache.commons.math3.distribution.RealDistributionAbstractTest.makeCumulativeTestPoints",,,,,,,,,,,,,,2,1,0,1,0,1,0,0,0,,,,0,,,,,,,,,,,,,2,0,1,1,0,1,1,0,0,0,,,0,0,,0,0,0,0,1.00
Public Abstract Method,"org.apache.commons.math3.distribution.RealDistributionAbstractTest.makeCumulativeTestValues",,,,,,,,,,,,,,2,1,0,1,0,1,0,0,0,,,,0,,,,,,,,,,,,,2,0,1,1,0,1,1,0,0,0,,,0,0,,0,0,0,0,1.00
Public Abstract Method,"org.apache.commons.math3.distribution.RealDistributionAbstractTest.makeDensityTestValues",,,,,,,,,,,,,,2,1,0,1,0,1,0,0,0,,,,0,,,,,,,,,,,,,1,0,1,1,0,1,1,0,0,0,,,0,0,,0,0,0,0,1.00
Public Abstract Method,"org.apache.commons.math3.distribution.RealDistributionAbstractTest.makeDistribution",,,,,,,,,,,,,,2,1,0,1,0,1,0,0,0,,,,0,,,,,,,,,,,,,1,0,1,1,0,1,1,0,0,0,,,0,0,,0,0,0,0,1.00
Public Method,"org.apache.commons.math3.distribution.RealDistributionAbstractTest.makeInverseCumulativeTestPoints",,,,,,,,,,,,,,4,3,1,2,0,2,1,1,0,,,,0,,,,,,,,,,,,,1,0,1,1,1,1,1,1,1,1,,,0,0,,1,1,1,1,0.33
Public Method,"org.apache.commons.math3.distribution.RealDistributionAbstractTest.makeInverseCumulativeTestValues",,,,,,,,,,,,,,4,3,1,2,0,2,1,1,0,,,,0,,,,,,,,,,,,,1,0,1,1,1,1,1,1,1,1,,,0,0,,1,1,1,1,0.33
Protected Method,"org.apache.commons.math3.distribution.RealDistributionAbstractTest.setCumulativeTestPoints",,,,,,,,,,,,,,6,3,1,1,0,2,1,1,0,,,,0,,,,,,,,,,,,,7,0,1,3,1,1,1,1,1,1,,,0,0,,1,1,1,1,1.00
Protected Method,"org.apache.commons.math3.distribution.RealDistributionAbstractTest.setCumulativeTestValues",,,,,,,,,,,,,,6,3,1,1,0,2,1,1,0,,,,0,,,,,,,,,,,,,5,0,1,3,1,1,1,1,1,1,,,0,0,,1,1,1,1,1.00
Protected Method,"org.apache.commons.math3.distribution.RealDistributionAbstractTest.setDensityTestValues",,,,,,,,,,,,,,3,3,1,1,0,2,1,1,0,,,,0,,,,,,,,,,,,,4,0,1,0,1,1,1,1,1,1,,,0,0,,1,1,1,1,0.00
Protected Method,"org.apache.commons.math3.distribution.RealDistributionAbstractTest.setDistribution",,,,,,,,,,,,,,6,3,1,1,0,2,1,1,0,,,,0,,,,,,,,,,,,,5,0,1,3,1,1,1,1,1,1,,,0,0,,1,1,1,1,1.00
Protected Method,"org.apache.commons.math3.distribution.RealDistributionAbstractTest.setInverseCumulativeTestPoints",,,,,,,,,,,,,,6,3,1,1,0,2,1,1,0,,,,0,,,,,,,,,,,,,10,0,1,3,1,1,1,1,1,1,,,0,0,,1,1,1,1,1.00
Protected Method,"org.apache.commons.math3.distribution.RealDistributionAbstractTest.setInverseCumulativeTestValues",,,,,,,,,,,,,,6,3,1,1,0,2,1,1,0,,,,0,,,,,,,,,,,,,11,0,1,3,1,1,1,1,1,1,,,0,0,,1,1,1,1,1.00
Protected Method,"org.apache.commons.math3.distribution.RealDistributionAbstractTest.setTolerance",,,,,,,,,,,,,,6,3,1,1,0,2,1,1,0,,,,0,,,,,,,,,,,,,12,0,1,3,1,1,1,1,1,1,,,0,0,,1,1,1,1,1.00
Public Method,"org.apache.commons.math3.distribution.RealDistributionAbstractTest.setUp",,,,,,,,,,,,,,11,8,6,12,0,7,1,1,0,,,,0,,,,,,,,,,,,,10,0,1,3,1,6,1,6,1,1,,,0,0,,1,1,1,1,0.38
Public Method,"org.apache.commons.math3.distribution.RealDistributionAbstractTest.tearDown",,,,,,,,,,,,,,11,8,6,6,0,7,1,1,0,,,,0,,,,,,,,,,,,,0,0,1,3,1,6,1,6,1,1,,,0,0,,1,1,1,1,0.38
Public Method,"org.apache.commons.math3.distribution.RealDistributionAbstractTest.testConsistency",,,,,,,,,,,,,,21,14,11,6,0,10,2,2,0,,,,0,,,,,,,,,,,,,4,2,6,5,2,8,6,4,2,1,,,0,1,,2,2,1,2,0.36
Public Method,"org.apache.commons.math3.distribution.RealDistributionAbstractTest.testCumulativeProbabilities",,,,,,,,,,,,,,7,3,1,1,0,2,1,1,0,,,,0,,,,,,,,,,,,,0,0,1,4,1,1,1,1,1,1,,,0,0,,1,1,1,1,1.33
Public Method,"org.apache.commons.math3.distribution.RealDistributionAbstractTest.testDensities",,,,,,,,,,,,,,7,3,1,1,0,2,1,1,0,,,,0,,,,,,,,,,,,,0,0,1,4,1,1,1,1,1,1,,,0,0,,1,1,1,1,1.33
Public Method,"org.apache.commons.math3.distribution.RealDistributionAbstractTest.testIllegalArguments",,,,,,,,,,,,,,23,17,12,3,1,10,4,4,3,,,,0,,,,,,,,,,,,,1,0,1,6,8,6,1,9,4,1,,,0,1,,4,4,1,4,0.35
Public Method,"org.apache.commons.math3.distribution.RealDistributionAbstractTest.testInverseCumulativeProbabilities",,,,,,,,,,,,,,7,3,1,1,0,2,1,1,0,,,,0,,,,,,,,,,,,,0,0,1,4,1,1,1,1,1,1,,,0,0,,1,1,1,1,1.33
Public Method,"org.apache.commons.math3.distribution.RealDistributionAbstractTest.testSampling",,,,,,,,,,,,,,15,12,9,5,0,12,2,2,0,,,,0,,,,,,,,,,,,,1,0,6,4,2,10,7,5,2,1,,,0,1,,2,2,1,2,0.33
Protected Method,"org.apache.commons.math3.distribution.RealDistributionAbstractTest.verifyCumulativeProbabilities",,,,,,,,,,,,,,30,24,17,6,1,17,6,6,4,,,,4,,,,,,,,,,,,,11,0,1,6,10,11,4,13,6,5,,,4,4,,6,6,5,6,0.25
Protected Method,"org.apache.commons.math3.distribution.RealDistributionAbstractTest.verifyDensities",,,,,,,,,,,,,,11,8,5,3,0,5,2,2,0,,,,0,,,,,,,,,,,,,8,0,1,3,2,3,2,3,2,1,,,0,1,,2,2,1,2,0.38
Protected Method,"org.apache.commons.math3.distribution.RealDistributionAbstractTest.verifyInverseCumulativeProbabilities",,,,,,,,,,,,,,12,8,5,3,0,5,2,2,0,,,,0,,,,,,,,,,,,,15,0,1,4,2,3,2,3,2,1,,,0,1,,2,2,1,2,0.50
Class,"org.apache.commons.math3.distribution.SaddlePointExpansion",3,1,0,11,3,,2,,1,4,3,1,0,179,104,83,,,47,,,,5,1,1,,3,3,28,17,1,0,3,,,0,4,0,,6,49,100,,34,19,28,,,5,5,,2,75,12,12,4,12,0.96
Private Constructor,"org.apache.commons.math3.distribution.SaddlePointExpansion.SaddlePointExpansion",,,,,,,,,,,,,,6,3,1,1,0,2,1,1,0,,,,0,,,,,,,,,,,,,0,0,1,3,1,1,1,1,1,1,,,0,0,,1,1,1,1,1.00
Static Method,"org.apache.commons.math3.distribution.SaddlePointExpansion.getDeviancePart",,,,,,,,,,,,,,38,22,17,3,0,18,3,3,1,,,,0,,,,,,,,,,,,,4,0,8,16,3,15,8,10,3,1,,,0,2,,3,3,1,3,0.73
Static Method,"org.apache.commons.math3.distribution.SaddlePointExpansion.getStirlingError",,,,,,,,,,,,,,36,21,16,4,0,10,3,3,2,,,,0,,,,,,,,,,,,,5,0,4,15,3,7,4,6,3,1,,,0,2,,3,3,1,3,0.71
Static Method,"org.apache.commons.math3.distribution.SaddlePointExpansion.logBinomialProbability",,,,,,,,,,,,,,33,23,17,4,1,14,5,5,4,,,,0,,,,,,,,,,,,,7,0,3,10,5,9,3,11,5,1,,,0,2,,5,5,1,5,0.43
Public Class,"org.apache.commons.math3.distribution.TDistribution",1,1,0,5,5,,2,,14,21,0,0,13,201,88,45,,,53,,,,3,3,2,,1,1,11,5,1,0,0,,,2,14,1,,20,29,93,,32,25,28,,,3,4,,2,87,20,21,16,20,1.06
Public Constructor,"org.apache.commons.math3.distribution.TDistribution.TDistribution",,,,,,,,,,,,,,10,4,1,2,0,2,1,1,0,,,,0,,,,,,,,,,,,,17,0,2,6,1,1,1,1,1,1,,,0,0,,1,1,1,1,1.50
Public Constructor,"org.apache.commons.math3.distribution.TDistribution.TDistribution",,,,,,,,,,,,,,20,9,5,4,0,5,2,2,0,,,,0,,,,,,,,,,,,,4,0,2,11,2,3,1,4,2,1,,,0,1,,2,2,1,2,1.22
Public Method,"org.apache.commons.math3.distribution.TDistribution.cumulativeProbability",,,,,,,,,,,,,,20,18,12,2,0,9,3,3,2,,,,0,,,,,,,,,,,,,10,1,4,1,3,6,3,6,3,1,,,0,2,,3,3,1,3,0.06
Public Method,"org.apache.commons.math3.distribution.TDistribution.density",,,,,,,,,,,,,,10,9,7,4,0,4,1,1,0,,,,0,,,,,,,,,,,,,3,0,3,1,1,3,3,1,1,1,,,0,0,,1,1,1,1,0.11
Public Method,"org.apache.commons.math3.distribution.TDistribution.getDegreesOfFreedom",,,,,,,,,,,,,,8,3,1,1,0,2,1,1,0,,,,0,,,,,,,,,,,,,4,0,1,5,1,1,1,1,1,1,,,0,0,,1,1,1,1,1.67
Public Method,"org.apache.commons.math3.distribution.TDistribution.getNumericalMean",,,,,,,,,,,,,,18,7,4,2,0,5,2,2,1,,,,0,,,,,,,,,,,,,1,2,2,9,2,3,2,3,2,1,,,0,1,,2,2,1,2,1.29
Public Method,"org.apache.commons.math3.distribution.TDistribution.getNumericalVariance",,,,,,,,,,,,,,24,10,6,2,0,7,3,4,2,,,,2,,,,,,,,,,,,,1,3,2,11,3,4,2,5,3,3,,,2,1,,3,4,3,3,1.10
Protected Method,"org.apache.commons.math3.distribution.TDistribution.getSolverAbsoluteAccuracy",,,,,,,,,,,,,,4,3,1,1,0,2,1,1,0,,,,0,,,,,,,,,,,,,1,0,1,1,1,1,1,1,1,1,,,0,0,,1,1,1,1,0.33
Public Method,"org.apache.commons.math3.distribution.TDistribution.getSupportLowerBound",,,,,,,,,,,,,,12,3,1,1,0,2,1,1,0,,,,0,,,,,,,,,,,,,0,0,1,9,1,1,1,1,1,1,,,0,0,,1,1,1,1,3.00
Public Method,"org.apache.commons.math3.distribution.TDistribution.getSupportUpperBound",,,,,,,,,,,,,,12,3,1,1,0,2,1,1,0,,,,0,,,,,,,,,,,,,0,0,1,9,1,1,1,1,1,1,,,0,0,,1,1,1,1,3.00
Public Method,"org.apache.commons.math3.distribution.TDistribution.isSupportConnected",,,,,,,,,,,,,,10,3,1,1,0,2,1,1,0,,,,0,,,,,,,,,,,,,0,0,1,7,1,1,1,1,1,1,,,0,0,,1,1,1,1,2.33
Public Method,"org.apache.commons.math3.distribution.TDistribution.isSupportLowerBoundInclusive",,,,,,,,,,,,,,4,3,1,1,0,2,1,1,0,,,,0,,,,,,,,,,,,,0,0,1,1,1,1,1,1,1,1,,,0,0,,1,1,1,1,0.33
Public Method,"org.apache.commons.math3.distribution.TDistribution.isSupportUpperBoundInclusive",,,,,,,,,,,,,,4,3,1,1,0,2,1,1,0,,,,0,,,,,,,,,,,,,0,0,1,1,1,1,1,1,1,1,,,0,0,,1,1,1,1,0.33
Public Method,"org.apache.commons.math3.distribution.TDistribution.probability",,,,,,,,,,,,,,10,3,1,1,0,2,1,1,0,,,,0,,,,,,,,,,,,,0,0,1,7,1,1,1,1,1,1,,,0,0,,1,1,1,1,2.33
Public Class,"org.apache.commons.math3.distribution.TDistributionTest",1,1,0,0,3,,0,,13,44,0,1,12,139,97,55,,,64,,,,2,1,2,,1,1,7,6,1,0,0,,,0,13,0,,16,37,26,,49,26,38,,,2,2,,1,0,14,14,13,14,0.27
Public Method,"org.apache.commons.math3.distribution.TDistributionTest.makeCumulativeTestPoints",,,,,,,,,,,,,,6,4,2,1,0,2,1,1,0,,,,0,,,,,,,,,,,,,0,0,1,2,1,1,1,1,1,1,,,0,0,,1,1,1,1,0.50
Public Method,"org.apache.commons.math3.distribution.TDistributionTest.makeCumulativeTestValues",,,,,,,,,,,,,,5,4,2,1,0,2,1,1,0,,,,0,,,,,,,,,,,,,0,0,1,1,1,1,1,1,1,1,,,0,0,,1,1,1,1,0.25
Public Method,"org.apache.commons.math3.distribution.TDistributionTest.makeDensityTestValues",,,,,,,,,,,,,,5,4,2,1,0,2,1,1,0,,,,0,,,,,,,,,,,,,0,0,1,1,1,1,1,1,1,1,,,0,0,,1,1,1,1,0.25
Public Method,"org.apache.commons.math3.distribution.TDistributionTest.makeDistribution",,,,,,,,,,,,,,4,3,1,2,0,2,1,1,0,,,,0,,,,,,,,,,,,,0,0,1,1,1,1,1,1,1,1,,,0,0,,1,1,1,1,0.33
Private Method,"org.apache.commons.math3.distribution.TDistributionTest.makeNistResults",,,,,,,,,,,,,,8,8,5,3,0,8,2,2,0,,,,0,,,,,,,,,,,,,4,0,3,0,2,6,4,4,2,1,,,0,1,,2,2,1,2,0.00
Public Method,"org.apache.commons.math3.distribution.TDistributionTest.nistData",,,,,,,,,,,,,,12,12,10,2,0,11,1,1,0,,,,0,,,,,,,,,,,,,0,0,6,0,1,10,6,5,1,1,,,0,0,,1,1,1,1,0.00
Public Method,"org.apache.commons.math3.distribution.TDistributionTest.setUp",,,,,,,,,,,,,,4,4,2,2,0,3,1,1,0,,,,0,,,,,,,,,,,,,0,0,1,0,1,2,1,2,1,1,,,0,0,,1,1,1,1,0.00
Public Method,"org.apache.commons.math3.distribution.TDistributionTest.testCumulativeProbabilityAgainstStackOverflow",,,,,,,,,,,,,,9,5,3,2,0,4,1,1,0,,,,0,,,,,,,,,,,,,0,0,2,4,1,3,2,2,1,1,,,0,0,,1,1,1,1,0.80
Public Method,"org.apache.commons.math3.distribution.TDistributionTest.testDfAccessors",,,,,,,,,,,,,,4,4,2,3,0,3,1,1,0,,,,0,,,,,,,,,,,,,0,0,2,0,1,2,2,1,1,1,,,0,0,,1,1,1,1,0.00
Public Method,"org.apache.commons.math3.distribution.TDistributionTest.testInverseCumulativeProbabilityExtremes",,,,,,,,,,,,,,6,6,4,3,0,4,1,1,0,,,,0,,,,,,,,,,,,,0,0,1,0,1,3,1,3,1,1,,,0,0,,1,1,1,1,0.00
Public Method,"org.apache.commons.math3.distribution.TDistributionTest.testMoments",,,,,,,,,,,,,,16,13,10,7,0,12,1,1,0,,,,0,,,,,,,,,,,,,0,3,3,0,1,11,3,9,1,1,,,0,0,,1,1,1,1,0.00
Public Method,"org.apache.commons.math3.distribution.TDistributionTest.testPreconditions",,,,,,,,,,,,,,3,3,1,1,0,2,1,1,0,,,,0,,,,,,,,,,,,,0,0,1,0,1,1,1,1,1,1,,,0,0,,1,1,1,1,0.00
Public Method,"org.apache.commons.math3.distribution.TDistributionTest.testSmallDf",,,,,,,,,,,,,,14,13,11,9,0,8,1,1,0,,,,0,,,,,,,,,,,,,0,0,1,1,1,7,1,7,1,1,,,0,0,,1,1,1,1,0.08
Public Class,"org.apache.commons.math3.distribution.TriangularDistribution",2,1,0,6,5,,1,,14,21,0,0,13,243,113,60,,,75,,,,5,5,2,,2,2,14,7,1,0,0,,,4,14,1,,19,32,111,,45,28,47,,,5,7,,1,67,29,34,25,29,0.98
Public Constructor,"org.apache.commons.math3.distribution.TriangularDistribution.TriangularDistribution",,,,,,,,,,,,,,31,20,14,9,1,11,4,4,0,,,,0,,,,,,,,,,,,,12,1,2,10,8,7,1,10,4,1,,,0,1,,4,4,1,4,0.50
Public Method,"org.apache.commons.math3.distribution.TriangularDistribution.cumulativeProbability",,,,,,,,,,,,,,32,19,13,1,1,14,5,7,4,,,,4,,,,,,,,,,,,,4,0,5,13,5,9,5,9,5,5,,,4,1,,5,7,5,5,0.68
Public Method,"org.apache.commons.math3.distribution.TriangularDistribution.density",,,,,,,,,,,,,,31,19,13,1,1,14,5,7,4,,,,4,,,,,,,,,,,,,4,0,5,12,5,9,5,9,5,5,,,4,1,,5,7,5,5,0.63
Public Method,"org.apache.commons.math3.distribution.TriangularDistribution.getMode",,,,,,,,,,,,,,8,3,1,1,0,2,1,1,0,,,,0,,,,,,,,,,,,,1,0,1,5,1,1,1,1,1,1,,,0,0,,1,1,1,1,1.67
Public Method,"org.apache.commons.math3.distribution.TriangularDistribution.getNumericalMean",,,,,,,,,,,,,,9,3,1,1,0,2,1,1,0,,,,0,,,,,,,,,,,,,4,0,1,6,1,1,1,1,1,1,,,0,0,,1,1,1,1,2.00
Public Method,"org.apache.commons.math3.distribution.TriangularDistribution.getNumericalVariance",,,,,,,,,,,,,,9,3,1,1,0,2,1,1,0,,,,0,,,,,,,,,,,,,4,0,1,6,1,1,1,1,1,1,,,0,0,,1,1,1,1,2.00
Protected Method,"org.apache.commons.math3.distribution.TriangularDistribution.getSolverAbsoluteAccuracy",,,,,,,,,,,,,,16,3,1,1,0,2,1,1,0,,,,0,,,,,,,,,,,,,1,0,1,13,1,1,1,1,1,1,,,0,0,,1,1,1,1,4.33
Public Method,"org.apache.commons.math3.distribution.TriangularDistribution.getSupportLowerBound",,,,,,,,,,,,,,11,3,1,1,0,2,1,1,0,,,,0,,,,,,,,,,,,,2,0,1,8,1,1,1,1,1,1,,,0,0,,1,1,1,1,2.67
Public Method,"org.apache.commons.math3.distribution.TriangularDistribution.getSupportUpperBound",,,,,,,,,,,,,,11,3,1,1,0,2,1,1,0,,,,0,,,,,,,,,,,,,2,0,1,8,1,1,1,1,1,1,,,0,0,,1,1,1,1,2.67
Public Method,"org.apache.commons.math3.distribution.TriangularDistribution.inverseCumulativeProbability",,,,,,,,,,,,,,16,16,9,3,1,10,5,6,3,,,,3,,,,,,,,,,,,,4,0,2,0,8,5,1,9,5,4,,,3,1,,5,6,4,5,0.00
Public Method,"org.apache.commons.math3.distribution.TriangularDistribution.isSupportConnected",,,,,,,,,,,,,,10,3,1,1,0,2,1,1,0,,,,0,,,,,,,,,,,,,0,0,1,7,1,1,1,1,1,1,,,0,0,,1,1,1,1,2.33
Public Method,"org.apache.commons.math3.distribution.TriangularDistribution.isSupportLowerBoundInclusive",,,,,,,,,,,,,,4,3,1,1,0,2,1,1,0,,,,0,,,,,,,,,,,,,0,0,1,1,1,1,1,1,1,1,,,0,0,,1,1,1,1,0.33
Public Method,"org.apache.commons.math3.distribution.TriangularDistribution.isSupportUpperBoundInclusive",,,,,,,,,,,,,,4,3,1,1,0,2,1,1,0,,,,0,,,,,,,,,,,,,0,0,1,1,1,1,1,1,1,1,,,0,0,,1,1,1,1,0.33
Public Method,"org.apache.commons.math3.distribution.TriangularDistribution.probability",,,,,,,,,,,,,,10,3,1,1,0,2,1,1,0,,,,0,,,,,,,,,,,,,0,0,1,7,1,1,1,1,1,1,,,0,0,,1,1,1,1,2.33
Public Class,"org.apache.commons.math3.distribution.TriangularDistributionTest",1,1,0,3,3,,0,,14,45,0,0,14,169,101,56,,,50,,,,1,1,2,,1,1,9,6,1,0,0,,,0,14,0,,20,39,55,,35,25,25,,,1,1,,0,0,14,14,14,14,0.54
Public Method,"org.apache.commons.math3.distribution.TriangularDistributionTest.makeCumulativeTestPoints",,,,,,,,,,,,,,14,10,8,1,0,2,1,1,0,,,,0,,,,,,,,,,,,,1,0,1,11,1,1,1,1,1,1,,,0,0,,1,1,1,1,1.10
Public Method,"org.apache.commons.math3.distribution.TriangularDistributionTest.makeCumulativeTestValues",,,,,,,,,,,,,,23,14,12,1,0,5,1,1,0,,,,0,,,,,,,,,,,,,1,0,4,9,1,4,4,1,1,1,,,0,0,,1,1,1,1,0.64
Public Method,"org.apache.commons.math3.distribution.TriangularDistributionTest.makeDensityTestValues",,,,,,,,,,,,,,11,10,8,1,0,2,1,1,0,,,,0,,,,,,,,,,,,,0,0,1,1,1,1,1,1,1,1,,,0,0,,1,1,1,1,0.10
Public Method,"org.apache.commons.math3.distribution.TriangularDistributionTest.makeDistribution",,,,,,,,,,,,,,7,3,1,2,0,2,1,1,0,,,,0,,,,,,,,,,,,,2,0,1,4,1,1,1,1,1,1,,,0,0,,1,1,1,1,1.33
Public Method,"org.apache.commons.math3.distribution.TriangularDistributionTest.makeInverseCumulativeTestPoints",,,,,,,,,,,,,,14,6,4,3,0,5,1,1,0,,,,0,,,,,,,,,,,,,1,0,3,8,1,4,3,2,1,1,,,0,0,,1,1,1,1,1.33
Public Method,"org.apache.commons.math3.distribution.TriangularDistributionTest.makeInverseCumulativeTestValues",,,,,,,,,,,,,,14,6,4,3,0,5,1,1,0,,,,0,,,,,,,,,,,,,1,0,3,8,1,4,3,2,1,1,,,0,0,,1,1,1,1,1.33
Public Method,"org.apache.commons.math3.distribution.TriangularDistributionTest.setUp",,,,,,,,,,,,,,4,4,2,2,0,3,1,1,0,,,,0,,,,,,,,,,,,,0,0,1,0,1,2,1,2,1,1,,,0,0,,1,1,1,1,0.00
Public Method,"org.apache.commons.math3.distribution.TriangularDistributionTest.testGetLowerBound",,,,,,,,,,,,,,5,4,2,3,0,3,1,1,0,,,,0,,,,,,,,,,,,,0,0,2,1,1,2,2,1,1,1,,,0,0,,1,1,1,1,0.25
Public Method,"org.apache.commons.math3.distribution.TriangularDistributionTest.testGetUpperBound",,,,,,,,,,,,,,5,4,2,3,0,3,1,1,0,,,,0,,,,,,,,,,,,,0,0,2,1,1,2,2,1,1,1,,,0,0,,1,1,1,1,0.25
Public Method,"org.apache.commons.math3.distribution.TriangularDistributionTest.testMeanVariance",,,,,,,,,,,,,,16,12,9,4,0,11,1,1,0,,,,0,,,,,,,,,,,,,0,3,2,1,1,10,2,9,1,1,,,0,0,,1,1,1,1,0.08
Public Method,"org.apache.commons.math3.distribution.TriangularDistributionTest.testPreconditions1",,,,,,,,,,,,,,4,3,1,1,0,2,1,1,0,,,,0,,,,,,,,,,,,,0,0,1,1,1,1,1,1,1,1,,,0,0,,1,1,1,1,0.33
Public Method,"org.apache.commons.math3.distribution.TriangularDistributionTest.testPreconditions2",,,,,,,,,,,,,,4,3,1,1,0,2,1,1,0,,,,0,,,,,,,,,,,,,0,0,1,1,1,1,1,1,1,1,,,0,0,,1,1,1,1,0.33
Public Method,"org.apache.commons.math3.distribution.TriangularDistributionTest.testPreconditions3",,,,,,,,,,,,,,4,3,1,1,0,2,1,1,0,,,,0,,,,,,,,,,,,,0,0,1,1,1,1,1,1,1,1,,,0,0,,1,1,1,1,0.33
Public Method,"org.apache.commons.math3.distribution.TriangularDistributionTest.testPreconditions4",,,,,,,,,,,,,,4,3,1,1,0,2,1,1,0,,,,0,,,,,,,,,,,,,0,0,1,1,1,1,1,1,1,1,,,0,0,,1,1,1,1,0.33
Public Class,"org.apache.commons.math3.distribution.UniformIntegerDistribution",1,1,0,5,3,,1,,9,17,0,0,9,118,49,22,,,32,,,,3,3,2,,1,1,9,4,1,0,0,,,2,9,0,,11,15,58,,18,14,18,,,3,3,,1,48,13,14,11,13,1.18
Public Constructor,"org.apache.commons.math3.distribution.UniformIntegerDistribution.UniformIntegerDistribution",,,,,,,,,,,,,,17,9,6,4,0,5,2,2,0,,,,0,,,,,,,,,,,,,5,0,1,8,2,3,1,4,2,1,,,0,1,,2,2,1,2,0.89
Public Method,"org.apache.commons.math3.distribution.UniformIntegerDistribution.cumulativeProbability",,,,,,,,,,,,,,10,9,5,1,0,6,3,3,2,,,,2,,,,,,,,,,,,,3,0,1,1,3,3,1,5,3,3,,,2,1,,3,3,3,3,0.11
Public Method,"org.apache.commons.math3.distribution.UniformIntegerDistribution.getNumericalMean",,,,,,,,,,,,,,9,3,1,1,0,2,1,1,0,,,,0,,,,,,,,,,,,,3,0,1,6,1,1,1,1,1,1,,,0,0,,1,1,1,1,2.00
Public Method,"org.apache.commons.math3.distribution.UniformIntegerDistribution.getNumericalVariance",,,,,,,,,,,,,,10,4,2,1,0,3,1,1,0,,,,0,,,,,,,,,,,,,3,0,2,6,1,2,2,1,1,1,,,0,0,,1,1,1,1,1.50
Public Method,"org.apache.commons.math3.distribution.UniformIntegerDistribution.getSupportLowerBound",,,,,,,,,,,,,,11,3,1,1,0,2,1,1,0,,,,0,,,,,,,,,,,,,1,0,1,8,1,1,1,1,1,1,,,0,0,,1,1,1,1,2.67
Public Method,"org.apache.commons.math3.distribution.UniformIntegerDistribution.getSupportUpperBound",,,,,,,,,,,,,,11,3,1,1,0,2,1,1,0,,,,0,,,,,,,,,,,,,1,0,1,8,1,1,1,1,1,1,,,0,0,,1,1,1,1,2.67
Public Method,"org.apache.commons.math3.distribution.UniformIntegerDistribution.isSupportConnected",,,,,,,,,,,,,,10,3,1,1,0,2,1,1,0,,,,0,,,,,,,,,,,,,0,0,1,7,1,1,1,1,1,1,,,0,0,,1,1,1,1,2.33
Public Method,"org.apache.commons.math3.distribution.UniformIntegerDistribution.probability",,,,,,,,,,,,,,7,6,3,1,0,4,2,3,1,,,,0,,,,,,,,,,,,,3,0,1,1,2,2,1,3,2,1,,,0,1,,2,3,1,2,0.17
Public Method,"org.apache.commons.math3.distribution.UniformIntegerDistribution.sample",,,,,,,,,,,,,,4,3,1,2,0,2,1,1,0,,,,0,,,,,,,,,,,,,3,0,1,1,1,1,1,1,1,1,,,0,0,,1,1,1,1,0.33
Public Class,"org.apache.commons.math3.distribution.UniformIntegerDistributionTest",1,1,0,0,2,,0,,9,43,0,0,9,77,48,18,,,27,,,,1,1,2,,1,1,5,4,1,0,0,,,0,9,0,,14,21,15,,17,12,15,,,1,1,,0,0,9,9,9,9,0.31
Public Method,"org.apache.commons.math3.distribution.UniformIntegerDistributionTest.makeCumulativeTestPoints",,,,,,,,,,,,,,4,3,1,2,0,2,1,1,0,,,,0,,,,,,,,,,,,,0,0,1,1,1,1,1,1,1,1,,,0,0,,1,1,1,1,0.33
Public Method,"org.apache.commons.math3.distribution.UniformIntegerDistributionTest.makeCumulativeTestValues",,,,,,,,,,,,,,5,4,2,1,0,2,1,1,0,,,,0,,,,,,,,,,,,,0,0,1,1,1,1,1,1,1,1,,,0,0,,1,1,1,1,0.25
Public Method,"org.apache.commons.math3.distribution.UniformIntegerDistributionTest.makeDensityTestPoints",,,,,,,,,,,,,,4,3,1,1,0,2,1,1,0,,,,0,,,,,,,,,,,,,1,0,1,1,1,1,1,1,1,1,,,0,0,,1,1,1,1,0.33
Public Method,"org.apache.commons.math3.distribution.UniformIntegerDistributionTest.makeDensityTestValues",,,,,,,,,,,,,,5,4,2,1,0,3,1,1,0,,,,0,,,,,,,,,,,,,0,0,2,1,1,2,2,1,1,1,,,0,0,,1,1,1,1,0.25
Public Method,"org.apache.commons.math3.distribution.UniformIntegerDistributionTest.makeDistribution",,,,,,,,,,,,,,4,3,1,2,0,2,1,1,0,,,,0,,,,,,,,,,,,,0,0,1,1,1,1,1,1,1,1,,,0,0,,1,1,1,1,0.33
Public Method,"org.apache.commons.math3.distribution.UniformIntegerDistributionTest.makeInverseCumulativeTestPoints",,,,,,,,,,,,,,5,4,2,1,0,2,1,1,0,,,,0,,,,,,,,,,,,,0,0,1,1,1,1,1,1,1,1,,,0,0,,1,1,1,1,0.25
Public Method,"org.apache.commons.math3.distribution.UniformIntegerDistributionTest.makeInverseCumulativeTestValues",,,,,,,,,,,,,,4,3,1,1,0,2,1,1,0,,,,0,,,,,,,,,,,,,0,0,1,1,1,1,1,1,1,1,,,0,0,,1,1,1,1,0.33
Public Method,"org.apache.commons.math3.distribution.UniformIntegerDistributionTest.setUp",,,,,,,,,,,,,,4,4,2,2,0,3,1,1,0,,,,0,,,,,,,,,,,,,0,0,1,0,1,2,1,2,1,1,,,0,0,,1,1,1,1,0.00
Public Method,"org.apache.commons.math3.distribution.UniformIntegerDistributionTest.testMoments",,,,,,,,,,,,,,12,9,6,4,0,8,1,1,0,,,,0,,,,,,,,,,,,,0,2,2,1,1,7,2,6,1,1,,,0,0,,1,1,1,1,0.11
Public Class,"org.apache.commons.math3.distribution.UniformRealDistribution",1,1,0,4,3,,2,,15,22,0,0,14,176,73,30,,,47,,,,3,3,2,,1,1,8,4,1,0,0,,,3,15,1,,20,26,83,,27,22,25,,,3,3,,1,77,19,20,17,19,1.14
Public Constructor,"org.apache.commons.math3.distribution.UniformRealDistribution.UniformRealDistribution",,,,,,,,,,,,,,12,4,1,2,0,2,1,1,0,,,,0,,,,,,,,,,,,,8,0,2,8,1,1,1,1,1,1,,,0,0,,1,1,1,1,2.00
Public Constructor,"org.apache.commons.math3.distribution.UniformRealDistribution.UniformRealDistribution",,,,,,,,,,,,,,21,11,7,5,0,6,2,2,0,,,,0,,,,,,,,,,,,,5,1,2,9,2,4,1,5,2,1,,,0,1,,2,2,1,2,0.82
Public Constructor,"org.apache.commons.math3.distribution.UniformRealDistribution.UniformRealDistribution",,,,,,,,,,,,,,7,3,1,2,0,2,1,1,0,,,,0,,,,,,,,,,,,,0,0,1,4,1,1,1,1,1,1,,,0,0,,1,1,1,1,1.33
Public Method,"org.apache.commons.math3.distribution.UniformRealDistribution.cumulativeProbability",,,,,,,,,,,,,,10,9,5,1,0,6,3,3,2,,,,2,,,,,,,,,,,,,3,0,1,1,3,3,1,5,3,3,,,2,1,,3,3,3,3,0.11
Public Method,"org.apache.commons.math3.distribution.UniformRealDistribution.density",,,,,,,,,,,,,,7,6,3,1,0,4,2,3,1,,,,0,,,,,,,,,,,,,3,0,1,1,2,2,1,3,2,1,,,0,1,,2,3,1,2,0.17
Public Method,"org.apache.commons.math3.distribution.UniformRealDistribution.getNumericalMean",,,,,,,,,,,,,,9,3,1,1,0,2,1,1,0,,,,0,,,,,,,,,,,,,3,0,1,6,1,1,1,1,1,1,,,0,0,,1,1,1,1,2.00
Public Method,"org.apache.commons.math3.distribution.UniformRealDistribution.getNumericalVariance",,,,,,,,,,,,,,10,4,2,1,0,3,1,1,0,,,,0,,,,,,,,,,,,,3,0,2,6,1,2,2,1,1,1,,,0,0,,1,1,1,1,1.50
Protected Method,"org.apache.commons.math3.distribution.UniformRealDistribution.getSolverAbsoluteAccuracy",,,,,,,,,,,,,,4,3,1,1,0,2,1,1,0,,,,0,,,,,,,,,,,,,1,0,1,1,1,1,1,1,1,1,,,0,0,,1,1,1,1,0.33
Public Method,"org.apache.commons.math3.distribution.UniformRealDistribution.getSupportLowerBound",,,,,,,,,,,,,,11,3,1,1,0,2,1,1,0,,,,0,,,,,,,,,,,,,2,0,1,8,1,1,1,1,1,1,,,0,0,,1,1,1,1,2.67
Public Method,"org.apache.commons.math3.distribution.UniformRealDistribution.getSupportUpperBound",,,,,,,,,,,,,,11,3,1,1,0,2,1,1,0,,,,0,,,,,,,,,,,,,2,0,1,8,1,1,1,1,1,1,,,0,0,,1,1,1,1,2.67
Public Method,"org.apache.commons.math3.distribution.UniformRealDistribution.isSupportConnected",,,,,,,,,,,,,,10,3,1,1,0,2,1,1,0,,,,0,,,,,,,,,,,,,0,0,1,7,1,1,1,1,1,1,,,0,0,,1,1,1,1,2.33
Public Method,"org.apache.commons.math3.distribution.UniformRealDistribution.isSupportLowerBoundInclusive",,,,,,,,,,,,,,4,3,1,1,0,2,1,1,0,,,,0,,,,,,,,,,,,,0,0,1,1,1,1,1,1,1,1,,,0,0,,1,1,1,1,0.33
Public Method,"org.apache.commons.math3.distribution.UniformRealDistribution.isSupportUpperBoundInclusive",,,,,,,,,,,,,,4,3,1,1,0,2,1,1,0,,,,0,,,,,,,,,,,,,0,0,1,1,1,1,1,1,1,1,,,0,0,,1,1,1,1,0.33
Public Method,"org.apache.commons.math3.distribution.UniformRealDistribution.probability",,,,,,,,,,,,,,10,3,1,1,0,2,1,1,0,,,,0,,,,,,,,,,,,,0,0,1,7,1,1,1,1,1,1,,,0,0,,1,1,1,1,2.33
Public Method,"org.apache.commons.math3.distribution.UniformRealDistribution.sample",,,,,,,,,,,,,,4,3,1,2,0,2,1,1,0,,,,0,,,,,,,,,,,,,3,0,1,1,1,1,1,1,1,1,,,0,0,,1,1,1,1,0.33
Public Class,"org.apache.commons.math3.distribution.UniformRealDistributionTest",1,1,0,0,2,,0,,10,41,0,0,10,90,58,25,,,34,,,,1,1,2,,1,1,5,4,1,0,0,,,0,10,0,,16,25,16,,23,15,19,,,1,1,,0,0,10,10,10,10,0.28
Public Method,"org.apache.commons.math3.distribution.UniformRealDistributionTest.makeCumulativeTestPoints",,,,,,,,,,,,,,5,4,2,1,0,2,1,1,0,,,,0,,,,,,,,,,,,,0,0,1,1,1,1,1,1,1,1,,,0,0,,1,1,1,1,0.25
Public Method,"org.apache.commons.math3.distribution.UniformRealDistributionTest.makeCumulativeTestValues",,,,,,,,,,,,,,6,5,3,1,0,2,1,1,0,,,,0,,,,,,,,,,,,,0,0,1,1,1,1,1,1,1,1,,,0,0,,1,1,1,1,0.20
Public Method,"org.apache.commons.math3.distribution.UniformRealDistributionTest.makeDensityTestValues",,,,,,,,,,,,,,5,4,2,1,0,3,1,1,0,,,,0,,,,,,,,,,,,,0,0,2,1,1,2,2,1,1,1,,,0,0,,1,1,1,1,0.25
Public Method,"org.apache.commons.math3.distribution.UniformRealDistributionTest.makeDistribution",,,,,,,,,,,,,,4,3,1,2,0,2,1,1,0,,,,0,,,,,,,,,,,,,2,0,1,1,1,1,1,1,1,1,,,0,0,,1,1,1,1,0.33
Public Method,"org.apache.commons.math3.distribution.UniformRealDistributionTest.setUp",,,,,,,,,,,,,,4,4,2,2,0,3,1,1,0,,,,0,,,,,,,,,,,,,0,0,1,0,1,2,1,2,1,1,,,0,0,,1,1,1,1,0.00
Public Method,"org.apache.commons.math3.distribution.UniformRealDistributionTest.testGetLowerBound",,,,,,,,,,,,,,5,4,2,3,0,3,1,1,0,,,,0,,,,,,,,,,,,,0,0,2,1,1,2,2,1,1,1,,,0,0,,1,1,1,1,0.25
Public Method,"org.apache.commons.math3.distribution.UniformRealDistributionTest.testGetUpperBound",,,,,,,,,,,,,,5,4,2,3,0,3,1,1,0,,,,0,,,,,,,,,,,,,0,0,2,1,1,2,2,1,1,1,,,0,0,,1,1,1,1,0.25
Public Method,"org.apache.commons.math3.distribution.UniformRealDistributionTest.testMeanVariance",,,,,,,,,,,,,,16,12,9,4,0,11,1,1,0,,,,0,,,,,,,,,,,,,0,3,2,1,1,10,2,9,1,1,,,0,0,,1,1,1,1,0.08
Public Method,"org.apache.commons.math3.distribution.UniformRealDistributionTest.testPreconditions1",,,,,,,,,,,,,,4,3,1,1,0,2,1,1,0,,,,0,,,,,,,,,,,,,0,0,1,1,1,1,1,1,1,1,,,0,0,,1,1,1,1,0.33
Public Method,"org.apache.commons.math3.distribution.UniformRealDistributionTest.testPreconditions2",,,,,,,,,,,,,,4,3,1,1,0,2,1,1,0,,,,0,,,,,,,,,,,,,0,0,1,1,1,1,1,1,1,1,,,0,0,,1,1,1,1,0.33
Public Class,"org.apache.commons.math3.distribution.WeibullDistribution",1,1,0,5,5,,2,,18,25,0,0,15,276,116,61,,,80,,,,4,1,2,,1,1,11,5,1,0,0,,,7,18,3,,31,43,129,,52,38,42,,,4,5,,1,89,27,28,18,27,1.11
Public Constructor,"org.apache.commons.math3.distribution.WeibullDistribution.WeibullDistribution",,,,,,,,,,,,,,13,4,1,2,0,2,1,1,0,,,,0,,,,,,,,,,,,,9,0,2,9,1,1,1,1,1,1,,,0,0,,1,1,1,1,2.25
Public Constructor,"org.apache.commons.math3.distribution.WeibullDistribution.WeibullDistribution",,,,,,,,,,,,,,28,15,9,5,1,8,3,3,0,,,,0,,,,,,,,,,,,,6,0,3,13,4,5,1,7,3,1,,,0,1,,3,3,1,3,0.87
Protected Method,"org.apache.commons.math3.distribution.WeibullDistribution.calculateNumericalMean",,,,,,,,,,,,,,11,5,3,5,0,4,1,1,0,,,,0,,,,,,,,,,,,,1,1,3,5,1,3,3,1,1,1,,,0,0,,1,1,1,1,1.00
Protected Method,"org.apache.commons.math3.distribution.WeibullDistribution.calculateNumericalVariance",,,,,,,,,,,,,,13,7,5,6,0,5,1,1,0,,,,0,,,,,,,,,,,,,1,1,4,5,1,4,4,1,1,1,,,0,0,,1,1,1,1,0.71
Public Method,"org.apache.commons.math3.distribution.WeibullDistribution.cumulativeProbability",,,,,,,,,,,,,,10,9,5,3,0,6,2,2,1,,,,0,,,,,,,,,,,,,3,0,2,1,2,4,2,4,2,1,,,0,1,,2,2,1,2,0.11
Public Method,"org.apache.commons.math3.distribution.WeibullDistribution.density",,,,,,,,,,,,,,18,9,6,3,0,7,2,2,1,,,,0,,,,,,,,,,,,,3,3,4,6,2,5,4,3,2,1,,,0,1,,2,2,1,2,0.67
Public Method,"org.apache.commons.math3.distribution.WeibullDistribution.getNumericalMean",,,,,,,,,,,,,,13,7,4,4,0,5,2,2,0,,,,0,,,,,,,,,,,,,4,0,1,6,2,3,1,4,2,1,,,0,1,,2,2,1,2,0.86
Public Method,"org.apache.commons.math3.distribution.WeibullDistribution.getNumericalVariance",,,,,,,,,,,,,,13,7,4,4,0,5,2,2,0,,,,0,,,,,,,,,,,,,3,0,1,6,2,3,1,4,2,1,,,0,1,,2,2,1,2,0.86
Public Method,"org.apache.commons.math3.distribution.WeibullDistribution.getScale",,,,,,,,,,,,,,8,3,1,1,0,2,1,1,0,,,,0,,,,,,,,,,,,,4,0,1,5,1,1,1,1,1,1,,,0,0,,1,1,1,1,1.67
Public Method,"org.apache.commons.math3.distribution.WeibullDistribution.getShape",,,,,,,,,,,,,,8,3,1,1,0,2,1,1,0,,,,0,,,,,,,,,,,,,4,0,1,5,1,1,1,1,1,1,,,0,0,,1,1,1,1,1.67
Protected Method,"org.apache.commons.math3.distribution.WeibullDistribution.getSolverAbsoluteAccuracy",,,,,,,,,,,,,,10,3,1,1,0,2,1,1,0,,,,0,,,,,,,,,,,,,1,0,1,7,1,1,1,1,1,1,,,0,0,,1,1,1,1,2.33
Public Method,"org.apache.commons.math3.distribution.WeibullDistribution.getSupportLowerBound",,,,,,,,,,,,,,10,3,1,1,0,2,1,1,0,,,,0,,,,,,,,,,,,,0,0,1,7,1,1,1,1,1,1,,,0,0,,1,1,1,1,2.33
Public Method,"org.apache.commons.math3.distribution.WeibullDistribution.getSupportUpperBound",,,,,,,,,,,,,,12,3,1,1,0,2,1,1,0,,,,0,,,,,,,,,,,,,0,0,1,9,1,1,1,1,1,1,,,0,0,,1,1,1,1,3.00
Public Method,"org.apache.commons.math3.distribution.WeibullDistribution.inverseCumulativeProbability",,,,,,,,,,,,,,19,13,9,4,1,10,4,5,3,,,,0,,,,,,,,,,,,,3,0,2,6,4,6,2,8,4,1,,,0,1,,4,5,1,4,0.46
Public Method,"org.apache.commons.math3.distribution.WeibullDistribution.isSupportConnected",,,,,,,,,,,,,,10,3,1,1,0,2,1,1,0,,,,0,,,,,,,,,,,,,0,0,1,7,1,1,1,1,1,1,,,0,0,,1,1,1,1,2.33
Public Method,"org.apache.commons.math3.distribution.WeibullDistribution.isSupportLowerBoundInclusive",,,,,,,,,,,,,,4,3,1,1,0,2,1,1,0,,,,0,,,,,,,,,,,,,0,0,1,1,1,1,1,1,1,1,,,0,0,,1,1,1,1,0.33
Public Method,"org.apache.commons.math3.distribution.WeibullDistribution.isSupportUpperBoundInclusive",,,,,,,,,,,,,,4,3,1,1,0,2,1,1,0,,,,0,,,,,,,,,,,,,0,0,1,1,1,1,1,1,1,1,,,0,0,,1,1,1,1,0.33
Public Method,"org.apache.commons.math3.distribution.WeibullDistribution.probability",,,,,,,,,,,,,,10,3,1,1,0,2,1,1,0,,,,0,,,,,,,,,,,,,0,0,1,7,1,1,1,1,1,1,,,0,0,,1,1,1,1,2.33
Public Class,"org.apache.commons.math3.distribution.WeibullDistributionTest",1,1,0,1,4,,0,,8,39,0,0,8,91,62,33,,,34,,,,2,1,2,,1,1,7,6,1,0,0,,,0,8,0,,12,21,17,,23,13,21,,,2,2,,1,0,10,10,8,10,0.27
Public Method,"org.apache.commons.math3.distribution.WeibullDistributionTest.makeCumulativeTestPoints",,,,,,,,,,,,,,6,4,2,1,0,2,1,1,0,,,,0,,,,,,,,,,,,,0,0,1,2,1,1,1,1,1,1,,,0,0,,1,1,1,1,0.50
Public Method,"org.apache.commons.math3.distribution.WeibullDistributionTest.makeCumulativeTestValues",,,,,,,,,,,,,,4,3,1,1,0,2,1,1,0,,,,0,,,,,,,,,,,,,0,0,1,1,1,1,1,1,1,1,,,0,0,,1,1,1,1,0.33
Public Method,"org.apache.commons.math3.distribution.WeibullDistributionTest.makeDensityTestValues",,,,,,,,,,,,,,5,4,2,1,0,2,1,1,0,,,,0,,,,,,,,,,,,,0,0,1,1,1,1,1,1,1,1,,,0,0,,1,1,1,1,0.25
Public Method,"org.apache.commons.math3.distribution.WeibullDistributionTest.makeDistribution",,,,,,,,,,,,,,4,3,1,2,0,2,1,1,0,,,,0,,,,,,,,,,,,,0,0,1,1,1,1,1,1,1,1,,,0,0,,1,1,1,1,0.33
Public Method,"org.apache.commons.math3.distribution.WeibullDistributionTest.testAlpha",,,,,,,,,,,,,,10,9,6,4,0,6,2,2,1,,,,0,,,,,,,,,,,,,0,0,2,1,2,4,2,4,2,1,,,0,1,,2,2,1,2,0.11
Public Method,"org.apache.commons.math3.distribution.WeibullDistributionTest.testBeta",,,,,,,,,,,,,,10,9,6,4,0,6,2,2,1,,,,0,,,,,,,,,,,,,0,0,2,1,2,4,2,4,2,1,,,0,1,,2,2,1,2,0.11
Public Method,"org.apache.commons.math3.distribution.WeibullDistributionTest.testInverseCumulativeProbabilityExtremes",,,,,,,,,,,,,,6,6,4,3,0,4,1,1,0,,,,0,,,,,,,,,,,,,0,0,1,0,1,3,1,3,1,1,,,0,0,,1,1,1,1,0.00
Public Method,"org.apache.commons.math3.distribution.WeibullDistributionTest.testMoments",,,,,,,,,,,,,,17,14,11,6,0,9,1,1,0,,,,0,,,,,,,,,,,,,0,2,3,1,1,8,3,6,1,1,,,0,0,,1,1,1,1,0.07
Public Class,"org.apache.commons.math3.distribution.ZipfDistribution",1,1,0,6,3,,1,,13,21,0,1,10,208,87,49,,,65,,,,3,3,2,,1,1,12,6,1,0,0,,,6,13,2,,26,32,95,,43,32,33,,,3,3,,1,86,21,22,15,21,1.09
Public Constructor,"org.apache.commons.math3.distribution.ZipfDistribution.ZipfDistribution",,,,,,,,,,,,,,23,13,8,4,1,7,3,3,0,,,,0,,,,,,,,,,,,,9,1,2,9,4,4,1,6,3,1,,,0,1,,3,3,1,3,0.69
Protected Method,"org.apache.commons.math3.distribution.ZipfDistribution.calculateNumericalMean",,,,,,,,,,,,,,14,7,5,4,0,6,1,1,0,,,,0,,,,,,,,,,,,,1,2,5,5,1,5,5,1,1,1,,,0,0,,1,1,1,1,0.71
Protected Method,"org.apache.commons.math3.distribution.ZipfDistribution.calculateNumericalVariance",,,,,,,,,,,,,,15,8,6,4,0,7,1,1,0,,,,0,,,,,,,,,,,,,1,2,6,5,1,6,6,1,1,1,,,0,0,,1,1,1,1,0.62
Public Method,"org.apache.commons.math3.distribution.ZipfDistribution.cumulativeProbability",,,,,,,,,,,,,,10,8,5,2,0,6,3,3,2,,,,2,,,,,,,,,,,,,3,1,1,1,3,3,1,5,3,3,,,2,1,,3,3,3,3,0.12
Private Method,"org.apache.commons.math3.distribution.ZipfDistribution.generalizedHarmonic",,,,,,,,,,,,,,16,7,4,2,0,7,2,2,0,,,,0,,,,,,,,,,,,,6,0,2,9,2,5,3,4,2,1,,,0,1,,2,2,1,2,1.29
Public Method,"org.apache.commons.math3.distribution.ZipfDistribution.getExponent",,,,,,,,,,,,,,8,3,1,1,0,2,1,1,0,,,,0,,,,,,,,,,,,,4,0,1,5,1,1,1,1,1,1,,,0,0,,1,1,1,1,1.67
Public Method,"org.apache.commons.math3.distribution.ZipfDistribution.getNumberOfElements",,,,,,,,,,,,,,8,3,1,1,0,2,1,1,0,,,,0,,,,,,,,,,,,,5,0,1,5,1,1,1,1,1,1,,,0,0,,1,1,1,1,1.67
Public Method,"org.apache.commons.math3.distribution.ZipfDistribution.getNumericalMean",,,,,,,,,,,,,,17,7,4,4,0,5,2,2,0,,,,0,,,,,,,,,,,,,3,0,1,10,2,3,1,4,2,1,,,0,1,,2,2,1,2,1.43
Public Method,"org.apache.commons.math3.distribution.ZipfDistribution.getNumericalVariance",,,,,,,,,,,,,,18,7,4,4,0,5,2,2,0,,,,0,,,,,,,,,,,,,3,0,1,11,2,3,1,4,2,1,,,0,1,,2,2,1,2,1.57
Public Method,"org.apache.commons.math3.distribution.ZipfDistribution.getSupportLowerBound",,,,,,,,,,,,,,10,3,1,1,0,2,1,1,0,,,,0,,,,,,,,,,,,,0,0,1,7,1,1,1,1,1,1,,,0,0,,1,1,1,1,2.33
Public Method,"org.apache.commons.math3.distribution.ZipfDistribution.getSupportUpperBound",,,,,,,,,,,,,,10,3,1,2,0,2,1,1,0,,,,0,,,,,,,,,,,,,0,0,1,7,1,1,1,1,1,1,,,0,0,,1,1,1,1,2.33
Public Method,"org.apache.commons.math3.distribution.ZipfDistribution.isSupportConnected",,,,,,,,,,,,,,10,3,1,1,0,2,1,1,0,,,,0,,,,,,,,,,,,,0,0,1,7,1,1,1,1,1,1,,,0,0,,1,1,1,1,2.33
Public Method,"org.apache.commons.math3.distribution.ZipfDistribution.probability",,,,,,,,,,,,,,8,6,3,3,0,4,2,3,1,,,,0,,,,,,,,,,,,,3,1,1,1,2,2,1,3,2,1,,,0,1,,2,3,1,2,0.17
Public Class,"org.apache.commons.math3.distribution.ZipfDistributionTest",1,1,0,0,4,,0,,10,44,0,0,10,76,49,16,,,25,,,,1,1,2,,1,1,4,3,1,0,0,,,0,10,0,,12,23,15,,14,13,12,,,1,1,,0,0,10,10,10,10,0.31
Public Method,"org.apache.commons.math3.distribution.ZipfDistributionTest.makeCumulativeTestPoints",,,,,,,,,,,,,,4,3,1,2,0,2,1,1,0,,,,0,,,,,,,,,,,,,0,0,1,1,1,1,1,1,1,1,,,0,0,,1,1,1,1,0.33
Public Method,"org.apache.commons.math3.distribution.ZipfDistributionTest.makeCumulativeTestValues",,,,,,,,,,,,,,5,4,2,1,0,2,1,1,0,,,,0,,,,,,,,,,,,,0,0,1,1,1,1,1,1,1,1,,,0,0,,1,1,1,1,0.25
Public Method,"org.apache.commons.math3.distribution.ZipfDistributionTest.makeDensityTestPoints",,,,,,,,,,,,,,4,3,1,1,0,2,1,1,0,,,,0,,,,,,,,,,,,,2,0,1,1,1,1,1,1,1,1,,,0,0,,1,1,1,1,0.33
Public Method,"org.apache.commons.math3.distribution.ZipfDistributionTest.makeDensityTestValues",,,,,,,,,,,,,,5,4,2,1,0,2,1,1,0,,,,0,,,,,,,,,,,,,1,0,1,1,1,1,1,1,1,1,,,0,0,,1,1,1,1,0.25
Public Method,"org.apache.commons.math3.distribution.ZipfDistributionTest.makeDistribution",,,,,,,,,,,,,,4,3,1,2,0,2,1,1,0,,,,0,,,,,,,,,,,,,1,0,1,1,1,1,1,1,1,1,,,0,0,,1,1,1,1,0.33
Public Method,"org.apache.commons.math3.distribution.ZipfDistributionTest.makeInverseCumulativeTestPoints",,,,,,,,,,,,,,5,4,2,1,0,2,1,1,0,,,,0,,,,,,,,,,,,,0,0,1,1,1,1,1,1,1,1,,,0,0,,1,1,1,1,0.25
Public Method,"org.apache.commons.math3.distribution.ZipfDistributionTest.makeInverseCumulativeTestValues",,,,,,,,,,,,,,4,3,1,1,0,2,1,1,0,,,,0,,,,,,,,,,,,,0,0,1,1,1,1,1,1,1,1,,,0,0,,1,1,1,1,0.33
Public Method,"org.apache.commons.math3.distribution.ZipfDistributionTest.testMoments",,,,,,,,,,,,,,8,7,4,5,0,6,1,1,0,,,,0,,,,,,,,,,,,,0,1,3,0,1,5,3,3,1,1,,,0,0,,1,1,1,1,0.00
Public Method,"org.apache.commons.math3.distribution.ZipfDistributionTest.testPreconditions1",,,,,,,,,,,,,,3,3,1,1,0,2,1,1,0,,,,0,,,,,,,,,,,,,0,0,1,0,1,1,1,1,1,1,,,0,0,,1,1,1,1,0.00
Public Method,"org.apache.commons.math3.distribution.ZipfDistributionTest.testPreconditions2",,,,,,,,,,,,,,3,3,1,1,0,2,1,1,0,,,,0,,,,,,,,,,,,,0,0,1,0,1,1,1,1,1,1,,,0,0,,1,1,1,1,0.00
Package,"org.apache.commons.math3.exception",1,1,0,4,,32,24,33,87,,0,0,86,1919,625,188,,,414,,,,4,1,,,1,1,8,4,,,0,,,23,87,1,,136,353,1159,,295,279,135,,,4,4,,0,,92,92,87,92,1.85
Public Class,"org.apache.commons.math3.exception.ConvergenceException",1,1,0,5,3,,1,,2,8,0,0,2,30,10,3,,,6,,,,1,1,3,,1,1,8,3,1,1,0,,,0,2,0,,2,5,18,,3,4,2,,,1,1,,0,100,2,2,2,2,1.80
Public Constructor,"org.apache.commons.math3.exception.ConvergenceException.ConvergenceException",,,,,,,,,,,,,,11,4,1,3,0,2,1,1,0,,,,0,,,,,,,,,,,,,13,0,2,7,1,1,1,1,1,1,,,0,0,,1,1,1,1,1.75
Public Constructor,"org.apache.commons.math3.exception.ConvergenceException.ConvergenceException",,,,,,,,,,,,,,6,3,1,2,0,2,1,1,0,,,,0,,,,,,,,,,,,,2,0,1,3,1,1,1,1,1,1,,,0,0,,1,1,1,1,1.00
Public Class,"org.apache.commons.math3.exception.DimensionMismatchException",1,1,0,5,2,,1,,3,9,0,0,3,44,17,5,,,10,,,,1,1,4,,1,1,9,4,1,2,0,,,1,3,0,,3,9,24,,6,6,4,,,1,1,,0,66,3,3,3,3,1.41
Public Constructor,"org.apache.commons.math3.exception.DimensionMismatchException.DimensionMismatchException",,,,,,,,,,,,,,10,4,1,2,0,2,1,1,0,,,,0,,,,,,,,,,,,,134,0,2,6,1,1,1,1,1,1,,,0,0,,1,1,1,1,1.50
Public Constructor,"org.apache.commons.math3.exception.DimensionMismatchException.DimensionMismatchException",,,,,,,,,,,,,,13,6,2,3,0,3,1,1,0,,,,0,,,,,,,,,,,,,9,0,3,7,1,2,1,2,1,1,,,0,0,,1,1,1,1,1.17
Public Method,"org.apache.commons.math3.exception.DimensionMismatchException.getDimension",,,,,,,,,,,,,,6,3,1,1,0,2,1,1,0,,,,0,,,,,,,,,,,,,4,0,1,3,1,1,1,1,1,1,,,0,0,,1,1,1,1,1.00
Public Class,"org.apache.commons.math3.exception.DimensionMismatchExceptionTest",1,1,0,0,2,,0,,1,1,0,0,1,13,8,3,,,5,,,,1,1,1,,1,1,5,5,1,0,0,,,0,1,0,,0,4,5,,3,3,2,,,1,1,,0,0,1,1,1,1,0.62
Public Method,"org.apache.commons.math3.exception.DimensionMismatchExceptionTest.testAccessors",,,,,,,,,,,,,,5,5,3,4,0,4,1,1,0,,,,0,,,,,,,,,,,,,0,0,2,0,1,3,2,2,1,1,,,0,0,,1,1,1,1,0.00
Public Class,"org.apache.commons.math3.exception.MathArithmeticException",1,1,0,2,3,,1,,5,5,0,0,5,54,25,8,,,15,,,,1,1,2,,1,1,6,3,2,0,0,,,1,5,0,,5,12,24,,9,8,7,,,1,1,,0,50,5,5,5,5,0.96
Public Constructor,"org.apache.commons.math3.exception.MathArithmeticException.MathArithmeticException",,,,,,,,,,,,,,12,5,2,4,0,3,1,1,0,,,,0,,,,,,,,,,,,,37,0,2,7,1,2,1,2,1,1,,,0,0,,1,1,1,1,1.40
Public Constructor,"org.apache.commons.math3.exception.MathArithmeticException.MathArithmeticException",,,,,,,,,,,,,,7,4,2,4,0,3,1,1,0,,,,0,,,,,,,,,,,,,7,0,1,3,1,2,1,2,1,1,,,0,0,,1,1,1,1,0.75
Public Method,"org.apache.commons.math3.exception.MathArithmeticException.getContext",,,,,,,,,,,,,,4,3,1,1,0,2,1,1,0,,,,0,,,,,,,,,,,,,1,0,1,1,1,1,1,1,1,1,,,0,0,,1,1,1,1,0.33
Public Method,"org.apache.commons.math3.exception.MathArithmeticException.getLocalizedMessage",,,,,,,,,,,,,,4,3,1,2,0,2,1,1,0,,,,0,,,,,,,,,,,,,1,0,1,1,1,1,1,1,1,1,,,0,0,,1,1,1,1,0.33
Public Method,"org.apache.commons.math3.exception.MathArithmeticException.getMessage",,,,,,,,,,,,,,4,3,1,2,0,2,1,1,0,,,,0,,,,,,,,,,,,,2,0,1,1,1,1,1,1,1,1,,,0,0,,1,1,1,1,0.33
Public Class,"org.apache.commons.math3.exception.MathIllegalArgumentException",1,1,0,1,2,,1,,4,4,0,0,4,43,21,6,,,12,,,,1,1,2,,1,1,5,3,2,14,0,,,1,4,0,,4,11,18,,7,7,5,,,1,1,,0,50,4,4,4,4,0.86
Public Constructor,"org.apache.commons.math3.exception.MathIllegalArgumentException.MathIllegalArgumentException",,,,,,,,,,,,,,9,5,2,4,0,3,1,1,0,,,,0,,,,,,,,,,,,,73,0,2,4,1,2,1,2,1,1,,,0,0,,1,1,1,1,0.80
Public Method,"org.apache.commons.math3.exception.MathIllegalArgumentException.getContext",,,,,,,,,,,,,,4,3,1,1,0,2,1,1,0,,,,0,,,,,,,,,,,,,5,0,1,1,1,1,1,1,1,1,,,0,0,,1,1,1,1,0.33
Public Method,"org.apache.commons.math3.exception.MathIllegalArgumentException.getLocalizedMessage",,,,,,,,,,,,,,4,3,1,2,0,2,1,1,0,,,,0,,,,,,,,,,,,,1,0,1,1,1,1,1,1,1,1,,,0,0,,1,1,1,1,0.33
Public Method,"org.apache.commons.math3.exception.MathIllegalArgumentException.getMessage",,,,,,,,,,,,,,4,3,1,2,0,2,1,1,0,,,,0,,,,,,,,,,,,,1,0,1,1,1,1,1,1,1,1,,,0,0,,1,1,1,1,0.33
Public Class,"org.apache.commons.math3.exception.MathIllegalNumberException",1,1,0,5,1,,1,,2,6,0,0,1,36,13,4,,,8,,,,1,1,3,,1,1,9,4,1,8,0,,,1,2,1,,2,7,21,,5,5,3,,,1,1,,0,50,2,2,2,2,1.62
Protected Constructor,"org.apache.commons.math3.exception.MathIllegalNumberException.MathIllegalNumberException",,,,,,,,,,,,,,13,6,2,3,0,3,1,1,0,,,,0,,,,,,,,,,,,,11,0,3,7,1,2,1,2,1,1,,,0,0,,1,1,1,1,1.17
Public Method,"org.apache.commons.math3.exception.MathIllegalNumberException.getArgument",,,,,,,,,,,,,,6,3,1,1,0,2,1,1,0,,,,0,,,,,,,,,,,,,14,0,1,3,1,1,1,1,1,1,,,0,0,,1,1,1,1,1.00
Public Class,"org.apache.commons.math3.exception.MathIllegalStateException",1,1,0,3,3,,1,,6,6,0,0,6,65,31,10,,,18,,,,1,1,2,,1,1,7,4,2,7,0,,,1,6,0,,6,15,28,,11,9,9,,,1,1,,0,58,6,6,6,6,0.90
Public Constructor,"org.apache.commons.math3.exception.MathIllegalStateException.MathIllegalStateException",,,,,,,,,,,,,,11,5,2,4,0,3,1,1,0,,,,0,,,,,,,,,,,,,24,0,2,6,1,2,1,2,1,1,,,0,0,,1,1,1,1,1.20
Public Constructor,"org.apache.commons.math3.exception.MathIllegalStateException.MathIllegalStateException",,,,,,,,,,,,,,6,3,1,2,0,2,1,1,0,,,,0,,,,,,,,,,,,,8,0,1,3,1,1,1,1,1,1,,,0,0,,1,1,1,1,1.00
Public Constructor,"org.apache.commons.math3.exception.MathIllegalStateException.MathIllegalStateException",,,,,,,,,,,,,,14,7,3,4,0,4,1,1,0,,,,0,,,,,,,,,,,,,5,0,3,7,1,3,1,3,1,1,,,0,0,,1,1,1,1,1.00
Public Method,"org.apache.commons.math3.exception.MathIllegalStateException.getContext",,,,,,,,,,,,,,4,3,1,1,0,2,1,1,0,,,,0,,,,,,,,,,,,,7,0,1,1,1,1,1,1,1,1,,,0,0,,1,1,1,1,0.33
Public Method,"org.apache.commons.math3.exception.MathIllegalStateException.getLocalizedMessage",,,,,,,,,,,,,,4,3,1,2,0,2,1,1,0,,,,0,,,,,,,,,,,,,2,0,1,1,1,1,1,1,1,1,,,0,0,,1,1,1,1,0.33
Public Method,"org.apache.commons.math3.exception.MathIllegalStateException.getMessage",,,,,,,,,,,,,,4,3,1,2,0,2,1,1,0,,,,0,,,,,,,,,,,,,5,0,1,1,1,1,1,1,1,1,,,0,0,,1,1,1,1,0.33
Public Class,"org.apache.commons.math3.exception.MathInternalError",1,1,0,4,3,,2,,3,9,0,0,3,37,13,5,,,9,,,,1,1,3,,1,1,7,3,1,0,0,,,0,3,0,,3,6,22,,5,6,3,,,1,1,,0,66,3,3,3,3,1.69
Public Constructor,"org.apache.commons.math3.exception.MathInternalError.MathInternalError",,,,,,,,,,,,,,6,3,1,3,0,2,1,1,0,,,,0,,,,,,,,,,,,,12,0,1,3,1,1,1,1,1,1,,,0,0,,1,1,1,1,1.00
Public Constructor,"org.apache.commons.math3.exception.MathInternalError.MathInternalError",,,,,,,,,,,,,,9,3,1,2,0,2,1,1,0,,,,0,,,,,,,,,,,,,6,0,1,6,1,1,1,1,1,1,,,0,0,,1,1,1,1,2.00
Public Constructor,"org.apache.commons.math3.exception.MathInternalError.MathInternalError",,,,,,,,,,,,,,7,3,1,2,0,2,1,1,0,,,,0,,,,,,,,,,,,,3,0,1,4,1,1,1,1,1,1,,,0,0,,1,1,1,1,1.33
Public Class,"org.apache.commons.math3.exception.MathParseException",1,1,0,6,2,,1,,2,8,0,0,2,36,15,5,,,6,,,,1,1,3,,1,1,11,5,2,0,0,,,0,2,0,,2,8,19,,3,4,2,,,1,1,,0,100,2,2,2,2,1.27
Public Constructor,"org.apache.commons.math3.exception.MathParseException.MathParseException",,,,,,,,,,,,,,13,6,2,5,0,2,1,1,0,,,,0,,,,,,,,,,,,,11,0,3,7,1,1,1,1,1,1,,,0,0,,1,1,1,1,1.17
Public Constructor,"org.apache.commons.math3.exception.MathParseException.MathParseException",,,,,,,,,,,,,,10,5,2,4,0,2,1,1,0,,,,0,,,,,,,,,,,,,3,0,2,5,1,1,1,1,1,1,,,0,0,,1,1,1,1,1.00
Public Class,"org.apache.commons.math3.exception.MathUnsupportedOperationException",1,1,0,2,3,,1,,5,5,0,0,5,50,24,7,,,14,,,,1,1,2,,1,1,5,3,2,0,0,,,1,5,0,,4,12,22,,8,8,6,,,1,1,,0,60,5,5,5,5,0.92
Public Constructor,"org.apache.commons.math3.exception.MathUnsupportedOperationException.MathUnsupportedOperationException",,,,,,,,,,,,,,6,3,1,2,0,2,1,1,0,,,,0,,,,,,,,,,,,,21,0,1,3,1,1,1,1,1,1,,,0,0,,1,1,1,1,1.00
Public Constructor,"org.apache.commons.math3.exception.MathUnsupportedOperationException.MathUnsupportedOperationException",,,,,,,,,,,,,,10,5,2,4,0,3,1,1,0,,,,0,,,,,,,,,,,,,6,0,2,5,1,2,1,2,1,1,,,0,0,,1,1,1,1,1.00
Public Method,"org.apache.commons.math3.exception.MathUnsupportedOperationException.getContext",,,,,,,,,,,,,,4,3,1,1,0,2,1,1,0,,,,0,,,,,,,,,,,,,1,0,1,1,1,1,1,1,1,1,,,0,0,,1,1,1,1,0.33
Public Method,"org.apache.commons.math3.exception.MathUnsupportedOperationException.getLocalizedMessage",,,,,,,,,,,,,,4,3,1,2,0,2,1,1,0,,,,0,,,,,,,,,,,,,1,0,1,1,1,1,1,1,1,1,,,0,0,,1,1,1,1,0.33
Public Method,"org.apache.commons.math3.exception.MathUnsupportedOperationException.getMessage",,,,,,,,,,,,,,4,3,1,2,0,2,1,1,0,,,,0,,,,,,,,,,,,,1,0,1,1,1,1,1,1,1,1,,,0,0,,1,1,1,1,0.33
Public Class,"org.apache.commons.math3.exception.MaxCountExceededException",1,1,0,5,3,,1,,3,9,0,0,3,43,16,5,,,10,,,,1,1,3,,1,1,9,4,1,1,0,,,1,3,0,,2,8,25,,6,6,4,,,1,1,,0,66,3,3,3,3,1.56
Public Constructor,"org.apache.commons.math3.exception.MaxCountExceededException.MaxCountExceededException",,,,,,,,,,,,,,8,3,1,2,0,2,1,1,0,,,,0,,,,,,,,,,,,,7,0,1,5,1,1,1,1,1,1,,,0,0,,1,1,1,1,1.67
Public Constructor,"org.apache.commons.math3.exception.MaxCountExceededException.MaxCountExceededException",,,,,,,,,,,,,,13,6,2,4,0,3,1,1,0,,,,0,,,,,,,,,,,,,7,0,3,7,1,2,1,2,1,1,,,0,0,,1,1,1,1,1.17
Public Method,"org.apache.commons.math3.exception.MaxCountExceededException.getMax",,,,,,,,,,,,,,6,3,1,1,0,2,1,1,0,,,,0,,,,,,,,,,,,,9,0,1,3,1,1,1,1,1,1,,,0,0,,1,1,1,1,1.00
Public Class,"org.apache.commons.math3.exception.MaxCountExceededExceptionTest",1,1,0,0,1,,0,,1,1,0,0,1,12,7,2,,,4,,,,1,1,1,,1,1,4,4,1,0,0,,,0,1,0,,0,4,5,,2,3,1,,,1,1,,0,0,1,1,1,1,0.71
Public Method,"org.apache.commons.math3.exception.MaxCountExceededExceptionTest.testAccessors",,,,,,,,,,,,,,4,4,2,3,0,3,1,1,0,,,,0,,,,,,,,,,,,,0,0,2,0,1,2,2,1,1,1,,,0,0,,1,1,1,1,0.00
Public Class,"org.apache.commons.math3.exception.MultiDimensionMismatchException",1,1,0,4,2,,1,,6,10,0,0,6,70,28,9,,,18,,,,1,1,3,,1,1,8,3,1,1,0,,,2,6,0,,5,13,37,,11,10,8,,,1,1,,0,66,6,6,6,6,1.32
Public Constructor,"org.apache.commons.math3.exception.MultiDimensionMismatchException.MultiDimensionMismatchException",,,,,,,,,,,,,,10,4,1,2,0,2,1,1,0,,,,0,,,,,,,,,,,,,3,0,2,6,1,1,1,1,1,1,,,0,0,,1,1,1,1,1.50
Public Constructor,"org.apache.commons.math3.exception.MultiDimensionMismatchException.MultiDimensionMismatchException",,,,,,,,,,,,,,15,7,3,5,0,4,1,1,0,,,,0,,,,,,,,,,,,,5,0,3,8,1,3,1,3,1,1,,,0,0,,1,1,1,1,1.14
Public Method,"org.apache.commons.math3.exception.MultiDimensionMismatchException.getExpectedDimension",,,,,,,,,,,,,,7,3,1,1,0,2,1,1,0,,,,0,,,,,,,,,,,,,4,0,1,4,1,1,1,1,1,1,,,0,0,,1,1,1,1,1.33
Public Method,"org.apache.commons.math3.exception.MultiDimensionMismatchException.getExpectedDimensions",,,,,,,,,,,,,,6,3,1,2,0,2,1,1,0,,,,0,,,,,,,,,,,,,1,0,1,3,1,1,1,1,1,1,,,0,0,,1,1,1,1,1.00
Public Method,"org.apache.commons.math3.exception.MultiDimensionMismatchException.getWrongDimension",,,,,,,,,,,,,,7,3,1,1,0,2,1,1,0,,,,0,,,,,,,,,,,,,4,0,1,4,1,1,1,1,1,1,,,0,0,,1,1,1,1,1.33
Public Method,"org.apache.commons.math3.exception.MultiDimensionMismatchException.getWrongDimensions",,,,,,,,,,,,,,6,3,1,2,0,2,1,1,0,,,,0,,,,,,,,,,,,,1,0,1,3,1,1,1,1,1,1,,,0,0,,1,1,1,1,1.00
Public Class,"org.apache.commons.math3.exception.NoBracketingException",1,1,0,6,2,,1,,6,10,0,0,6,86,33,11,,,22,,,,1,1,3,,1,1,10,4,1,0,0,,,4,6,0,,3,16,50,,15,12,10,,,1,1,,0,73,6,6,6,6,1.52
Public Constructor,"org.apache.commons.math3.exception.NoBracketingException.NoBracketingException",,,,,,,,,,,,,,12,4,1,2,0,2,1,1,0,,,,0,,,,,,,,,,,,,11,0,2,8,1,1,1,1,1,1,,,0,0,,1,1,1,1,2.00
Public Constructor,"org.apache.commons.math3.exception.NoBracketingException.NoBracketingException",,,,,,,,,,,,,,20,10,5,6,0,6,1,1,0,,,,0,,,,,,,,,,,,,9,0,4,10,1,5,1,5,1,1,,,0,0,,1,1,1,1,1.00
Public Method,"org.apache.commons.math3.exception.NoBracketingException.getFHi",,,,,,,,,,,,,,8,3,1,1,0,2,1,1,0,,,,0,,,,,,,,,,,,,1,0,1,5,1,1,1,1,1,1,,,0,0,,1,1,1,1,1.67
Public Method,"org.apache.commons.math3.exception.NoBracketingException.getFLo",,,,,,,,,,,,,,8,3,1,1,0,2,1,1,0,,,,0,,,,,,,,,,,,,1,0,1,5,1,1,1,1,1,1,,,0,0,,1,1,1,1,1.67
Public Method,"org.apache.commons.math3.exception.NoBracketingException.getHi",,,,,,,,,,,,,,8,3,1,1,0,2,1,1,0,,,,0,,,,,,,,,,,,,1,0,1,5,1,1,1,1,1,1,,,0,0,,1,1,1,1,1.67
Public Method,"org.apache.commons.math3.exception.NoBracketingException.getLo",,,,,,,,,,,,,,8,3,1,1,0,2,1,1,0,,,,0,,,,,,,,,,,,,1,0,1,5,1,1,1,1,1,1,,,0,0,,1,1,1,1,1.67
Public Class,"org.apache.commons.math3.exception.NoDataException",1,1,0,4,2,,1,,2,6,0,0,2,26,9,3,,,6,,,,1,1,3,,1,1,7,3,1,0,0,,,0,2,0,,2,4,15,,3,4,2,,,1,1,,0,100,2,2,2,2,1.67
Public Constructor,"org.apache.commons.math3.exception.NoDataException.NoDataException",,,,,,,,,,,,,,8,3,1,2,0,2,1,1,0,,,,0,,,,,,,,,,,,,23,0,1,5,1,1,1,1,1,1,,,0,0,,1,1,1,1,1.67
Public Constructor,"org.apache.commons.math3.exception.NoDataException.NoDataException",,,,,,,,,,,,,,6,3,1,2,0,2,1,1,0,,,,0,,,,,,,,,,,,,17,0,1,3,1,1,1,1,1,1,,,0,0,,1,1,1,1,1.00
Public Class,"org.apache.commons.math3.exception.NonMonotonicSequenceException",1,1,0,5,3,,1,,6,12,0,0,6,100,42,18,,,22,,,,4,1,4,,1,1,11,5,1,0,0,,,4,6,0,,4,18,54,,15,12,10,,,4,4,,0,73,9,9,6,9,1.29
Public Constructor,"org.apache.commons.math3.exception.NonMonotonicSequenceException.NonMonotonicSequenceException",,,,,,,,,,,,,,30,18,12,6,0,6,4,4,0,,,,0,,,,,,,,,,,,,13,1,5,11,1,5,1,5,4,1,,,0,0,,4,4,1,4,0.61
Public Constructor,"org.apache.commons.math3.exception.NonMonotonicSequenceException.NonMonotonicSequenceException",,,,,,,,,,,,,,14,5,1,2,0,2,1,1,0,,,,0,,,,,,,,,,,,,5,0,3,9,1,1,1,1,1,1,,,0,0,,1,1,1,1,1.80
Public Method,"org.apache.commons.math3.exception.NonMonotonicSequenceException.getDirection",,,,,,,,,,,,,,6,3,1,1,0,2,1,1,0,,,,0,,,,,,,,,,,,,2,0,1,3,1,1,1,1,1,1,,,0,0,,1,1,1,1,1.00
Public Method,"org.apache.commons.math3.exception.NonMonotonicSequenceException.getIndex",,,,,,,,,,,,,,8,3,1,1,0,2,1,1,0,,,,0,,,,,,,,,,,,,2,0,1,5,1,1,1,1,1,1,,,0,0,,1,1,1,1,1.67
Public Method,"org.apache.commons.math3.exception.NonMonotonicSequenceException.getPrevious",,,,,,,,,,,,,,6,3,1,1,0,2,1,1,0,,,,0,,,,,,,,,,,,,2,0,1,3,1,1,1,1,1,1,,,0,0,,1,1,1,1,1.00
Public Method,"org.apache.commons.math3.exception.NonMonotonicSequenceException.getStrict",,,,,,,,,,,,,,6,3,1,1,0,2,1,1,0,,,,0,,,,,,,,,,,,,2,0,1,3,1,1,1,1,1,1,,,0,0,,1,1,1,1,1.00
Public Class,"org.apache.commons.math3.exception.NonMonotonicSequenceExceptionTest",1,1,1,0,4,,0,,1,1,0,0,1,24,18,12,,,14,,,,1,1,1,,1,1,16,15,1,0,0,,,0,1,0,,1,5,5,,12,3,11,,,1,1,,0,0,1,1,1,1,0.28
Public Method,"org.apache.commons.math3.exception.NonMonotonicSequenceExceptionTest.testAccessors",,,,,,,,,,,,,,16,15,12,10,0,13,1,1,0,,,,0,,,,,,,,,,,,,2,1,3,0,1,12,2,11,1,1,,,0,0,,1,1,1,1,0.00
Public Class,"org.apache.commons.math3.exception.NotFiniteNumberException",1,1,0,6,2,,1,,2,8,0,0,2,34,12,3,,,6,,,,1,1,4,,1,1,11,4,1,0,0,,,0,2,0,,2,7,20,,3,4,2,,,1,1,,0,100,2,2,2,2,1.67
Public Constructor,"org.apache.commons.math3.exception.NotFiniteNumberException.NotFiniteNumberException",,,,,,,,,,,,,,10,4,1,2,0,2,1,1,0,,,,0,,,,,,,,,,,,,4,0,2,6,1,1,1,1,1,1,,,0,0,,1,1,1,1,1.50
Public Constructor,"org.apache.commons.math3.exception.NotFiniteNumberException.NotFiniteNumberException",,,,,,,,,,,,,,12,5,1,2,0,2,1,1,0,,,,0,,,,,,,,,,,,,4,0,3,7,1,1,1,1,1,1,,,0,0,,1,1,1,1,1.40
Public Class,"org.apache.commons.math3.exception.NotPositiveException",1,1,0,5,1,,1,,2,12,0,0,2,29,10,3,,,6,,,,1,1,5,,1,1,9,3,1,0,0,,,0,2,0,,1,5,18,,3,4,2,,,1,1,,0,100,2,2,2,2,1.80
Public Constructor,"org.apache.commons.math3.exception.NotPositiveException.NotPositiveException",,,,,,,,,,,,,,10,4,1,2,0,2,1,1,0,,,,0,,,,,,,,,,,,,20,0,2,6,1,1,1,1,1,1,,,0,0,,1,1,1,1,1.50
Public Constructor,"org.apache.commons.math3.exception.NotPositiveException.NotPositiveException",,,,,,,,,,,,,,8,3,1,2,0,2,1,1,0,,,,0,,,,,,,,,,,,,6,0,1,5,1,1,1,1,1,1,,,0,0,,1,1,1,1,1.67
Public Class,"org.apache.commons.math3.exception.NotPositiveExceptionTest",1,1,0,0,3,,0,,1,1,0,0,1,14,9,4,,,6,,,,1,1,1,,1,1,6,6,1,0,0,,,0,1,0,,0,4,5,,4,3,3,,,1,1,,0,0,1,1,1,1,0.56
Public Method,"org.apache.commons.math3.exception.NotPositiveExceptionTest.testAccessors",,,,,,,,,,,,,,6,6,4,6,0,5,1,1,0,,,,0,,,,,,,,,,,,,0,0,2,0,1,4,2,3,1,1,,,0,0,,1,1,1,1,0.00
Public Class,"org.apache.commons.math3.exception.NotStrictlyPositiveException",1,1,0,5,1,,1,,2,12,0,0,2,30,10,3,,,6,,,,1,1,5,,1,1,9,3,1,0,0,,,0,2,0,,2,5,18,,3,4,2,,,1,1,,0,100,2,2,2,2,1.80
Public Constructor,"org.apache.commons.math3.exception.NotStrictlyPositiveException.NotStrictlyPositiveException",,,,,,,,,,,,,,10,4,1,2,0,2,1,1,0,,,,0,,,,,,,,,,,,,28,0,2,6,1,1,1,1,1,1,,,0,0,,1,1,1,1,1.50
Public Constructor,"org.apache.commons.math3.exception.NotStrictlyPositiveException.NotStrictlyPositiveException",,,,,,,,,,,,,,8,3,1,2,0,2,1,1,0,,,,0,,,,,,,,,,,,,19,0,1,5,1,1,1,1,1,1,,,0,0,,1,1,1,1,1.67
Public Class,"org.apache.commons.math3.exception.NotStrictlyPositiveExceptionTest",1,1,0,0,3,,0,,1,1,0,0,1,14,9,4,,,6,,,,1,1,1,,1,1,6,6,1,0,0,,,0,1,0,,0,4,5,,4,3,3,,,1,1,,0,0,1,1,1,1,0.56
Public Method,"org.apache.commons.math3.exception.NotStrictlyPositiveExceptionTest.testAccessors",,,,,,,,,,,,,,6,6,4,6,0,5,1,1,0,,,,0,,,,,,,,,,,,,0,0,2,0,1,4,2,3,1,1,,,0,0,,1,1,1,1,0.00
Public Class,"org.apache.commons.math3.exception.NullArgumentException",1,1,0,4,2,,1,,2,6,0,0,2,31,10,3,,,6,,,,1,1,3,,1,1,7,3,1,0,0,,,0,2,0,,1,5,20,,3,4,2,,,1,1,,0,100,2,2,2,2,2.00
Public Constructor,"org.apache.commons.math3.exception.NullArgumentException.NullArgumentException",,,,,,,,,,,,,,6,3,1,2,0,2,1,1,0,,,,0,,,,,,,,,,,,,67,0,1,3,1,1,1,1,1,1,,,0,0,,1,1,1,1,1.00
Public Constructor,"org.apache.commons.math3.exception.NullArgumentException.NullArgumentException",,,,,,,,,,,,,,9,4,1,2,0,2,1,1,0,,,,0,,,,,,,,,,,,,31,0,2,5,1,1,1,1,1,1,,,0,0,,1,1,1,1,1.25
Public Class,"org.apache.commons.math3.exception.NumberIsTooLargeException",1,1,0,5,2,,1,,4,10,0,0,4,65,27,10,,,14,,,,2,1,4,,1,1,11,5,1,0,0,,,2,4,0,,4,13,34,,9,8,6,,,2,2,,0,66,5,5,4,5,1.26
Public Constructor,"org.apache.commons.math3.exception.NumberIsTooLargeException.NumberIsTooLargeException",,,,,,,,,,,,,,17,8,3,4,0,4,1,1,0,,,,0,,,,,,,,,,,,,28,1,4,8,1,3,1,3,1,1,,,0,0,,1,1,1,1,1.00
Public Constructor,"org.apache.commons.math3.exception.NumberIsTooLargeException.NumberIsTooLargeException",,,,,,,,,,,,,,15,8,4,2,0,2,2,2,0,,,,0,,,,,,,,,,,,,22,0,3,7,1,1,1,1,2,1,,,0,0,,2,2,1,2,0.88
Public Method,"org.apache.commons.math3.exception.NumberIsTooLargeException.getBoundIsAllowed",,,,,,,,,,,,,,6,3,1,1,0,2,1,1,0,,,,0,,,,,,,,,,,,,2,0,1,3,1,1,1,1,1,1,,,0,0,,1,1,1,1,1.00
Public Method,"org.apache.commons.math3.exception.NumberIsTooLargeException.getMax",,,,,,,,,,,,,,6,3,1,1,0,2,1,1,0,,,,0,,,,,,,,,,,,,2,0,1,3,1,1,1,1,1,1,,,0,0,,1,1,1,1,1.00
Public Class,"org.apache.commons.math3.exception.NumberIsTooLargeExceptionTest",1,1,0,0,2,,0,,1,1,0,0,1,14,9,4,,,6,,,,1,1,1,,1,1,6,6,1,0,0,,,0,1,0,,0,4,5,,4,3,3,,,1,1,,0,0,1,1,1,1,0.56
Public Method,"org.apache.commons.math3.exception.NumberIsTooLargeExceptionTest.testAccessors",,,,,,,,,,,,,,6,6,4,6,0,5,1,1,0,,,,0,,,,,,,,,,,,,0,0,2,0,1,4,2,3,1,1,,,0,0,,1,1,1,1,0.00
Public Class,"org.apache.commons.math3.exception.NumberIsTooSmallException",1,1,0,5,2,,1,,4,10,0,0,4,66,27,10,,,14,,,,2,1,4,,1,1,11,5,1,3,0,,,2,4,0,,5,13,34,,9,8,6,,,2,2,,0,66,5,5,4,5,1.26
Public Constructor,"org.apache.commons.math3.exception.NumberIsTooSmallException.NumberIsTooSmallException",,,,,,,,,,,,,,15,8,4,2,0,2,2,2,0,,,,0,,,,,,,,,,,,,29,0,3,7,1,1,1,1,2,1,,,0,0,,2,2,1,2,0.88
Public Constructor,"org.apache.commons.math3.exception.NumberIsTooSmallException.NumberIsTooSmallException",,,,,,,,,,,,,,17,8,3,4,0,4,1,1,0,,,,0,,,,,,,,,,,,,23,1,4,8,1,3,1,3,1,1,,,0,0,,1,1,1,1,1.00
Public Method,"org.apache.commons.math3.exception.NumberIsTooSmallException.getBoundIsAllowed",,,,,,,,,,,,,,6,3,1,1,0,2,1,1,0,,,,0,,,,,,,,,,,,,4,0,1,3,1,1,1,1,1,1,,,0,0,,1,1,1,1,1.00
Public Method,"org.apache.commons.math3.exception.NumberIsTooSmallException.getMin",,,,,,,,,,,,,,6,3,1,1,0,2,1,1,0,,,,0,,,,,,,,,,,,,4,0,1,3,1,1,1,1,1,1,,,0,0,,1,1,1,1,1.00
Public Class,"org.apache.commons.math3.exception.NumberIsTooSmallExceptionTest",1,1,0,0,2,,0,,1,1,0,0,1,14,9,4,,,6,,,,1,1,1,,1,1,6,6,1,0,0,,,0,1,0,,0,4,5,,4,3,3,,,1,1,,0,0,1,1,1,1,0.56
Public Method,"org.apache.commons.math3.exception.NumberIsTooSmallExceptionTest.testAccessors",,,,,,,,,,,,,,6,6,4,6,0,5,1,1,0,,,,0,,,,,,,,,,,,,0,0,2,0,1,4,2,3,1,1,,,0,0,,1,1,1,1,0.00
Public Class,"org.apache.commons.math3.exception.OutOfRangeException",1,1,0,5,2,,1,,4,10,0,0,4,58,24,7,,,14,,,,1,1,4,,1,1,10,4,1,0,0,,,2,4,0,,3,13,31,,9,8,6,,,1,1,,0,66,4,4,4,4,1.29
Public Constructor,"org.apache.commons.math3.exception.OutOfRangeException.OutOfRangeException",,,,,,,,,,,,,,17,8,3,4,0,4,1,1,0,,,,0,,,,,,,,,,,,,26,0,4,9,1,3,1,3,1,1,,,0,0,,1,1,1,1,1.12
Public Constructor,"org.apache.commons.math3.exception.OutOfRangeException.OutOfRangeException",,,,,,,,,,,,,,12,5,1,2,0,2,1,1,0,,,,0,,,,,,,,,,,,,36,0,3,7,1,1,1,1,1,1,,,0,0,,1,1,1,1,1.40
Public Method,"org.apache.commons.math3.exception.OutOfRangeException.getHi",,,,,,,,,,,,,,6,3,1,1,0,2,1,1,0,,,,0,,,,,,,,,,,,,2,0,1,3,1,1,1,1,1,1,,,0,0,,1,1,1,1,1.00
Public Method,"org.apache.commons.math3.exception.OutOfRangeException.getLo",,,,,,,,,,,,,,6,3,1,1,0,2,1,1,0,,,,0,,,,,,,,,,,,,2,0,1,3,1,1,1,1,1,1,,,0,0,,1,1,1,1,1.00
Public Class,"org.apache.commons.math3.exception.OutOfRangeExceptionTest",1,1,0,0,2,,0,,1,1,0,0,1,14,9,4,,,6,,,,1,1,1,,1,1,6,6,1,0,0,,,0,1,0,,0,4,5,,4,3,3,,,1,1,,0,0,1,1,1,1,0.56
Public Method,"org.apache.commons.math3.exception.OutOfRangeExceptionTest.testAccessors",,,,,,,,,,,,,,6,6,4,5,0,5,1,1,0,,,,0,,,,,,,,,,,,,0,0,2,0,1,4,2,3,1,1,,,0,0,,1,1,1,1,0.00
Public Class,"org.apache.commons.math3.exception.TooManyEvaluationsException",1,1,0,5,2,,1,,1,10,0,0,1,20,7,3,,,5,,,,1,1,4,,1,1,9,4,1,0,0,,,0,1,0,,1,3,12,,3,3,2,,,1,1,,0,100,1,1,1,1,1.71
Public Constructor,"org.apache.commons.math3.exception.TooManyEvaluationsException.TooManyEvaluationsException",,,,,,,,,,,,,,9,4,2,4,0,3,1,1,0,,,,0,,,,,,,,,,,,,10,0,1,5,1,2,1,2,1,1,,,0,0,,1,1,1,1,1.25
Public Class,"org.apache.commons.math3.exception.TooManyEvaluationsExceptionTest",1,1,0,0,2,,0,,1,1,0,0,1,17,12,7,,,6,,,,1,1,1,,1,1,9,9,1,0,0,,,0,1,0,,0,6,5,,4,5,1,,,1,1,,0,0,1,1,1,1,0.42
Public Method,"org.apache.commons.math3.exception.TooManyEvaluationsExceptionTest.testMessage",,,,,,,,,,,,,,9,9,7,5,0,5,1,1,0,,,,0,,,,,,,,,,,,,0,0,4,0,1,4,4,1,1,1,,,0,0,,1,1,1,1,0.00
Public Class,"org.apache.commons.math3.exception.ZeroException",1,1,0,4,2,,1,,2,8,0,0,2,28,9,3,,,6,,,,1,1,4,,1,1,7,3,1,0,0,,,0,2,0,,3,4,16,,3,4,2,,,1,1,,0,100,2,2,2,2,1.78
Public Constructor,"org.apache.commons.math3.exception.ZeroException.ZeroException",,,,,,,,,,,,,,9,3,1,2,0,2,1,1,0,,,,0,,,,,,,,,,,,,13,0,1,6,1,1,1,1,1,1,,,0,0,,1,1,1,1,2.00
Public Constructor,"org.apache.commons.math3.exception.ZeroException.ZeroException",,,,,,,,,,,,,,6,3,1,2,0,2,1,1,0,,,,0,,,,,,,,,,,,,6,0,1,3,1,1,1,1,1,1,,,0,0,,1,1,1,1,1.00
Package,"org.apache.commons.math3.exception.util",1,1,0,3,,10,2,10,45,,4,11,31,1264,738,205,,,317,,,,5,3,,,1,1,12,7,,,1,,,317,46,0,,92,514,509,,228,193,124,,,5,5,,4,,73,73,45,73,0.69
Public Class,"org.apache.commons.math3.exception.util.ArgUtils",3,1,0,5,0,,0,,1,2,0,1,1,35,18,9,,,13,,,,5,1,1,,3,3,13,8,1,0,1,,,0,2,0,,1,4,16,,4,6,7,,,5,5,,4,0,6,6,2,6,0.89
Private Constructor,"org.apache.commons.math3.exception.util.ArgUtils.ArgUtils",,,,,,,,,,,,,,4,1,0,1,0,1,1,1,0,,,,0,,,,,,,,,,,,,0,0,1,3,1,0,1,0,1,1,,,0,0,,1,1,1,1,3.00
Public Static Method,"org.apache.commons.math3.exception.util.ArgUtils.flatten",,,,,,,,,,,,,,22,15,9,3,1,11,5,5,1,,,,0,,,,,,,,,,,,,3,0,2,7,5,4,4,7,5,1,,,0,4,,5,5,1,5,0.47
Public Class,"org.apache.commons.math3.exception.util.ArgUtilsTest",1,1,1,3,1,,0,,2,2,0,1,1,52,37,26,,,14,,,,2,1,1,,1,1,21,17,1,0,0,,,0,2,0,,4,9,11,,10,8,6,,,2,2,,1,0,3,3,2,3,0.30
Private Method,"org.apache.commons.math3.exception.util.ArgUtilsTest.create",,,,,,,,,,,,,,11,5,3,2,0,4,1,1,0,,,,0,,,,,,,,,,,,,2,0,2,6,1,3,2,2,1,1,,,0,0,,1,1,1,1,1.20
Public Method,"org.apache.commons.math3.exception.util.ArgUtilsTest.testFlatten",,,,,,,,,,,,,,32,29,23,5,0,9,2,2,0,,,,0,,,,,,,,,,,,,1,3,5,0,2,7,5,4,2,1,,,0,1,,2,2,1,2,0.00
Public Class,"org.apache.commons.math3.exception.util.DummyLocalizable",1,1,0,1,0,,1,,4,4,0,0,4,38,17,5,,,11,,,,1,1,1,,1,1,4,3,2,0,0,,,1,4,0,,7,8,14,,6,7,4,,,1,1,,0,50,4,4,4,4,0.82
Public Constructor,"org.apache.commons.math3.exception.util.DummyLocalizable.DummyLocalizable",,,,,,,,,,,,,,6,3,1,2,0,2,1,1,0,,,,0,,,,,,,,,,,,,1,0,1,3,1,1,1,1,1,1,,,0,0,,1,1,1,1,1.00
Public Method,"org.apache.commons.math3.exception.util.DummyLocalizable.getLocalizedString",,,,,,,,,,,,,,4,3,1,1,0,2,1,1,0,,,,0,,,,,,,,,,,,,1,0,1,1,1,1,1,1,1,1,,,0,0,,1,1,1,1,0.33
Public Method,"org.apache.commons.math3.exception.util.DummyLocalizable.getSourceString",,,,,,,,,,,,,,4,3,1,1,0,2,1,1,0,,,,0,,,,,,,,,,,,,1,0,1,1,1,1,1,1,1,1,,,0,0,,1,1,1,1,0.33
Public Method,"org.apache.commons.math3.exception.util.DummyLocalizable.toString",,,,,,,,,,,,,,4,3,1,1,0,2,1,1,0,,,,0,,,,,,,,,,,,,1,0,1,1,1,1,1,1,1,1,,,0,0,,1,1,1,1,0.33
Public Class,"org.apache.commons.math3.exception.util.ExceptionContext",1,1,0,7,2,,1,,18,18,0,8,10,305,137,73,,,106,,,,4,1,1,,1,1,14,7,2,0,0,,,4,18,0,,18,56,150,,76,50,56,,,4,4,,3,77,28,28,18,28,1.09
Public Constructor,"org.apache.commons.math3.exception.util.ExceptionContext.ExceptionContext",,,,,,,,,,,,,,9,6,4,5,0,5,1,1,0,,,,0,,,,,,,,,,,,,12,0,1,3,1,4,1,4,1,1,,,0,0,,1,1,1,1,0.50
Public Method,"org.apache.commons.math3.exception.util.ExceptionContext.addMessage",,,,,,,,,,,,,,12,5,2,2,0,3,1,1,0,,,,0,,,,,,,,,,,,,21,0,2,7,1,2,1,2,1,1,,,0,0,,1,1,1,1,1.40
Private Method,"org.apache.commons.math3.exception.util.ExceptionContext.buildMessage",,,,,,,,,,,,,,26,17,12,7,0,14,3,3,0,,,,0,,,,,,,,,,,,,6,1,9,8,3,11,8,6,3,1,,,0,2,,3,3,1,3,0.47
Private Method,"org.apache.commons.math3.exception.util.ExceptionContext.deSerializeContext",,,,,,,,,,,,,,21,11,6,4,0,9,2,2,0,,,,0,,,,,,,,,,,,,3,0,6,10,2,7,5,4,2,1,,,0,1,,2,2,1,2,0.91
Private Method,"org.apache.commons.math3.exception.util.ExceptionContext.deSerializeMessages",,,,,,,,,,,,,,29,17,11,5,0,16,3,3,0,,,,0,,,,,,,,,,,,,4,0,7,12,3,13,7,9,3,1,,,0,2,,3,3,1,3,0.71
Public Method,"org.apache.commons.math3.exception.util.ExceptionContext.getKeys",,,,,,,,,,,,,,8,3,1,2,0,2,1,1,0,,,,0,,,,,,,,,,,,,3,0,1,5,1,1,1,1,1,1,,,0,0,,1,1,1,1,1.67
Public Method,"org.apache.commons.math3.exception.util.ExceptionContext.getLocalizedMessage",,,,,,,,,,,,,,8,3,1,3,0,2,1,1,0,,,,0,,,,,,,,,,,,,4,0,1,5,1,1,1,1,1,1,,,0,0,,1,1,1,1,1.67
Public Method,"org.apache.commons.math3.exception.util.ExceptionContext.getMessage",,,,,,,,,,,,,,8,3,1,2,0,2,1,1,0,,,,0,,,,,,,,,,,,,7,0,1,5,1,1,1,1,1,1,,,0,0,,1,1,1,1,1.67
Public Method,"org.apache.commons.math3.exception.util.ExceptionContext.getMessage",,,,,,,,,,,,,,11,4,1,2,0,2,1,1,0,,,,0,,,,,,,,,,,,,3,0,2,7,1,1,1,1,1,1,,,0,0,,1,1,1,1,1.75
Public Method,"org.apache.commons.math3.exception.util.ExceptionContext.getMessage",,,,,,,,,,,,,,9,3,1,2,0,2,1,1,0,,,,0,,,,,,,,,,,,,3,0,1,6,1,1,1,1,1,1,,,0,0,,1,1,1,1,2.00
Public Method,"org.apache.commons.math3.exception.util.ExceptionContext.getThrowable",,,,,,,,,,,,,,6,3,1,1,0,2,1,1,0,,,,0,,,,,,,,,,,,,1,0,1,3,1,1,1,1,1,1,,,0,0,,1,1,1,1,1.00
Public Method,"org.apache.commons.math3.exception.util.ExceptionContext.getValue",,,,,,,,,,,,,,9,3,1,2,0,2,1,1,0,,,,0,,,,,,,,,,,,,5,0,1,6,1,1,1,1,1,1,,,0,0,,1,1,1,1,2.00
Private Method,"org.apache.commons.math3.exception.util.ExceptionContext.nonSerializableReplacement",,,,,,,,,,,,,,10,3,1,3,0,2,1,1,0,,,,0,,,,,,,,,,,,,3,0,1,7,1,1,1,1,1,1,,,0,0,,1,1,1,1,2.33
Private Method,"org.apache.commons.math3.exception.util.ExceptionContext.readObject",,,,,,,,,,,,,,14,7,3,4,0,4,1,1,0,,,,0,,,,,,,,,,,,,1,0,3,7,1,3,1,3,1,1,,,0,0,,1,1,1,1,1.00
Private Method,"org.apache.commons.math3.exception.util.ExceptionContext.serializeContext",,,,,,,,,,,,,,24,14,9,6,0,10,3,3,1,,,,0,,,,,,,,,,,,,3,0,4,10,3,6,4,6,3,1,,,0,2,,3,3,1,3,0.71
Private Method,"org.apache.commons.math3.exception.util.ExceptionContext.serializeMessages",,,,,,,,,,,,,,31,19,13,5,1,17,4,4,1,,,,0,,,,,,,,,,,,,5,0,6,12,4,13,7,10,4,1,,,0,3,,4,4,1,4,0.63
Public Method,"org.apache.commons.math3.exception.util.ExceptionContext.setValue",,,,,,,,,,,,,,11,3,1,1,0,2,1,1,0,,,,0,,,,,,,,,,,,,9,0,1,8,1,1,1,1,1,1,,,0,0,,1,1,1,1,2.67
Private Method,"org.apache.commons.math3.exception.util.ExceptionContext.writeObject",,,,,,,,,,,,,,12,6,3,3,0,4,1,1,0,,,,0,,,,,,,,,,,,,2,0,2,6,1,3,1,3,1,1,,,0,0,,1,1,1,1,1.00
Public Interface,"org.apache.commons.math3.exception.util.ExceptionContextProvider",0,0,0,0,1,,0,,1,1,1,0,0,10,3,0,,,2,,,,0,0,0,,0,0,0,0,0,5,0,,,0,1,0,,1,2,6,,1,2,0,,,0,0,,0,0,0,0,0,0,2.00
Abstract Method,"org.apache.commons.math3.exception.util.ExceptionContextProvider.getContext",,,,,,,,,,,,,,7,1,0,1,0,1,0,0,0,,,,0,,,,,,,,,,,,,0,0,1,6,0,1,1,0,0,0,,,0,0,,0,0,0,0,6.00
Public Class,"org.apache.commons.math3.exception.util.ExceptionContextTest",1,1,2,0,3,,0,,5,5,0,0,5,102,74,47,,,59,,,,3,1,1,,1,1,15,12,1,0,0,,,0,5,0,,17,38,12,,47,34,25,,,3,3,,1,0,8,8,5,8,0.16
Private Static Class,"org.apache.commons.math3.exception.util.ExceptionContextTest.Unserializable",1,1,0,0,0,,0,,1,1,1,0,0,6,3,0,,,2,,,,1,1,1,,1,1,1,1,1,0,0,,,0,1,0,,0,2,3,,0,2,0,,,1,1,,0,0,1,1,1,1,1.00
Constructor,"org.apache.commons.math3.exception.util.ExceptionContextTest.Unserializable.Unserializable",,,,,,,,,,,,,,1,1,0,1,0,1,1,1,0,,,,0,,,,,,,,,,,,,1,0,1,0,1,0,1,0,1,1,,,0,0,,1,1,1,1,0.00
Public Method,"org.apache.commons.math3.exception.util.ExceptionContextTest.testContext",,,,,,,,,,,,,,21,13,9,10,1,14,3,3,0,,,,0,,,,,,,,,,,,,1,5,4,3,4,11,6,8,3,1,,,0,1,,3,3,1,3,0.23
Public Method,"org.apache.commons.math3.exception.util.ExceptionContextTest.testMessageChain",,,,,,,,,,,,,,13,12,10,4,0,10,1,1,0,,,,0,,,,,,,,,,,,,4,1,6,1,1,9,6,4,1,1,,,0,0,,1,1,1,1,0.08
Public Method,"org.apache.commons.math3.exception.util.ExceptionContextTest.testNoArgAddMessage",,,,,,,,,,,,,,5,5,3,4,0,4,1,1,0,,,,0,,,,,,,,,,,,,1,0,2,0,1,3,2,2,1,1,,,0,0,,1,1,1,1,0.00
Public Method,"org.apache.commons.math3.exception.util.ExceptionContextTest.testSerialize",,,,,,,,,,,,,,20,17,12,12,0,14,2,2,0,,,,0,,,,,,,,,,,,,1,3,9,0,2,11,8,6,2,1,,,0,1,,2,2,1,2,0.00
Public Method,"org.apache.commons.math3.exception.util.ExceptionContextTest.testSerializeUnserializable",,,,,,,,,,,,,,20,17,13,10,0,14,1,1,0,,,,0,,,,,,,,,,,,,1,3,9,0,1,13,9,5,1,1,,,0,0,,1,1,1,1,0.00
Public Interface,"org.apache.commons.math3.exception.util.Localizable",0,0,0,0,0,,0,,2,2,2,0,0,17,4,0,,,3,,,,0,0,2,,0,0,0,0,1,2,0,,,0,2,0,,1,3,12,,2,3,0,,,0,0,,0,0,0,0,0,0,3.00
Abstract Method,"org.apache.commons.math3.exception.util.Localizable.getLocalizedString",,,,,,,,,,,,,,8,1,0,1,0,1,0,0,0,,,,0,,,,,,,,,,,,,1,0,1,7,0,1,1,0,0,0,,,0,0,,0,0,0,0,7.00
Abstract Method,"org.apache.commons.math3.exception.util.Localizable.getSourceString",,,,,,,,,,,,,,6,1,0,1,0,1,0,0,0,,,,0,,,,,,,,,,,,,0,0,1,5,0,1,1,0,0,0,,,0,0,,0,0,0,0,5.00
Public Enum Type,"org.apache.commons.math3.exception.util.LocalizedFormats",1,1,0,2,1,,0,,5,5,0,1,4,375,332,9,,,13,,,,3,3,1,,1,1,6,3,2,0,0,,,312,5,0,,12,319,105,,8,7,6,,,3,3,,2,99,7,7,7,7,0.32
Private Constructor,"org.apache.commons.math3.exception.util.LocalizedFormats.LocalizedFormats",,,,,,,,,,,,,,7,3,1,2,0,2,1,1,0,,,,0,,,,,,,,,,,,,1,0,1,4,1,1,1,1,1,1,,,0,0,,1,1,1,1,1.33
Public Method,"org.apache.commons.math3.exception.util.LocalizedFormats.getLocalizedString",,,,,,,,,,,,,,20,12,7,9,0,7,3,3,3,,,,3,,,,,,,,,,,,,3,3,4,5,3,4,3,4,3,3,,,3,2,,3,3,3,3,0.42
Public Method,"org.apache.commons.math3.exception.util.LocalizedFormats.getSourceString",,,,,,,,,,,,,,4,3,1,1,0,2,1,1,0,,,,0,,,,,,,,,,,,,3,0,1,1,1,1,1,1,1,1,,,0,0,,1,1,1,1,0.33
Public Method,"org.apache.commons.math3.exception.util.LocalizedFormats.valueOf",,,,,,,,,,,,,,0,0,0,1,0,0,1,1,0,,,,0,,,,,,,,,,,,,1,0,0,0,0,0,0,0,1,1,,,0,0,,1,1,1,1,0.00
Public Method,"org.apache.commons.math3.exception.util.LocalizedFormats.values",,,,,,,,,,,,,,0,0,0,1,0,0,1,1,0,,,,0,,,,,,,,,,,,,5,0,0,0,0,0,0,0,1,1,,,0,0,,1,1,1,1,0.00
Public Class,"org.apache.commons.math3.exception.util.LocalizedFormatsTest",2,1,0,0,1,,0,,6,6,0,0,6,83,68,36,,,48,,,,4,1,1,,2,2,10,10,1,0,0,,,0,6,0,,9,27,6,,26,28,20,,,4,4,,3,0,16,16,6,16,0.09
Public Method,"org.apache.commons.math3.exception.util.LocalizedFormatsTest.testAllKeysPresentInPropertiesFiles",,,,,,,,,,,,,,18,17,11,14,1,14,4,4,0,,,,0,,,,,,,,,,,,,0,1,6,0,4,9,8,6,4,1,,,0,3,,4,4,1,4,0.00
Public Method,"org.apache.commons.math3.exception.util.LocalizedFormatsTest.testAllPropertiesCorrespondToKeys",,,,,,,,,,,,,,17,16,10,12,1,12,4,4,1,,,,0,,,,,,,,,,,,,0,1,5,0,4,8,6,6,4,1,,,0,3,,4,4,1,4,0.00
Public Method,"org.apache.commons.math3.exception.util.LocalizedFormatsTest.testMessageNumber",,,,,,,,,,,,,,3,3,1,2,0,2,1,1,0,,,,0,,,,,,,,,,,,,1,0,1,0,1,1,1,1,1,1,,,0,0,,1,1,1,1,0.00
Public Method,"org.apache.commons.math3.exception.util.LocalizedFormatsTest.testNoMissingFrenchTranslation",,,,,,,,,,,,,,6,6,3,6,0,5,2,2,0,,,,0,,,,,,,,,,,,,1,0,2,0,2,2,3,2,2,1,,,0,1,,2,2,1,2,0.00
Public Method,"org.apache.commons.math3.exception.util.LocalizedFormatsTest.testNoOpEnglishTranslation",,,,,,,,,,,,,,6,6,3,4,0,5,2,2,0,,,,0,,,,,,,,,,,,,1,0,2,0,2,2,3,2,2,1,,,0,1,,2,2,1,2,0.00
Public Method,"org.apache.commons.math3.exception.util.LocalizedFormatsTest.testVariablePartsConsistency",,,,,,,,,,,,,,12,12,8,6,0,9,3,3,0,,,,0,,,,,,,,,,,,,0,0,4,0,3,4,6,3,3,1,,,0,2,,3,3,1,3,0.00
Package,"org.apache.commons.math3.filter",1,1,2,7,,6,0,7,37,,7,2,28,1000,382,214,,,272,,,,9,1,,,1,1,19,10,,,0,,,16,37,0,,124,186,494,,220,163,109,,,9,14,,2,,46,52,30,46,1.29
Public Class,"org.apache.commons.math3.filter.DefaultMeasurementModel",1,1,0,4,2,,0,,4,4,0,0,4,56,20,6,,,12,,,,1,1,1,,1,1,8,4,2,0,0,,,2,4,0,,6,9,30,,7,7,5,,,1,1,,0,50,4,4,4,4,1.50
Public Constructor,"org.apache.commons.math3.filter.DefaultMeasurementModel.DefaultMeasurementModel",,,,,,,,,,,,,,12,5,2,3,0,3,1,1,0,,,,0,,,,,,,,,,,,,7,0,2,7,1,2,1,2,1,1,,,0,0,,1,1,1,1,1.40
Public Constructor,"org.apache.commons.math3.filter.DefaultMeasurementModel.DefaultMeasurementModel",,,,,,,,,,,,,,12,5,2,3,0,2,1,1,0,,,,0,,,,,,,,,,,,,2,0,2,7,1,1,1,1,1,1,,,0,0,,1,1,1,1,1.40
Public Method,"org.apache.commons.math3.filter.DefaultMeasurementModel.getMeasurementMatrix",,,,,,,,,,,,,,4,3,1,1,0,2,1,1,0,,,,0,,,,,,,,,,,,,1,0,1,1,1,1,1,1,1,1,,,0,0,,1,1,1,1,0.33
Public Method,"org.apache.commons.math3.filter.DefaultMeasurementModel.getMeasurementNoise",,,,,,,,,,,,,,4,3,1,1,0,2,1,1,0,,,,0,,,,,,,,,,,,,1,0,1,1,1,1,1,1,1,1,,,0,0,,1,1,1,1,0.33
Public Class,"org.apache.commons.math3.filter.DefaultProcessModel",1,1,0,4,4,,0,,8,8,0,0,8,115,51,18,,,26,,,,1,1,1,,1,1,9,5,2,0,0,,,5,8,0,,12,24,52,,17,14,12,,,1,1,,0,75,8,8,8,8,1.02
Public Constructor,"org.apache.commons.math3.filter.DefaultProcessModel.DefaultProcessModel",,,,,,,,,,,,,,21,11,5,6,0,6,1,1,0,,,,0,,,,,,,,,,,,,11,0,5,10,1,5,1,5,1,1,,,0,0,,1,1,1,1,0.91
Public Constructor,"org.apache.commons.math3.filter.DefaultProcessModel.DefaultProcessModel",,,,,,,,,,,,,,21,11,5,4,0,2,1,1,0,,,,0,,,,,,,,,,,,,5,0,5,10,1,1,1,1,1,1,,,0,0,,1,1,1,1,0.91
Public Constructor,"org.apache.commons.math3.filter.DefaultProcessModel.DefaultProcessModel",,,,,,,,,,,,,,16,7,3,3,0,2,1,1,0,,,,0,,,,,,,,,,,,,3,0,3,9,1,1,1,1,1,1,,,0,0,,1,1,1,1,1.29
Public Method,"org.apache.commons.math3.filter.DefaultProcessModel.getControlMatrix",,,,,,,,,,,,,,4,3,1,1,0,2,1,1,0,,,,0,,,,,,,,,,,,,1,0,1,1,1,1,1,1,1,1,,,0,0,,1,1,1,1,0.33
Public Method,"org.apache.commons.math3.filter.DefaultProcessModel.getInitialErrorCovariance",,,,,,,,,,,,,,4,3,1,1,0,2,1,1,0,,,,0,,,,,,,,,,,,,1,0,1,1,1,1,1,1,1,1,,,0,0,,1,1,1,1,0.33
Public Method,"org.apache.commons.math3.filter.DefaultProcessModel.getInitialStateEstimate",,,,,,,,,,,,,,4,3,1,1,0,2,1,1,0,,,,0,,,,,,,,,,,,,1,0,1,1,1,1,1,1,1,1,,,0,0,,1,1,1,1,0.33
Public Method,"org.apache.commons.math3.filter.DefaultProcessModel.getProcessNoise",,,,,,,,,,,,,,4,3,1,1,0,2,1,1,0,,,,0,,,,,,,,,,,,,1,0,1,1,1,1,1,1,1,1,,,0,0,,1,1,1,1,0.33
Public Method,"org.apache.commons.math3.filter.DefaultProcessModel.getStateTransitionMatrix",,,,,,,,,,,,,,4,3,1,1,0,2,1,1,0,,,,0,,,,,,,,,,,,,1,0,1,1,1,1,1,1,1,1,,,0,0,,1,1,1,1,0.33
Public Class,"org.apache.commons.math3.filter.KalmanFilter",1,1,2,9,14,,0,,12,12,0,0,12,346,133,86,,,82,,,,9,1,1,,1,2,21,10,1,0,0,,,9,12,0,,36,32,177,,58,30,52,,,9,14,,1,75,23,29,12,23,1.33
Public Constructor,"org.apache.commons.math3.filter.KalmanFilter.KalmanFilter",,,,,,,,,,,,,,109,64,53,30,2,35,9,14,3,,,,0,,,,,,,,,,,,,12,15,4,30,256,26,3,32,9,1,,,0,1,,9,14,1,9,0.47
Public Method,"org.apache.commons.math3.filter.KalmanFilter.correct",,,,,,,,,,,,,,45,17,14,17,0,12,2,2,0,,,,0,,,,,,,,,,,,,9,6,8,22,2,10,7,5,2,1,,,0,1,,2,2,1,2,1.29
Public Method,"org.apache.commons.math3.filter.KalmanFilter.correct",,,,,,,,,,,,,,12,3,1,2,0,2,1,1,0,,,,0,,,,,,,,,,,,,1,0,1,9,1,1,1,1,1,1,,,0,0,,1,1,1,1,3.00
Public Method,"org.apache.commons.math3.filter.KalmanFilter.getErrorCovariance",,,,,,,,,,,,,,8,3,1,2,0,2,1,1,0,,,,0,,,,,,,,,,,,,3,0,1,5,1,1,1,1,1,1,,,0,0,,1,1,1,1,1.67
Public Method,"org.apache.commons.math3.filter.KalmanFilter.getErrorCovarianceMatrix",,,,,,,,,,,,,,8,3,1,2,0,2,1,1,0,,,,0,,,,,,,,,,,,,1,0,1,5,1,1,1,1,1,1,,,0,0,,1,1,1,1,1.67
Public Method,"org.apache.commons.math3.filter.KalmanFilter.getMeasurementDimension",,,,,,,,,,,,,,8,3,1,2,0,2,1,1,0,,,,0,,,,,,,,,,,,,3,0,1,5,1,1,1,1,1,1,,,0,0,,1,1,1,1,1.67
Public Method,"org.apache.commons.math3.filter.KalmanFilter.getStateDimension",,,,,,,,,,,,,,8,3,1,2,0,2,1,1,0,,,,0,,,,,,,,,,,,,3,0,1,5,1,1,1,1,1,1,,,0,0,,1,1,1,1,1.67
Public Method,"org.apache.commons.math3.filter.KalmanFilter.getStateEstimation",,,,,,,,,,,,,,8,3,1,2,0,2,1,1,0,,,,0,,,,,,,,,,,,,3,0,1,5,1,1,1,1,1,1,,,0,0,,1,1,1,1,1.67
Public Method,"org.apache.commons.math3.filter.KalmanFilter.getStateEstimationVector",,,,,,,,,,,,,,8,3,1,2,0,2,1,1,0,,,,0,,,,,,,,,,,,,1,0,1,5,1,1,1,1,1,1,,,0,0,,1,1,1,1,1.67
Public Method,"org.apache.commons.math3.filter.KalmanFilter.predict",,,,,,,,,,,,,,6,3,1,1,0,2,1,1,0,,,,0,,,,,,,,,,,,,1,0,1,3,1,1,1,1,1,1,,,0,0,,1,1,1,1,1.00
Public Method,"org.apache.commons.math3.filter.KalmanFilter.predict",,,,,,,,,,,,,,30,14,10,10,1,7,3,4,0,,,,0,,,,,,,,,,,,,10,3,1,13,4,4,1,6,3,1,,,0,1,,3,4,1,3,0.93
Public Method,"org.apache.commons.math3.filter.KalmanFilter.predict",,,,,,,,,,,,,,11,3,1,2,0,2,1,1,0,,,,0,,,,,,,,,,,,,1,0,1,8,1,1,1,1,1,1,,,0,0,,1,1,1,1,2.67
Public Class,"org.apache.commons.math3.filter.KalmanFilterTest",1,1,7,8,13,,0,,6,6,0,2,4,239,130,104,,,106,,,,3,1,1,,1,1,37,20,1,0,0,,,0,6,0,,52,75,57,,94,66,40,,,3,3,,2,0,11,11,6,11,0.44
Private Method,"org.apache.commons.math3.filter.KalmanFilterTest.assertMatrixEquals",,,,,,,,,,,,,,12,12,8,1,0,10,3,3,0,,,,0,,,,,,,,,,,,,5,0,1,0,3,7,3,7,3,1,,,0,2,,3,3,1,3,0.00
Private Method,"org.apache.commons.math3.filter.KalmanFilterTest.assertVectorEquals",,,,,,,,,,,,,,8,8,5,1,0,6,2,2,0,,,,0,,,,,,,,,,,,,5,0,1,0,2,4,2,4,2,1,,,0,1,,2,2,1,2,0.00
Public Method,"org.apache.commons.math3.filter.KalmanFilterTest.testConstant",,,,,,,,,,,,,,67,36,32,23,0,33,2,2,0,,,,0,,,,,,,,,,,,,0,15,21,16,2,31,20,13,2,1,,,0,1,,2,2,1,2,0.44
Public Method,"org.apache.commons.math3.filter.KalmanFilterTest.testConstantAcceleration",,,,,,,,,,,,,,91,42,39,28,0,36,2,2,0,,,,0,,,,,,,,,,,,,0,25,27,24,2,34,24,12,2,1,,,0,1,,2,2,1,2,0.57
Public Method,"org.apache.commons.math3.filter.KalmanFilterTest.testTransitionControlMatrixMismatch",,,,,,,,,,,,,,22,13,10,6,0,10,1,1,0,,,,0,,,,,,,,,,,,,0,3,10,6,1,9,8,2,1,1,,,0,0,,1,1,1,1,0.46
Public Method,"org.apache.commons.math3.filter.KalmanFilterTest.testTransitionMeasurementMatrixMismatch",,,,,,,,,,,,,,22,13,10,6,0,10,1,1,0,,,,0,,,,,,,,,,,,,0,3,10,6,1,9,8,2,1,1,,,0,0,,1,1,1,1,0.46
Public Interface,"org.apache.commons.math3.filter.MeasurementModel",0,0,0,0,1,,0,,2,2,2,0,0,20,4,0,,,3,,,,0,0,0,,0,0,0,0,0,1,0,,,0,2,0,,1,3,15,,2,3,0,,,0,0,,0,0,0,0,0,0,3.75
Abstract Method,"org.apache.commons.math3.filter.MeasurementModel.getMeasurementMatrix",,,,,,,,,,,,,,6,1,0,1,0,1,0,0,0,,,,0,,,,,,,,,,,,,1,0,1,5,0,1,1,0,0,0,,,0,0,,0,0,0,0,5.00
Abstract Method,"org.apache.commons.math3.filter.MeasurementModel.getMeasurementNoise",,,,,,,,,,,,,,11,1,0,1,0,1,0,0,0,,,,0,,,,,,,,,,,,,2,0,1,10,0,1,1,0,0,0,,,0,0,,0,0,0,0,10.00
Public Interface,"org.apache.commons.math3.filter.ProcessModel",0,0,0,0,2,,0,,5,5,5,0,0,50,7,0,,,6,,,,0,0,0,,0,0,0,0,0,1,0,,,0,5,0,,4,6,39,,5,6,0,,,0,0,,0,0,0,0,0,0,5.57
Abstract Method,"org.apache.commons.math3.filter.ProcessModel.getControlMatrix",,,,,,,,,,,,,,6,1,0,1,0,1,0,0,0,,,,0,,,,,,,,,,,,,1,0,1,5,0,1,1,0,0,0,,,0,0,,0,0,0,0,5.00
Abstract Method,"org.apache.commons.math3.filter.ProcessModel.getInitialErrorCovariance",,,,,,,,,,,,,,10,1,0,1,0,1,0,0,0,,,,0,,,,,,,,,,,,,1,0,1,9,0,1,1,0,0,0,,,0,0,,0,0,0,0,9.00
Abstract Method,"org.apache.commons.math3.filter.ProcessModel.getInitialStateEstimate",,,,,,,,,,,,,,10,1,0,1,0,1,0,0,0,,,,0,,,,,,,,,,,,,1,0,1,9,0,1,1,0,0,0,,,0,0,,0,0,0,0,9.00
Abstract Method,"org.apache.commons.math3.filter.ProcessModel.getProcessNoise",,,,,,,,,,,,,,12,1,0,1,0,1,0,0,0,,,,0,,,,,,,,,,,,,2,0,1,11,0,1,1,0,0,0,,,0,0,,0,0,0,0,11.00
Abstract Method,"org.apache.commons.math3.filter.ProcessModel.getStateTransitionMatrix",,,,,,,,,,,,,,6,1,0,1,0,1,0,0,0,,,,0,,,,,,,,,,,,,1,0,1,5,0,1,1,0,0,0,,,0,0,,0,0,0,0,5.00
Package,"org.apache.commons.math3.fraction",1,1,0,5,,18,41,17,239,,0,11,238,5280,2850,1832,,,2114,,,,10,9,,,1,1,15,9,,,21,,,12,260,11,,631,925,1811,,1667,754,1360,,,11,11,,2,,441,459,289,437,0.64
Public Abstract Class,"org.apache.commons.math3.fraction.AbstractFormat",1,1,0,6,2,,1,,9,13,0,0,6,182,75,33,,,49,,,,4,1,2,,1,1,11,5,2,2,4,,,2,13,7,,21,29,86,,31,22,27,,,4,5,,2,84,18,19,13,18,1.15
Protected Constructor,"org.apache.commons.math3.fraction.AbstractFormat.AbstractFormat",,,,,,,,,,,,,,7,3,1,3,0,2,1,1,0,,,,0,,,,,,,,,,,,,0,0,1,4,1,1,1,1,1,1,,,0,0,,1,1,1,1,1.33
Protected Constructor,"org.apache.commons.math3.fraction.AbstractFormat.AbstractFormat",,,,,,,,,,,,,,8,3,1,3,0,2,1,1,0,,,,0,,,,,,,,,,,,,4,0,1,5,1,1,1,1,1,1,,,0,0,,1,1,1,1,1.67
Protected Constructor,"org.apache.commons.math3.fraction.AbstractFormat.AbstractFormat",,,,,,,,,,,,,,11,5,2,3,0,3,1,1,0,,,,0,,,,,,,,,,,,,5,0,2,6,1,2,1,2,1,1,,,0,0,,1,1,1,1,1.20
Public Method,"org.apache.commons.math3.fraction.AbstractFormat.format",,,,,,,,,,,,,,14,4,1,3,0,2,1,1,0,,,,0,,,,,,,,,,,,,3,0,2,10,1,1,1,1,1,1,,,0,0,,1,1,1,1,2.50
Public Method,"org.apache.commons.math3.fraction.AbstractFormat.format",,,,,,,,,,,,,,14,4,1,3,0,2,1,1,0,,,,0,,,,,,,,,,,,,3,0,2,10,1,1,1,1,1,1,,,0,0,,1,1,1,1,2.50
Protected Static Method,"org.apache.commons.math3.fraction.AbstractFormat.getDefaultNumberFormat",,,,,,,,,,,,,,9,3,1,3,0,2,1,1,0,,,,0,,,,,,,,,,,,,2,0,1,6,1,1,1,1,1,1,,,0,0,,1,1,1,1,2.00
Protected Static Method,"org.apache.commons.math3.fraction.AbstractFormat.getDefaultNumberFormat",,,,,,,,,,,,,,13,6,4,4,0,5,1,1,0,,,,0,,,,,,,,,,,,,7,0,2,7,1,4,2,3,1,1,,,0,0,,1,1,1,1,1.17
Public Method,"org.apache.commons.math3.fraction.AbstractFormat.getDenominatorFormat",,,,,,,,,,,,,,7,3,1,1,0,2,1,1,0,,,,0,,,,,,,,,,,,,9,0,1,4,1,1,1,1,1,1,,,0,0,,1,1,1,1,1.33
Public Method,"org.apache.commons.math3.fraction.AbstractFormat.getNumeratorFormat",,,,,,,,,,,,,,7,3,1,1,0,2,1,1,0,,,,0,,,,,,,,,,,,,9,0,1,4,1,1,1,1,1,1,,,0,0,,1,1,1,1,1.33
Protected Static Method,"org.apache.commons.math3.fraction.AbstractFormat.parseAndIgnoreWhitespace",,,,,,,,,,,,,,11,5,2,3,0,3,1,1,0,,,,0,,,,,,,,,,,,,6,0,2,6,1,2,1,2,1,1,,,0,0,,1,1,1,1,1.20
Protected Static Method,"org.apache.commons.math3.fraction.AbstractFormat.parseNextCharacter",,,,,,,,,,,,,,26,17,11,6,0,12,4,5,0,,,,0,,,,,,,,,,,,,7,3,6,6,3,9,5,7,4,1,,,0,2,,4,5,1,4,0.35
Public Method,"org.apache.commons.math3.fraction.AbstractFormat.setDenominatorFormat",,,,,,,,,,,,,,11,6,3,2,0,4,2,2,0,,,,0,,,,,,,,,,,,,4,0,1,5,2,2,1,3,2,1,,,0,1,,2,2,1,2,0.83
Public Method,"org.apache.commons.math3.fraction.AbstractFormat.setNumeratorFormat",,,,,,,,,,,,,,11,6,3,2,0,4,2,2,0,,,,0,,,,,,,,,,,,,4,0,1,5,2,2,1,3,2,1,,,0,1,,2,2,1,2,0.83
Public Class,"org.apache.commons.math3.fraction.BigFraction",1,1,0,10,10,,16,,53,54,0,1,53,1110,403,238,,,274,,,,8,1,2,,1,1,18,6,4,0,1,,,2,54,0,,96,126,612,,179,109,165,,,8,11,,2,93,96,102,54,96,1.52
Public Constructor,"org.apache.commons.math3.fraction.BigFraction.BigFraction",,,,,,,,,,,,,,14,3,1,3,0,2,1,1,0,,,,0,,,,,,,,,,,,,31,0,1,11,1,1,1,1,1,1,,,0,0,,1,1,1,1,3.67
Public Constructor,"org.apache.commons.math3.fraction.BigFraction.BigFraction",,,,,,,,,,,,,,14,3,1,3,0,2,1,1,0,,,,0,,,,,,,,,,,,,3,0,1,11,1,1,1,1,1,1,,,0,0,,1,1,1,1,3.67
Public Constructor,"org.apache.commons.math3.fraction.BigFraction.BigFraction",,,,,,,,,,,,,,12,3,1,3,0,2,1,1,0,,,,0,,,,,,,,,,,,,7,0,1,9,1,1,1,1,1,1,,,0,0,,1,1,1,1,3.00
Public Constructor,"org.apache.commons.math3.fraction.BigFraction.BigFraction",,,,,,,,,,,,,,11,3,1,3,0,2,1,1,0,,,,0,,,,,,,,,,,,,3,0,1,8,1,1,1,1,1,1,,,0,0,,1,1,1,1,2.67
Public Constructor,"org.apache.commons.math3.fraction.BigFraction.BigFraction",,,,,,,,,,,,,,12,3,1,2,0,2,1,1,0,,,,0,,,,,,,,,,,,,6,0,1,9,1,1,1,1,1,1,,,0,0,,1,1,1,1,3.00
Public Constructor,"org.apache.commons.math3.fraction.BigFraction.BigFraction",,,,,,,,,,,,,,26,5,1,2,0,2,1,1,0,,,,0,,,,,,,,,,,,,8,0,3,21,1,1,1,1,1,1,,,0,0,,1,1,1,1,4.20
Public Constructor,"org.apache.commons.math3.fraction.BigFraction.BigFraction",,,,,,,,,,,,,,56,30,22,10,2,22,7,8,1,,,,0,,,,,,,,,,,,,7,3,6,23,64,15,6,16,7,1,,,0,1,,7,8,1,7,0.77
Public Constructor,"org.apache.commons.math3.fraction.BigFraction.BigFraction",,,,,,,,,,,,,,21,4,1,2,0,2,1,1,0,,,,0,,,,,,,,,,,,,4,0,2,17,1,1,1,1,1,1,,,0,0,,1,1,1,1,4.25
Public Constructor,"org.apache.commons.math3.fraction.BigFraction.BigFraction",,,,,,,,,,,,,,39,23,17,10,1,17,5,5,1,,,,0,,,,,,,,,,,,,14,4,2,12,10,12,2,15,5,1,,,0,2,,5,5,1,5,0.52
Private Constructor,"org.apache.commons.math3.fraction.BigFraction.BigFraction",,,,,,,,,,,,,,99,56,46,8,2,42,8,11,3,,,,0,,,,,,,,,,,,,7,7,17,36,34,35,15,27,8,1,,,0,2,,8,11,1,8,0.64
Public Method,"org.apache.commons.math3.fraction.BigFraction.abs",,,,,,,,,,,,,,10,3,1,3,0,2,2,2,0,,,,0,,,,,,,,,,,,,2,0,1,7,1,1,1,1,2,1,,,0,0,,2,2,1,2,2.33
Public Method,"org.apache.commons.math3.fraction.BigFraction.add",,,,,,,,,,,,,,32,18,13,7,1,13,4,4,2,,,,0,,,,,,,,,,,,,8,3,3,11,6,9,3,10,4,1,,,0,1,,4,4,1,4,0.61
Public Method,"org.apache.commons.math3.fraction.BigFraction.add",,,,,,,,,,,,,,13,3,1,3,0,2,1,1,0,,,,0,,,,,,,,,,,,,2,0,1,10,1,1,1,1,1,1,,,0,0,,1,1,1,1,3.33
Public Method,"org.apache.commons.math3.fraction.BigFraction.add",,,,,,,,,,,,,,13,3,1,3,0,2,1,1,0,,,,0,,,,,,,,,,,,,2,0,1,10,1,1,1,1,1,1,,,0,0,,1,1,1,1,3.33
Public Method,"org.apache.commons.math3.fraction.BigFraction.add",,,,,,,,,,,,,,16,4,2,4,0,3,1,1,0,,,,0,,,,,,,,,,,,,3,0,1,12,1,2,1,2,1,1,,,0,0,,1,1,1,1,3.00
Public Method,"org.apache.commons.math3.fraction.BigFraction.bigDecimalValue",,,,,,,,,,,,,,15,3,1,2,0,2,1,1,0,,,,0,,,,,,,,,,,,,3,0,1,12,1,1,1,1,1,1,,,0,0,,1,1,1,1,4.00
Public Method,"org.apache.commons.math3.fraction.BigFraction.bigDecimalValue",,,,,,,,,,,,,,18,3,1,2,0,2,1,1,0,,,,0,,,,,,,,,,,,,4,0,1,15,1,1,1,1,1,1,,,0,0,,1,1,1,1,5.00
Public Method,"org.apache.commons.math3.fraction.BigFraction.bigDecimalValue",,,,,,,,,,,,,,18,3,1,2,0,2,1,1,0,,,,0,,,,,,,,,,,,,7,0,1,15,1,1,1,1,1,1,,,0,0,,1,1,1,1,5.00
Public Method,"org.apache.commons.math3.fraction.BigFraction.compareTo",,,,,,,,,,,,,,16,5,3,3,0,4,1,1,0,,,,0,,,,,,,,,,,,,5,0,3,11,1,3,3,1,1,1,,,0,0,,1,1,1,1,2.20
Public Method,"org.apache.commons.math3.fraction.BigFraction.divide",,,,,,,,,,,,,,21,9,5,6,1,6,3,3,0,,,,0,,,,,,,,,,,,,5,1,1,11,4,3,1,5,3,1,,,0,1,,3,3,1,3,1.22
Public Method,"org.apache.commons.math3.fraction.BigFraction.divide",,,,,,,,,,,,,,13,3,1,3,0,2,1,1,0,,,,0,,,,,,,,,,,,,2,0,1,10,1,1,1,1,1,1,,,0,0,,1,1,1,1,3.33
Public Method,"org.apache.commons.math3.fraction.BigFraction.divide",,,,,,,,,,,,,,20,9,5,5,1,6,3,3,0,,,,0,,,,,,,,,,,,,5,0,1,11,4,3,1,5,3,1,,,0,1,,3,3,1,3,1.22
Public Method,"org.apache.commons.math3.fraction.BigFraction.divide",,,,,,,,,,,,,,13,3,1,3,0,2,1,1,0,,,,0,,,,,,,,,,,,,3,0,1,10,1,1,1,1,1,1,,,0,0,,1,1,1,1,3.33
Public Method,"org.apache.commons.math3.fraction.BigFraction.doubleValue",,,,,,,,,,,,,,21,10,7,7,0,6,2,2,0,,,,0,,,,,,,,,,,,,11,0,4,11,2,4,3,3,2,1,,,0,1,,2,2,1,2,1.10
Public Method,"org.apache.commons.math3.fraction.BigFraction.equals",,,,,,,,,,,,,,28,11,8,3,0,9,3,4,1,,,,0,,,,,,,,,,,,,7,2,4,15,3,6,4,5,3,1,,,0,1,,3,4,1,3,1.36
Public Method,"org.apache.commons.math3.fraction.BigFraction.floatValue",,,,,,,,,,,,,,21,10,7,7,0,6,2,2,0,,,,0,,,,,,,,,,,,,4,0,4,11,2,4,3,3,2,1,,,0,1,,2,2,1,2,1.10
Public Method,"org.apache.commons.math3.fraction.BigFraction.getDenominator",,,,,,,,,,,,,,10,3,1,1,0,2,1,1,0,,,,0,,,,,,,,,,,,,6,0,1,7,1,1,1,1,1,1,,,0,0,,1,1,1,1,2.33
Public Method,"org.apache.commons.math3.fraction.BigFraction.getDenominatorAsInt",,,,,,,,,,,,,,10,3,1,2,0,2,1,1,0,,,,0,,,,,,,,,,,,,11,0,1,7,1,1,1,1,1,1,,,0,0,,1,1,1,1,2.33
Public Method,"org.apache.commons.math3.fraction.BigFraction.getDenominatorAsLong",,,,,,,,,,,,,,10,3,1,2,0,2,1,1,0,,,,0,,,,,,,,,,,,,3,0,1,7,1,1,1,1,1,1,,,0,0,,1,1,1,1,2.33
Public Method,"org.apache.commons.math3.fraction.BigFraction.getField",,,,,,,,,,,,,,4,3,1,2,0,2,1,1,0,,,,0,,,,,,,,,,,,,0,0,1,1,1,1,1,1,1,1,,,0,0,,1,1,1,1,0.33
Public Method,"org.apache.commons.math3.fraction.BigFraction.getNumerator",,,,,,,,,,,,,,10,3,1,1,0,2,1,1,0,,,,0,,,,,,,,,,,,,6,0,1,7,1,1,1,1,1,1,,,0,0,,1,1,1,1,2.33
Public Method,"org.apache.commons.math3.fraction.BigFraction.getNumeratorAsInt",,,,,,,,,,,,,,10,3,1,2,0,2,1,1,0,,,,0,,,,,,,,,,,,,12,0,1,7,1,1,1,1,1,1,,,0,0,,1,1,1,1,2.33
Public Method,"org.apache.commons.math3.fraction.BigFraction.getNumeratorAsLong",,,,,,,,,,,,,,10,3,1,2,0,2,1,1,0,,,,0,,,,,,,,,,,,,3,0,1,7,1,1,1,1,1,1,,,0,0,,1,1,1,1,2.33
Public Static Method,"org.apache.commons.math3.fraction.BigFraction.getReducedFraction",,,,,,,,,,,,,,27,7,3,2,0,4,2,2,1,,,,0,,,,,,,,,,,,,4,1,2,20,2,2,1,3,2,1,,,0,1,,2,2,1,2,2.86
Public Method,"org.apache.commons.math3.fraction.BigFraction.hashCode",,,,,,,,,,,,,,11,3,1,2,0,2,1,1,0,,,,0,,,,,,,,,,,,,3,0,1,8,1,1,1,1,1,1,,,0,0,,1,1,1,1,2.67
Public Method,"org.apache.commons.math3.fraction.BigFraction.intValue",,,,,,,,,,,,,,12,3,1,3,0,2,1,1,0,,,,0,,,,,,,,,,,,,3,0,1,9,1,1,1,1,1,1,,,0,0,,1,1,1,1,3.00
Public Method,"org.apache.commons.math3.fraction.BigFraction.longValue",,,,,,,,,,,,,,12,3,1,3,0,2,1,1,0,,,,0,,,,,,,,,,,,,3,0,1,9,1,1,1,1,1,1,,,0,0,,1,1,1,1,3.00
Public Method,"org.apache.commons.math3.fraction.BigFraction.multiply",,,,,,,,,,,,,,21,11,7,4,1,6,3,4,1,,,,0,,,,,,,,,,,,,10,0,1,10,4,3,1,5,3,1,,,0,1,,3,4,1,3,0.91
Public Method,"org.apache.commons.math3.fraction.BigFraction.multiply",,,,,,,,,,,,,,13,3,1,3,0,2,1,1,0,,,,0,,,,,,,,,,,,,2,0,1,10,1,1,1,1,1,1,,,0,0,,1,1,1,1,3.33
Public Method,"org.apache.commons.math3.fraction.BigFraction.multiply",,,,,,,,,,,,,,16,6,3,3,0,4,2,2,0,,,,0,,,,,,,,,,,,,4,0,1,10,2,2,1,3,2,1,,,0,1,,2,2,1,2,1.67
Public Method,"org.apache.commons.math3.fraction.BigFraction.multiply",,,,,,,,,,,,,,13,3,1,3,0,2,1,1,0,,,,0,,,,,,,,,,,,,3,0,1,10,1,1,1,1,1,1,,,0,0,,1,1,1,1,3.33
Public Method,"org.apache.commons.math3.fraction.BigFraction.negate",,,,,,,,,,,,,,11,3,1,2,0,2,1,1,0,,,,0,,,,,,,,,,,,,5,0,1,8,1,1,1,1,1,1,,,0,0,,1,1,1,1,2.67
Public Method,"org.apache.commons.math3.fraction.BigFraction.percentageValue",,,,,,,,,,,,,,11,3,1,3,0,2,1,1,0,,,,0,,,,,,,,,,,,,2,0,1,8,1,1,1,1,1,1,,,0,0,,1,1,1,1,2.67
Public Method,"org.apache.commons.math3.fraction.BigFraction.pow",,,,,,,,,,,,,,17,6,3,2,0,4,2,2,1,,,,0,,,,,,,,,,,,,5,0,1,11,2,2,1,3,2,1,,,0,1,,2,2,1,2,1.83
Public Method,"org.apache.commons.math3.fraction.BigFraction.pow",,,,,,,,,,,,,,18,8,5,3,0,4,2,2,1,,,,0,,,,,,,,,,,,,4,0,1,10,2,2,1,3,2,1,,,0,1,,2,2,1,2,1.25
Public Method,"org.apache.commons.math3.fraction.BigFraction.pow",,,,,,,,,,,,,,19,9,6,5,0,5,2,2,1,,,,0,,,,,,,,,,,,,4,0,2,10,2,3,2,3,2,1,,,0,1,,2,2,1,2,1.11
Public Method,"org.apache.commons.math3.fraction.BigFraction.pow",,,,,,,,,,,,,,14,4,2,3,0,2,1,1,0,,,,0,,,,,,,,,,,,,3,0,1,10,1,1,1,1,1,1,,,0,0,,1,1,1,1,2.50
Public Method,"org.apache.commons.math3.fraction.BigFraction.reciprocal",,,,,,,,,,,,,,10,3,1,2,0,2,1,1,0,,,,0,,,,,,,,,,,,,5,0,1,7,1,1,1,1,1,1,,,0,0,,1,1,1,1,2.33
Public Method,"org.apache.commons.math3.fraction.BigFraction.reduce",,,,,,,,,,,,,,12,4,2,3,0,3,1,1,0,,,,0,,,,,,,,,,,,,3,0,2,8,1,2,2,1,1,1,,,0,0,,1,1,1,1,2.00
Public Method,"org.apache.commons.math3.fraction.BigFraction.subtract",,,,,,,,,,,,,,30,18,13,7,1,13,4,4,2,,,,0,,,,,,,,,,,,,8,2,3,10,6,9,3,10,4,1,,,0,1,,4,4,1,4,0.56
Public Method,"org.apache.commons.math3.fraction.BigFraction.subtract",,,,,,,,,,,,,,16,6,3,4,0,4,2,2,0,,,,0,,,,,,,,,,,,,3,0,1,10,2,2,1,3,2,1,,,0,1,,2,2,1,2,1.67
Public Method,"org.apache.commons.math3.fraction.BigFraction.subtract",,,,,,,,,,,,,,12,3,1,3,0,2,1,1,0,,,,0,,,,,,,,,,,,,2,0,1,9,1,1,1,1,1,1,,,0,0,,1,1,1,1,3.00
Public Method,"org.apache.commons.math3.fraction.BigFraction.subtract",,,,,,,,,,,,,,12,3,1,3,0,2,1,1,0,,,,0,,,,,,,,,,,,,1,0,1,9,1,1,1,1,1,1,,,0,0,,1,1,1,1,3.00
Public Method,"org.apache.commons.math3.fraction.BigFraction.toString",,,,,,,,,,,,,,20,11,8,3,0,8,3,3,2,,,,0,,,,,,,,,,,,,2,0,2,9,3,5,2,6,3,1,,,0,1,,3,3,1,3,0.82
Public Class,"org.apache.commons.math3.fraction.BigFractionField",1,1,0,2,2,,1,,5,6,0,2,4,59,23,7,,,15,,,,1,1,1,,1,1,4,2,3,0,1,,,0,6,0,,8,10,28,,7,10,5,,,1,1,,0,100,6,6,6,6,1.22
Private Constructor,"org.apache.commons.math3.fraction.BigFractionField.BigFractionField",,,,,,,,,,,,,,4,2,0,1,0,1,1,1,0,,,,0,,,,,,,,,,,,,0,0,1,2,1,0,1,0,1,1,,,0,0,,1,1,1,1,1.00
Private Static Class,"org.apache.commons.math3.fraction.BigFractionField.LazyHolder",0,0,0,0,1,,1,,0,0,0,0,0,7,3,1,,,2,,,,0,0,1,,0,0,0,0,1,0,0,,,0,0,0,,0,2,4,,1,2,0,,,0,0,,0,0,0,0,0,0,1.33
Public Static Method,"org.apache.commons.math3.fraction.BigFractionField.getInstance",,,,,,,,,,,,,,6,3,1,1,0,2,1,1,0,,,,0,,,,,,,,,,,,,6,0,1,3,1,1,1,1,1,1,,,0,0,,1,1,1,1,1.00
Public Method,"org.apache.commons.math3.fraction.BigFractionField.getOne",,,,,,,,,,,,,,4,3,1,1,0,2,1,1,0,,,,0,,,,,,,,,,,,,2,0,1,1,1,1,1,1,1,1,,,0,0,,1,1,1,1,0.33
Public Method,"org.apache.commons.math3.fraction.BigFractionField.getRuntimeClass",,,,,,,,,,,,,,4,3,1,1,0,2,1,1,0,,,,0,,,,,,,,,,,,,1,0,1,1,1,1,1,1,1,1,,,0,0,,1,1,1,1,0.33
Public Method,"org.apache.commons.math3.fraction.BigFractionField.getZero",,,,,,,,,,,,,,4,3,1,1,0,2,1,1,0,,,,0,,,,,,,,,,,,,2,0,1,1,1,1,1,1,1,1,,,0,0,,1,1,1,1,0.33
Private Method,"org.apache.commons.math3.fraction.BigFractionField.readResolve",,,,,,,,,,,,,,7,3,1,1,0,2,1,1,0,,,,0,,,,,,,,,,,,,1,0,1,4,1,1,1,1,1,1,,,0,0,,1,1,1,1,1.33
Public Class,"org.apache.commons.math3.fraction.BigFractionFieldTest",1,1,0,0,3,,0,,3,3,0,0,3,20,15,4,,,8,,,,1,1,1,,1,1,3,3,1,0,0,,,0,3,0,,4,8,1,,4,5,3,,,1,1,,0,0,3,3,3,3,0.07
Public Method,"org.apache.commons.math3.fraction.BigFractionFieldTest.testOne",,,,,,,,,,,,,,3,3,1,3,0,2,1,1,0,,,,0,,,,,,,,,,,,,1,0,1,0,1,1,1,1,1,1,,,0,0,,1,1,1,1,0.00
Public Method,"org.apache.commons.math3.fraction.BigFractionFieldTest.testSerial",,,,,,,,,,,,,,5,4,2,3,0,3,1,1,0,,,,0,,,,,,,,,,,,,0,0,2,1,1,2,2,1,1,1,,,0,0,,1,1,1,1,0.25
Public Method,"org.apache.commons.math3.fraction.BigFractionFieldTest.testZero",,,,,,,,,,,,,,3,3,1,3,0,2,1,1,0,,,,0,,,,,,,,,,,,,1,0,1,0,1,1,1,1,1,1,,,0,0,,1,1,1,1,0.00
Public Class,"org.apache.commons.math3.fraction.BigFractionFormat",1,1,1,7,5,,1,,8,27,0,0,13,258,110,65,,,74,,,,4,5,3,,1,1,16,7,2,1,6,,,0,14,1,,30,34,118,,50,27,47,,,5,5,,1,100,25,26,18,24,1.07
Public Constructor,"org.apache.commons.math3.fraction.BigFractionFormat.BigFractionFormat",,,,,,,,,,,,,,10,4,1,2,0,2,1,1,0,,,,0,,,,,,,,,,,,,3,0,2,6,1,1,1,1,1,1,,,0,0,,1,1,1,1,1.50
Public Constructor,"org.apache.commons.math3.fraction.BigFractionFormat.BigFractionFormat",,,,,,,,,,,,,,6,2,0,1,0,1,1,1,0,,,,0,,,,,,,,,,,,,0,0,1,4,1,0,1,0,1,1,,,0,0,,1,1,1,1,2.00
Public Constructor,"org.apache.commons.math3.fraction.BigFractionFormat.BigFractionFormat",,,,,,,,,,,,,,8,3,1,2,0,2,1,1,0,,,,0,,,,,,,,,,,,,2,0,1,5,1,1,1,1,1,1,,,0,0,,1,1,1,1,1.67
Public Method,"org.apache.commons.math3.fraction.BigFractionFormat.format",,,,,,,,,,,,,,22,9,6,9,0,7,1,1,0,,,,0,,,,,,,,,,,,,4,3,2,10,1,6,1,6,1,1,,,0,0,,1,1,1,1,1.11
Public Method,"org.apache.commons.math3.fraction.BigFractionFormat.format",,,,,,,,,,,,,,31,15,10,5,1,10,4,4,3,,,,0,,,,,,,,,,,,,4,2,3,14,4,6,2,8,4,1,,,0,1,,4,4,1,4,0.93
Public Static Method,"org.apache.commons.math3.fraction.BigFractionFormat.formatBigFraction",,,,,,,,,,,,,,10,3,1,3,0,2,1,1,0,,,,0,,,,,,,,,,,,,1,0,1,7,1,1,1,1,1,1,,,0,0,,1,1,1,1,2.33
Public Static Method,"org.apache.commons.math3.fraction.BigFractionFormat.getAvailableLocales",,,,,,,,,,,,,,8,3,1,2,0,2,1,1,0,,,,0,,,,,,,,,,,,,0,0,1,5,1,1,1,1,1,1,,,0,0,,1,1,1,1,1.67
Public Static Method,"org.apache.commons.math3.fraction.BigFractionFormat.getImproperInstance",,,,,,,,,,,,,,7,3,1,3,0,2,1,1,0,,,,0,,,,,,,,,,,,,1,0,1,4,1,1,1,1,1,1,,,0,0,,1,1,1,1,1.33
Public Static Method,"org.apache.commons.math3.fraction.BigFractionFormat.getImproperInstance",,,,,,,,,,,,,,8,3,1,3,0,2,1,1,0,,,,0,,,,,,,,,,,,,3,0,1,5,1,1,1,1,1,1,,,0,0,,1,1,1,1,1.67
Public Static Method,"org.apache.commons.math3.fraction.BigFractionFormat.getProperInstance",,,,,,,,,,,,,,7,3,1,3,0,2,1,1,0,,,,0,,,,,,,,,,,,,0,0,1,4,1,1,1,1,1,1,,,0,0,,1,1,1,1,1.33
Public Static Method,"org.apache.commons.math3.fraction.BigFractionFormat.getProperInstance",,,,,,,,,,,,,,8,3,1,3,0,2,1,1,0,,,,0,,,,,,,,,,,,,3,0,1,5,1,1,1,1,1,1,,,0,0,,1,1,1,1,1.67
Public Method,"org.apache.commons.math3.fraction.BigFractionFormat.parse",,,,,,,,,,,,,,58,28,23,9,1,21,5,5,6,,,,6,,,,,,,,,,,,,4,6,6,24,5,17,6,15,4,5,,,6,1,,5,5,5,4,0.86
Public Method,"org.apache.commons.math3.fraction.BigFractionFormat.parse",,,,,,,,,,,,,,15,8,5,5,0,6,2,2,0,,,,0,,,,,,,,,,,,,11,0,3,7,2,4,3,3,2,1,,,0,1,,2,2,1,2,0.88
Protected Method,"org.apache.commons.math3.fraction.BigFractionFormat.parseNextBigInteger",,,,,,,,,,,,,,27,17,12,8,1,11,4,5,1,,,,0,,,,,,,,,,,,,4,3,5,7,4,8,4,7,4,1,,,0,1,,4,5,1,4,0.41
Public Class,"org.apache.commons.math3.fraction.BigFractionFormatTest",1,1,1,0,6,,0,,21,21,0,0,20,301,249,162,,,171,,,,3,1,1,,1,1,12,10,1,0,0,,,2,21,1,,44,86,8,,141,63,108,,,3,3,,1,14,29,29,21,29,0.03
Protected Method,"org.apache.commons.math3.fraction.BigFractionFormatTest.getLocale",,,,,,,,,,,,,,3,3,1,2,0,2,1,1,0,,,,0,,,,,,,,,,,,,1,0,1,0,1,1,1,1,1,1,,,0,0,,1,1,1,1,0.00
Public Method,"org.apache.commons.math3.fraction.BigFractionFormatTest.setUp",,,,,,,,,,,,,,4,4,2,5,0,3,1,1,0,,,,0,,,,,,,,,,,,,0,0,1,0,1,2,1,2,1,1,,,0,0,,1,1,1,1,0.00
Public Method,"org.apache.commons.math3.fraction.BigFractionFormatTest.testDenominatorFormat",,,,,,,,,,,,,,15,14,12,5,0,13,1,1,0,,,,0,,,,,,,,,,,,,2,1,3,0,1,12,3,10,1,1,,,0,0,,1,1,1,1,0.00
Public Method,"org.apache.commons.math3.fraction.BigFractionFormatTest.testDoubleFormat",,,,,,,,,,,,,,3,3,1,2,0,2,1,1,0,,,,0,,,,,,,,,,,,,1,0,1,0,1,1,1,1,1,1,,,0,0,,1,1,1,1,0.00
Public Method,"org.apache.commons.math3.fraction.BigFractionFormatTest.testFormat",,,,,,,,,,,,,,10,8,6,3,0,7,1,1,0,,,,0,,,,,,,,,,,,,2,2,4,0,1,6,4,3,1,1,,,0,0,,1,1,1,1,0.00
Public Method,"org.apache.commons.math3.fraction.BigFractionFormatTest.testFormatImproper",,,,,,,,,,,,,,9,7,5,3,0,6,1,1,0,,,,0,,,,,,,,,,,,,2,2,3,0,1,5,3,3,1,1,,,0,0,,1,1,1,1,0.00
Public Method,"org.apache.commons.math3.fraction.BigFractionFormatTest.testFormatImproperNegative",,,,,,,,,,,,,,9,7,5,3,0,6,1,1,0,,,,0,,,,,,,,,,,,,2,2,3,0,1,5,3,3,1,1,,,0,0,,1,1,1,1,0.00
Public Method,"org.apache.commons.math3.fraction.BigFractionFormatTest.testFormatNegative",,,,,,,,,,,,,,10,8,6,3,0,7,1,1,0,,,,0,,,,,,,,,,,,,2,2,4,0,1,6,4,3,1,1,,,0,0,,1,1,1,1,0.00
Public Method,"org.apache.commons.math3.fraction.BigFractionFormatTest.testFormatZero",,,,,,,,,,,,,,10,8,6,3,0,7,1,1,0,,,,0,,,,,,,,,,,,,2,2,4,0,1,6,4,3,1,1,,,0,0,,1,1,1,1,0.00
Public Method,"org.apache.commons.math3.fraction.BigFractionFormatTest.testLongFormat",,,,,,,,,,,,,,3,3,1,2,0,2,1,1,0,,,,0,,,,,,,,,,,,,1,0,1,0,1,1,1,1,1,1,,,0,0,,1,1,1,1,0.00
Public Method,"org.apache.commons.math3.fraction.BigFractionFormatTest.testNumeratorFormat",,,,,,,,,,,,,,15,14,12,5,0,13,1,1,0,,,,0,,,,,,,,,,,,,2,1,3,0,1,12,3,10,1,1,,,0,0,,1,1,1,1,0.00
Public Method,"org.apache.commons.math3.fraction.BigFractionFormatTest.testParse",,,,,,,,,,,,,,15,13,9,6,0,10,1,1,0,,,,0,,,,,,,,,,,,,3,2,3,0,1,9,3,7,1,1,,,0,0,,1,1,1,1,0.00
Public Method,"org.apache.commons.math3.fraction.BigFractionFormatTest.testParseBig",,,,,,,,,,,,,,17,17,12,4,0,8,1,1,0,,,,0,,,,,,,,,,,,,4,0,7,0,1,7,4,4,1,1,,,0,0,,1,1,1,1,0.00
Public Method,"org.apache.commons.math3.fraction.BigFractionFormatTest.testParseInteger",,,,,,,,,,,,,,15,15,9,5,0,10,1,1,0,,,,0,,,,,,,,,,,,,4,0,4,0,1,9,4,6,1,1,,,0,0,,1,1,1,1,0.00
Public Method,"org.apache.commons.math3.fraction.BigFractionFormatTest.testParseInvalid",,,,,,,,,,,,,,16,14,10,2,1,9,3,3,2,,,,0,,,,,,,,,,,,,2,0,3,2,4,6,3,6,3,1,,,0,1,,3,3,1,3,0.14
Public Method,"org.apache.commons.math3.fraction.BigFractionFormatTest.testParseInvalidDenominator",,,,,,,,,,,,,,16,14,10,2,1,9,3,3,2,,,,0,,,,,,,,,,,,,2,0,3,2,4,6,3,6,3,1,,,0,1,,3,3,1,3,0.14
Public Method,"org.apache.commons.math3.fraction.BigFractionFormatTest.testParseNegative",,,,,,,,,,,,,,26,22,18,5,0,19,1,1,0,,,,0,,,,,,,,,,,,,2,4,3,0,1,18,3,16,1,1,,,0,0,,1,1,1,1,0.00
Public Method,"org.apache.commons.math3.fraction.BigFractionFormatTest.testParseProper",,,,,,,,,,,,,,17,14,9,6,0,9,2,2,1,,,,0,,,,,,,,,,,,,2,2,3,1,2,7,3,6,2,1,,,0,1,,2,2,1,2,0.07
Public Method,"org.apache.commons.math3.fraction.BigFractionFormatTest.testParseProperInvalidMinus",,,,,,,,,,,,,,16,14,10,2,1,9,3,3,2,,,,0,,,,,,,,,,,,,1,0,2,2,4,6,2,7,3,1,,,0,1,,3,3,1,3,0.14
Public Method,"org.apache.commons.math3.fraction.BigFractionFormatTest.testParseProperNegative",,,,,,,,,,,,,,16,14,9,6,0,9,2,2,1,,,,0,,,,,,,,,,,,,2,1,3,1,2,7,3,6,2,1,,,0,1,,2,2,1,2,0.07
Public Method,"org.apache.commons.math3.fraction.BigFractionFormatTest.testWholeFormat",,,,,,,,,,,,,,10,9,7,5,0,8,1,1,0,,,,0,,,,,,,,,,,,,1,1,4,0,1,7,4,4,1,1,,,0,0,,1,1,1,1,0.00
Public Class,"org.apache.commons.math3.fraction.BigFractionTest",1,1,2,0,8,,0,,29,29,0,2,27,594,485,382,,,397,,,,5,1,1,,1,1,18,15,1,0,0,,,0,29,0,,89,119,20,,351,88,309,,,5,5,,2,0,43,44,29,43,0.04
Private Method,"org.apache.commons.math3.fraction.BigFractionTest.assertFraction",,,,,,,,,,,,,,4,4,2,3,0,3,1,1,0,,,,0,,,,,,,,,,,,,13,0,1,0,1,2,1,2,1,1,,,0,0,,1,1,1,1,0.00
Private Method,"org.apache.commons.math3.fraction.BigFractionTest.assertFraction",,,,,,,,,,,,,,4,4,2,3,0,3,1,1,0,,,,0,,,,,,,,,,,,,5,0,1,0,1,2,1,2,1,1,,,0,0,,1,1,1,1,0.00
Public Method,"org.apache.commons.math3.fraction.BigFractionTest.testAbs",,,,,,,,,,,,,,9,8,6,3,0,7,1,1,0,,,,0,,,,,,,,,,,,,0,1,4,0,1,6,4,3,1,1,,,0,0,,1,1,1,1,0.00
Public Method,"org.apache.commons.math3.fraction.BigFractionTest.testAdd",,,,,,,,,,,,,,69,54,51,10,0,51,2,2,1,,,,0,,,,,,,,,,,,,3,13,6,2,2,49,6,45,2,1,,,0,1,,2,2,1,2,0.04
Public Method,"org.apache.commons.math3.fraction.BigFractionTest.testBigDecimalValue",,,,,,,,,,,,,,6,6,4,5,0,5,1,1,0,,,,0,,,,,,,,,,,,,1,0,1,0,1,4,1,4,1,1,,,0,0,,1,1,1,1,0.00
Public Method,"org.apache.commons.math3.fraction.BigFractionTest.testCompareTo",,,,,,,,,,,,,,20,14,12,4,0,13,1,1,0,,,,0,,,,,,,,,,,,,0,3,6,3,1,12,6,7,1,1,,,0,0,,1,1,1,1,0.21
Public Method,"org.apache.commons.math3.fraction.BigFractionTest.testConstructor",,,,,,,,,,,,,,48,42,36,12,1,33,5,5,4,,,,0,,,,,,,,,,,,,2,2,1,4,16,28,1,32,5,1,,,0,1,,5,5,1,5,0.10
Public Method,"org.apache.commons.math3.fraction.BigFractionTest.testConstructorDouble",,,,,,,,,,,,,,21,20,16,8,0,17,3,3,1,,,,0,,,,,,,,,,,,,0,0,1,1,3,13,2,15,3,1,,,0,2,,3,3,1,3,0.05
Public Method,"org.apache.commons.math3.fraction.BigFractionTest.testDigitLimitConstructor",,,,,,,,,,,,,,10,9,7,2,0,8,1,1,0,,,,0,,,,,,,,,,,,,0,1,1,0,1,7,1,7,1,1,,,0,0,,1,1,1,1,0.00
Public Method,"org.apache.commons.math3.fraction.BigFractionTest.testDivide",,,,,,,,,,,,,,61,50,46,11,1,45,3,3,2,,,,0,,,,,,,,,,,,,2,11,6,0,4,42,6,39,3,1,,,0,1,,3,3,1,3,0.00
Public Method,"org.apache.commons.math3.fraction.BigFractionTest.testDoubleConstructor",,,,,,,,,,,,,,43,43,41,2,0,42,1,1,0,,,,0,,,,,,,,,,,,,0,0,1,0,1,41,1,41,1,1,,,0,0,,1,1,1,1,0.00
Public Method,"org.apache.commons.math3.fraction.BigFractionTest.testDoubleValue",,,,,,,,,,,,,,7,6,4,3,0,5,1,1,0,,,,0,,,,,,,,,,,,,0,1,3,0,1,4,3,2,1,1,,,0,0,,1,1,1,1,0.00
Public Method,"org.apache.commons.math3.fraction.BigFractionTest.testDoubleValueForLargeNumeratorAndDenominator",,,,,,,,,,,,,,9,8,6,5,0,6,1,1,0,,,,0,,,,,,,,,,,,,1,1,6,0,1,5,5,1,1,1,,,0,0,,1,1,1,1,0.00
Public Method,"org.apache.commons.math3.fraction.BigFractionTest.testEpsilonLimitConstructor",,,,,,,,,,,,,,10,9,7,2,0,8,1,1,0,,,,0,,,,,,,,,,,,,0,1,1,0,1,7,1,7,1,1,,,0,0,,1,1,1,1,0.00
Public Method,"org.apache.commons.math3.fraction.BigFractionTest.testEqualsAndHashCode",,,,,,,,,,,,,,13,13,11,7,0,12,1,2,0,,,,0,,,,,,,,,,,,,1,0,5,0,1,11,5,7,1,1,,,0,0,,1,2,1,1,0.00
Public Method,"org.apache.commons.math3.fraction.BigFractionTest.testFloatValue",,,,,,,,,,,,,,7,6,4,3,0,5,1,1,0,,,,0,,,,,,,,,,,,,0,1,3,0,1,4,3,2,1,1,,,0,0,,1,1,1,1,0.00
Public Method,"org.apache.commons.math3.fraction.BigFractionTest.testFloatValueForLargeNumeratorAndDenominator",,,,,,,,,,,,,,9,8,6,5,0,6,1,1,0,,,,0,,,,,,,,,,,,,1,1,6,0,1,5,5,1,1,1,,,0,0,,1,1,1,1,0.00
Public Method,"org.apache.commons.math3.fraction.BigFractionTest.testGetReducedFraction",,,,,,,,,,,,,,13,12,9,7,0,9,2,2,1,,,,0,,,,,,,,,,,,,1,0,2,1,2,7,2,7,2,1,,,0,1,,2,2,1,2,0.08
Public Method,"org.apache.commons.math3.fraction.BigFractionTest.testGoldenRatio",,,,,,,,,,,,,,4,3,1,2,0,2,1,1,0,,,,0,,,,,,,,,,,,,0,0,1,1,1,1,1,1,1,1,,,0,0,,1,1,1,1,0.33
Public Method,"org.apache.commons.math3.fraction.BigFractionTest.testIntValue",,,,,,,,,,,,,,7,6,4,3,0,5,1,1,0,,,,0,,,,,,,,,,,,,0,1,3,0,1,4,3,2,1,1,,,0,0,,1,1,1,1,0.00
Public Method,"org.apache.commons.math3.fraction.BigFractionTest.testLongValue",,,,,,,,,,,,,,7,6,4,3,0,5,1,1,0,,,,0,,,,,,,,,,,,,0,1,3,0,1,4,3,2,1,1,,,0,0,,1,1,1,1,0.00
Public Method,"org.apache.commons.math3.fraction.BigFractionTest.testMath340",,,,,,,,,,,,,,8,8,6,7,0,6,1,1,0,,,,0,,,,,,,,,,,,,0,0,6,0,1,5,5,1,1,1,,,0,0,,1,1,1,1,0.00
Public Method,"org.apache.commons.math3.fraction.BigFractionTest.testMultiply",,,,,,,,,,,,,,30,24,21,9,0,21,2,2,1,,,,0,,,,,,,,,,,,,0,6,6,0,2,19,6,15,2,1,,,0,1,,2,2,1,2,0.00
Public Method,"org.apache.commons.math3.fraction.BigFractionTest.testNegate",,,,,,,,,,,,,,20,15,13,5,0,14,1,1,0,,,,0,,,,,,,,,,,,,0,4,2,1,1,13,2,12,1,1,,,0,0,,1,1,1,1,0.07
Public Method,"org.apache.commons.math3.fraction.BigFractionTest.testPercentage",,,,,,,,,,,,,,3,3,1,3,0,2,1,1,0,,,,0,,,,,,,,,,,,,0,0,1,0,1,1,1,1,1,1,,,0,0,,1,1,1,1,0.00
Public Method,"org.apache.commons.math3.fraction.BigFractionTest.testPow",,,,,,,,,,,,,,11,11,9,6,0,10,1,1,0,,,,0,,,,,,,,,,,,,1,0,1,0,1,9,1,9,1,1,,,0,0,,1,1,1,1,0.00
Public Method,"org.apache.commons.math3.fraction.BigFractionTest.testReciprocal",,,,,,,,,,,,,,31,25,22,6,0,22,2,2,1,,,,0,,,,,,,,,,,,,0,5,2,1,2,20,2,20,2,1,,,0,1,,2,2,1,2,0.04
Public Method,"org.apache.commons.math3.fraction.BigFractionTest.testSerial",,,,,,,,,,,,,,10,10,5,5,0,5,2,2,0,,,,0,,,,,,,,,,,,,3,0,5,0,2,2,3,2,2,1,,,0,1,,2,2,1,2,0.00
Public Method,"org.apache.commons.math3.fraction.BigFractionTest.testSubtract",,,,,,,,,,,,,,37,29,26,8,0,26,2,2,1,,,,0,,,,,,,,,,,,,1,6,6,2,2,24,6,20,2,1,,,0,1,,2,2,1,2,0.07
Public Class,"org.apache.commons.math3.fraction.Fraction",2,1,0,8,7,,15,,30,31,0,2,29,638,297,185,,,198,,,,10,4,2,,2,2,17,8,4,0,1,,,2,31,0,,59,95,285,,135,81,117,,,10,11,,2,92,69,77,36,69,0.96
Public Constructor,"org.apache.commons.math3.fraction.Fraction.Fraction",,,,,,,,,,,,,,8,3,1,2,0,2,1,1,0,,,,0,,,,,,,,,,,,,47,0,1,5,1,1,1,1,1,1,,,0,0,,1,1,1,1,1.67
Public Constructor,"org.apache.commons.math3.fraction.Fraction.Fraction",,,,,,,,,,,,,,9,3,1,2,0,2,1,1,0,,,,0,,,,,,,,,,,,,11,0,1,6,1,1,1,1,1,1,,,0,0,,1,1,1,1,2.00
Public Constructor,"org.apache.commons.math3.fraction.Fraction.Fraction",,,,,,,,,,,,,,21,5,1,2,0,2,1,1,0,,,,0,,,,,,,,,,,,,7,0,2,16,1,1,1,1,1,1,,,0,0,,1,1,1,1,3.20
Public Constructor,"org.apache.commons.math3.fraction.Fraction.Fraction",,,,,,,,,,,,,,19,5,1,2,0,2,1,1,0,,,,0,,,,,,,,,,,,,4,0,2,14,1,1,1,1,1,1,,,0,0,,1,1,1,1,2.80
Private Constructor,"org.apache.commons.math3.fraction.Fraction.Fraction",,,,,,,,,,,,,,95,54,44,7,2,42,8,11,3,,,,0,,,,,,,,,,,,,6,8,16,33,34,35,15,27,8,1,,,0,2,,8,11,1,8,0.61
Public Constructor,"org.apache.commons.math3.fraction.Fraction.Fraction",,,,,,,,,,,,,,36,26,19,5,1,17,6,7,0,,,,0,,,,,,,,,,,,,48,1,2,9,24,11,2,15,6,1,,,0,2,,6,7,1,6,0.35
Public Method,"org.apache.commons.math3.fraction.Fraction.abs",,,,,,,,,,,,,,13,9,5,2,0,6,2,2,1,,,,0,,,,,,,,,,,,,2,0,2,4,2,4,2,4,2,1,,,0,1,,2,2,1,2,0.44
Public Method,"org.apache.commons.math3.fraction.Fraction.add",,,,,,,,,,,,,,13,3,1,2,0,2,1,1,0,,,,0,,,,,,,,,,,,,6,0,1,11,1,1,1,1,1,1,,,0,0,,1,1,1,1,3.67
Public Method,"org.apache.commons.math3.fraction.Fraction.add",,,,,,,,,,,,,,8,3,1,2,0,2,1,1,0,,,,0,,,,,,,,,,,,,4,0,1,5,1,1,1,1,1,1,,,0,0,,1,1,1,1,1.67
Private Method,"org.apache.commons.math3.fraction.Fraction.addSub",,,,,,,,,,,,,,56,35,28,17,1,21,10,10,3,,,,3,,,,,,,,,,,,,8,1,12,20,10,15,10,11,10,4,,,3,1,,10,10,4,10,0.57
Public Method,"org.apache.commons.math3.fraction.Fraction.compareTo",,,,,,,,,,,,,,11,5,3,1,0,4,3,3,0,,,,0,,,,,,,,,,,,,4,0,3,6,1,3,3,1,3,1,,,0,0,,3,3,1,3,1.20
Public Method,"org.apache.commons.math3.fraction.Fraction.divide",,,,,,,,,,,,,,20,10,6,5,1,6,3,3,0,,,,0,,,,,,,,,,,,,6,0,1,10,4,3,1,5,3,1,,,0,1,,3,3,1,3,1.00
Public Method,"org.apache.commons.math3.fraction.Fraction.divide",,,,,,,,,,,,,,8,3,1,2,0,2,1,1,0,,,,0,,,,,,,,,,,,,4,0,1,5,1,1,1,1,1,1,,,0,0,,1,1,1,1,1.67
Public Method,"org.apache.commons.math3.fraction.Fraction.doubleValue",,,,,,,,,,,,,,8,3,1,1,0,2,1,1,0,,,,0,,,,,,,,,,,,,21,0,1,5,1,1,1,1,1,1,,,0,0,,1,1,1,1,1.67
Public Method,"org.apache.commons.math3.fraction.Fraction.equals",,,,,,,,,,,,,,22,11,7,1,0,7,3,4,2,,,,2,,,,,,,,,,,,,12,0,2,11,3,4,2,5,3,3,,,2,1,,3,4,3,3,1.00
Public Method,"org.apache.commons.math3.fraction.Fraction.floatValue",,,,,,,,,,,,,,8,3,1,2,0,2,1,1,0,,,,0,,,,,,,,,,,,,1,0,1,5,1,1,1,1,1,1,,,0,0,,1,1,1,1,1.67
Public Method,"org.apache.commons.math3.fraction.Fraction.getDenominator",,,,,,,,,,,,,,7,3,1,1,0,2,1,1,0,,,,0,,,,,,,,,,,,,19,0,1,4,1,1,1,1,1,1,,,0,0,,1,1,1,1,1.33
Public Method,"org.apache.commons.math3.fraction.Fraction.getField",,,,,,,,,,,,,,4,3,1,2,0,2,1,1,0,,,,0,,,,,,,,,,,,,0,0,1,1,1,1,1,1,1,1,,,0,0,,1,1,1,1,0.33
Public Method,"org.apache.commons.math3.fraction.Fraction.getNumerator",,,,,,,,,,,,,,7,3,1,1,0,2,1,1,0,,,,0,,,,,,,,,,,,,20,0,1,4,1,1,1,1,1,1,,,0,0,,1,1,1,1,1.33
Public Static Method,"org.apache.commons.math3.fraction.Fraction.getReducedFraction",,,,,,,,,,,,,,38,25,18,4,1,17,6,8,1,,,,0,,,,,,,,,,,,,7,0,2,14,14,11,2,15,6,1,,,0,2,,6,8,1,6,0.56
Public Method,"org.apache.commons.math3.fraction.Fraction.hashCode",,,,,,,,,,,,,,7,3,1,1,0,2,1,1,0,,,,0,,,,,,,,,,,,,3,0,1,4,1,1,1,1,1,1,,,0,0,,1,1,1,1,1.33
Public Method,"org.apache.commons.math3.fraction.Fraction.intValue",,,,,,,,,,,,,,8,3,1,2,0,2,1,1,0,,,,0,,,,,,,,,,,,,1,0,1,5,1,1,1,1,1,1,,,0,0,,1,1,1,1,1.67
Public Method,"org.apache.commons.math3.fraction.Fraction.longValue",,,,,,,,,,,,,,8,3,1,2,0,2,1,1,0,,,,0,,,,,,,,,,,,,1,0,1,5,1,1,1,1,1,1,,,0,0,,1,1,1,1,1.67
Public Method,"org.apache.commons.math3.fraction.Fraction.multiply",,,,,,,,,,,,,,25,13,9,5,1,8,3,4,1,,,,0,,,,,,,,,,,,,11,0,3,12,4,5,3,5,3,1,,,0,1,,3,4,1,3,0.92
Public Method,"org.apache.commons.math3.fraction.Fraction.multiply",,,,,,,,,,,,,,8,3,1,2,0,2,1,1,0,,,,0,,,,,,,,,,,,,5,0,1,5,1,1,1,1,1,1,,,0,0,,1,1,1,1,1.67
Public Method,"org.apache.commons.math3.fraction.Fraction.negate",,,,,,,,,,,,,,10,6,3,3,0,4,2,2,0,,,,0,,,,,,,,,,,,,7,0,1,4,2,2,1,3,2,1,,,0,1,,2,2,1,2,0.67
Public Method,"org.apache.commons.math3.fraction.Fraction.percentageValue",,,,,,,,,,,,,,11,3,1,3,0,2,1,1,0,,,,0,,,,,,,,,,,,,1,0,1,8,1,1,1,1,1,1,,,0,0,,1,1,1,1,2.67
Public Method,"org.apache.commons.math3.fraction.Fraction.reciprocal",,,,,,,,,,,,,,7,3,1,2,0,2,1,1,0,,,,0,,,,,,,,,,,,,5,0,1,4,1,1,1,1,1,1,,,0,0,,1,1,1,1,1.33
Public Method,"org.apache.commons.math3.fraction.Fraction.subtract",,,,,,,,,,,,,,13,3,1,2,0,2,1,1,0,,,,0,,,,,,,,,,,,,5,0,1,11,1,1,1,1,1,1,,,0,0,,1,1,1,1,3.67
Public Method,"org.apache.commons.math3.fraction.Fraction.subtract",,,,,,,,,,,,,,8,3,1,2,0,2,1,1,0,,,,0,,,,,,,,,,,,,4,0,1,5,1,1,1,1,1,1,,,0,0,,1,1,1,1,1.67
Public Method,"org.apache.commons.math3.fraction.Fraction.toString",,,,,,,,,,,,,,20,11,8,2,0,8,3,3,2,,,,0,,,,,,,,,,,,,5,0,2,9,3,5,2,6,3,1,,,0,1,,3,3,1,3,0.82
Public Class,"org.apache.commons.math3.fraction.FractionConversionException",1,1,0,6,1,,1,,2,10,0,0,2,34,9,3,,,6,,,,1,1,4,,1,1,9,3,1,0,0,,,0,2,0,,4,4,21,,3,4,2,,,1,1,,0,100,2,2,2,2,2.33
Public Constructor,"org.apache.commons.math3.fraction.FractionConversionException.FractionConversionException",,,,,,,,,,,,,,10,3,1,2,0,2,1,1,0,,,,0,,,,,,,,,,,,,6,0,1,7,1,1,1,1,1,1,,,0,0,,1,1,1,1,2.33
Public Constructor,"org.apache.commons.math3.fraction.FractionConversionException.FractionConversionException",,,,,,,,,,,,,,9,3,1,2,0,2,1,1,0,,,,0,,,,,,,,,,,,,5,0,1,6,1,1,1,1,1,1,,,0,0,,1,1,1,1,2.00
Public Class,"org.apache.commons.math3.fraction.FractionField",1,1,0,2,2,,1,,5,6,0,2,4,59,23,7,,,15,,,,1,1,1,,1,1,4,2,3,0,1,,,0,6,0,,8,10,28,,7,10,5,,,1,1,,0,100,6,6,6,6,1.22
Private Constructor,"org.apache.commons.math3.fraction.FractionField.FractionField",,,,,,,,,,,,,,4,2,0,1,0,1,1,1,0,,,,0,,,,,,,,,,,,,0,0,1,2,1,0,1,0,1,1,,,0,0,,1,1,1,1,1.00
Private Static Class,"org.apache.commons.math3.fraction.FractionField.LazyHolder",0,0,0,0,1,,1,,0,0,0,0,0,7,3,1,,,2,,,,0,0,1,,0,0,0,0,1,0,0,,,0,0,0,,0,2,4,,1,2,0,,,0,0,,0,0,0,0,0,0,1.33
Public Static Method,"org.apache.commons.math3.fraction.FractionField.getInstance",,,,,,,,,,,,,,6,3,1,1,0,2,1,1,0,,,,0,,,,,,,,,,,,,39,0,1,3,1,1,1,1,1,1,,,0,0,,1,1,1,1,1.00
Public Method,"org.apache.commons.math3.fraction.FractionField.getOne",,,,,,,,,,,,,,4,3,1,1,0,2,1,1,0,,,,0,,,,,,,,,,,,,2,0,1,1,1,1,1,1,1,1,,,0,0,,1,1,1,1,0.33
Public Method,"org.apache.commons.math3.fraction.FractionField.getRuntimeClass",,,,,,,,,,,,,,4,3,1,1,0,2,1,1,0,,,,0,,,,,,,,,,,,,1,0,1,1,1,1,1,1,1,1,,,0,0,,1,1,1,1,0.33
Public Method,"org.apache.commons.math3.fraction.FractionField.getZero",,,,,,,,,,,,,,4,3,1,1,0,2,1,1,0,,,,0,,,,,,,,,,,,,9,0,1,1,1,1,1,1,1,1,,,0,0,,1,1,1,1,0.33
Private Method,"org.apache.commons.math3.fraction.FractionField.readResolve",,,,,,,,,,,,,,7,3,1,1,0,2,1,1,0,,,,0,,,,,,,,,,,,,1,0,1,4,1,1,1,1,1,1,,,0,0,,1,1,1,1,1.33
Public Class,"org.apache.commons.math3.fraction.FractionFieldTest",1,1,0,0,3,,0,,3,3,0,0,3,20,15,4,,,8,,,,1,1,1,,1,1,3,3,1,0,0,,,0,3,0,,4,8,1,,4,5,3,,,1,1,,0,0,3,3,3,3,0.07
Public Method,"org.apache.commons.math3.fraction.FractionFieldTest.testOne",,,,,,,,,,,,,,3,3,1,3,0,2,1,1,0,,,,0,,,,,,,,,,,,,1,0,1,0,1,1,1,1,1,1,,,0,0,,1,1,1,1,0.00
Public Method,"org.apache.commons.math3.fraction.FractionFieldTest.testSerial",,,,,,,,,,,,,,5,4,2,3,0,3,1,1,0,,,,0,,,,,,,,,,,,,0,0,2,1,1,2,2,1,1,1,,,0,0,,1,1,1,1,0.25
Public Method,"org.apache.commons.math3.fraction.FractionFieldTest.testZero",,,,,,,,,,,,,,3,3,1,3,0,2,1,1,0,,,,0,,,,,,,,,,,,,1,0,1,0,1,1,1,1,1,1,,,0,0,,1,1,1,1,0.00
Public Class,"org.apache.commons.math3.fraction.FractionFormat",1,1,0,7,6,,1,,7,27,0,0,13,237,95,53,,,63,,,,4,5,3,,1,1,14,6,1,1,7,,,0,14,1,,27,31,115,,42,24,39,,,5,5,,1,100,21,21,18,20,1.21
Public Constructor,"org.apache.commons.math3.fraction.FractionFormat.FractionFormat",,,,,,,,,,,,,,10,4,1,2,0,2,1,1,0,,,,0,,,,,,,,,,,,,3,0,2,6,1,1,1,1,1,1,,,0,0,,1,1,1,1,1.50
Public Constructor,"org.apache.commons.math3.fraction.FractionFormat.FractionFormat",,,,,,,,,,,,,,6,2,0,1,0,1,1,1,0,,,,0,,,,,,,,,,,,,0,0,1,4,1,0,1,0,1,1,,,0,0,,1,1,1,1,2.00
Public Constructor,"org.apache.commons.math3.fraction.FractionFormat.FractionFormat",,,,,,,,,,,,,,8,3,1,2,0,2,1,1,0,,,,0,,,,,,,,,,,,,2,0,1,5,1,1,1,1,1,1,,,0,0,,1,1,1,1,1.67
Public Method,"org.apache.commons.math3.fraction.FractionFormat.format",,,,,,,,,,,,,,23,10,7,9,0,7,1,1,0,,,,0,,,,,,,,,,,,,4,3,2,10,1,6,1,6,1,1,,,0,0,,1,1,1,1,1.00
Public Method,"org.apache.commons.math3.fraction.FractionFormat.format",,,,,,,,,,,,,,29,13,8,4,0,8,3,3,2,,,,0,,,,,,,,,,,,,4,2,4,14,3,5,2,6,3,1,,,0,1,,3,3,1,3,1.08
Public Static Method,"org.apache.commons.math3.fraction.FractionFormat.formatFraction",,,,,,,,,,,,,,10,3,1,3,0,2,1,1,0,,,,0,,,,,,,,,,,,,1,0,1,7,1,1,1,1,1,1,,,0,0,,1,1,1,1,2.33
Public Static Method,"org.apache.commons.math3.fraction.FractionFormat.getAvailableLocales",,,,,,,,,,,,,,8,3,1,2,0,2,1,1,0,,,,0,,,,,,,,,,,,,0,0,1,5,1,1,1,1,1,1,,,0,0,,1,1,1,1,1.67
Protected Static Method,"org.apache.commons.math3.fraction.FractionFormat.getDefaultNumberFormat",,,,,,,,,,,,,,9,3,1,3,0,2,1,1,0,,,,0,,,,,,,,,,,,,1,0,1,6,1,1,1,1,1,1,,,0,0,,1,1,1,1,2.00
Public Static Method,"org.apache.commons.math3.fraction.FractionFormat.getImproperInstance",,,,,,,,,,,,,,8,3,1,3,0,2,1,1,0,,,,0,,,,,,,,,,,,,3,0,1,5,1,1,1,1,1,1,,,0,0,,1,1,1,1,1.67
Public Static Method,"org.apache.commons.math3.fraction.FractionFormat.getImproperInstance",,,,,,,,,,,,,,7,3,1,3,0,2,1,1,0,,,,0,,,,,,,,,,,,,1,0,1,4,1,1,1,1,1,1,,,0,0,,1,1,1,1,1.33
Public Static Method,"org.apache.commons.math3.fraction.FractionFormat.getProperInstance",,,,,,,,,,,,,,8,3,1,3,0,2,1,1,0,,,,0,,,,,,,,,,,,,3,0,1,5,1,1,1,1,1,1,,,0,0,,1,1,1,1,1.67
Public Static Method,"org.apache.commons.math3.fraction.FractionFormat.getProperInstance",,,,,,,,,,,,,,7,3,1,3,0,2,1,1,0,,,,0,,,,,,,,,,,,,0,0,1,4,1,1,1,1,1,1,,,0,0,,1,1,1,1,1.33
Public Method,"org.apache.commons.math3.fraction.FractionFormat.parse",,,,,,,,,,,,,,15,8,5,5,0,6,2,2,0,,,,0,,,,,,,,,,,,,14,0,3,7,2,4,3,3,2,1,,,0,1,,2,2,1,2,0.88
Public Method,"org.apache.commons.math3.fraction.FractionFormat.parse",,,,,,,,,,,,,,58,28,23,10,1,21,5,5,6,,,,6,,,,,,,,,,,,,4,6,6,24,5,17,6,15,4,5,,,6,1,,5,5,5,4,0.86
Public Class,"org.apache.commons.math3.fraction.FractionFormatTest",1,1,0,0,7,,0,,24,24,0,0,23,322,266,174,,,190,,,,3,1,1,,1,1,11,9,1,0,0,,,2,24,1,,47,94,9,,156,71,119,,,3,3,,1,20,33,33,24,33,0.03
Protected Method,"org.apache.commons.math3.fraction.FractionFormatTest.getLocale",,,,,,,,,,,,,,3,3,1,2,0,2,1,1,0,,,,0,,,,,,,,,,,,,1,0,1,0,1,1,1,1,1,1,,,0,0,,1,1,1,1,0.00
Public Method,"org.apache.commons.math3.fraction.FractionFormatTest.setUp",,,,,,,,,,,,,,4,4,2,5,0,3,1,1,0,,,,0,,,,,,,,,,,,,0,0,1,0,1,2,1,2,1,1,,,0,0,,1,1,1,1,0.00
Public Method,"org.apache.commons.math3.fraction.FractionFormatTest.testDenominatorFormat",,,,,,,,,,,,,,15,14,12,5,0,13,1,1,0,,,,0,,,,,,,,,,,,,2,1,3,0,1,12,3,10,1,1,,,0,0,,1,1,1,1,0.00
Public Method,"org.apache.commons.math3.fraction.FractionFormatTest.testDoubleFormat",,,,,,,,,,,,,,3,3,1,2,0,2,1,1,0,,,,0,,,,,,,,,,,,,2,0,1,0,1,1,1,1,1,1,,,0,0,,1,1,1,1,0.00
Public Method,"org.apache.commons.math3.fraction.FractionFormatTest.testFormat",,,,,,,,,,,,,,10,8,6,3,0,7,1,1,0,,,,0,,,,,,,,,,,,,2,2,4,0,1,6,4,3,1,1,,,0,0,,1,1,1,1,0.00
Public Method,"org.apache.commons.math3.fraction.FractionFormatTest.testFormatImproper",,,,,,,,,,,,,,9,7,5,3,0,6,1,1,0,,,,0,,,,,,,,,,,,,2,2,3,0,1,5,3,3,1,1,,,0,0,,1,1,1,1,0.00
Public Method,"org.apache.commons.math3.fraction.FractionFormatTest.testFormatImproperNegative",,,,,,,,,,,,,,9,7,5,3,0,6,1,1,0,,,,0,,,,,,,,,,,,,2,2,3,0,1,5,3,3,1,1,,,0,0,,1,1,1,1,0.00
Public Method,"org.apache.commons.math3.fraction.FractionFormatTest.testFormatNegative",,,,,,,,,,,,,,10,8,6,3,0,7,1,1,0,,,,0,,,,,,,,,,,,,2,2,4,0,1,6,4,3,1,1,,,0,0,,1,1,1,1,0.00
Public Method,"org.apache.commons.math3.fraction.FractionFormatTest.testFormatZero",,,,,,,,,,,,,,10,8,6,3,0,7,1,1,0,,,,0,,,,,,,,,,,,,2,2,4,0,1,6,4,3,1,1,,,0,0,,1,1,1,1,0.00
Public Method,"org.apache.commons.math3.fraction.FractionFormatTest.testLongFormat",,,,,,,,,,,,,,3,3,1,2,0,2,1,1,0,,,,0,,,,,,,,,,,,,1,0,1,0,1,1,1,1,1,1,,,0,0,,1,1,1,1,0.00
Public Method,"org.apache.commons.math3.fraction.FractionFormatTest.testNumeratorFormat",,,,,,,,,,,,,,15,14,12,5,0,13,1,1,0,,,,0,,,,,,,,,,,,,2,1,3,0,1,12,3,10,1,1,,,0,0,,1,1,1,1,0.00
Public Method,"org.apache.commons.math3.fraction.FractionFormatTest.testParse",,,,,,,,,,,,,,17,15,12,7,0,12,2,2,1,,,,0,,,,,,,,,,,,,3,2,3,0,2,10,3,9,2,1,,,0,1,,2,2,1,2,0.00
Public Method,"org.apache.commons.math3.fraction.FractionFormatTest.testParseInteger",,,,,,,,,,,,,,15,15,9,5,0,10,1,1,0,,,,0,,,,,,,,,,,,,2,0,4,0,1,9,4,6,1,1,,,0,0,,1,1,1,1,0.00
Public Method,"org.apache.commons.math3.fraction.FractionFormatTest.testParseInvalid",,,,,,,,,,,,,,16,14,10,2,1,9,3,3,2,,,,0,,,,,,,,,,,,,2,0,3,2,4,6,3,6,3,1,,,0,1,,3,3,1,3,0.14
Public Method,"org.apache.commons.math3.fraction.FractionFormatTest.testParseInvalidDenominator",,,,,,,,,,,,,,16,14,10,2,1,9,3,3,2,,,,0,,,,,,,,,,,,,2,0,3,2,4,6,3,6,3,1,,,0,1,,3,3,1,3,0.14
Public Method,"org.apache.commons.math3.fraction.FractionFormatTest.testParseNegative",,,,,,,,,,,,,,26,22,18,5,0,19,1,1,0,,,,0,,,,,,,,,,,,,2,4,3,0,1,18,3,16,1,1,,,0,0,,1,1,1,1,0.00
Public Method,"org.apache.commons.math3.fraction.FractionFormatTest.testParseOne1",,,,,,,,,,,,,,7,7,5,5,0,6,1,1,0,,,,0,,,,,,,,,,,,,1,0,3,0,1,5,3,3,1,1,,,0,0,,1,1,1,1,0.00
Public Method,"org.apache.commons.math3.fraction.FractionFormatTest.testParseOne2",,,,,,,,,,,,,,7,7,5,5,0,6,1,1,0,,,,0,,,,,,,,,,,,,1,0,3,0,1,5,3,3,1,1,,,0,0,,1,1,1,1,0.00
Public Method,"org.apache.commons.math3.fraction.FractionFormatTest.testParseProper",,,,,,,,,,,,,,17,14,9,6,0,9,2,2,1,,,,0,,,,,,,,,,,,,2,2,3,1,2,7,3,6,2,1,,,0,1,,2,2,1,2,0.07
Public Method,"org.apache.commons.math3.fraction.FractionFormatTest.testParseProperInvalidMinus",,,,,,,,,,,,,,16,14,10,2,1,9,3,3,2,,,,0,,,,,,,,,,,,,1,0,2,2,4,6,2,7,3,1,,,0,1,,3,3,1,3,0.14
Public Method,"org.apache.commons.math3.fraction.FractionFormatTest.testParseProperNegative",,,,,,,,,,,,,,16,14,9,6,0,9,2,2,1,,,,0,,,,,,,,,,,,,2,1,3,1,2,7,3,6,2,1,,,0,1,,2,2,1,2,0.07
Public Method,"org.apache.commons.math3.fraction.FractionFormatTest.testParseZero1",,,,,,,,,,,,,,7,7,5,5,0,6,1,1,0,,,,0,,,,,,,,,,,,,1,0,3,0,1,5,3,3,1,1,,,0,0,,1,1,1,1,0.00
Public Method,"org.apache.commons.math3.fraction.FractionFormatTest.testParseZero2",,,,,,,,,,,,,,9,8,6,6,0,7,1,1,0,,,,0,,,,,,,,,,,,,1,0,3,1,1,6,3,4,1,1,,,0,0,,1,1,1,1,0.12
Public Method,"org.apache.commons.math3.fraction.FractionFormatTest.testWholeFormat",,,,,,,,,,,,,,10,9,7,5,0,8,1,1,0,,,,0,,,,,,,,,,,,,1,1,4,0,1,7,4,4,1,1,,,0,0,,1,1,1,1,0.00
Public Class,"org.apache.commons.math3.fraction.FractionTest",1,1,2,0,7,,0,,26,26,0,2,24,573,469,384,,,385,,,,7,1,1,,1,1,19,17,1,0,0,,,0,26,0,,82,98,30,,333,72,313,,,7,7,,1,0,50,51,26,50,0.06
Private Method,"org.apache.commons.math3.fraction.FractionTest.assertFraction",,,,,,,,,,,,,,4,4,2,3,0,3,1,1,0,,,,0,,,,,,,,,,,,,13,0,1,0,1,2,1,2,1,1,,,0,0,,1,1,1,1,0.00
Private Method,"org.apache.commons.math3.fraction.FractionTest.checkIntegerOverflow",,,,,,,,,,,,,,8,7,4,2,0,4,2,2,1,,,,0,,,,,,,,,,,,,2,0,1,1,2,2,1,3,2,1,,,0,1,,2,2,1,2,0.14
Public Method,"org.apache.commons.math3.fraction.FractionTest.testAbs",,,,,,,,,,,,,,9,8,6,3,0,7,1,1,0,,,,0,,,,,,,,,,,,,0,1,4,0,1,6,4,3,1,1,,,0,0,,1,1,1,1,0.00
Public Method,"org.apache.commons.math3.fraction.FractionTest.testAdd",,,,,,,,,,,,,,81,66,64,9,2,59,7,7,6,,,,0,,,,,,,,,,,,,1,12,6,6,64,52,6,53,7,1,,,0,1,,7,7,1,7,0.09
Public Method,"org.apache.commons.math3.fraction.FractionTest.testCompareTo",,,,,,,,,,,,,,19,14,12,4,0,13,1,1,0,,,,0,,,,,,,,,,,,,0,2,6,3,1,12,6,7,1,1,,,0,0,,1,1,1,1,0.21
Public Method,"org.apache.commons.math3.fraction.FractionTest.testConstructor",,,,,,,,,,,,,,28,24,20,4,1,19,3,3,2,,,,0,,,,,,,,,,,,,0,1,1,3,4,16,1,18,3,1,,,0,1,,3,3,1,3,0.12
Public Method,"org.apache.commons.math3.fraction.FractionTest.testConstructorDouble",,,,,,,,,,,,,,10,10,8,2,0,9,1,1,0,,,,0,,,,,,,,,,,,,0,0,1,0,1,8,1,8,1,1,,,0,0,,1,1,1,1,0.00
Public Method,"org.apache.commons.math3.fraction.FractionTest.testDigitLimitConstructor",,,,,,,,,,,,,,10,9,7,2,0,8,1,1,0,,,,0,,,,,,,,,,,,,0,1,1,0,1,7,1,7,1,1,,,0,0,,1,1,1,1,0.00
Public Method,"org.apache.commons.math3.fraction.FractionTest.testDivide",,,,,,,,,,,,,,60,50,48,10,1,45,5,5,4,,,,0,,,,,,,,,,,,,2,10,6,2,16,40,6,39,5,1,,,0,1,,5,5,1,5,0.04
Public Method,"org.apache.commons.math3.fraction.FractionTest.testDoubleConstructor",,,,,,,,,,,,,,43,43,41,2,0,42,1,1,0,,,,0,,,,,,,,,,,,,0,0,1,0,1,41,1,41,1,1,,,0,0,,1,1,1,1,0.00
Public Method,"org.apache.commons.math3.fraction.FractionTest.testDoubleValue",,,,,,,,,,,,,,7,6,4,3,0,5,1,1,0,,,,0,,,,,,,,,,,,,0,1,3,0,1,4,3,2,1,1,,,0,0,,1,1,1,1,0.00
Public Method,"org.apache.commons.math3.fraction.FractionTest.testEpsilonLimitConstructor",,,,,,,,,,,,,,10,9,7,2,0,8,1,1,0,,,,0,,,,,,,,,,,,,0,1,1,0,1,7,1,7,1,1,,,0,0,,1,1,1,1,0.00
Public Method,"org.apache.commons.math3.fraction.FractionTest.testEqualsAndHashCode",,,,,,,,,,,,,,12,12,10,7,0,11,1,2,0,,,,0,,,,,,,,,,,,,0,0,5,0,1,10,5,6,1,1,,,0,0,,1,2,1,1,0.00
Public Method,"org.apache.commons.math3.fraction.FractionTest.testFloatValue",,,,,,,,,,,,,,7,6,4,3,0,5,1,1,0,,,,0,,,,,,,,,,,,,0,1,3,0,1,4,3,2,1,1,,,0,0,,1,1,1,1,0.00
Public Method,"org.apache.commons.math3.fraction.FractionTest.testGetReducedFraction",,,,,,,,,,,,,,15,14,11,7,0,9,2,2,1,,,,0,,,,,,,,,,,,,1,0,2,1,2,7,2,7,2,1,,,0,1,,2,2,1,2,0.07
Public Method,"org.apache.commons.math3.fraction.FractionTest.testGoldenRatio",,,,,,,,,,,,,,4,3,1,2,0,2,1,1,0,,,,0,,,,,,,,,,,,,0,0,1,1,1,1,1,1,1,1,,,0,0,,1,1,1,1,0.33
Public Method,"org.apache.commons.math3.fraction.FractionTest.testIntValue",,,,,,,,,,,,,,7,6,4,3,0,5,1,1,0,,,,0,,,,,,,,,,,,,0,1,3,0,1,4,3,2,1,1,,,0,0,,1,1,1,1,0.00
Public Method,"org.apache.commons.math3.fraction.FractionTest.testIntegerOverflow",,,,,,,,,,,,,,4,4,2,1,0,3,1,1,0,,,,0,,,,,,,,,,,,,0,0,1,0,1,2,1,2,1,1,,,0,0,,1,1,1,1,0.00
Public Method,"org.apache.commons.math3.fraction.FractionTest.testLongValue",,,,,,,,,,,,,,7,6,4,3,0,5,1,1,0,,,,0,,,,,,,,,,,,,0,1,3,0,1,4,3,2,1,1,,,0,0,,1,1,1,1,0.00
Public Method,"org.apache.commons.math3.fraction.FractionTest.testMultiply",,,,,,,,,,,,,,25,21,19,8,0,19,2,2,1,,,,0,,,,,,,,,,,,,0,4,6,0,2,17,6,13,2,1,,,0,1,,2,2,1,2,0.00
Public Method,"org.apache.commons.math3.fraction.FractionTest.testNegate",,,,,,,,,,,,,,25,20,18,6,0,18,2,2,1,,,,0,,,,,,,,,,,,,0,4,2,1,2,16,2,16,2,1,,,0,1,,2,2,1,2,0.05
Public Method,"org.apache.commons.math3.fraction.FractionTest.testPercentage",,,,,,,,,,,,,,3,3,1,3,0,2,1,1,0,,,,0,,,,,,,,,,,,,0,0,1,0,1,1,1,1,1,1,,,0,0,,1,1,1,1,0.00
Public Method,"org.apache.commons.math3.fraction.FractionTest.testReciprocal",,,,,,,,,,,,,,30,24,22,6,0,22,2,2,1,,,,0,,,,,,,,,,,,,0,5,2,1,2,20,2,20,2,1,,,0,1,,2,2,1,2,0.04
Public Method,"org.apache.commons.math3.fraction.FractionTest.testSerial",,,,,,,,,,,,,,10,10,5,5,0,5,2,2,0,,,,0,,,,,,,,,,,,,3,0,5,0,2,2,3,2,2,1,,,0,1,,2,2,1,2,0.00
Public Method,"org.apache.commons.math3.fraction.FractionTest.testSubtract",,,,,,,,,,,,,,72,59,57,10,2,52,7,7,6,,,,0,,,,,,,,,,,,,1,10,6,6,64,45,6,46,7,1,,,0,1,,7,7,1,7,0.10
Public Method,"org.apache.commons.math3.fraction.FractionTest.testToString",,,,,,,,,,,,,,5,5,3,3,0,4,1,1,0,,,,0,,,,,,,,,,,,,0,0,1,0,1,3,1,3,1,1,,,0,0,,1,1,1,1,0.00
Public Class,"org.apache.commons.math3.fraction.ProperBigFractionFormat",2,2,2,10,3,,1,,7,34,0,0,7,213,101,67,,,73,,,,10,9,4,,2,2,26,13,1,0,0,,,1,7,0,,26,26,86,,53,21,52,,,11,11,,2,85,20,20,15,19,0.85
Public Constructor,"org.apache.commons.math3.fraction.ProperBigFractionFormat.ProperBigFractionFormat",,,,,,,,,,,,,,7,3,1,3,0,2,1,1,0,,,,0,,,,,,,,,,,,,0,0,1,4,1,1,1,1,1,1,,,0,0,,1,1,1,1,1.33
Public Constructor,"org.apache.commons.math3.fraction.ProperBigFractionFormat.ProperBigFractionFormat",,,,,,,,,,,,,,9,3,1,3,0,2,1,1,0,,,,0,,,,,,,,,,,,,3,0,1,6,1,1,1,1,1,1,,,0,0,,1,1,1,1,2.00
Public Constructor,"org.apache.commons.math3.fraction.ProperBigFractionFormat.ProperBigFractionFormat",,,,,,,,,,,,,,13,6,2,3,0,3,1,1,0,,,,0,,,,,,,,,,,,,4,0,3,7,1,2,1,2,1,1,,,0,0,,1,1,1,1,1.17
Public Method,"org.apache.commons.math3.fraction.ProperBigFractionFormat.format",,,,,,,,,,,,,,34,20,15,15,0,16,3,3,0,,,,0,,,,,,,,,,,,,4,4,5,10,3,13,4,12,3,1,,,0,2,,3,3,1,3,0.50
Public Method,"org.apache.commons.math3.fraction.ProperBigFractionFormat.getWholeFormat",,,,,,,,,,,,,,7,3,1,1,0,2,1,1,0,,,,0,,,,,,,,,,,,,3,0,1,4,1,1,1,1,1,1,,,0,0,,1,1,1,1,1.33
Public Method,"org.apache.commons.math3.fraction.ProperBigFractionFormat.parse",,,,,,,,,,,,,,104,54,43,14,1,41,11,11,10,,,,10,,,,,,,,,,,,,3,13,9,37,12,31,9,32,10,9,,,10,1,,11,11,9,10,0.69
Public Method,"org.apache.commons.math3.fraction.ProperBigFractionFormat.setWholeFormat",,,,,,,,,,,,,,11,6,3,2,0,4,2,2,0,,,,0,,,,,,,,,,,,,4,0,1,5,2,2,1,3,2,1,,,0,1,,2,2,1,2,0.83
Public Class,"org.apache.commons.math3.fraction.ProperFractionFormat",2,2,2,10,4,,1,,7,34,0,0,7,206,96,64,,,69,,,,8,9,4,,2,2,25,12,1,0,0,,,1,7,0,,24,28,86,,52,23,46,,,9,9,,1,85,17,17,15,16,0.90
Public Constructor,"org.apache.commons.math3.fraction.ProperFractionFormat.ProperFractionFormat",,,,,,,,,,,,,,7,3,1,3,0,2,1,1,0,,,,0,,,,,,,,,,,,,0,0,1,4,1,1,1,1,1,1,,,0,0,,1,1,1,1,1.33
Public Constructor,"org.apache.commons.math3.fraction.ProperFractionFormat.ProperFractionFormat",,,,,,,,,,,,,,9,3,1,3,0,2,1,1,0,,,,0,,,,,,,,,,,,,3,0,1,6,1,1,1,1,1,1,,,0,0,,1,1,1,1,2.00
Public Constructor,"org.apache.commons.math3.fraction.ProperFractionFormat.ProperFractionFormat",,,,,,,,,,,,,,14,7,2,3,0,3,1,1,0,,,,0,,,,,,,,,,,,,4,0,3,7,1,2,1,2,1,1,,,0,0,,1,1,1,1,1.00
Public Method,"org.apache.commons.math3.fraction.ProperFractionFormat.format",,,,,,,,,,,,,,33,19,15,11,0,15,2,2,0,,,,0,,,,,,,,,,,,,3,4,5,10,2,13,4,11,2,1,,,0,1,,2,2,1,2,0.53
Public Method,"org.apache.commons.math3.fraction.ProperFractionFormat.getWholeFormat",,,,,,,,,,,,,,7,3,1,1,0,2,1,1,0,,,,0,,,,,,,,,,,,,4,0,1,4,1,1,1,1,1,1,,,0,0,,1,1,1,1,1.33
Public Method,"org.apache.commons.math3.fraction.ProperFractionFormat.parse",,,,,,,,,,,,,,97,49,40,15,1,38,9,9,10,,,,10,,,,,,,,,,,,,2,11,11,37,9,30,11,27,8,9,,,10,1,,9,9,9,8,0.76
Public Method,"org.apache.commons.math3.fraction.ProperFractionFormat.setWholeFormat",,,,,,,,,,,,,,11,6,3,2,0,4,2,2,0,,,,0,,,,,,,,,,,,,4,0,1,5,2,2,1,3,2,1,,,0,1,,2,2,1,2,0.83
Package,"org.apache.commons.math3.genetics",1,1,0,3,,71,28,39,181,,11,7,165,3536,1515,740,,,1118,,,,5,5,,,1,1,11,6,,,12,,,23,193,10,,421,671,1607,,801,642,476,,,5,5,,3,,267,273,190,267,1.06
Public Abstract Generic Class,"org.apache.commons.math3.genetics.AbstractListChromosome",1,1,0,4,1,,0,,7,12,0,0,5,79,22,6,,,15,,,,1,1,2,,1,1,7,3,1,2,0,,,1,7,2,,8,10,49,,9,9,6,,,1,1,,0,60,5,5,5,5,2.23
Public Constructor,"org.apache.commons.math3.genetics.AbstractListChromosome.AbstractListChromosome",,,,,,,,,,,,,,10,4,2,4,0,3,1,1,0,,,,0,,,,,,,,,,,,,3,0,1,6,1,2,1,2,1,1,,,0,0,,1,1,1,1,1.50
Public Constructor,"org.apache.commons.math3.genetics.AbstractListChromosome.AbstractListChromosome",,,,,,,,,,,,,,7,3,1,3,0,2,1,1,0,,,,0,,,,,,,,,,,,,2,0,1,4,1,1,1,1,1,1,,,0,0,,1,1,1,1,1.33
TypeVariable,"org.apache.commons.math3.genetics.AbstractListChromosome.T",0,0,0,0,0,,0,,0,0,0,0,0,0,0,0,,,0,,,,0,0,1,,0,0,0,0,1,0,0,,,0,0,0,,0,0,0,,0,0,0,,,0,0,,0,0,0,0,0,0,0.00
Protected Abstract Method,"org.apache.commons.math3.genetics.AbstractListChromosome.checkValidity",,,,,,,,,,,,,,8,1,0,0,0,1,0,0,0,,,,0,,,,,,,,,,,,,1,0,1,7,0,1,1,0,0,0,,,0,0,,0,0,0,0,7.00
Public Method,"org.apache.commons.math3.genetics.AbstractListChromosome.getLength",,,,,,,,,,,,,,7,3,1,3,0,2,1,1,0,,,,0,,,,,,,,,,,,,6,0,1,4,1,1,1,1,1,1,,,0,0,,1,1,1,1,1.33
Protected Method,"org.apache.commons.math3.genetics.AbstractListChromosome.getRepresentation",,,,,,,,,,,,,,7,3,1,1,0,2,1,1,0,,,,0,,,,,,,,,,,,,13,0,1,4,1,1,1,1,1,1,,,0,0,,1,1,1,1,1.33
Public Abstract Method,"org.apache.commons.math3.genetics.AbstractListChromosome.newFixedLengthChromosome",,,,,,,,,,,,,,14,1,0,1,0,1,0,0,0,,,,0,,,,,,,,,,,,,3,0,1,13,0,1,1,0,0,0,,,0,0,,0,0,0,0,13.00
Public Method,"org.apache.commons.math3.genetics.AbstractListChromosome.toString",,,,,,,,,,,,,,6,3,1,4,0,2,1,1,0,,,,0,,,,,,,,,,,,,0,0,1,3,1,1,1,1,1,1,,,0,0,,1,1,1,1,1.00
Public Abstract Class,"org.apache.commons.math3.genetics.BinaryChromosome",2,1,0,5,4,,0,,4,17,0,0,3,80,41,19,,,29,,,,5,5,3,,2,2,13,7,1,2,1,,,0,5,2,,6,11,33,,15,11,18,,,5,5,,2,0,12,13,9,12,0.80
Public Constructor,"org.apache.commons.math3.genetics.BinaryChromosome.BinaryChromosome",,,,,,,,,,,,,,9,3,1,2,0,2,1,1,0,,,,0,,,,,,,,,,,,,3,0,1,6,1,1,1,1,1,1,,,0,0,,1,1,1,1,2.00
Public Constructor,"org.apache.commons.math3.genetics.BinaryChromosome.BinaryChromosome",,,,,,,,,,,,,,9,3,1,2,0,2,1,1,0,,,,0,,,,,,,,,,,,,2,0,1,6,1,1,1,1,1,1,,,0,0,,1,1,1,1,2.00
Protected Method,"org.apache.commons.math3.genetics.BinaryChromosome.checkValidity",,,,,,,,,,,,,,12,9,4,1,0,5,3,4,0,,,,0,,,,,,,,,,,,,2,0,2,3,3,1,2,3,3,1,,,0,2,,3,4,1,3,0.33
Protected Method,"org.apache.commons.math3.genetics.BinaryChromosome.isSame",,,,,,,,,,,,,,22,15,9,6,1,12,5,5,5,,,,5,,,,,,,,,,,,,1,1,2,6,5,7,3,9,5,5,,,5,2,,5,5,5,5,0.40
Public Static Method,"org.apache.commons.math3.genetics.BinaryChromosome.randomBinaryRepresentation",,,,,,,,,,,,,,13,7,4,4,0,7,2,2,0,,,,0,,,,,,,,,,,,,12,0,2,6,2,5,3,4,2,1,,,0,1,,2,2,1,2,0.86
Public Class,"org.apache.commons.math3.genetics.BinaryChromosomeTest",2,1,0,0,3,,0,,3,3,0,0,3,43,36,21,,,25,,,,3,1,1,,2,2,11,10,1,0,0,,,0,3,0,,6,15,1,,17,13,12,,,3,3,,2,0,6,6,3,6,0.03
Public Method,"org.apache.commons.math3.genetics.BinaryChromosomeTest.testInvalidConstructor",,,,,,,,,,,,,,15,13,8,2,0,7,3,3,1,,,,0,,,,,,,,,,,,,0,1,3,1,3,3,3,4,3,1,,,0,2,,3,3,1,3,0.08
Public Method,"org.apache.commons.math3.genetics.BinaryChromosomeTest.testIsSame",,,,,,,,,,,,,,14,13,11,4,0,12,1,1,0,,,,0,,,,,,,,,,,,,0,1,7,0,1,11,7,5,1,1,,,0,0,,1,1,1,1,0.00
Public Method,"org.apache.commons.math3.genetics.BinaryChromosomeTest.testRandomConstructor",,,,,,,,,,,,,,5,5,2,2,0,5,2,2,0,,,,0,,,,,,,,,,,,,0,0,1,0,2,3,2,3,2,1,,,0,1,,2,2,1,2,0.00
Public Class,"org.apache.commons.math3.genetics.BinaryMutation",3,1,3,9,7,,0,,1,1,0,0,1,33,13,8,,,10,,,,3,1,1,,3,3,23,11,2,0,0,,,0,1,0,,5,6,15,,7,6,4,,,3,3,,1,0,3,3,1,3,1.15
Public Method,"org.apache.commons.math3.genetics.BinaryMutation.mutate",,,,,,,,,,,,,,23,11,8,9,0,9,3,3,0,,,,0,,,,,,,,,,,,,3,3,5,9,2,7,5,4,3,1,,,0,1,,3,3,1,3,0.82
Public Class,"org.apache.commons.math3.genetics.BinaryMutationTest",4,1,2,2,4,,0,,1,1,0,0,1,22,16,9,,,15,,,,4,1,1,,4,4,17,13,1,0,0,,,0,1,0,,4,7,2,,10,8,7,,,4,4,,3,0,4,4,1,4,0.12
Public Method,"org.apache.commons.math3.genetics.BinaryMutationTest.testMutate",,,,,,,,,,,,,,17,13,9,7,1,14,4,4,0,,,,0,,,,,,,,,,,,,0,2,5,2,4,10,7,7,4,1,,,0,3,,4,4,1,4,0.15
Public Abstract Class,"org.apache.commons.math3.genetics.Chromosome",1,1,0,8,1,,1,,5,5,0,0,3,92,30,14,,,21,,,,3,3,1,,1,1,14,5,3,10,0,,,1,5,2,,7,9,55,,10,10,11,,,3,3,,2,70,9,9,7,9,1.83
Public Method,"org.apache.commons.math3.genetics.Chromosome.compareTo",,,,,,,,,,,,,,15,3,1,3,0,2,1,1,0,,,,0,,,,,,,,,,,,,5,0,1,12,1,1,1,1,1,1,,,0,0,,1,1,1,1,4.00
Protected Method,"org.apache.commons.math3.genetics.Chromosome.findSameChromosome",,,,,,,,,,,,,,17,8,4,2,0,6,3,3,3,,,,3,,,,,,,,,,,,,3,0,1,9,3,2,2,4,3,3,,,3,2,,3,3,3,3,1.12
Public Method,"org.apache.commons.math3.genetics.Chromosome.getFitness",,,,,,,,,,,,,,16,6,3,3,0,4,2,2,0,,,,0,,,,,,,,,,,,,8,0,1,10,2,2,1,3,2,1,,,0,1,,2,2,1,2,1.67
Protected Method,"org.apache.commons.math3.genetics.Chromosome.isSame",,,,,,,,,,,,,,10,3,1,1,0,2,1,1,0,,,,0,,,,,,,,,,,,,2,0,1,7,1,1,1,1,1,1,,,0,0,,1,1,1,1,2.33
Public Method,"org.apache.commons.math3.genetics.Chromosome.searchForFitnessUpdate",,,,,,,,,,,,,,12,6,3,3,0,4,2,2,0,,,,0,,,,,,,,,,,,,2,0,2,6,2,2,2,2,2,1,,,0,1,,2,2,1,2,1.00
Public Class,"org.apache.commons.math3.genetics.ChromosomePair",1,1,0,4,1,,0,,4,4,0,0,4,51,19,6,,,13,,,,1,1,1,,1,1,8,3,1,0,0,,,2,4,0,,5,8,27,,8,7,6,,,1,1,,0,50,4,4,4,4,1.42
Public Constructor,"org.apache.commons.math3.genetics.ChromosomePair.ChromosomePair",,,,,,,,,,,,,,11,5,3,3,0,4,1,1,0,,,,0,,,,,,,,,,,,,5,0,1,6,1,3,1,3,1,1,,,0,0,,1,1,1,1,1.20
Public Method,"org.apache.commons.math3.genetics.ChromosomePair.getFirst",,,,,,,,,,,,,,8,3,1,1,0,2,1,1,0,,,,0,,,,,,,,,,,,,5,0,1,5,1,1,1,1,1,1,,,0,0,,1,1,1,1,1.67
Public Method,"org.apache.commons.math3.genetics.ChromosomePair.getSecond",,,,,,,,,,,,,,8,3,1,1,0,2,1,1,0,,,,0,,,,,,,,,,,,,5,0,1,5,1,1,1,1,1,1,,,0,0,,1,1,1,1,1.67
Public Method,"org.apache.commons.math3.genetics.ChromosomePair.toString",,,,,,,,,,,,,,6,3,1,4,0,2,1,1,0,,,,0,,,,,,,,,,,,,0,0,1,3,1,1,1,1,1,1,,,0,0,,1,1,1,1,1.00
Public Class,"org.apache.commons.math3.genetics.ChromosomeTest",1,1,2,0,2,,0,,2,2,0,0,2,85,75,41,,,48,,,,1,1,1,,1,1,33,30,1,0,0,,,0,2,0,,9,29,1,,33,26,22,,,1,1,,0,0,2,2,2,2,0.01
Private Static Abstract Class,"org.apache.commons.math3.genetics.ChromosomeTest.DummyChromosome",1,1,0,0,0,,0,,2,7,0,0,1,11,10,2,,,6,,,,1,1,2,,1,1,3,3,1,5,0,,,1,2,1,,1,5,0,,3,4,2,,,1,1,,0,0,2,2,2,2,0.00
Public Constructor,"org.apache.commons.math3.genetics.ChromosomeTest.DummyChromosome.DummyChromosome",,,,,,,,,,,,,,3,3,1,2,0,2,1,1,0,,,,0,,,,,,,,,,,,,1,0,1,0,1,1,1,1,1,1,,,0,0,,1,1,1,1,0.00
Protected Method,"org.apache.commons.math3.genetics.ChromosomeTest.DummyChromosome.isSame",,,,,,,,,,,,,,3,3,1,1,0,2,1,1,0,,,,0,,,,,,,,,,,,,2,0,1,0,1,1,1,1,1,1,,,0,0,,1,1,1,1,0.00
Public Method,"org.apache.commons.math3.genetics.ChromosomeTest.testCompareTo",,,,,,,,,,,,,,22,21,13,3,0,14,1,1,0,,,,0,,,,,,,,,,,,,0,1,7,0,1,10,7,7,1,1,,,0,0,,1,1,1,1,0.00
Anonymous Class,"org.apache.commons.math3.genetics.ChromosomeTest.testCompareTo.(Anon_1)",1,1,0,0,0,,0,,1,6,0,0,1,4,4,3,,,2,,,,1,1,2,,1,1,3,3,1,0,0,,,0,1,0,,0,1,0,,1,1,1,,,1,1,,0,0,1,1,1,1,0.00
Public Method,"org.apache.commons.math3.genetics.ChromosomeTest.testCompareTo.(Anon_1).fitness",,,,,,,,,,,,,,3,3,2,1,0,2,1,1,0,,,,0,,,,,,,,,,,,,0,0,0,0,1,1,1,1,1,1,,,0,0,,1,1,1,1,0.00
Anonymous Class,"org.apache.commons.math3.genetics.ChromosomeTest.testCompareTo.(Anon_2)",1,1,0,0,0,,0,,1,6,0,0,1,4,4,3,,,2,,,,1,1,2,,1,1,3,3,1,0,0,,,0,1,0,,0,1,0,,1,1,1,,,1,1,,0,0,1,1,1,1,0.00
Public Method,"org.apache.commons.math3.genetics.ChromosomeTest.testCompareTo.(Anon_2).fitness",,,,,,,,,,,,,,3,3,2,1,0,2,1,1,0,,,,0,,,,,,,,,,,,,0,0,0,0,1,1,1,1,1,1,,,0,0,,1,1,1,1,0.00
Anonymous Class,"org.apache.commons.math3.genetics.ChromosomeTest.testCompareTo.(Anon_3)",1,1,0,0,0,,0,,1,6,0,0,1,4,4,3,,,2,,,,1,1,2,,1,1,3,3,1,0,0,,,0,1,0,,0,1,0,,1,1,1,,,1,1,,0,0,1,1,1,1,0.00
Public Method,"org.apache.commons.math3.genetics.ChromosomeTest.testCompareTo.(Anon_3).fitness",,,,,,,,,,,,,,3,3,2,1,0,2,1,1,0,,,,0,,,,,,,,,,,,,0,0,0,0,1,1,1,1,1,1,,,0,0,,1,1,1,1,0.00
Public Method,"org.apache.commons.math3.genetics.ChromosomeTest.testFindSameChromosome",,,,,,,,,,,,,,44,40,26,6,0,27,1,1,0,,,,0,,,,,,,,,,,,,0,3,14,1,1,20,14,13,1,1,,,0,0,,1,1,1,1,0.03
Anonymous Class,"org.apache.commons.math3.genetics.ChromosomeTest.testFindSameChromosome.(Anon_4)",1,1,0,0,0,,0,,1,8,0,0,1,4,4,3,,,2,,,,1,1,3,,1,1,3,3,1,0,0,,,0,1,0,,0,1,0,,1,1,1,,,1,1,,0,0,1,1,1,1,0.00
Public Method,"org.apache.commons.math3.genetics.ChromosomeTest.testFindSameChromosome.(Anon_4).fitness",,,,,,,,,,,,,,3,3,2,1,0,2,1,1,0,,,,0,,,,,,,,,,,,,0,0,0,0,1,1,1,1,1,1,,,0,0,,1,1,1,1,0.00
Anonymous Class,"org.apache.commons.math3.genetics.ChromosomeTest.testFindSameChromosome.(Anon_5)",1,1,0,0,0,,0,,1,8,0,0,1,4,4,3,,,2,,,,1,1,3,,1,1,3,3,1,0,0,,,0,1,0,,0,1,0,,1,1,1,,,1,1,,0,0,1,1,1,1,0.00
Public Method,"org.apache.commons.math3.genetics.ChromosomeTest.testFindSameChromosome.(Anon_5).fitness",,,,,,,,,,,,,,3,3,2,1,0,2,1,1,0,,,,0,,,,,,,,,,,,,0,0,0,0,1,1,1,1,1,1,,,0,0,,1,1,1,1,0.00
Anonymous Class,"org.apache.commons.math3.genetics.ChromosomeTest.testFindSameChromosome.(Anon_6)",1,1,0,0,0,,0,,1,8,0,0,1,4,4,3,,,2,,,,1,1,3,,1,1,3,3,1,0,0,,,0,1,0,,0,1,0,,1,1,1,,,1,1,,0,0,1,1,1,1,0.00
Public Method,"org.apache.commons.math3.genetics.ChromosomeTest.testFindSameChromosome.(Anon_6).fitness",,,,,,,,,,,,,,3,3,2,1,0,2,1,1,0,,,,0,,,,,,,,,,,,,0,0,0,0,1,1,1,1,1,1,,,0,0,,1,1,1,1,0.00
Anonymous Class,"org.apache.commons.math3.genetics.ChromosomeTest.testFindSameChromosome.(Anon_7)",1,1,0,0,0,,0,,1,8,0,0,1,4,4,3,,,2,,,,1,1,3,,1,1,3,3,1,0,0,,,0,1,0,,0,1,0,,1,1,1,,,1,1,,0,0,1,1,1,1,0.00
Public Method,"org.apache.commons.math3.genetics.ChromosomeTest.testFindSameChromosome.(Anon_7).fitness",,,,,,,,,,,,,,3,3,2,1,0,2,1,1,0,,,,0,,,,,,,,,,,,,0,0,0,0,1,1,1,1,1,1,,,0,0,,1,1,1,1,0.00
Anonymous Class,"org.apache.commons.math3.genetics.ChromosomeTest.testFindSameChromosome.(Anon_8)",1,1,0,0,0,,0,,1,8,0,0,1,4,4,3,,,2,,,,1,1,3,,1,1,3,3,1,0,0,,,0,1,0,,0,1,0,,1,1,1,,,1,1,,0,0,1,1,1,1,0.00
Public Method,"org.apache.commons.math3.genetics.ChromosomeTest.testFindSameChromosome.(Anon_8).fitness",,,,,,,,,,,,,,3,3,2,1,0,2,1,1,0,,,,0,,,,,,,,,,,,,0,0,0,0,1,1,1,1,1,1,,,0,0,,1,1,1,1,0.00
Anonymous Class,"org.apache.commons.math3.genetics.ChromosomeTest.testFindSameChromosome.(Anon_9)",1,1,0,1,0,,0,,1,14,0,0,1,5,4,3,,,2,,,,1,1,2,,1,1,4,3,1,0,0,,,0,1,0,,0,1,1,,1,1,1,,,1,1,,0,0,1,1,1,1,0.25
Public Method,"org.apache.commons.math3.genetics.ChromosomeTest.testFindSameChromosome.(Anon_9).nextGeneration",,,,,,,,,,,,,,4,3,2,1,0,2,1,1,0,,,,0,,,,,,,,,,,,,0,0,0,1,1,1,1,1,1,1,,,0,0,,1,1,1,1,0.33
Public Interface,"org.apache.commons.math3.genetics.CrossoverPolicy",0,0,0,0,2,,0,,1,1,1,0,0,10,3,0,,,2,,,,0,0,0,,0,0,0,0,0,1,0,,,0,1,0,,0,2,7,,1,2,0,,,0,0,,0,0,0,0,0,0,2.33
Abstract Method,"org.apache.commons.math3.genetics.CrossoverPolicy.crossover",,,,,,,,,,,,,,8,1,0,1,0,1,0,0,0,,,,0,,,,,,,,,,,,,1,0,1,7,0,1,1,0,0,0,,,0,0,,0,0,0,0,7.00
Public Class,"org.apache.commons.math3.genetics.DummyBinaryChromosome",1,1,0,0,0,,0,,4,21,0,0,4,24,15,4,,,9,,,,1,1,4,,1,1,3,3,1,1,0,,,0,4,0,,5,6,4,,4,5,4,,,1,1,,0,0,4,4,4,4,0.27
Public Constructor,"org.apache.commons.math3.genetics.DummyBinaryChromosome.DummyBinaryChromosome",,,,,,,,,,,,,,3,3,1,2,0,2,1,1,0,,,,0,,,,,,,,,,,,,12,0,1,0,1,1,1,1,1,1,,,0,0,,1,1,1,1,0.00
Public Constructor,"org.apache.commons.math3.genetics.DummyBinaryChromosome.DummyBinaryChromosome",,,,,,,,,,,,,,3,3,1,2,0,2,1,1,0,,,,0,,,,,,,,,,,,,4,0,1,0,1,1,1,1,1,1,,,0,0,,1,1,1,1,0.00
Public Method,"org.apache.commons.math3.genetics.DummyBinaryChromosome.fitness",,,,,,,,,,,,,,4,3,1,1,0,2,1,1,0,,,,0,,,,,,,,,,,,,0,0,1,1,1,1,1,1,1,1,,,0,0,,1,1,1,1,0.33
Public Method,"org.apache.commons.math3.genetics.DummyBinaryChromosome.newFixedLengthChromosome",,,,,,,,,,,,,,3,3,1,2,0,2,1,1,0,,,,0,,,,,,,,,,,,,1,0,1,0,1,1,1,1,1,1,,,0,0,,1,1,1,1,0.00
Public Class,"org.apache.commons.math3.genetics.DummyRandomKey",1,1,0,0,0,,0,,4,28,0,0,4,24,15,4,,,9,,,,1,1,4,,1,1,3,3,1,0,0,,,0,4,0,,5,6,4,,4,5,4,,,1,1,,0,0,4,4,4,4,0.27
Public Constructor,"org.apache.commons.math3.genetics.DummyRandomKey.DummyRandomKey",,,,,,,,,,,,,,3,3,1,2,0,2,1,1,0,,,,0,,,,,,,,,,,,,7,0,1,0,1,1,1,1,1,1,,,0,0,,1,1,1,1,0.00
Public Constructor,"org.apache.commons.math3.genetics.DummyRandomKey.DummyRandomKey",,,,,,,,,,,,,,3,3,1,2,0,2,1,1,0,,,,0,,,,,,,,,,,,,7,0,1,0,1,1,1,1,1,1,,,0,0,,1,1,1,1,0.00
Public Method,"org.apache.commons.math3.genetics.DummyRandomKey.fitness",,,,,,,,,,,,,,4,3,1,1,0,2,1,1,0,,,,0,,,,,,,,,,,,,0,0,1,1,1,1,1,1,1,1,,,0,0,,1,1,1,1,0.33
Public Method,"org.apache.commons.math3.genetics.DummyRandomKey.newFixedLengthChromosome",,,,,,,,,,,,,,3,3,1,2,0,2,1,1,0,,,,0,,,,,,,,,,,,,1,0,1,0,1,1,1,1,1,1,,,0,0,,1,1,1,1,0.00
Public Class,"org.apache.commons.math3.genetics.ElitisticListPopulation",1,1,0,7,3,,0,,5,18,0,0,5,88,33,16,,,24,,,,2,1,2,,1,1,14,6,1,0,0,,,1,5,0,,9,13,46,,16,11,13,,,2,3,,1,60,7,8,5,7,1.39
Public Constructor,"org.apache.commons.math3.genetics.ElitisticListPopulation.ElitisticListPopulation",,,,,,,,,,,,,,15,6,2,3,0,3,1,1,0,,,,0,,,,,,,,,,,,,8,0,3,9,1,2,1,2,1,1,,,0,0,,1,1,1,1,1.50
Public Constructor,"org.apache.commons.math3.genetics.ElitisticListPopulation.ElitisticListPopulation",,,,,,,,,,,,,,13,4,2,3,0,3,1,1,0,,,,0,,,,,,,,,,,,,10,0,1,9,1,2,1,2,1,1,,,0,0,,1,1,1,1,2.25
Public Method,"org.apache.commons.math3.genetics.ElitisticListPopulation.getElitismRate",,,,,,,,,,,,,,7,3,1,1,0,2,1,1,0,,,,0,,,,,,,,,,,,,3,0,1,4,1,1,1,1,1,1,,,0,0,,1,1,1,1,1.33
Public Method,"org.apache.commons.math3.genetics.ElitisticListPopulation.nextGeneration",,,,,,,,,,,,,,21,11,7,10,0,10,2,2,0,,,,0,,,,,,,,,,,,,1,2,5,8,2,8,5,5,2,1,,,0,1,,2,2,1,2,0.73
Public Method,"org.apache.commons.math3.genetics.ElitisticListPopulation.setElitismRate",,,,,,,,,,,,,,14,6,3,2,0,4,2,3,0,,,,0,,,,,,,,,,,,,7,0,1,8,2,2,1,3,2,1,,,0,1,,2,3,1,2,1.33
Public Class,"org.apache.commons.math3.genetics.ElitisticListPopulationTest",1,1,0,0,5,,1,,8,8,0,0,8,79,63,29,,,44,,,,2,1,1,,1,1,5,5,1,0,0,,,0,8,0,,16,36,0,,31,29,15,,,2,2,,1,100,9,9,8,9,0.00
Private Static Class,"org.apache.commons.math3.genetics.ElitisticListPopulationTest.DummyChromosome",1,1,0,0,1,,0,,2,7,0,0,2,12,10,3,,,7,,,,1,1,2,,1,1,3,3,1,0,0,,,1,2,0,,2,4,0,,4,4,3,,,1,1,,0,0,2,2,2,2,0.00
Public Constructor,"org.apache.commons.math3.genetics.ElitisticListPopulationTest.DummyChromosome.DummyChromosome",,,,,,,,,,,,,,4,4,2,3,0,3,1,1,0,,,,0,,,,,,,,,,,,,2,0,1,0,1,2,1,2,1,1,,,0,0,,1,1,1,1,0.00
Public Method,"org.apache.commons.math3.genetics.ElitisticListPopulationTest.DummyChromosome.fitness",,,,,,,,,,,,,,3,3,1,1,0,2,1,1,0,,,,0,,,,,,,,,,,,,1,0,1,0,1,1,1,1,1,1,,,0,0,,1,1,1,1,0.00
Public Method,"org.apache.commons.math3.genetics.ElitisticListPopulationTest.testChromosomeListConstructorTooHigh",,,,,,,,,,,,,,5,5,3,2,0,4,1,1,0,,,,0,,,,,,,,,,,,,0,0,3,0,1,3,3,1,1,1,,,0,0,,1,1,1,1,0.00
Public Method,"org.apache.commons.math3.genetics.ElitisticListPopulationTest.testChromosomeListConstructorTooLow",,,,,,,,,,,,,,5,5,3,2,0,4,1,1,0,,,,0,,,,,,,,,,,,,0,0,3,0,1,3,3,1,1,1,,,0,0,,1,1,1,1,0.00
Public Method,"org.apache.commons.math3.genetics.ElitisticListPopulationTest.testConstructorTooHigh",,,,,,,,,,,,,,4,4,2,1,0,3,1,1,0,,,,0,,,,,,,,,,,,,0,0,2,0,1,2,2,1,1,1,,,0,0,,1,1,1,1,0.00
Public Method,"org.apache.commons.math3.genetics.ElitisticListPopulationTest.testConstructorTooLow",,,,,,,,,,,,,,4,4,2,1,0,3,1,1,0,,,,0,,,,,,,,,,,,,0,0,2,0,1,2,2,1,1,1,,,0,0,,1,1,1,1,0.00
Public Method,"org.apache.commons.math3.genetics.ElitisticListPopulationTest.testNextGeneration",,,,,,,,,,,,,,11,8,5,7,0,8,2,2,0,,,,0,,,,,,,,,,,,,0,3,3,0,2,6,4,4,2,1,,,0,1,,2,2,1,2,0.00
Public Method,"org.apache.commons.math3.genetics.ElitisticListPopulationTest.testSetElitismRate",,,,,,,,,,,,,,6,6,4,4,0,5,1,1,0,,,,0,,,,,,,,,,,,,0,0,3,0,1,4,3,2,1,1,,,0,0,,1,1,1,1,0.00
Public Method,"org.apache.commons.math3.genetics.ElitisticListPopulationTest.testSetElitismRateTooHigh",,,,,,,,,,,,,,5,5,3,2,0,4,1,1,0,,,,0,,,,,,,,,,,,,0,0,3,0,1,3,3,1,1,1,,,0,0,,1,1,1,1,0.00
Public Method,"org.apache.commons.math3.genetics.ElitisticListPopulationTest.testSetElitismRateTooLow",,,,,,,,,,,,,,5,5,3,2,0,4,1,1,0,,,,0,,,,,,,,,,,,,0,0,3,0,1,3,3,1,1,1,,,0,0,,1,1,1,1,0.00
Public Interface,"org.apache.commons.math3.genetics.Fitness",0,0,0,0,0,,0,,1,1,1,0,0,11,3,0,,,2,,,,0,0,0,,0,0,0,0,0,1,0,,,0,1,0,,2,2,6,,1,2,0,,,0,0,,0,0,0,0,0,0,2.00
Abstract Method,"org.apache.commons.math3.genetics.Fitness.fitness",,,,,,,,,,,,,,7,1,0,1,0,1,0,0,0,,,,0,,,,,,,,,,,,,1,0,1,6,0,1,1,0,0,0,,,0,0,,0,0,0,0,6.00
Public Class,"org.apache.commons.math3.genetics.FitnessCachingTest",1,1,2,6,11,,8,,1,2,0,1,1,69,46,29,,,30,,,,2,1,1,,1,1,18,12,1,0,1,,,0,2,0,,14,24,14,,23,21,9,,,2,2,,1,37,3,3,2,3,0.30
Private Static Class,"org.apache.commons.math3.genetics.FitnessCachingTest.DummyCountingBinaryChromosome",1,1,0,0,1,,0,,2,23,0,0,2,12,10,3,,,6,,,,1,1,5,,1,1,3,3,1,0,0,,,0,2,0,,2,4,0,,3,3,3,,,1,1,,0,0,2,2,2,2,0.00
Public Constructor,"org.apache.commons.math3.genetics.FitnessCachingTest.DummyCountingBinaryChromosome.DummyCountingBinaryChromosome",,,,,,,,,,,,,,3,3,1,2,0,2,1,1,0,,,,0,,,,,,,,,,,,,2,0,1,0,1,1,1,1,1,1,,,0,0,,1,1,1,1,0.00
Public Method,"org.apache.commons.math3.genetics.FitnessCachingTest.DummyCountingBinaryChromosome.fitness",,,,,,,,,,,,,,4,4,2,2,0,3,1,1,0,,,,0,,,,,,,,,,,,,0,0,1,0,1,2,1,2,1,1,,,0,0,,1,1,1,1,0.00
Private Static Method,"org.apache.commons.math3.genetics.FitnessCachingTest.randomPopulation",,,,,,,,,,,,,,12,8,5,6,0,8,2,2,0,,,,0,,,,,,,,,,,,,4,1,3,3,2,6,4,4,2,1,,,0,1,,2,2,1,2,0.38
Public Method,"org.apache.commons.math3.genetics.FitnessCachingTest.testFitnessCaching",,,,,,,,,,,,,,24,17,13,6,0,7,1,1,0,,,,0,,,,,,,,,,,,,7,3,7,9,1,6,5,2,1,1,,,0,0,,1,1,1,1,0.53
Public Class,"org.apache.commons.math3.genetics.FixedElapsedTime",1,1,0,6,2,,0,,3,3,0,0,3,59,19,8,,,13,,,,2,1,1,,1,1,12,5,2,0,0,,,2,3,0,,5,6,35,,7,6,7,,,2,2,,1,50,5,5,3,5,1.84
Public Constructor,"org.apache.commons.math3.genetics.FixedElapsedTime.FixedElapsedTime",,,,,,,,,,,,,,13,6,3,4,0,4,2,2,0,,,,0,,,,,,,,,,,,,4,0,1,7,2,2,1,3,2,1,,,0,1,,2,2,1,2,1.17
Public Constructor,"org.apache.commons.math3.genetics.FixedElapsedTime.FixedElapsedTime",,,,,,,,,,,,,,9,3,1,2,0,2,1,1,0,,,,0,,,,,,,,,,,,,2,0,1,6,1,1,1,1,1,1,,,0,0,,1,1,1,1,2.00
Public Method,"org.apache.commons.math3.genetics.FixedElapsedTime.isSatisfied",,,,,,,,,,,,,,14,6,3,3,0,4,2,2,0,,,,0,,,,,,,,,,,,,3,1,1,7,2,2,1,3,2,1,,,0,1,,2,2,1,2,1.17
Public Class,"org.apache.commons.math3.genetics.FixedElapsedTimeTest",3,1,4,7,3,,0,,1,1,0,0,1,49,37,23,,,24,,,,3,1,1,,3,3,45,34,1,0,0,,,0,1,0,,5,11,7,,14,15,9,,,3,3,,2,0,3,3,1,3,0.19
Public Method,"org.apache.commons.math3.genetics.FixedElapsedTimeTest.testIsSatisfied",,,,,,,,,,,,,,45,34,23,7,0,23,3,3,1,,,,0,,,,,,,,,,,,,1,4,9,7,3,14,14,9,3,1,,,0,2,,3,3,1,3,0.21
Anonymous Class,"org.apache.commons.math3.genetics.FixedElapsedTimeTest.testIsSatisfied.(Anon_1)",1,1,0,1,1,,0,,6,6,0,0,6,24,18,12,,,11,,,,1,1,1,,1,1,3,2,2,0,0,,,0,6,0,,0,1,6,,5,6,5,,,1,1,,0,0,6,6,6,6,0.33
Public Method,"org.apache.commons.math3.genetics.FixedElapsedTimeTest.testIsSatisfied.(Anon_1).addChromosome",,,,,,,,,,,,,,3,2,1,0,0,1,1,1,0,,,,0,,,,,,,,,,,,,0,0,0,1,1,0,1,0,1,1,,,0,0,,1,1,1,1,0.50
Public Method,"org.apache.commons.math3.genetics.FixedElapsedTimeTest.testIsSatisfied.(Anon_1).getFittestChromosome",,,,,,,,,,,,,,4,3,2,1,0,2,1,1,0,,,,0,,,,,,,,,,,,,0,0,0,1,1,1,1,1,1,1,,,0,0,,1,1,1,1,0.33
Public Method,"org.apache.commons.math3.genetics.FixedElapsedTimeTest.testIsSatisfied.(Anon_1).getPopulationLimit",,,,,,,,,,,,,,4,3,2,1,0,2,1,1,0,,,,0,,,,,,,,,,,,,0,0,0,1,1,1,1,1,1,1,,,0,0,,1,1,1,1,0.33
Public Method,"org.apache.commons.math3.genetics.FixedElapsedTimeTest.testIsSatisfied.(Anon_1).getPopulationSize",,,,,,,,,,,,,,4,3,2,1,0,2,1,1,0,,,,0,,,,,,,,,,,,,0,0,0,1,1,1,1,1,1,1,,,0,0,,1,1,1,1,0.33
Public Method,"org.apache.commons.math3.genetics.FixedElapsedTimeTest.testIsSatisfied.(Anon_1).iterator",,,,,,,,,,,,,,4,3,2,1,0,2,1,1,0,,,,0,,,,,,,,,,,,,0,0,0,1,1,1,1,1,1,1,,,0,0,,1,1,1,1,0.33
Public Method,"org.apache.commons.math3.genetics.FixedElapsedTimeTest.testIsSatisfied.(Anon_1).nextGeneration",,,,,,,,,,,,,,4,3,2,1,0,2,1,1,0,,,,0,,,,,,,,,,,,,0,0,0,1,1,1,1,1,1,1,,,0,0,,1,1,1,1,0.33
Public Class,"org.apache.commons.math3.genetics.FixedGenerationCount",1,1,0,5,2,,0,,3,3,0,0,3,54,20,9,,,14,,,,2,1,1,,1,1,11,5,2,0,0,,,2,3,0,,5,6,29,,8,6,8,,,2,2,,1,33,5,5,3,5,1.45
Public Constructor,"org.apache.commons.math3.genetics.FixedGenerationCount.FixedGenerationCount",,,,,,,,,,,,,,12,6,3,3,0,4,2,2,0,,,,0,,,,,,,,,,,,,5,0,1,6,2,2,1,3,2,1,,,0,1,,2,2,1,2,1.00
Public Method,"org.apache.commons.math3.genetics.FixedGenerationCount.getNumGenerations",,,,,,,,,,,,,,6,3,1,1,0,2,1,1,0,,,,0,,,,,,,,,,,,,1,0,1,3,1,1,1,1,1,1,,,0,0,,1,1,1,1,1.00
Public Method,"org.apache.commons.math3.genetics.FixedGenerationCount.isSatisfied",,,,,,,,,,,,,,15,7,4,2,0,5,2,2,1,,,,0,,,,,,,,,,,,,3,0,1,8,2,3,1,4,2,1,,,0,1,,2,2,1,2,1.14
Public Class,"org.apache.commons.math3.genetics.FixedGenerationCountTest",2,1,2,6,2,,0,,1,1,0,0,1,40,30,17,,,19,,,,2,1,1,,2,2,35,27,1,0,0,,,0,1,0,,4,7,6,,10,11,8,,,2,2,,1,0,2,2,1,2,0.20
Public Method,"org.apache.commons.math3.genetics.FixedGenerationCountTest.testIsSatisfied",,,,,,,,,,,,,,35,27,17,3,0,18,2,2,0,,,,0,,,,,,,,,,,,,0,2,5,6,2,10,10,8,2,1,,,0,1,,2,2,1,2,0.22
Anonymous Class,"org.apache.commons.math3.genetics.FixedGenerationCountTest.testIsSatisfied.(Anon_1)",1,1,0,1,1,,0,,6,6,0,0,6,24,18,12,,,11,,,,1,1,1,,1,1,3,2,2,0,0,,,0,6,0,,0,1,6,,5,6,5,,,1,1,,0,0,6,6,6,6,0.33
Public Method,"org.apache.commons.math3.genetics.FixedGenerationCountTest.testIsSatisfied.(Anon_1).addChromosome",,,,,,,,,,,,,,3,2,1,0,0,1,1,1,0,,,,0,,,,,,,,,,,,,0,0,0,1,1,0,1,0,1,1,,,0,0,,1,1,1,1,0.50
Public Method,"org.apache.commons.math3.genetics.FixedGenerationCountTest.testIsSatisfied.(Anon_1).getFittestChromosome",,,,,,,,,,,,,,4,3,2,1,0,2,1,1,0,,,,0,,,,,,,,,,,,,0,0,0,1,1,1,1,1,1,1,,,0,0,,1,1,1,1,0.33
Public Method,"org.apache.commons.math3.genetics.FixedGenerationCountTest.testIsSatisfied.(Anon_1).getPopulationLimit",,,,,,,,,,,,,,4,3,2,1,0,2,1,1,0,,,,0,,,,,,,,,,,,,0,0,0,1,1,1,1,1,1,1,,,0,0,,1,1,1,1,0.33
Public Method,"org.apache.commons.math3.genetics.FixedGenerationCountTest.testIsSatisfied.(Anon_1).getPopulationSize",,,,,,,,,,,,,,4,3,2,1,0,2,1,1,0,,,,0,,,,,,,,,,,,,0,0,0,1,1,1,1,1,1,1,,,0,0,,1,1,1,1,0.33
Public Method,"org.apache.commons.math3.genetics.FixedGenerationCountTest.testIsSatisfied.(Anon_1).iterator",,,,,,,,,,,,,,4,3,2,1,0,2,1,1,0,,,,0,,,,,,,,,,,,,0,0,0,1,1,1,1,1,1,1,,,0,0,,1,1,1,1,0.33
Public Method,"org.apache.commons.math3.genetics.FixedGenerationCountTest.testIsSatisfied.(Anon_1).nextGeneration",,,,,,,,,,,,,,4,3,2,1,0,2,1,1,0,,,,0,,,,,,,,,,,,,0,0,0,1,1,1,1,1,1,1,,,0,0,,1,1,1,1,0.33
Public Class,"org.apache.commons.math3.genetics.GeneticAlgorithm",1,1,0,7,10,,1,,9,11,0,0,11,212,81,41,,,54,,,,5,1,1,,1,1,14,6,1,0,2,,,6,11,0,,26,27,105,,35,23,31,,,5,5,,2,81,18,20,11,18,1.30
Public Constructor,"org.apache.commons.math3.genetics.GeneticAlgorithm.GeneticAlgorithm",,,,,,,,,,,,,,28,19,11,7,1,10,3,5,0,,,,0,,,,,,,,,,,,,10,1,5,8,4,7,1,9,3,1,,,0,1,,3,5,1,3,0.42
Public Method,"org.apache.commons.math3.genetics.GeneticAlgorithm.evolve",,,,,,,,,,,,,,19,9,6,4,0,7,2,2,0,,,,0,,,,,,,,,,,,,5,0,2,10,2,5,2,5,2,1,,,0,1,,2,2,1,2,1.11
Public Method,"org.apache.commons.math3.genetics.GeneticAlgorithm.getCrossoverPolicy",,,,,,,,,,,,,,7,3,1,1,0,2,1,1,0,,,,0,,,,,,,,,,,,,2,0,1,4,1,1,1,1,1,1,,,0,0,,1,1,1,1,1.33
Public Method,"org.apache.commons.math3.genetics.GeneticAlgorithm.getCrossoverRate",,,,,,,,,,,,,,7,3,1,1,0,2,1,1,0,,,,0,,,,,,,,,,,,,2,0,1,4,1,1,1,1,1,1,,,0,0,,1,1,1,1,1.33
Public Method,"org.apache.commons.math3.genetics.GeneticAlgorithm.getGenerationsEvolved",,,,,,,,,,,,,,10,3,1,1,0,2,1,1,0,,,,0,,,,,,,,,,,,,2,0,1,7,1,1,1,1,1,1,,,0,0,,1,1,1,1,2.33
Public Method,"org.apache.commons.math3.genetics.GeneticAlgorithm.getMutationPolicy",,,,,,,,,,,,,,7,3,1,1,0,2,1,1,0,,,,0,,,,,,,,,,,,,2,0,1,4,1,1,1,1,1,1,,,0,0,,1,1,1,1,1.33
Public Method,"org.apache.commons.math3.genetics.GeneticAlgorithm.getMutationRate",,,,,,,,,,,,,,7,3,1,1,0,2,1,1,0,,,,0,,,,,,,,,,,,,2,0,1,4,1,1,1,1,1,1,,,0,0,,1,1,1,1,1.33
Public Static Method,"org.apache.commons.math3.genetics.GeneticAlgorithm.getRandomGenerator",,,,,,,,,,,,,,8,3,1,1,0,2,1,1,0,,,,0,,,,,,,,,,,,,8,0,1,5,1,1,1,1,1,1,,,0,0,,1,1,1,1,1.67
Public Method,"org.apache.commons.math3.genetics.GeneticAlgorithm.getSelectionPolicy",,,,,,,,,,,,,,7,3,1,1,0,2,1,1,0,,,,0,,,,,,,,,,,,,2,0,1,4,1,1,1,1,1,1,,,0,0,,1,1,1,1,1.33
Public Method,"org.apache.commons.math3.genetics.GeneticAlgorithm.nextGeneration",,,,,,,,,,,,,,56,20,14,18,1,13,5,5,0,,,,0,,,,,,,,,,,,,2,6,4,30,9,8,4,9,5,1,,,0,2,,5,5,1,5,1.50
Public Static Method,"org.apache.commons.math3.genetics.GeneticAlgorithm.setRandomGenerator",,,,,,,,,,,,,,8,3,1,1,0,2,1,1,0,,,,0,,,,,,,,,,,,,1,0,1,5,1,1,1,1,1,1,,,0,0,,1,1,1,1,1.67
Public Class,"org.apache.commons.math3.genetics.GeneticAlgorithmTestBinary",1,1,5,6,11,,7,,1,2,0,1,1,98,52,34,,,38,,,,2,1,1,,1,1,23,12,1,0,1,,,0,2,0,,21,26,26,,27,25,13,,,2,2,,1,50,3,3,2,3,0.50
Private Static Class,"org.apache.commons.math3.genetics.GeneticAlgorithmTestBinary.FindOnes",1,1,0,1,0,,0,,3,20,0,0,3,30,17,7,,,12,,,,3,1,4,,1,1,6,4,1,0,0,,,0,3,0,,4,6,9,,5,6,6,,,3,3,,2,0,5,5,3,5,0.53
Public Constructor,"org.apache.commons.math3.genetics.GeneticAlgorithmTestBinary.FindOnes.FindOnes",,,,,,,,,,,,,,3,3,1,2,0,2,1,1,0,,,,0,,,,,,,,,,,,,3,0,1,0,1,1,1,1,1,1,,,0,0,,1,1,1,1,0.00
Public Method,"org.apache.commons.math3.genetics.GeneticAlgorithmTestBinary.FindOnes.fitness",,,,,,,,,,,,,,12,8,5,2,0,7,3,3,0,,,,0,,,,,,,,,,,,,0,0,2,4,3,3,3,4,3,1,,,0,2,,3,3,1,3,0.50
Public Method,"org.apache.commons.math3.genetics.GeneticAlgorithmTestBinary.FindOnes.newFixedLengthChromosome",,,,,,,,,,,,,,3,3,1,2,0,2,1,1,0,,,,0,,,,,,,,,,,,,1,0,1,0,1,1,1,1,1,1,,,0,0,,1,1,1,1,0.00
Private Static Method,"org.apache.commons.math3.genetics.GeneticAlgorithmTestBinary.randomPopulation",,,,,,,,,,,,,,12,8,5,6,0,8,2,2,0,,,,0,,,,,,,,,,,,,4,1,3,3,2,6,4,4,2,1,,,0,1,,2,2,1,2,0.38
Public Method,"org.apache.commons.math3.genetics.GeneticAlgorithmTestBinary.test",,,,,,,,,,,,,,35,17,15,10,0,10,1,1,0,,,,0,,,,,,,,,,,,,4,9,8,10,1,9,7,3,1,1,,,0,0,,1,1,1,1,0.59
Public Class,"org.apache.commons.math3.genetics.GeneticAlgorithmTestPermutations",1,1,4,7,11,,8,,1,2,0,1,1,106,59,37,,,44,,,,2,1,1,,1,1,22,11,1,0,1,,,0,2,0,,17,30,30,,33,29,15,,,2,2,,1,56,3,3,2,3,0.51
Private Static Class,"org.apache.commons.math3.genetics.GeneticAlgorithmTestPermutations.MinPermutations",1,1,0,1,2,,0,,3,27,0,0,3,31,20,9,,,15,,,,3,1,4,,1,1,6,5,1,0,0,,,0,3,0,,3,8,8,,9,8,7,,,3,3,,2,0,5,5,3,5,0.40
Public Constructor,"org.apache.commons.math3.genetics.GeneticAlgorithmTestPermutations.MinPermutations.MinPermutations",,,,,,,,,,,,,,3,3,1,2,0,2,1,1,0,,,,0,,,,,,,,,,,,,3,0,1,0,1,1,1,1,1,1,,,0,0,,1,1,1,1,0.00
Public Method,"org.apache.commons.math3.genetics.GeneticAlgorithmTestPermutations.MinPermutations.fitness",,,,,,,,,,,,,,14,11,7,5,0,10,3,3,0,,,,0,,,,,,,,,,,,,1,0,4,3,3,7,5,5,3,1,,,0,2,,3,3,1,3,0.27
Public Method,"org.apache.commons.math3.genetics.GeneticAlgorithmTestPermutations.MinPermutations.newFixedLengthChromosome",,,,,,,,,,,,,,3,3,1,2,0,2,1,1,0,,,,0,,,,,,,,,,,,,1,0,1,0,1,1,1,1,1,1,,,0,0,,1,1,1,1,0.00
Private Static Method,"org.apache.commons.math3.genetics.GeneticAlgorithmTestPermutations.randomPopulation",,,,,,,,,,,,,,11,8,5,6,0,8,2,2,0,,,,0,,,,,,,,,,,,,4,0,3,3,2,6,4,4,2,1,,,0,1,,2,2,1,2,0.38
Public Method,"org.apache.commons.math3.genetics.GeneticAlgorithmTestPermutations.test",,,,,,,,,,,,,,34,15,13,8,0,8,1,1,0,,,,0,,,,,,,,,,,,,4,8,8,11,1,7,7,1,1,1,,,0,0,,1,1,1,1,0.73
Public Class,"org.apache.commons.math3.genetics.InvalidRepresentationException",1,1,0,6,1,,1,,1,5,0,0,1,22,6,2,,,4,,,,1,1,3,,1,1,9,3,1,0,0,,,0,1,0,,3,3,13,,2,3,1,,,1,1,,0,100,1,1,1,1,2.17
Public Constructor,"org.apache.commons.math3.genetics.InvalidRepresentationException.InvalidRepresentationException",,,,,,,,,,,,,,9,3,1,2,0,2,1,1,0,,,,0,,,,,,,,,,,,,4,0,1,6,1,1,1,1,1,1,,,0,0,,1,1,1,1,2.00
Public Abstract Class,"org.apache.commons.math3.genetics.ListPopulation",1,1,0,5,6,,0,,13,13,0,0,12,182,85,42,,,55,,,,4,1,1,,1,1,11,6,2,13,0,,,2,13,1,,15,19,82,,29,18,37,,,4,4,,2,38,24,24,13,24,0.96
Public Constructor,"org.apache.commons.math3.genetics.ListPopulation.ListPopulation",,,,,,,,,,,,,,24,15,10,8,1,10,4,4,0,,,,0,,,,,,,,,,,,,7,0,1,9,8,6,1,9,4,1,,,0,1,,4,4,1,4,0.60
Public Constructor,"org.apache.commons.math3.genetics.ListPopulation.ListPopulation",,,,,,,,,,,,,,9,3,1,3,0,2,1,1,0,,,,0,,,,,,,,,,,,,2,0,1,6,1,1,1,1,1,1,,,0,0,,1,1,1,1,2.00
Public Method,"org.apache.commons.math3.genetics.ListPopulation.addChromosome",,,,,,,,,,,,,,13,7,4,3,0,4,2,2,0,,,,0,,,,,,,,,,,,,7,0,1,6,2,2,1,3,2,1,,,0,1,,2,2,1,2,0.86
Public Method,"org.apache.commons.math3.genetics.ListPopulation.addChromosomes",,,,,,,,,,,,,,13,7,4,3,0,4,2,2,0,,,,0,,,,,,,,,,,,,7,0,1,6,2,2,1,3,2,1,,,0,1,,2,2,1,2,0.86
Protected Method,"org.apache.commons.math3.genetics.ListPopulation.getChromosomeList",,,,,,,,,,,,,,7,3,1,1,0,2,1,1,0,,,,0,,,,,,,,,,,,,2,0,1,4,1,1,1,1,1,1,,,0,0,,1,1,1,1,1.33
Public Method,"org.apache.commons.math3.genetics.ListPopulation.getChromosomes",,,,,,,,,,,,,,7,3,1,2,0,2,1,1,0,,,,0,,,,,,,,,,,,,4,0,1,4,1,1,1,1,1,1,,,0,0,,1,1,1,1,1.33
Public Method,"org.apache.commons.math3.genetics.ListPopulation.getFittestChromosome",,,,,,,,,,,,,,15,9,5,3,0,7,3,3,0,,,,0,,,,,,,,,,,,,3,0,2,6,3,3,3,4,3,1,,,0,2,,3,3,1,3,0.67
Public Method,"org.apache.commons.math3.genetics.ListPopulation.getPopulationLimit",,,,,,,,,,,,,,7,3,1,1,0,2,1,1,0,,,,0,,,,,,,,,,,,,6,0,1,4,1,1,1,1,1,1,,,0,0,,1,1,1,1,1.33
Public Method,"org.apache.commons.math3.genetics.ListPopulation.getPopulationSize",,,,,,,,,,,,,,7,3,1,2,0,2,1,1,0,,,,0,,,,,,,,,,,,,2,0,1,4,1,1,1,1,1,1,,,0,0,,1,1,1,1,1.33
Public Method,"org.apache.commons.math3.genetics.ListPopulation.iterator",,,,,,,,,,,,,,9,3,1,3,0,2,1,1,0,,,,0,,,,,,,,,,,,,1,0,1,6,1,1,1,1,1,1,,,0,0,,1,1,1,1,2.00
Public Method,"org.apache.commons.math3.genetics.ListPopulation.setChromosomes",,,,,,,,,,,,,,20,11,7,5,1,7,3,3,0,,,,0,,,,,,,,,,,,,4,0,1,9,4,4,1,6,3,1,,,0,1,,3,3,1,3,0.82
Public Method,"org.apache.commons.math3.genetics.ListPopulation.setPopulationLimit",,,,,,,,,,,,,,16,9,5,4,1,6,3,3,0,,,,0,,,,,,,,,,,,,6,0,1,7,4,3,1,5,3,1,,,0,1,,3,3,1,3,0.78
Public Method,"org.apache.commons.math3.genetics.ListPopulation.toString",,,,,,,,,,,,,,6,3,1,2,0,2,1,1,0,,,,0,,,,,,,,,,,,,2,0,1,3,1,1,1,1,1,1,,,0,0,,1,1,1,1,1.00
Public Class,"org.apache.commons.math3.genetics.ListPopulationTest",1,1,1,1,7,,0,,10,10,0,0,10,179,141,84,,,94,,,,2,1,1,,1,1,15,12,1,0,0,,,0,10,0,,28,49,10,,68,43,51,,,2,2,,1,0,12,12,10,12,0.07
Public Method,"org.apache.commons.math3.genetics.ListPopulationTest.testAddTooManyChromosomes",,,,,,,,,,,,,,15,12,8,4,0,9,1,1,0,,,,0,,,,,,,,,,,,,0,2,4,1,1,7,4,5,1,1,,,0,0,,1,1,1,1,0.08
Anonymous Class,"org.apache.commons.math3.genetics.ListPopulationTest.testAddTooManyChromosomes.(Anon_10)",1,1,0,1,0,,0,,1,14,0,0,1,5,4,3,,,2,,,,1,1,2,,1,1,4,3,1,0,0,,,0,1,0,,0,1,1,,1,1,1,,,1,1,,0,0,1,1,1,1,0.25
Public Method,"org.apache.commons.math3.genetics.ListPopulationTest.testAddTooManyChromosomes.(Anon_10).nextGeneration",,,,,,,,,,,,,,4,3,2,1,0,2,1,1,0,,,,0,,,,,,,,,,,,,0,0,0,1,1,1,1,1,1,1,,,0,0,,1,1,1,1,0.33
Public Method,"org.apache.commons.math3.genetics.ListPopulationTest.testAddTooManyChromosomesSingleCall",,,,,,,,,,,,,,13,10,5,4,0,8,2,2,0,,,,0,,,,,,,,,,,,,0,2,3,1,2,5,4,4,2,1,,,0,1,,2,2,1,2,0.10
Anonymous Class,"org.apache.commons.math3.genetics.ListPopulationTest.testAddTooManyChromosomesSingleCall.(Anon_11)",1,1,0,1,0,,0,,1,14,0,0,1,5,4,3,,,2,,,,1,1,2,,1,1,4,3,1,0,0,,,0,1,0,,0,1,1,,1,1,1,,,1,1,,0,0,1,1,1,1,0.25
Public Method,"org.apache.commons.math3.genetics.ListPopulationTest.testAddTooManyChromosomesSingleCall.(Anon_11).nextGeneration",,,,,,,,,,,,,,4,3,2,1,0,2,1,1,0,,,,0,,,,,,,,,,,,,0,0,0,1,1,1,1,1,1,1,,,0,0,,1,1,1,1,0.33
Public Method,"org.apache.commons.math3.genetics.ListPopulationTest.testChromosomeListConstructorPopulationLimitNotPositive",,,,,,,,,,,,,,10,9,6,3,0,6,1,1,0,,,,0,,,,,,,,,,,,,0,0,2,1,1,4,3,3,1,1,,,0,0,,1,1,1,1,0.11
Anonymous Class,"org.apache.commons.math3.genetics.ListPopulationTest.testChromosomeListConstructorPopulationLimitNotPositive.(Anon_8)",1,1,0,1,0,,0,,1,14,0,0,1,5,4,3,,,2,,,,1,1,2,,1,1,4,3,1,0,0,,,0,1,0,,0,0,1,,1,1,1,,,1,1,,0,0,1,1,1,1,0.25
Public Method,"org.apache.commons.math3.genetics.ListPopulationTest.testChromosomeListConstructorPopulationLimitNotPositive.(Anon_8).nextGeneration",,,,,,,,,,,,,,4,3,2,1,0,2,1,1,0,,,,0,,,,,,,,,,,,,0,0,0,1,1,1,1,1,1,1,,,0,0,,1,1,1,1,0.33
Public Method,"org.apache.commons.math3.genetics.ListPopulationTest.testChromosomes",,,,,,,,,,,,,,21,16,12,10,0,13,1,1,0,,,,0,,,,,,,,,,,,,0,4,4,1,1,11,4,9,1,1,,,0,0,,1,1,1,1,0.06
Anonymous Class,"org.apache.commons.math3.genetics.ListPopulationTest.testChromosomes.(Anon_5)",1,1,0,1,0,,0,,1,14,0,0,1,5,4,3,,,2,,,,1,1,2,,1,1,4,3,1,0,0,,,0,1,0,,0,1,1,,1,1,1,,,1,1,,0,0,1,1,1,1,0.25
Public Method,"org.apache.commons.math3.genetics.ListPopulationTest.testChromosomes.(Anon_5).nextGeneration",,,,,,,,,,,,,,4,3,2,1,0,2,1,1,0,,,,0,,,,,,,,,,,,,0,0,0,1,1,1,1,1,1,1,,,0,0,,1,1,1,1,0.33
Public Method,"org.apache.commons.math3.genetics.ListPopulationTest.testConstructorListOfChromosomesBiggerThanPopulationSize",,,,,,,,,,,,,,12,11,8,3,0,8,1,1,0,,,,0,,,,,,,,,,,,,0,0,2,1,1,6,3,5,1,1,,,0,0,,1,1,1,1,0.09
Anonymous Class,"org.apache.commons.math3.genetics.ListPopulationTest.testConstructorListOfChromosomesBiggerThanPopulationSize.(Anon_9)",1,1,0,1,0,,0,,1,14,0,0,1,5,4,3,,,2,,,,1,1,2,,1,1,4,3,1,0,0,,,0,1,0,,0,0,1,,1,1,1,,,1,1,,0,0,1,1,1,1,0.25
Public Method,"org.apache.commons.math3.genetics.ListPopulationTest.testConstructorListOfChromosomesBiggerThanPopulationSize.(Anon_9).nextGeneration",,,,,,,,,,,,,,4,3,2,1,0,2,1,1,0,,,,0,,,,,,,,,,,,,0,0,0,1,1,1,1,1,1,1,,,0,0,,1,1,1,1,0.33
Public Method,"org.apache.commons.math3.genetics.ListPopulationTest.testConstructorPopulationLimitNotPositive",,,,,,,,,,,,,,8,7,4,0,0,4,1,1,0,,,,0,,,,,,,,,,,,,0,0,1,1,1,2,2,2,1,1,,,0,0,,1,1,1,1,0.14
Anonymous Class,"org.apache.commons.math3.genetics.ListPopulationTest.testConstructorPopulationLimitNotPositive.(Anon_7)",1,1,0,1,0,,0,,1,14,0,0,1,5,4,3,,,2,,,,1,1,2,,1,1,4,3,1,0,0,,,0,1,0,,0,0,1,,1,1,1,,,1,1,,0,0,1,1,1,1,0.25
Public Method,"org.apache.commons.math3.genetics.ListPopulationTest.testConstructorPopulationLimitNotPositive.(Anon_7).nextGeneration",,,,,,,,,,,,,,4,3,2,1,0,2,1,1,0,,,,0,,,,,,,,,,,,,0,0,0,1,1,1,1,1,1,1,,,0,0,,1,1,1,1,0.33
Public Method,"org.apache.commons.math3.genetics.ListPopulationTest.testGetFittestChromosome",,,,,,,,,,,,,,31,27,17,3,0,18,1,1,0,,,,0,,,,,,,,,,,,,0,3,10,1,1,13,10,8,1,1,,,0,0,,1,1,1,1,0.04
Anonymous Class,"org.apache.commons.math3.genetics.ListPopulationTest.testGetFittestChromosome.(Anon_1)",1,1,0,0,0,,0,,1,6,0,0,1,4,4,3,,,2,,,,1,1,2,,1,1,3,3,1,0,0,,,0,1,0,,0,1,0,,1,1,1,,,1,1,,0,0,1,1,1,1,0.00
Public Method,"org.apache.commons.math3.genetics.ListPopulationTest.testGetFittestChromosome.(Anon_1).fitness",,,,,,,,,,,,,,3,3,2,1,0,2,1,1,0,,,,0,,,,,,,,,,,,,0,0,0,0,1,1,1,1,1,1,,,0,0,,1,1,1,1,0.00
Anonymous Class,"org.apache.commons.math3.genetics.ListPopulationTest.testGetFittestChromosome.(Anon_2)",1,1,0,0,0,,0,,1,6,0,0,1,4,4,3,,,2,,,,1,1,2,,1,1,3,3,1,0,0,,,0,1,0,,0,1,0,,1,1,1,,,1,1,,0,0,1,1,1,1,0.00
Public Method,"org.apache.commons.math3.genetics.ListPopulationTest.testGetFittestChromosome.(Anon_2).fitness",,,,,,,,,,,,,,3,3,2,1,0,2,1,1,0,,,,0,,,,,,,,,,,,,0,0,0,0,1,1,1,1,1,1,,,0,0,,1,1,1,1,0.00
Anonymous Class,"org.apache.commons.math3.genetics.ListPopulationTest.testGetFittestChromosome.(Anon_3)",1,1,0,0,0,,0,,1,6,0,0,1,4,4,3,,,2,,,,1,1,2,,1,1,3,3,1,0,0,,,0,1,0,,0,1,0,,1,1,1,,,1,1,,0,0,1,1,1,1,0.00
Public Method,"org.apache.commons.math3.genetics.ListPopulationTest.testGetFittestChromosome.(Anon_3).fitness",,,,,,,,,,,,,,3,3,2,1,0,2,1,1,0,,,,0,,,,,,,,,,,,,0,0,0,0,1,1,1,1,1,1,,,0,0,,1,1,1,1,0.00
Anonymous Class,"org.apache.commons.math3.genetics.ListPopulationTest.testGetFittestChromosome.(Anon_4)",1,1,0,1,0,,0,,1,14,0,0,1,5,4,3,,,2,,,,1,1,2,,1,1,4,3,1,0,0,,,0,1,0,,0,1,1,,1,1,1,,,1,1,,0,0,1,1,1,1,0.25
Public Method,"org.apache.commons.math3.genetics.ListPopulationTest.testGetFittestChromosome.(Anon_4).nextGeneration",,,,,,,,,,,,,,4,3,2,1,0,2,1,1,0,,,,0,,,,,,,,,,,,,0,0,0,1,1,1,1,1,1,1,,,0,0,,1,1,1,1,0.33
Public Method,"org.apache.commons.math3.genetics.ListPopulationTest.testIterator",,,,,,,,,,,,,,21,17,12,8,0,13,2,2,0,,,,0,,,,,,,,,,,,,0,3,5,1,2,10,5,8,2,1,,,0,1,,2,2,1,2,0.06
Anonymous Class,"org.apache.commons.math3.genetics.ListPopulationTest.testIterator.(Anon_12)",1,1,0,1,0,,0,,1,14,0,0,1,5,4,3,,,2,,,,1,1,2,,1,1,4,3,1,0,0,,,0,1,0,,0,1,1,,1,1,1,,,1,1,,0,0,1,1,1,1,0.25
Public Method,"org.apache.commons.math3.genetics.ListPopulationTest.testIterator.(Anon_12).nextGeneration",,,,,,,,,,,,,,4,3,2,1,0,2,1,1,0,,,,0,,,,,,,,,,,,,0,0,0,1,1,1,1,1,1,1,,,0,0,,1,1,1,1,0.33
Public Method,"org.apache.commons.math3.genetics.ListPopulationTest.testSetPopulationLimit",,,,,,,,,,,,,,10,8,4,1,0,5,1,1,0,,,,0,,,,,,,,,,,,,0,1,3,1,1,3,3,2,1,1,,,0,0,,1,1,1,1,0.12
Anonymous Class,"org.apache.commons.math3.genetics.ListPopulationTest.testSetPopulationLimit.(Anon_6)",1,1,0,1,0,,0,,1,14,0,0,1,5,4,3,,,2,,,,1,1,2,,1,1,4,3,1,0,0,,,0,1,0,,0,1,1,,1,1,1,,,1,1,,0,0,1,1,1,1,0.25
Public Method,"org.apache.commons.math3.genetics.ListPopulationTest.testSetPopulationLimit.(Anon_6).nextGeneration",,,,,,,,,,,,,,4,3,2,1,0,2,1,1,0,,,,0,,,,,,,,,,,,,0,0,0,1,1,1,1,1,1,1,,,0,0,,1,1,1,1,0.33
Public Method,"org.apache.commons.math3.genetics.ListPopulationTest.testSetPopulationLimitTooSmall",,,,,,,,,,,,,,15,12,8,4,0,9,1,1,0,,,,0,,,,,,,,,,,,,0,2,4,1,1,7,4,5,1,1,,,0,0,,1,1,1,1,0.08
Anonymous Class,"org.apache.commons.math3.genetics.ListPopulationTest.testSetPopulationLimitTooSmall.(Anon_13)",1,1,0,1,0,,0,,1,14,0,0,1,5,4,3,,,2,,,,1,1,2,,1,1,4,3,1,0,0,,,0,1,0,,0,1,1,,1,1,1,,,1,1,,0,0,1,1,1,1,0.25
Public Method,"org.apache.commons.math3.genetics.ListPopulationTest.testSetPopulationLimitTooSmall.(Anon_13).nextGeneration",,,,,,,,,,,,,,4,3,2,1,0,2,1,1,0,,,,0,,,,,,,,,,,,,0,0,0,1,1,1,1,1,1,1,,,0,0,,1,1,1,1,0.33
Public Interface,"org.apache.commons.math3.genetics.MutationPolicy",0,0,0,0,1,,0,,1,1,1,0,0,9,3,0,,,2,,,,0,0,0,,0,0,0,0,0,2,0,,,0,1,0,,1,2,5,,1,2,0,,,0,0,,0,0,0,0,0,0,1.67
Abstract Method,"org.apache.commons.math3.genetics.MutationPolicy.mutate",,,,,,,,,,,,,,6,1,0,1,0,1,0,0,0,,,,0,,,,,,,,,,,,,2,0,1,5,0,1,1,0,0,0,,,0,0,,0,0,0,0,5.00
Public Generic Class,"org.apache.commons.math3.genetics.OnePointCrossover",3,1,2,17,8,,0,,2,2,0,1,1,99,31,19,,,25,,,,4,1,1,,3,3,33,14,2,0,0,,,0,2,0,,8,11,61,,18,11,14,,,4,4,,1,0,6,7,2,6,1.97
TypeVariable,"org.apache.commons.math3.genetics.OnePointCrossover.T",0,0,0,0,0,,0,,0,0,0,0,0,0,0,0,,,0,,,,0,0,1,,0,0,0,0,1,0,0,,,0,0,0,,0,0,0,,0,0,0,,,0,0,,0,0,0,0,0,0,0.00
Public Method,"org.apache.commons.math3.genetics.OnePointCrossover.crossover",,,,,,,,,,,,,,28,6,3,3,0,4,2,3,0,,,,0,,,,,,,,,,,,,3,0,1,22,2,2,1,3,2,1,,,0,1,,2,3,1,2,3.67
Private Method,"org.apache.commons.math3.genetics.OnePointCrossover.crossover",,,,,,,,,,,,,,39,22,16,10,1,20,4,4,0,,,,0,,,,,,,,,,,,,4,4,8,13,8,16,9,11,4,1,,,0,1,,4,4,1,4,0.59
Public Class,"org.apache.commons.math3.genetics.OnePointCrossoverTest",2,1,6,3,5,,0,,1,1,0,0,1,38,27,21,,,25,,,,2,1,1,,2,2,33,24,1,0,0,,,0,1,0,,8,11,3,,22,11,14,,,2,2,,1,0,2,2,1,2,0.11
Public Method,"org.apache.commons.math3.genetics.OnePointCrossoverTest.testCrossover",,,,,,,,,,,,,,33,24,21,7,0,24,2,2,0,,,,0,,,,,,,,,,,,,1,6,9,3,2,22,10,14,2,1,,,0,1,,2,2,1,2,0.12
Public Generic Interface,"org.apache.commons.math3.genetics.PermutationChromosome",0,0,0,0,0,,0,,1,1,1,0,0,14,3,0,,,2,,,,0,0,0,,0,0,0,0,0,1,0,,,0,1,0,,2,2,9,,1,2,0,,,0,0,,0,0,0,0,0,0,3.00
TypeVariable,"org.apache.commons.math3.genetics.PermutationChromosome.T",0,0,0,0,0,,0,,0,0,0,0,0,0,0,0,,,0,,,,0,0,1,,0,0,0,0,1,0,0,,,0,0,0,,0,0,0,,0,0,0,,,0,0,,0,0,0,0,0,0,0.00
Abstract Method,"org.apache.commons.math3.genetics.PermutationChromosome.decode",,,,,,,,,,,,,,10,1,0,1,0,1,0,0,0,,,,0,,,,,,,,,,,,,0,0,1,9,0,1,1,0,0,0,,,0,0,,0,0,0,0,9.00
Public Interface,"org.apache.commons.math3.genetics.Population",0,0,0,0,1,,0,,5,5,5,0,0,33,7,0,,,6,,,,0,0,2,,0,0,0,0,1,3,0,,,0,5,0,,4,6,22,,5,6,0,,,0,0,,0,0,0,0,0,0,3.14
Abstract Method,"org.apache.commons.math3.genetics.Population.addChromosome",,,,,,,,,,,,,,7,1,0,0,0,1,0,0,0,,,,0,,,,,,,,,,,,,1,0,1,6,0,1,1,0,0,0,,,0,0,,0,0,0,0,6.00
Abstract Method,"org.apache.commons.math3.genetics.Population.getFittestChromosome",,,,,,,,,,,,,,5,1,0,1,0,1,0,0,0,,,,0,,,,,,,,,,,,,2,0,1,4,0,1,1,0,0,0,,,0,0,,0,0,0,0,4.00
Abstract Method,"org.apache.commons.math3.genetics.Population.getPopulationLimit",,,,,,,,,,,,,,5,1,0,1,0,1,0,0,0,,,,0,,,,,,,,,,,,,1,0,1,4,0,1,1,0,0,0,,,0,0,,0,0,0,0,4.00
Abstract Method,"org.apache.commons.math3.genetics.Population.getPopulationSize",,,,,,,,,,,,,,5,1,0,1,0,1,0,0,0,,,,0,,,,,,,,,,,,,2,0,1,4,0,1,1,0,0,0,,,0,0,,0,0,0,0,4.00
Abstract Method,"org.apache.commons.math3.genetics.Population.nextGeneration",,,,,,,,,,,,,,5,1,0,1,0,1,0,0,0,,,,0,,,,,,,,,,,,,1,0,1,4,0,1,1,0,0,0,,,0,0,,0,0,0,0,4.00
Public Abstract Generic Class,"org.apache.commons.math3.genetics.RandomKey",2,1,0,8,6,,0,,6,24,0,2,8,282,114,64,,,89,,,,5,5,3,,2,2,18,8,2,2,6,,,2,12,2,,25,38,143,,60,38,51,,,5,5,,2,79,27,28,16,27,1.25
Public Constructor,"org.apache.commons.math3.genetics.RandomKey.RandomKey",,,,,,,,,,,,,,18,9,7,10,0,6,1,1,0,,,,0,,,,,,,,,,,,,4,0,2,9,1,5,2,4,1,1,,,0,0,,1,1,1,1,1.00
Public Constructor,"org.apache.commons.math3.genetics.RandomKey.RandomKey",,,,,,,,,,,,,,8,3,1,3,0,2,1,1,0,,,,0,,,,,,,,,,,,,2,0,1,5,1,1,1,1,1,1,,,0,0,,1,1,1,1,1.67
TypeVariable,"org.apache.commons.math3.genetics.RandomKey.T",0,0,0,0,0,,0,,0,0,0,0,0,0,0,0,,,0,,,,0,0,1,,0,0,0,0,1,0,0,,,0,0,0,,0,0,0,,0,0,0,,,0,0,,0,0,0,0,0,0,0.00
Private Static Method,"org.apache.commons.math3.genetics.RandomKey.baseSequence",,,,,,,,,,,,,,13,7,4,2,0,7,2,2,0,,,,0,,,,,,,,,,,,,2,0,2,6,2,5,3,4,2,1,,,0,1,,2,2,1,2,0.86
Protected Method,"org.apache.commons.math3.genetics.RandomKey.checkValidity",,,,,,,,,,,,,,13,9,4,1,0,5,3,4,0,,,,0,,,,,,,,,,,,,2,1,2,3,3,1,2,3,3,1,,,0,2,,3,4,1,3,0.33
Public Static Generic Method,"org.apache.commons.math3.genetics.RandomKey.comparatorPermutation",,,,,,,,,,,,,,20,6,3,3,0,4,1,1,0,,,,0,,,,,,,,,,,,,3,1,3,13,1,3,2,2,1,1,,,0,0,,1,1,1,1,2.17
TypeVariable,"org.apache.commons.math3.genetics.RandomKey.comparatorPermutation.S",0,0,0,0,0,,0,,0,0,0,0,0,0,0,0,,,0,,,,0,0,1,,0,0,0,0,1,0,0,,,0,0,0,,0,0,0,,0,0,0,,,0,0,,0,0,0,0,0,0,0.00
Public Method,"org.apache.commons.math3.genetics.RandomKey.decode",,,,,,,,,,,,,,6,3,1,3,0,2,1,1,0,,,,0,,,,,,,,,,,,,5,0,1,3,1,1,1,1,1,1,,,0,0,,1,1,1,1,1.00
Private Static Generic Method,"org.apache.commons.math3.genetics.RandomKey.decodeGeneric",,,,,,,,,,,,,,36,18,12,7,1,15,4,4,0,,,,0,,,,,,,,,,,,,5,3,6,15,8,11,6,9,4,1,,,0,1,,4,4,1,4,0.83
TypeVariable,"org.apache.commons.math3.genetics.RandomKey.decodeGeneric.S",0,0,0,0,0,,0,,0,0,0,0,0,0,0,0,,,0,,,,0,0,1,,0,0,0,0,1,0,0,,,0,0,0,,0,0,0,,0,0,0,,,0,0,,0,0,0,0,0,0,0.00
Public Static Method,"org.apache.commons.math3.genetics.RandomKey.identityPermutation",,,,,,,,,,,,,,14,7,4,2,0,7,2,2,0,,,,0,,,,,,,,,,,,,2,0,2,7,2,5,3,4,2,1,,,0,1,,2,2,1,2,1.00
Public Static Generic Method,"org.apache.commons.math3.genetics.RandomKey.inducedPermutation",,,,,,,,,,,,,,38,18,12,8,1,15,4,4,0,,,,0,,,,,,,,,,,,,5,3,6,17,6,11,6,9,4,1,,,0,2,,4,4,1,4,0.94
TypeVariable,"org.apache.commons.math3.genetics.RandomKey.inducedPermutation.S",0,0,0,0,0,,0,,0,0,0,0,0,0,0,0,,,0,,,,0,0,1,,0,0,0,0,1,0,0,,,0,0,0,,0,0,0,,0,0,0,,,0,0,,0,0,0,0,0,0,0.00
Protected Method,"org.apache.commons.math3.genetics.RandomKey.isSame",,,,,,,,,,,,,,31,17,11,3,1,14,5,5,5,,,,5,,,,,,,,,,,,,3,2,4,12,5,9,5,9,5,5,,,5,2,,5,5,5,5,0.71
Public Static Method,"org.apache.commons.math3.genetics.RandomKey.randomPermutation",,,,,,,,,,,,,,14,7,4,4,0,7,2,2,0,,,,0,,,,,,,,,,,,,4,0,2,7,2,5,3,4,2,1,,,0,1,,2,2,1,2,1.00
Public Method,"org.apache.commons.math3.genetics.RandomKey.toString",,,,,,,,,,,,,,6,3,1,3,0,2,1,1,0,,,,0,,,,,,,,,,,,,1,0,1,3,1,1,1,1,1,1,,,0,0,,1,1,1,1,1.00
Public Class,"org.apache.commons.math3.genetics.RandomKeyMutation",2,1,3,6,7,,0,,1,1,0,0,1,32,14,9,,,10,,,,2,1,1,,2,2,21,12,2,0,0,,,0,1,0,,5,6,13,,7,6,4,,,2,2,,1,0,2,2,1,2,0.93
Public Method,"org.apache.commons.math3.genetics.RandomKeyMutation.mutate",,,,,,,,,,,,,,21,12,9,11,0,9,2,2,0,,,,0,,,,,,,,,,,,,2,3,5,6,2,7,5,4,2,1,,,0,1,,2,2,1,2,0.50
Public Class,"org.apache.commons.math3.genetics.RandomKeyMutationTest",4,1,1,0,6,,0,,1,1,0,0,1,22,19,11,,,17,,,,4,1,1,,4,4,17,16,1,0,0,,,0,1,0,,3,9,0,,12,10,7,,,4,4,,3,0,4,4,1,4,0.00
Public Method,"org.apache.commons.math3.genetics.RandomKeyMutationTest.testMutate",,,,,,,,,,,,,,17,16,11,7,1,16,4,4,0,,,,0,,,,,,,,,,,,,0,1,7,0,4,12,9,7,4,1,,,0,3,,4,4,1,4,0.00
Public Class,"org.apache.commons.math3.genetics.RandomKeyTest",1,1,0,0,2,,0,,10,10,0,0,10,143,121,84,,,87,,,,3,1,1,,1,1,12,10,1,0,0,,,0,10,0,,19,42,3,,71,34,53,,,3,3,,1,0,13,13,10,13,0.02
Public Method,"org.apache.commons.math3.genetics.RandomKeyTest.testComparatorPermutation",,,,,,,,,,,,,,33,31,27,9,0,26,1,1,0,,,,0,,,,,,,,,,,,,0,2,6,0,1,23,7,19,1,1,,,0,0,,1,1,1,1,0.00
Anonymous Class,"org.apache.commons.math3.genetics.RandomKeyTest.testComparatorPermutation.(Anon_1)",1,1,0,0,0,,0,,1,1,0,0,1,4,4,3,,,2,,,,1,1,2,,1,1,3,3,1,0,0,,,0,1,0,,0,1,0,,1,1,1,,,1,1,,0,0,1,1,1,1,0.00
Public Method,"org.apache.commons.math3.genetics.RandomKeyTest.testComparatorPermutation.(Anon_1).compare",,,,,,,,,,,,,,3,3,2,2,0,2,1,1,0,,,,0,,,,,,,,,,,,,2,0,0,0,1,1,1,1,1,1,,,0,0,,1,1,1,1,0.00
Anonymous Class,"org.apache.commons.math3.genetics.RandomKeyTest.testComparatorPermutation.(Anon_2)",1,1,0,0,0,,0,,1,1,0,0,1,4,4,3,,,2,,,,1,1,2,,1,1,3,3,1,0,0,,,0,1,0,,0,0,0,,1,1,1,,,1,1,,0,0,1,1,1,1,0.00
Public Method,"org.apache.commons.math3.genetics.RandomKeyTest.testComparatorPermutation.(Anon_2).compare",,,,,,,,,,,,,,3,3,2,2,0,2,1,1,0,,,,0,,,,,,,,,,,,,2,0,0,0,1,1,1,1,1,1,,,0,0,,1,1,1,1,0.00
Public Method,"org.apache.commons.math3.genetics.RandomKeyTest.testConstructor1",,,,,,,,,,,,,,3,3,1,1,0,2,1,1,0,,,,0,,,,,,,,,,,,,0,0,1,0,1,1,1,1,1,1,,,0,0,,1,1,1,1,0.00
Public Method,"org.apache.commons.math3.genetics.RandomKeyTest.testConstructor2",,,,,,,,,,,,,,3,3,1,1,0,2,1,1,0,,,,0,,,,,,,,,,,,,0,0,1,0,1,1,1,1,1,1,,,0,0,,1,1,1,1,0.00
Public Method,"org.apache.commons.math3.genetics.RandomKeyTest.testDecode",,,,,,,,,,,,,,10,9,7,5,0,8,1,1,0,,,,0,,,,,,,,,,,,,0,1,3,0,1,7,3,5,1,1,,,0,0,,1,1,1,1,0.00
Public Method,"org.apache.commons.math3.genetics.RandomKeyTest.testEqualRepr",,,,,,,,,,,,,,7,7,5,5,0,6,1,1,0,,,,0,,,,,,,,,,,,,0,0,3,0,1,5,3,3,1,1,,,0,0,,1,1,1,1,0.00
Public Method,"org.apache.commons.math3.genetics.RandomKeyTest.testIdentityPermutation",,,,,,,,,,,,,,10,9,7,6,0,8,1,1,0,,,,0,,,,,,,,,,,,,0,1,3,0,1,7,3,5,1,1,,,0,0,,1,1,1,1,0.00
Public Method,"org.apache.commons.math3.genetics.RandomKeyTest.testInducedPermutation",,,,,,,,,,,,,,32,27,23,7,1,16,3,3,2,,,,0,,,,,,,,,,,,,0,3,5,2,4,13,5,11,3,1,,,0,1,,3,3,1,3,0.07
Public Method,"org.apache.commons.math3.genetics.RandomKeyTest.testInvalidRepresentation",,,,,,,,,,,,,,3,3,1,1,0,2,1,1,0,,,,0,,,,,,,,,,,,,0,0,1,0,1,1,1,1,1,1,,,0,0,,1,1,1,1,0.00
Public Method,"org.apache.commons.math3.genetics.RandomKeyTest.testIsSame",,,,,,,,,,,,,,12,11,9,4,0,10,1,1,0,,,,0,,,,,,,,,,,,,0,1,6,0,1,9,6,4,1,1,,,0,0,,1,1,1,1,0.00
Public Method,"org.apache.commons.math3.genetics.RandomKeyTest.testRandomPermutation",,,,,,,,,,,,,,7,6,3,3,0,6,2,2,0,,,,0,,,,,,,,,,,,,0,0,2,1,2,4,3,3,2,1,,,0,1,,2,2,1,2,0.17
Public Interface,"org.apache.commons.math3.genetics.SelectionPolicy",0,0,0,0,2,,0,,1,1,1,0,0,8,3,0,,,2,,,,0,0,0,,0,0,0,0,0,1,0,,,0,1,0,,0,2,5,,1,2,0,,,0,0,,0,0,0,0,0,0,1.67
Abstract Method,"org.apache.commons.math3.genetics.SelectionPolicy.select",,,,,,,,,,,,,,6,1,0,1,0,1,0,0,0,,,,0,,,,,,,,,,,,,1,0,1,5,0,1,1,0,0,0,,,0,0,,0,0,0,0,5.00
Public Interface,"org.apache.commons.math3.genetics.StoppingCondition",0,0,0,0,1,,0,,1,1,1,0,0,11,3,0,,,2,,,,0,0,0,,0,0,0,0,0,2,0,,,0,1,0,,0,2,8,,1,2,0,,,0,0,,0,0,0,0,0,0,2.67
Abstract Method,"org.apache.commons.math3.genetics.StoppingCondition.isSatisfied",,,,,,,,,,,,,,9,1,0,1,0,1,0,0,0,,,,0,,,,,,,,,,,,,1,0,1,8,0,1,1,0,0,0,,,0,0,,0,0,0,0,8.00
Public Class,"org.apache.commons.math3.genetics.TournamentSelection",1,1,0,8,8,,0,,5,5,0,1,4,92,34,17,,,24,,,,3,1,1,,1,1,14,6,2,0,0,,,1,5,0,,8,11,50,,15,12,12,,,3,3,,1,19,7,7,5,7,1.47
Public Constructor,"org.apache.commons.math3.genetics.TournamentSelection.TournamentSelection",,,,,,,,,,,,,,8,3,1,2,0,2,1,1,0,,,,0,,,,,,,,,,,,,5,0,1,5,1,1,1,1,1,1,,,0,0,,1,1,1,1,1.67
Public Method,"org.apache.commons.math3.genetics.TournamentSelection.getArity",,,,,,,,,,,,,,8,3,1,1,0,2,1,1,0,,,,0,,,,,,,,,,,,,1,0,1,5,1,1,1,1,1,1,,,0,0,,1,1,1,1,1.67
Public Method,"org.apache.commons.math3.genetics.TournamentSelection.select",,,,,,,,,,,,,,13,4,2,3,0,2,1,1,0,,,,0,,,,,,,,,,,,,2,0,1,9,1,1,1,1,1,1,,,0,0,,1,1,1,1,2.25
Public Method,"org.apache.commons.math3.genetics.TournamentSelection.setArity",,,,,,,,,,,,,,8,3,1,1,0,2,1,1,0,,,,0,,,,,,,,,,,,,1,0,1,5,1,1,1,1,1,1,,,0,0,,1,1,1,1,1.67
Private Method,"org.apache.commons.math3.genetics.TournamentSelection.tournament",,,,,,,,,,,,,,35,18,12,11,1,14,3,3,0,,,,0,,,,,,,,,,,,,4,1,5,16,4,10,6,8,3,1,,,0,1,,3,3,1,3,0.89
Anonymous Class,"org.apache.commons.math3.genetics.TournamentSelection.tournament.(Anon_1)",1,1,0,1,0,,0,,1,14,0,0,1,5,4,3,,,2,,,,1,1,2,,1,1,4,3,1,0,0,,,0,1,0,,0,1,1,,1,1,1,,,1,1,,0,0,1,1,1,1,0.25
Public Method,"org.apache.commons.math3.genetics.TournamentSelection.tournament.(Anon_1).nextGeneration",,,,,,,,,,,,,,4,3,2,1,0,2,1,1,0,,,,0,,,,,,,,,,,,,0,0,0,1,1,1,1,1,1,1,,,0,0,,1,1,1,1,0.33
Public Class,"org.apache.commons.math3.genetics.TournamentSelectionTest",3,1,1,2,6,,1,,1,1,0,0,1,35,26,12,,,22,,,,3,1,1,,3,3,15,12,1,0,0,,,0,1,0,,7,11,2,,15,12,10,,,3,3,,1,100,3,3,1,3,0.08
Private Static Class,"org.apache.commons.math3.genetics.TournamentSelectionTest.DummyChromosome",1,1,0,0,1,,0,,2,7,0,0,2,12,10,3,,,7,,,,1,1,2,,1,1,3,3,1,0,0,,,1,2,0,,2,4,0,,4,4,3,,,1,1,,0,0,2,2,2,2,0.00
Public Constructor,"org.apache.commons.math3.genetics.TournamentSelectionTest.DummyChromosome.DummyChromosome",,,,,,,,,,,,,,4,4,2,3,0,3,1,1,0,,,,0,,,,,,,,,,,,,2,0,1,0,1,2,1,2,1,1,,,0,0,,1,1,1,1,0.00
Public Method,"org.apache.commons.math3.genetics.TournamentSelectionTest.DummyChromosome.fitness",,,,,,,,,,,,,,3,3,1,1,0,2,1,1,0,,,,0,,,,,,,,,,,,,1,0,1,0,1,1,1,1,1,1,,,0,0,,1,1,1,1,0.00
Public Method,"org.apache.commons.math3.genetics.TournamentSelectionTest.testSelect",,,,,,,,,,,,,,15,12,8,10,1,13,3,3,0,,,,0,,,,,,,,,,,,,0,1,4,2,4,10,6,7,3,1,,,0,1,,3,3,1,3,0.17
Package,"org.apache.commons.math3.geometry",1,1,1,6,,3,3,4,37,,23,0,9,520,137,49,,,113,,,,7,7,,,1,1,14,6,,,1,,,7,38,6,,77,71,306,,90,69,44,,,7,7,,3,,20,20,18,20,2.23
Public Interface,"org.apache.commons.math3.geometry.Space",0,0,0,0,0,,0,,2,2,2,0,0,14,4,0,,,3,,,,0,0,2,,0,0,0,0,1,24,0,,,0,2,0,,3,3,7,,2,3,0,,,0,0,,0,0,0,0,0,0,1.75
Abstract Method,"org.apache.commons.math3.geometry.Space.getDimension",,,,,,,,,,,,,,4,1,0,1,0,1,0,0,0,,,,0,,,,,,,,,,,,,0,0,1,3,0,1,1,0,0,0,,,0,0,,0,0,0,0,3.00
Abstract Method,"org.apache.commons.math3.geometry.Space.getSubSpace",,,,,,,,,,,,,,5,1,0,1,0,1,0,0,0,,,,0,,,,,,,,,,,,,0,0,1,4,0,1,1,0,0,0,,,0,0,,0,0,0,0,4.00
Public Generic Interface,"org.apache.commons.math3.geometry.Vector",0,0,0,0,1,,0,,21,21,21,0,0,138,23,0,,,22,,,,0,0,2,,0,0,0,0,1,3,0,,,0,21,0,,22,22,93,,21,22,0,,,0,0,,0,0,0,0,0,0,4.04
TypeVariable,"org.apache.commons.math3.geometry.Vector.S",0,0,0,0,0,,0,,0,0,0,0,0,0,0,0,,,0,,,,0,0,1,,0,0,0,0,2,0,0,,,0,0,0,,0,0,0,,0,0,0,,,0,0,,0,0,0,0,0,0,0.00
Abstract Method,"org.apache.commons.math3.geometry.Vector.add",,,,,,,,,,,,,,5,1,0,1,0,1,0,0,0,,,,0,,,,,,,,,,,,,0,0,1,4,0,1,1,0,0,0,,,0,0,,0,0,0,0,4.00
Abstract Method,"org.apache.commons.math3.geometry.Vector.add",,,,,,,,,,,,,,6,1,0,1,0,1,0,0,0,,,,0,,,,,,,,,,,,,0,0,1,5,0,1,1,0,0,0,,,0,0,,0,0,0,0,5.00
Abstract Method,"org.apache.commons.math3.geometry.Vector.distance",,,,,,,,,,,,,,8,1,0,1,0,1,0,0,0,,,,0,,,,,,,,,,,,,0,0,1,7,0,1,1,0,0,0,,,0,0,,0,0,0,0,7.00
Abstract Method,"org.apache.commons.math3.geometry.Vector.distance1",,,,,,,,,,,,,,8,1,0,1,0,1,0,0,0,,,,0,,,,,,,,,,,,,0,0,1,7,0,1,1,0,0,0,,,0,0,,0,0,0,0,7.00
Abstract Method,"org.apache.commons.math3.geometry.Vector.distanceInf",,,,,,,,,,,,,,8,1,0,1,0,1,0,0,0,,,,0,,,,,,,,,,,,,0,0,1,7,0,1,1,0,0,0,,,0,0,,0,0,0,0,7.00
Abstract Method,"org.apache.commons.math3.geometry.Vector.distanceSq",,,,,,,,,,,,,,8,1,0,1,0,1,0,0,0,,,,0,,,,,,,,,,,,,0,0,1,7,0,1,1,0,0,0,,,0,0,,0,0,0,0,7.00
Abstract Method,"org.apache.commons.math3.geometry.Vector.dotProduct",,,,,,,,,,,,,,5,1,0,1,0,1,0,0,0,,,,0,,,,,,,,,,,,,2,0,1,4,0,1,1,0,0,0,,,0,0,,0,0,0,0,4.00
Abstract Method,"org.apache.commons.math3.geometry.Vector.getNorm",,,,,,,,,,,,,,4,1,0,1,0,1,0,0,0,,,,0,,,,,,,,,,,,,0,0,1,3,0,1,1,0,0,0,,,0,0,,0,0,0,0,3.00
Abstract Method,"org.apache.commons.math3.geometry.Vector.getNorm1",,,,,,,,,,,,,,4,1,0,1,0,1,0,0,0,,,,0,,,,,,,,,,,,,0,0,1,3,0,1,1,0,0,0,,,0,0,,0,0,0,0,3.00
Abstract Method,"org.apache.commons.math3.geometry.Vector.getNormInf",,,,,,,,,,,,,,4,1,0,1,0,1,0,0,0,,,,0,,,,,,,,,,,,,0,0,1,3,0,1,1,0,0,0,,,0,0,,0,0,0,0,3.00
Abstract Method,"org.apache.commons.math3.geometry.Vector.getNormSq",,,,,,,,,,,,,,4,1,0,1,0,1,0,0,0,,,,0,,,,,,,,,,,,,0,0,1,3,0,1,1,0,0,0,,,0,0,,0,0,0,0,3.00
Abstract Method,"org.apache.commons.math3.geometry.Vector.getSpace",,,,,,,,,,,,,,4,1,0,1,0,1,0,0,0,,,,0,,,,,,,,,,,,,0,0,1,3,0,1,1,0,0,0,,,0,0,,0,0,0,0,3.00
Abstract Method,"org.apache.commons.math3.geometry.Vector.getZero",,,,,,,,,,,,,,4,1,0,1,0,1,0,0,0,,,,0,,,,,,,,,,,,,0,0,1,3,0,1,1,0,0,0,,,0,0,,0,0,0,0,3.00
Abstract Method,"org.apache.commons.math3.geometry.Vector.isInfinite",,,,,,,,,,,,,,7,1,0,1,0,1,0,0,0,,,,0,,,,,,,,,,,,,0,0,1,6,0,1,1,0,0,0,,,0,0,,0,0,0,0,6.00
Abstract Method,"org.apache.commons.math3.geometry.Vector.isNaN",,,,,,,,,,,,,,5,1,0,1,0,1,0,0,0,,,,0,,,,,,,,,,,,,0,0,1,4,0,1,1,0,0,0,,,0,0,,0,0,0,0,4.00
Abstract Method,"org.apache.commons.math3.geometry.Vector.negate",,,,,,,,,,,,,,4,1,0,1,0,1,0,0,0,,,,0,,,,,,,,,,,,,0,0,1,3,0,1,1,0,0,0,,,0,0,,0,0,0,0,3.00
Abstract Method,"org.apache.commons.math3.geometry.Vector.normalize",,,,,,,,,,,,,,5,1,0,1,0,1,0,0,0,,,,0,,,,,,,,,,,,,0,0,1,4,0,1,1,0,0,0,,,0,0,,0,0,0,0,4.00
Abstract Method,"org.apache.commons.math3.geometry.Vector.scalarMultiply",,,,,,,,,,,,,,5,1,0,1,0,1,0,0,0,,,,0,,,,,,,,,,,,,0,0,1,4,0,1,1,0,0,0,,,0,0,,0,0,0,0,4.00
Abstract Method,"org.apache.commons.math3.geometry.Vector.subtract",,,,,,,,,,,,,,5,1,0,1,0,1,0,0,0,,,,0,,,,,,,,,,,,,0,0,1,4,0,1,1,0,0,0,,,0,0,,0,0,0,0,4.00
Abstract Method,"org.apache.commons.math3.geometry.Vector.subtract",,,,,,,,,,,,,,6,1,0,1,0,1,0,0,0,,,,0,,,,,,,,,,,,,0,0,1,5,0,1,1,0,0,0,,,0,0,,0,0,0,0,5.00
Abstract Method,"org.apache.commons.math3.geometry.Vector.toString",,,,,,,,,,,,,,5,1,0,1,0,1,0,0,0,,,,0,,,,,,,,,,,,,0,0,1,4,0,1,1,0,0,0,,,0,0,,0,0,0,0,4.00
Public Abstract Generic Class,"org.apache.commons.math3.geometry.VectorFormat",1,1,1,6,3,,3,,14,15,0,0,9,263,97,49,,,75,,,,7,7,1,,1,1,14,6,1,3,1,,,7,15,6,,44,33,122,,54,31,44,,,7,7,,3,79,20,20,18,20,1.26
TypeVariable,"org.apache.commons.math3.geometry.VectorFormat.S",0,0,0,0,0,,0,,0,0,0,0,0,0,0,0,,,0,,,,0,0,1,,0,0,0,0,2,0,0,,,0,0,0,,0,0,0,,0,0,0,,,0,0,,0,0,0,0,0,0,0.00
Protected Constructor,"org.apache.commons.math3.geometry.VectorFormat.VectorFormat",,,,,,,,,,,,,,18,10,7,9,0,8,1,1,0,,,,0,,,,,,,,,,,,,19,0,2,8,1,7,1,7,1,1,,,0,0,,1,1,1,1,0.80
Protected Constructor,"org.apache.commons.math3.geometry.VectorFormat.VectorFormat",,,,,,,,,,,,,,9,4,2,3,0,2,1,1,0,,,,0,,,,,,,,,,,,,3,0,1,5,1,1,1,1,1,1,,,0,0,,1,1,1,1,1.25
Protected Constructor,"org.apache.commons.math3.geometry.VectorFormat.VectorFormat",,,,,,,,,,,,,,7,3,1,2,0,2,1,1,0,,,,0,,,,,,,,,,,,,4,0,1,4,1,1,1,1,1,1,,,0,0,,1,1,1,1,1.33
Protected Constructor,"org.apache.commons.math3.geometry.VectorFormat.VectorFormat",,,,,,,,,,,,,,10,4,1,3,0,2,1,1,0,,,,0,,,,,,,,,,,,,3,0,2,6,1,1,1,1,1,1,,,0,0,,1,1,1,1,1.50
Public Method,"org.apache.commons.math3.geometry.VectorFormat.format",,,,,,,,,,,,,,8,3,1,3,0,2,1,1,0,,,,0,,,,,,,,,,,,,18,0,1,5,1,1,1,1,1,1,,,0,0,,1,1,1,1,1.67
Public Abstract Method,"org.apache.commons.math3.geometry.VectorFormat.format",,,,,,,,,,,,,,10,2,0,1,0,1,0,0,0,,,,0,,,,,,,,,,,,,1,0,2,8,0,1,1,0,0,0,,,0,0,,0,0,0,0,4.00
Protected Method,"org.apache.commons.math3.geometry.VectorFormat.format",,,,,,,,,,,,,,31,14,9,5,0,12,3,3,0,,,,0,,,,,,,,,,,,,11,6,2,11,3,9,2,10,3,1,,,0,2,,3,3,1,3,0.79
Public Static Method,"org.apache.commons.math3.geometry.VectorFormat.getAvailableLocales",,,,,,,,,,,,,,8,3,1,2,0,2,1,1,0,,,,0,,,,,,,,,,,,,0,0,1,5,1,1,1,1,1,1,,,0,0,,1,1,1,1,1.67
Public Method,"org.apache.commons.math3.geometry.VectorFormat.getFormat",,,,,,,,,,,,,,7,3,1,1,0,2,1,1,0,,,,0,,,,,,,,,,,,,2,0,1,4,1,1,1,1,1,1,,,0,0,,1,1,1,1,1.33
Public Method,"org.apache.commons.math3.geometry.VectorFormat.getPrefix",,,,,,,,,,,,,,7,3,1,1,0,2,1,1,0,,,,0,,,,,,,,,,,,,1,0,1,4,1,1,1,1,1,1,,,0,0,,1,1,1,1,1.33
Public Method,"org.apache.commons.math3.geometry.VectorFormat.getSeparator",,,,,,,,,,,,,,7,3,1,1,0,2,1,1,0,,,,0,,,,,,,,,,,,,1,0,1,4,1,1,1,1,1,1,,,0,0,,1,1,1,1,1.33
Public Method,"org.apache.commons.math3.geometry.VectorFormat.getSuffix",,,,,,,,,,,,,,7,3,1,1,0,2,1,1,0,,,,0,,,,,,,,,,,,,1,0,1,4,1,1,1,1,1,1,,,0,0,,1,1,1,1,1.33
Public Abstract Method,"org.apache.commons.math3.geometry.VectorFormat.parse",,,,,,,,,,,,,,8,1,0,1,0,1,0,0,0,,,,0,,,,,,,,,,,,,0,0,1,7,0,1,1,0,0,0,,,0,0,,0,0,0,0,7.00
Public Abstract Method,"org.apache.commons.math3.geometry.VectorFormat.parse",,,,,,,,,,,,,,7,1,0,1,0,1,0,0,0,,,,0,,,,,,,,,,,,,0,0,1,6,0,1,1,0,0,0,,,0,0,,0,0,0,0,6.00
Protected Method,"org.apache.commons.math3.geometry.VectorFormat.parseCoordinates",,,,,,,,,,,,,,56,28,20,7,1,23,7,7,9,,,,9,,,,,,,,,,,,,10,12,4,16,10,16,5,18,7,7,,,9,3,,7,7,7,7,0.57
Package,"org.apache.commons.math3.geometry.euclidean",0,0,0,0,,0,0,0,0,,0,0,0,0,0,0,,,0,,,,0,0,,,0,0,0,0,,,0,,,0,0,0,,0,0,0,,0,0,0,,,0,0,,0,,0,0,0,0,0.00
Package,"org.apache.commons.math3.geometry.euclidean.oned",1,1,0,3,,9,8,9,74,,0,4,75,1198,529,243,,,365,,,,6,4,,,1,1,9,5,,,7,,,5,81,2,,138,231,531,,254,201,164,,,6,7,,2,,112,117,87,112,1.00
Public Class,"org.apache.commons.math3.geometry.euclidean.oned.Euclidean1D",1,1,0,3,3,,1,,4,5,0,2,3,58,20,6,,,13,,,,1,1,1,,1,1,6,2,3,0,1,,,0,5,0,,8,9,30,,6,9,4,,,1,1,,0,100,5,5,5,5,1.50
Private Constructor,"org.apache.commons.math3.geometry.euclidean.oned.Euclidean1D.Euclidean1D",,,,,,,,,,,,,,4,2,0,1,0,1,1,1,0,,,,0,,,,,,,,,,,,,0,0,1,2,1,0,1,0,1,1,,,0,0,,1,1,1,1,1.00
Private Static Class,"org.apache.commons.math3.geometry.euclidean.oned.Euclidean1D.LazyHolder",0,0,0,0,1,,1,,0,0,0,0,0,7,3,1,,,2,,,,0,0,1,,0,0,0,0,1,0,0,,,0,0,0,,0,2,4,,1,2,0,,,0,0,,0,0,0,0,0,0,1.33
Public Method,"org.apache.commons.math3.geometry.euclidean.oned.Euclidean1D.getDimension",,,,,,,,,,,,,,4,3,1,1,0,2,1,1,0,,,,0,,,,,,,,,,,,,0,0,1,1,1,1,1,1,1,1,,,0,0,,1,1,1,1,0.33
Public Static Method,"org.apache.commons.math3.geometry.euclidean.oned.Euclidean1D.getInstance",,,,,,,,,,,,,,6,3,1,1,0,2,1,1,0,,,,0,,,,,,,,,,,,,3,0,1,3,1,1,1,1,1,1,,,0,0,,1,1,1,1,1.00
Public Method,"org.apache.commons.math3.geometry.euclidean.oned.Euclidean1D.getSubSpace",,,,,,,,,,,,,,11,3,1,2,0,2,1,1,0,,,,0,,,,,,,,,,,,,1,0,1,8,1,1,1,1,1,1,,,0,0,,1,1,1,1,2.67
Private Method,"org.apache.commons.math3.geometry.euclidean.oned.Euclidean1D.readResolve",,,,,,,,,,,,,,7,3,1,1,0,2,1,1,0,,,,0,,,,,,,,,,,,,1,0,1,4,1,1,1,1,1,1,,,0,0,,1,1,1,1,1.33
Public Class,"org.apache.commons.math3.geometry.euclidean.oned.Interval",1,1,0,3,0,,0,,5,5,0,0,5,51,20,6,,,14,,,,1,1,1,,1,1,6,3,1,0,0,,,2,5,0,,8,8,23,,8,8,6,,,1,1,,0,19,5,5,5,5,1.15
Public Constructor,"org.apache.commons.math3.geometry.euclidean.oned.Interval.Interval",,,,,,,,,,,,,,8,4,2,3,0,3,1,1,0,,,,0,,,,,,,,,,,,,3,0,1,4,1,2,1,2,1,1,,,0,0,,1,1,1,1,1.00
Public Method,"org.apache.commons.math3.geometry.euclidean.oned.Interval.getLength",,,,,,,,,,,,,,6,3,1,1,0,2,1,1,0,,,,0,,,,,,,,,,,,,3,0,1,3,1,1,1,1,1,1,,,0,0,,1,1,1,1,1.00
Public Method,"org.apache.commons.math3.geometry.euclidean.oned.Interval.getLower",,,,,,,,,,,,,,6,3,1,1,0,2,1,1,0,,,,0,,,,,,,,,,,,,5,0,1,3,1,1,1,1,1,1,,,0,0,,1,1,1,1,1.00
Public Method,"org.apache.commons.math3.geometry.euclidean.oned.Interval.getMidPoint",,,,,,,,,,,,,,6,3,1,1,0,2,1,1,0,,,,0,,,,,,,,,,,,,3,0,1,3,1,1,1,1,1,1,,,0,0,,1,1,1,1,1.00
Public Method,"org.apache.commons.math3.geometry.euclidean.oned.Interval.getUpper",,,,,,,,,,,,,,6,3,1,1,0,2,1,1,0,,,,0,,,,,,,,,,,,,5,0,1,3,1,1,1,1,1,1,,,0,0,,1,1,1,1,1.00
Public Class,"org.apache.commons.math3.geometry.euclidean.oned.IntervalsSet",2,1,0,7,7,,0,,10,38,0,2,8,225,119,75,,,71,,,,6,4,2,,2,3,18,10,1,0,1,,,0,11,1,,19,38,87,,46,30,41,,,6,7,,2,0,30,34,14,30,0.73
Public Constructor,"org.apache.commons.math3.geometry.euclidean.oned.IntervalsSet.IntervalsSet",,,,,,,,,,,,,,9,3,1,3,0,2,1,1,0,,,,0,,,,,,,,,,,,,18,0,1,6,1,1,1,1,1,1,,,0,0,,1,1,1,1,2.00
Public Constructor,"org.apache.commons.math3.geometry.euclidean.oned.IntervalsSet.IntervalsSet",,,,,,,,,,,,,,5,3,1,2,0,2,1,1,0,,,,0,,,,,,,,,,,,,5,0,1,2,1,1,1,1,1,1,,,0,0,,1,1,1,1,0.67
Public Constructor,"org.apache.commons.math3.geometry.euclidean.oned.IntervalsSet.IntervalsSet",,,,,,,,,,,,,,12,3,1,2,0,2,1,1,0,,,,0,,,,,,,,,,,,,3,0,1,9,1,1,1,1,1,1,,,0,0,,1,1,1,1,3.00
Public Constructor,"org.apache.commons.math3.geometry.euclidean.oned.IntervalsSet.IntervalsSet",,,,,,,,,,,,,,22,3,1,2,0,2,1,1,0,,,,0,,,,,,,,,,,,,1,0,1,19,1,1,1,1,1,1,,,0,0,,1,1,1,1,6.33
Public Method,"org.apache.commons.math3.geometry.euclidean.oned.IntervalsSet.asList",,,,,,,,,,,,,,19,6,4,3,0,4,1,1,0,,,,0,,,,,,,,,,,,,6,0,2,13,1,3,2,2,1,1,,,0,0,,1,1,1,1,2.17
Public Method,"org.apache.commons.math3.geometry.euclidean.oned.IntervalsSet.buildNew",,,,,,,,,,,,,,4,3,1,2,0,2,1,1,0,,,,0,,,,,,,,,,,,,1,0,1,1,1,1,1,1,1,1,,,0,0,,1,1,1,1,0.33
Private Static Method,"org.apache.commons.math3.geometry.euclidean.oned.IntervalsSet.buildTree",,,,,,,,,,,,,,43,30,22,7,1,11,4,7,4,,,,4,,,,,,,,,,,,,3,2,7,11,4,7,4,7,4,4,,,4,2,,4,7,4,4,0.37
Protected Method,"org.apache.commons.math3.geometry.euclidean.oned.IntervalsSet.computeGeometricalProperties",,,,,,,,,,,,,,22,21,16,12,1,16,6,6,3,,,,0,,,,,,,,,,,,,2,0,3,1,7,10,4,12,6,1,,,0,2,,6,6,1,6,0.05
Public Method,"org.apache.commons.math3.geometry.euclidean.oned.IntervalsSet.getInf",,,,,,,,,,,,,,16,10,7,10,0,8,4,4,0,,,,0,,,,,,,,,,,,,3,0,4,6,2,6,4,4,4,1,,,0,1,,4,4,1,4,0.60
Public Method,"org.apache.commons.math3.geometry.euclidean.oned.IntervalsSet.getSup",,,,,,,,,,,,,,16,10,7,10,0,8,4,4,0,,,,0,,,,,,,,,,,,,3,0,4,6,2,6,4,4,4,1,,,0,1,,4,4,1,4,0.60
Private Method,"org.apache.commons.math3.geometry.euclidean.oned.IntervalsSet.recurseList",,,,,,,,,,,,,,37,23,14,14,1,13,6,7,1,,,,0,,,,,,,,,,,,,5,5,10,9,4,9,6,7,6,1,,,0,2,,6,7,1,6,0.39
Public Class,"org.apache.commons.math3.geometry.euclidean.oned.IntervalsSetTest",1,1,1,0,9,,0,,4,4,0,0,4,76,67,52,,,54,,,,2,1,1,,1,1,16,15,1,0,0,,,0,4,0,,9,16,0,,48,12,42,,,2,2,,1,0,5,5,4,5,0.00
Public Method,"org.apache.commons.math3.geometry.euclidean.oned.IntervalsSetTest.testInfinite",,,,,,,,,,,,,,17,15,12,12,0,14,2,2,0,,,,0,,,,,,,,,,,,,3,2,2,0,2,12,3,11,2,1,,,0,1,,2,2,1,2,0.00
Public Method,"org.apache.commons.math3.geometry.euclidean.oned.IntervalsSetTest.testInterval",,,,,,,,,,,,,,12,12,10,9,0,11,1,1,0,,,,0,,,,,,,,,,,,,3,0,2,0,1,10,2,9,1,1,,,0,0,,1,1,1,1,0.00
Public Method,"org.apache.commons.math3.geometry.euclidean.oned.IntervalsSetTest.testMultiple",,,,,,,,,,,,,,31,29,27,18,0,24,1,1,0,,,,0,,,,,,,,,,,,,3,2,5,0,1,23,4,20,1,1,,,0,0,,1,1,1,1,0.00
Public Method,"org.apache.commons.math3.geometry.euclidean.oned.IntervalsSetTest.testSinglePoint",,,,,,,,,,,,,,5,5,3,5,0,4,1,1,0,,,,0,,,,,,,,,,,,,2,0,2,0,1,3,2,2,1,1,,,0,0,,1,1,1,1,0.00
Public Class,"org.apache.commons.math3.geometry.euclidean.oned.OrientedPoint",1,1,0,4,4,,0,,9,9,0,0,9,90,33,11,,,23,,,,2,1,1,,1,1,7,3,2,0,0,,,2,9,0,,12,13,45,,13,13,10,,,2,2,,0,55,10,10,9,10,1.36
Public Constructor,"org.apache.commons.math3.geometry.euclidean.oned.OrientedPoint.OrientedPoint",,,,,,,,,,,,,,9,4,2,3,0,3,1,1,0,,,,0,,,,,,,,,,,,,6,0,1,5,1,2,1,2,1,1,,,0,0,,1,1,1,1,1.25
Public Method,"org.apache.commons.math3.geometry.euclidean.oned.OrientedPoint.copySelf",,,,,,,,,,,,,,8,3,1,1,0,2,1,1,0,,,,0,,,,,,,,,,,,,0,0,1,5,1,1,1,1,1,1,,,0,0,,1,1,1,1,1.67
Public Method,"org.apache.commons.math3.geometry.euclidean.oned.OrientedPoint.getLocation",,,,,,,,,,,,,,6,3,1,1,0,2,1,1,0,,,,0,,,,,,,,,,,,,8,0,1,3,1,1,1,1,1,1,,,0,0,,1,1,1,1,1.00
Public Method,"org.apache.commons.math3.geometry.euclidean.oned.OrientedPoint.getOffset",,,,,,,,,,,,,,5,4,2,2,0,3,2,2,0,,,,0,,,,,,,,,,,,,3,0,2,1,1,2,2,1,2,1,,,0,0,,2,2,1,2,0.25
Public Method,"org.apache.commons.math3.geometry.euclidean.oned.OrientedPoint.isDirect",,,,,,,,,,,,,,7,3,1,1,0,2,1,1,0,,,,0,,,,,,,,,,,,,5,0,1,4,1,1,1,1,1,1,,,0,0,,1,1,1,1,1.33
Public Method,"org.apache.commons.math3.geometry.euclidean.oned.OrientedPoint.revertSelf",,,,,,,,,,,,,,5,3,1,1,0,2,1,1,0,,,,0,,,,,,,,,,,,,1,0,1,2,1,1,1,1,1,1,,,0,0,,1,1,1,1,0.67
Public Method,"org.apache.commons.math3.geometry.euclidean.oned.OrientedPoint.sameOrientationAs",,,,,,,,,,,,,,4,3,1,1,0,2,1,1,0,,,,0,,,,,,,,,,,,,2,0,1,1,1,1,1,1,1,1,,,0,0,,1,1,1,1,0.33
Public Method,"org.apache.commons.math3.geometry.euclidean.oned.OrientedPoint.wholeHyperplane",,,,,,,,,,,,,,14,3,1,2,0,2,1,1,0,,,,0,,,,,,,,,,,,,3,0,1,11,1,1,1,1,1,1,,,0,0,,1,1,1,1,3.67
Public Method,"org.apache.commons.math3.geometry.euclidean.oned.OrientedPoint.wholeSpace",,,,,,,,,,,,,,7,3,1,2,0,2,1,1,0,,,,0,,,,,,,,,,,,,0,0,1,4,1,1,1,1,1,1,,,0,0,,1,1,1,1,1.33
Public Class,"org.apache.commons.math3.geometry.euclidean.oned.SubOrientedPoint",1,1,0,1,6,,0,,5,17,0,0,4,48,27,9,,,13,,,,3,1,2,,1,1,5,4,1,0,0,,,0,5,1,,6,14,15,,7,8,5,,,3,3,,0,0,8,8,5,8,0.56
Public Constructor,"org.apache.commons.math3.geometry.euclidean.oned.SubOrientedPoint.SubOrientedPoint",,,,,,,,,,,,,,8,4,1,2,0,2,1,1,0,,,,0,,,,,,,,,,,,,4,0,2,4,1,1,1,1,1,1,,,0,0,,1,1,1,1,1.00
Protected Method,"org.apache.commons.math3.geometry.euclidean.oned.SubOrientedPoint.buildNew",,,,,,,,,,,,,,5,4,1,2,0,2,1,1,0,,,,0,,,,,,,,,,,,,2,0,2,1,1,1,1,1,1,1,,,0,0,,1,1,1,1,0.25
Public Method,"org.apache.commons.math3.geometry.euclidean.oned.SubOrientedPoint.getSize",,,,,,,,,,,,,,4,3,1,1,0,2,1,1,0,,,,0,,,,,,,,,,,,,0,0,1,1,1,1,1,1,1,1,,,0,0,,1,1,1,1,0.33
Public Method,"org.apache.commons.math3.geometry.euclidean.oned.SubOrientedPoint.side",,,,,,,,,,,,,,5,4,2,4,0,3,3,3,0,,,,0,,,,,,,,,,,,,4,0,2,1,1,2,2,1,3,1,,,0,0,,3,3,1,3,0.25
Public Method,"org.apache.commons.math3.geometry.euclidean.oned.SubOrientedPoint.split",,,,,,,,,,,,,,7,6,4,5,0,3,2,2,0,,,,0,,,,,,,,,,,,,1,0,2,1,1,2,2,1,2,1,,,0,0,,2,2,1,2,0.17
Public Class,"org.apache.commons.math3.geometry.euclidean.oned.Vector1D",1,1,0,3,8,,6,,30,33,0,0,33,321,145,64,,,99,,,,4,4,1,,1,1,7,3,2,0,3,,,1,33,0,,43,63,133,,60,56,43,,,4,4,,2,88,38,39,36,38,0.92
Public Constructor,"org.apache.commons.math3.geometry.euclidean.oned.Vector1D.Vector1D",,,,,,,,,,,,,,8,3,1,2,0,2,1,1,0,,,,0,,,,,,,,,,,,,21,0,1,5,1,1,1,1,1,1,,,0,0,,1,1,1,1,1.67
Public Constructor,"org.apache.commons.math3.geometry.euclidean.oned.Vector1D.Vector1D",,,,,,,,,,,,,,9,3,1,2,0,2,1,1,0,,,,0,,,,,,,,,,,,,3,0,1,6,1,1,1,1,1,1,,,0,0,,1,1,1,1,2.00
Public Constructor,"org.apache.commons.math3.geometry.euclidean.oned.Vector1D.Vector1D",,,,,,,,,,,,,,11,3,1,2,0,2,1,1,0,,,,0,,,,,,,,,,,,,5,0,1,8,1,1,1,1,1,1,,,0,0,,1,1,1,1,2.67
Public Constructor,"org.apache.commons.math3.geometry.euclidean.oned.Vector1D.Vector1D",,,,,,,,,,,,,,14,4,1,2,0,2,1,1,0,,,,0,,,,,,,,,,,,,7,0,2,10,1,1,1,1,1,1,,,0,0,,1,1,1,1,2.50
Public Constructor,"org.apache.commons.math3.geometry.euclidean.oned.Vector1D.Vector1D",,,,,,,,,,,,,,16,4,1,2,0,2,1,1,0,,,,0,,,,,,,,,,,,,9,0,2,12,1,1,1,1,1,1,,,0,0,,1,1,1,1,3.00
Public Method,"org.apache.commons.math3.geometry.euclidean.oned.Vector1D.add",,,,,,,,,,,,,,5,4,2,3,0,3,1,1,0,,,,0,,,,,,,,,,,,,2,0,2,1,1,2,2,1,1,1,,,0,0,,1,1,1,1,0.25
Public Method,"org.apache.commons.math3.geometry.euclidean.oned.Vector1D.add",,,,,,,,,,,,,,5,4,2,3,0,3,1,1,0,,,,0,,,,,,,,,,,,,3,0,2,1,1,2,2,1,1,1,,,0,0,,1,1,1,1,0.25
Public Method,"org.apache.commons.math3.geometry.euclidean.oned.Vector1D.distance",,,,,,,,,,,,,,6,5,3,2,0,4,1,1,0,,,,0,,,,,,,,,,,,,3,0,3,1,1,3,3,1,1,1,,,0,0,,1,1,1,1,0.20
Public Static Method,"org.apache.commons.math3.geometry.euclidean.oned.Vector1D.distance",,,,,,,,,,,,,,11,3,1,2,0,2,1,1,0,,,,0,,,,,,,,,,,,,2,0,1,8,1,1,1,1,1,1,,,0,0,,1,1,1,1,2.67
Public Method,"org.apache.commons.math3.geometry.euclidean.oned.Vector1D.distance1",,,,,,,,,,,,,,6,5,3,2,0,4,1,1,0,,,,0,,,,,,,,,,,,,2,0,3,1,1,3,3,1,1,1,,,0,0,,1,1,1,1,0.20
Public Method,"org.apache.commons.math3.geometry.euclidean.oned.Vector1D.distanceInf",,,,,,,,,,,,,,6,5,3,2,0,4,1,1,0,,,,0,,,,,,,,,,,,,3,0,3,1,1,3,3,1,1,1,,,0,0,,1,1,1,1,0.20
Public Static Method,"org.apache.commons.math3.geometry.euclidean.oned.Vector1D.distanceInf",,,,,,,,,,,,,,11,3,1,2,0,2,1,1,0,,,,0,,,,,,,,,,,,,2,0,1,8,1,1,1,1,1,1,,,0,0,,1,1,1,1,2.67
Public Method,"org.apache.commons.math3.geometry.euclidean.oned.Vector1D.distanceSq",,,,,,,,,,,,,,6,5,3,1,0,4,1,1,0,,,,0,,,,,,,,,,,,,3,0,3,1,1,3,3,1,1,1,,,0,0,,1,1,1,1,0.20
Public Static Method,"org.apache.commons.math3.geometry.euclidean.oned.Vector1D.distanceSq",,,,,,,,,,,,,,11,3,1,2,0,2,1,1,0,,,,0,,,,,,,,,,,,,2,0,1,8,1,1,1,1,1,1,,,0,0,,1,1,1,1,2.67
Public Method,"org.apache.commons.math3.geometry.euclidean.oned.Vector1D.dotProduct",,,,,,,,,,,,,,5,4,2,1,0,3,1,1,0,,,,0,,,,,,,,,,,,,2,0,2,1,1,2,2,1,1,1,,,0,0,,1,1,1,1,0.25
Public Method,"org.apache.commons.math3.geometry.euclidean.oned.Vector1D.equals",,,,,,,,,,,,,,35,13,8,2,1,9,4,4,4,,,,4,,,,,,,,,,,,,2,3,2,19,4,5,2,7,4,4,,,4,2,,4,4,4,4,1.46
Public Method,"org.apache.commons.math3.geometry.euclidean.oned.Vector1D.getNorm",,,,,,,,,,,,,,4,3,1,2,0,2,1,1,0,,,,0,,,,,,,,,,,,,2,0,1,1,1,1,1,1,1,1,,,0,0,,1,1,1,1,0.33
Public Method,"org.apache.commons.math3.geometry.euclidean.oned.Vector1D.getNorm1",,,,,,,,,,,,,,4,3,1,2,0,2,1,1,0,,,,0,,,,,,,,,,,,,1,0,1,1,1,1,1,1,1,1,,,0,0,,1,1,1,1,0.33
Public Method,"org.apache.commons.math3.geometry.euclidean.oned.Vector1D.getNormInf",,,,,,,,,,,,,,4,3,1,2,0,2,1,1,0,,,,0,,,,,,,,,,,,,1,0,1,1,1,1,1,1,1,1,,,0,0,,1,1,1,1,0.33
Public Method,"org.apache.commons.math3.geometry.euclidean.oned.Vector1D.getNormSq",,,,,,,,,,,,,,4,3,1,1,0,2,1,1,0,,,,0,,,,,,,,,,,,,1,0,1,1,1,1,1,1,1,1,,,0,0,,1,1,1,1,0.33
Public Method,"org.apache.commons.math3.geometry.euclidean.oned.Vector1D.getSpace",,,,,,,,,,,,,,4,3,1,2,0,2,1,1,0,,,,0,,,,,,,,,,,,,0,0,1,1,1,1,1,1,1,1,,,0,0,,1,1,1,1,0.33
Public Method,"org.apache.commons.math3.geometry.euclidean.oned.Vector1D.getX",,,,,,,,,,,,,,7,3,1,1,0,2,1,1,0,,,,0,,,,,,,,,,,,,25,0,1,4,1,1,1,1,1,1,,,0,0,,1,1,1,1,1.33
Public Method,"org.apache.commons.math3.geometry.euclidean.oned.Vector1D.getZero",,,,,,,,,,,,,,4,3,1,1,0,2,1,1,0,,,,0,,,,,,,,,,,,,1,0,1,1,1,1,1,1,1,1,,,0,0,,1,1,1,1,0.33
Public Method,"org.apache.commons.math3.geometry.euclidean.oned.Vector1D.hashCode",,,,,,,,,,,,,,13,6,3,3,0,4,2,2,1,,,,0,,,,,,,,,,,,,1,0,1,7,2,2,1,3,2,1,,,0,1,,2,2,1,2,1.17
Public Method,"org.apache.commons.math3.geometry.euclidean.oned.Vector1D.isInfinite",,,,,,,,,,,,,,4,3,1,3,0,2,1,2,0,,,,0,,,,,,,,,,,,,1,0,1,1,1,1,1,1,1,1,,,0,0,,1,2,1,1,0.33
Public Method,"org.apache.commons.math3.geometry.euclidean.oned.Vector1D.isNaN",,,,,,,,,,,,,,4,3,1,2,0,2,1,1,0,,,,0,,,,,,,,,,,,,4,0,1,1,1,1,1,1,1,1,,,0,0,,1,1,1,1,0.33
Public Method,"org.apache.commons.math3.geometry.euclidean.oned.Vector1D.negate",,,,,,,,,,,,,,4,3,1,2,0,2,1,1,0,,,,0,,,,,,,,,,,,,1,0,1,1,1,1,1,1,1,1,,,0,0,,1,1,1,1,0.33
Public Method,"org.apache.commons.math3.geometry.euclidean.oned.Vector1D.normalize",,,,,,,,,,,,,,8,7,4,4,0,5,2,2,0,,,,0,,,,,,,,,,,,,1,0,2,1,2,3,2,3,2,1,,,0,1,,2,2,1,2,0.14
Public Method,"org.apache.commons.math3.geometry.euclidean.oned.Vector1D.scalarMultiply",,,,,,,,,,,,,,4,3,1,2,0,2,1,1,0,,,,0,,,,,,,,,,,,,3,0,1,1,1,1,1,1,1,1,,,0,0,,1,1,1,1,0.33
Public Method,"org.apache.commons.math3.geometry.euclidean.oned.Vector1D.subtract",,,,,,,,,,,,,,5,4,2,2,0,3,1,1,0,,,,0,,,,,,,,,,,,,2,0,2,1,1,2,2,1,1,1,,,0,0,,1,1,1,1,0.25
Public Method,"org.apache.commons.math3.geometry.euclidean.oned.Vector1D.subtract",,,,,,,,,,,,,,5,4,2,3,0,3,1,1,0,,,,0,,,,,,,,,,,,,3,0,2,1,1,2,2,1,1,1,,,0,0,,1,1,1,1,0.25
Public Method,"org.apache.commons.math3.geometry.euclidean.oned.Vector1D.toString",,,,,,,,,,,,,,6,3,1,3,0,2,1,1,0,,,,0,,,,,,,,,,,,,0,0,1,3,1,1,1,1,1,1,,,0,0,,1,1,1,1,1.00
Public Method,"org.apache.commons.math3.geometry.euclidean.oned.Vector1D.toString",,,,,,,,,,,,,,4,3,1,3,0,2,1,1,0,,,,0,,,,,,,,,,,,,1,0,1,1,1,1,1,1,1,1,,,0,0,,1,1,1,1,0.33
Public Class,"org.apache.commons.math3.geometry.euclidean.oned.Vector1DFormat",1,1,0,3,4,,0,,7,24,0,0,9,104,47,20,,,27,,,,2,1,2,,1,1,8,4,1,0,2,,,0,9,0,,10,19,47,,15,14,13,,,2,2,,1,0,11,11,9,11,1.00
Public Constructor,"org.apache.commons.math3.geometry.euclidean.oned.Vector1DFormat.Vector1DFormat",,,,,,,,,,,,,,7,3,1,2,0,2,1,1,0,,,,0,,,,,,,,,,,,,6,0,1,4,1,1,1,1,1,1,,,0,0,,1,1,1,1,1.33
Public Constructor,"org.apache.commons.math3.geometry.euclidean.oned.Vector1DFormat.Vector1DFormat",,,,,,,,,,,,,,9,4,2,3,0,2,1,1,0,,,,0,,,,,,,,,,,,,3,0,1,5,1,1,1,1,1,1,,,0,0,,1,1,1,1,1.25
Public Constructor,"org.apache.commons.math3.geometry.euclidean.oned.Vector1DFormat.Vector1DFormat",,,,,,,,,,,,,,8,3,1,3,0,2,1,1,0,,,,0,,,,,,,,,,,,,3,0,1,5,1,1,1,1,1,1,,,0,0,,1,1,1,1,1.67
Public Constructor,"org.apache.commons.math3.geometry.euclidean.oned.Vector1DFormat.Vector1DFormat",,,,,,,,,,,,,,11,4,1,2,0,2,1,1,0,,,,0,,,,,,,,,,,,,4,0,2,7,1,1,1,1,1,1,,,0,0,,1,1,1,1,1.75
Public Method,"org.apache.commons.math3.geometry.euclidean.oned.Vector1DFormat.format",,,,,,,,,,,,,,6,5,2,3,0,3,1,1,0,,,,0,,,,,,,,,,,,,3,0,3,1,1,2,2,1,1,1,,,0,0,,1,1,1,1,0.20
Public Static Method,"org.apache.commons.math3.geometry.euclidean.oned.Vector1DFormat.getInstance",,,,,,,,,,,,,,7,3,1,3,0,2,1,1,0,,,,0,,,,,,,,,,,,,1,0,1,4,1,1,1,1,1,1,,,0,0,,1,1,1,1,1.33
Public Static Method,"org.apache.commons.math3.geometry.euclidean.oned.Vector1DFormat.getInstance",,,,,,,,,,,,,,8,3,1,3,0,2,1,1,0,,,,0,,,,,,,,,,,,,2,0,1,5,1,1,1,1,1,1,,,0,0,,1,1,1,1,1.67
Public Method,"org.apache.commons.math3.geometry.euclidean.oned.Vector1DFormat.parse",,,,,,,,,,,,,,11,10,7,5,0,6,2,2,0,,,,0,,,,,,,,,,,,,2,0,3,1,2,4,3,3,2,1,,,0,1,,2,2,1,2,0.10
Public Method,"org.apache.commons.math3.geometry.euclidean.oned.Vector1DFormat.parse",,,,,,,,,,,,,,8,7,4,3,0,5,2,2,1,,,,0,,,,,,,,,,,,,3,0,2,1,2,3,2,3,2,1,,,0,1,,2,2,1,2,0.14
Package,"org.apache.commons.math3.geometry.euclidean.threed",1,1,1,3,,30,29,25,288,,0,19,273,5922,3314,2082,,,2328,,,,24,12,,,1,1,14,9,,,13,,,36,301,9,,769,1490,1841,,1831,1281,1047,,,24,36,,5,,478,536,338,478,0.56
Public Class,"org.apache.commons.math3.geometry.euclidean.threed.CardanEulerSingularityException",2,1,0,6,1,,1,,1,7,0,0,1,23,7,2,,,4,,,,2,1,3,,2,2,9,3,1,0,0,,,0,1,0,,4,4,12,,2,3,1,,,2,2,,0,100,2,2,1,2,1.71
Public Constructor,"org.apache.commons.math3.geometry.euclidean.threed.CardanEulerSingularityException.CardanEulerSingularityException",,,,,,,,,,,,,,9,3,1,2,0,2,2,2,0,,,,0,,,,,,,,,,,,,4,0,1,6,1,1,1,1,2,1,,,0,0,,2,2,1,2,2.00
Public Class,"org.apache.commons.math3.geometry.euclidean.threed.Euclidean3D",1,1,0,2,2,,1,,4,5,0,2,3,51,20,6,,,13,,,,1,1,1,,1,1,5,2,3,0,1,,,0,5,0,,8,9,23,,6,9,4,,,1,1,,0,100,5,5,5,5,1.15
Private Constructor,"org.apache.commons.math3.geometry.euclidean.threed.Euclidean3D.Euclidean3D",,,,,,,,,,,,,,4,2,0,1,0,1,1,1,0,,,,0,,,,,,,,,,,,,0,0,1,2,1,0,1,0,1,1,,,0,0,,1,1,1,1,1.00
Private Static Class,"org.apache.commons.math3.geometry.euclidean.threed.Euclidean3D.LazyHolder",0,0,0,0,1,,1,,0,0,0,0,0,7,3,1,,,2,,,,0,0,1,,0,0,0,0,1,0,0,,,0,0,0,,0,2,4,,1,2,0,,,0,0,,0,0,0,0,0,0,1.33
Public Method,"org.apache.commons.math3.geometry.euclidean.threed.Euclidean3D.getDimension",,,,,,,,,,,,,,4,3,1,1,0,2,1,1,0,,,,0,,,,,,,,,,,,,0,0,1,1,1,1,1,1,1,1,,,0,0,,1,1,1,1,0.33
Public Static Method,"org.apache.commons.math3.geometry.euclidean.threed.Euclidean3D.getInstance",,,,,,,,,,,,,,6,3,1,1,0,2,1,1,0,,,,0,,,,,,,,,,,,,2,0,1,3,1,1,1,1,1,1,,,0,0,,1,1,1,1,1.00
Public Method,"org.apache.commons.math3.geometry.euclidean.threed.Euclidean3D.getSubSpace",,,,,,,,,,,,,,4,3,1,2,0,2,1,1,0,,,,0,,,,,,,,,,,,,0,0,1,1,1,1,1,1,1,1,,,0,0,,1,1,1,1,0.33
Private Method,"org.apache.commons.math3.geometry.euclidean.threed.Euclidean3D.readResolve",,,,,,,,,,,,,,7,3,1,1,0,2,1,1,0,,,,0,,,,,,,,,,,,,1,0,1,4,1,1,1,1,1,1,,,0,0,,1,1,1,1,1.33
Public Class,"org.apache.commons.math3.geometry.euclidean.threed.FrenchVector3DFormatTest",1,1,0,0,0,,0,,2,33,0,0,0,12,10,2,,,5,,,,1,1,2,,1,1,3,3,1,0,0,,,0,2,2,,2,5,0,,2,3,2,,,1,1,,0,0,2,2,2,2,0.00
Protected Method,"org.apache.commons.math3.geometry.euclidean.threed.FrenchVector3DFormatTest.getDecimalCharacter",,,,,,,,,,,,,,3,3,1,1,0,2,1,1,0,,,,0,,,,,,,,,,,,,0,0,1,0,1,1,1,1,1,1,,,0,0,,1,1,1,1,0.00
Protected Method,"org.apache.commons.math3.geometry.euclidean.threed.FrenchVector3DFormatTest.getLocale",,,,,,,,,,,,,,3,3,1,1,0,2,1,1,0,,,,0,,,,,,,,,,,,,1,0,1,0,1,1,1,1,1,1,,,0,0,,1,1,1,1,0.00
Public Class,"org.apache.commons.math3.geometry.euclidean.threed.Line",1,1,0,4,9,,0,,17,17,0,0,17,197,80,39,,,59,,,,2,1,1,,1,1,9,4,2,0,0,,,2,17,0,,30,34,87,,38,34,25,,,2,3,,1,41,21,23,17,21,1.09
Public Constructor,"org.apache.commons.math3.geometry.euclidean.threed.Line.Line",,,,,,,,,,,,,,8,3,1,2,0,2,1,1,0,,,,0,,,,,,,,,,,,,19,0,1,5,1,1,1,1,1,1,,,0,0,,1,1,1,1,1.67
Public Constructor,"org.apache.commons.math3.geometry.euclidean.threed.Line.Line",,,,,,,,,,,,,,9,4,2,3,0,3,1,1,0,,,,0,,,,,,,,,,,,,3,0,1,5,1,2,1,2,1,1,,,0,0,,1,1,1,1,1.25
Public Method,"org.apache.commons.math3.geometry.euclidean.threed.Line.closestPoint",,,,,,,,,,,,,,20,11,8,4,0,9,2,2,1,,,,0,,,,,,,,,,,,,6,4,6,5,2,7,6,3,2,1,,,0,1,,2,2,1,2,0.45
Public Method,"org.apache.commons.math3.geometry.euclidean.threed.Line.contains",,,,,,,,,,,,,,7,3,1,2,0,2,1,1,0,,,,0,,,,,,,,,,,,,6,0,1,4,1,1,1,1,1,1,,,0,0,,1,1,1,1,1.33
Public Method,"org.apache.commons.math3.geometry.euclidean.threed.Line.distance",,,,,,,,,,,,,,19,9,6,7,0,7,2,2,1,,,,0,,,,,,,,,,,,,5,4,4,6,2,5,4,3,2,1,,,0,1,,2,2,1,2,0.67
Public Method,"org.apache.commons.math3.geometry.euclidean.threed.Line.distance",,,,,,,,,,,,,,9,5,3,5,0,4,1,1,0,,,,0,,,,,,,,,,,,,6,0,3,4,1,3,3,1,1,1,,,0,0,,1,1,1,1,0.80
Public Method,"org.apache.commons.math3.geometry.euclidean.threed.Line.getAbscissa",,,,,,,,,,,,,,10,3,1,3,0,2,1,1,0,,,,0,,,,,,,,,,,,,4,0,1,7,1,1,1,1,1,1,,,0,0,,1,1,1,1,2.33
Public Method,"org.apache.commons.math3.geometry.euclidean.threed.Line.getDirection",,,,,,,,,,,,,,6,3,1,1,0,2,1,1,0,,,,0,,,,,,,,,,,,,6,0,1,3,1,1,1,1,1,1,,,0,0,,1,1,1,1,1.00
Public Method,"org.apache.commons.math3.geometry.euclidean.threed.Line.getOrigin",,,,,,,,,,,,,,6,3,1,1,0,2,1,1,0,,,,0,,,,,,,,,,,,,1,0,1,3,1,1,1,1,1,1,,,0,0,,1,1,1,1,1.00
Public Method,"org.apache.commons.math3.geometry.euclidean.threed.Line.intersection",,,,,,,,,,,,,,9,4,2,3,0,3,2,2,0,,,,0,,,,,,,,,,,,,3,0,2,5,1,2,2,1,2,1,,,0,0,,2,2,1,2,1.25
Public Method,"org.apache.commons.math3.geometry.euclidean.threed.Line.isSimilarTo",,,,,,,,,,,,,,11,4,2,3,0,3,1,3,0,,,,0,,,,,,,,,,,,,5,0,2,7,1,2,2,1,1,1,,,0,0,,1,3,1,1,1.75
Public Method,"org.apache.commons.math3.geometry.euclidean.threed.Line.pointAt",,,,,,,,,,,,,,7,3,1,2,0,2,1,1,0,,,,0,,,,,,,,,,,,,4,0,1,4,1,1,1,1,1,1,,,0,0,,1,1,1,1,1.33
Public Method,"org.apache.commons.math3.geometry.euclidean.threed.Line.reset",,,,,,,,,,,,,,14,9,6,9,0,7,2,2,0,,,,0,,,,,,,,,,,,,4,0,3,5,2,5,3,4,2,1,,,0,1,,2,2,1,2,0.56
Public Method,"org.apache.commons.math3.geometry.euclidean.threed.Line.revert",,,,,,,,,,,,,,6,3,1,3,0,2,1,1,0,,,,0,,,,,,,,,,,,,2,0,1,3,1,1,1,1,1,1,,,0,0,,1,1,1,1,1.00
Public Method,"org.apache.commons.math3.geometry.euclidean.threed.Line.toSpace",,,,,,,,,,,,,,6,3,1,3,0,2,1,1,0,,,,0,,,,,,,,,,,,,5,0,1,3,1,1,1,1,1,1,,,0,0,,1,1,1,1,1.00
Public Method,"org.apache.commons.math3.geometry.euclidean.threed.Line.toSubSpace",,,,,,,,,,,,,,6,3,1,3,0,2,1,1,0,,,,0,,,,,,,,,,,,,3,0,1,3,1,1,1,1,1,1,,,0,0,,1,1,1,1,1.00
Public Method,"org.apache.commons.math3.geometry.euclidean.threed.Line.wholeLine",,,,,,,,,,,,,,6,3,1,3,0,2,1,1,0,,,,0,,,,,,,,,,,,,1,0,1,3,1,1,1,1,1,1,,,0,0,,1,1,1,1,1.00
Public Class,"org.apache.commons.math3.geometry.euclidean.threed.LineTest",1,1,0,0,3,,0,,6,6,0,0,6,106,99,78,,,50,,,,2,1,1,,1,1,15,15,1,0,0,,,0,6,0,,7,25,0,,42,20,30,,,2,2,,1,0,7,7,6,7,0.00
Public Method,"org.apache.commons.math3.geometry.euclidean.threed.LineTest.testClosest",,,,,,,,,,,,,,24,24,22,5,0,9,1,1,0,,,,0,,,,,,,,,,,,,0,0,2,0,1,8,2,7,1,1,,,0,0,,1,1,1,1,0.00
Public Method,"org.apache.commons.math3.geometry.euclidean.threed.LineTest.testContains",,,,,,,,,,,,,,12,12,9,11,0,11,2,2,0,,,,0,,,,,,,,,,,,,1,0,5,0,2,9,6,5,2,1,,,0,1,,2,2,1,2,0.00
Public Method,"org.apache.commons.math3.geometry.euclidean.threed.LineTest.testIntersection",,,,,,,,,,,,,,18,18,16,6,0,9,1,1,0,,,,0,,,,,,,,,,,,,0,0,2,0,1,8,2,7,1,1,,,0,0,,1,1,1,1,0.00
Public Method,"org.apache.commons.math3.geometry.euclidean.threed.LineTest.testLineDistance",,,,,,,,,,,,,,24,24,22,5,0,9,1,1,0,,,,0,,,,,,,,,,,,,0,0,2,0,1,8,2,7,1,1,,,0,0,,1,1,1,1,0.00
Public Method,"org.apache.commons.math3.geometry.euclidean.threed.LineTest.testPointDistance",,,,,,,,,,,,,,5,5,3,5,0,4,1,1,0,,,,0,,,,,,,,,,,,,0,0,2,0,1,3,2,2,1,1,,,0,0,,1,1,1,1,0.00
Public Method,"org.apache.commons.math3.geometry.euclidean.threed.LineTest.testSimilar",,,,,,,,,,,,,,8,8,6,7,0,7,1,1,0,,,,0,,,,,,,,,,,,,0,0,5,0,1,6,5,2,1,1,,,0,0,,1,1,1,1,0.00
Public Class,"org.apache.commons.math3.geometry.euclidean.threed.NotARotationMatrixException",1,1,0,7,1,,1,,1,5,0,0,1,25,7,2,,,4,,,,1,1,3,,1,1,10,3,1,0,0,,,0,1,0,,3,4,15,,2,3,1,,,1,1,,0,100,1,1,1,1,2.14
Public Constructor,"org.apache.commons.math3.geometry.euclidean.threed.NotARotationMatrixException.NotARotationMatrixException",,,,,,,,,,,,,,10,3,1,2,0,2,1,1,0,,,,0,,,,,,,,,,,,,4,0,1,7,1,1,1,1,1,1,,,0,0,,1,1,1,1,2.33
Public Class,"org.apache.commons.math3.geometry.euclidean.threed.OutlineExtractor",2,1,1,7,8,,0,,3,3,0,1,2,227,139,88,,,110,,,,6,1,1,,2,3,23,14,1,0,0,,,3,3,0,,34,64,54,,81,60,50,,,6,6,,4,66,8,9,3,8,0.39
Private Class,"org.apache.commons.math3.geometry.euclidean.threed.OutlineExtractor.BoundaryProjector",3,1,2,3,16,,0,,6,6,0,1,5,136,90,55,,,67,,,,12,1,1,,3,3,20,14,2,0,0,,,1,6,0,,22,41,24,,47,35,32,,,12,14,,5,50,19,21,6,19,0.27
Public Constructor,"org.apache.commons.math3.geometry.euclidean.threed.OutlineExtractor.BoundaryProjector.BoundaryProjector",,,,,,,,,,,,,,5,3,1,4,0,2,1,1,0,,,,0,,,,,,,,,,,,,1,0,1,2,1,1,1,1,1,1,,,0,0,,1,1,1,1,0.67
Private Method,"org.apache.commons.math3.geometry.euclidean.threed.OutlineExtractor.BoundaryProjector.addContribution",,,,,,,,,,,,,,93,65,47,17,2,52,12,14,1,,,,0,,,,,,,,,,,,,9,14,31,14,37,40,27,25,12,1,,,0,5,,12,14,1,12,0.22
Public Method,"org.apache.commons.math3.geometry.euclidean.threed.OutlineExtractor.BoundaryProjector.getProjected",,,,,,,,,,,,,,6,3,1,1,0,2,1,1,0,,,,0,,,,,,,,,,,,,2,0,1,3,1,1,1,1,1,1,,,0,0,,1,1,1,1,1.00
Public Method,"org.apache.commons.math3.geometry.euclidean.threed.OutlineExtractor.BoundaryProjector.visitInternalNode",,,,,,,,,,,,,,12,11,5,4,1,6,3,3,0,,,,0,,,,,,,,,,,,,1,0,4,1,4,3,2,4,3,1,,,0,1,,3,3,1,3,0.09
Public Method,"org.apache.commons.math3.geometry.euclidean.threed.OutlineExtractor.BoundaryProjector.visitLeafNode",,,,,,,,,,,,,,3,2,0,0,0,1,1,1,0,,,,0,,,,,,,,,,,,,0,0,1,1,1,0,1,0,1,1,,,0,0,,1,1,1,1,0.50
Public Method,"org.apache.commons.math3.geometry.euclidean.threed.OutlineExtractor.BoundaryProjector.visitOrder",,,,,,,,,,,,,,4,3,1,1,0,2,1,1,0,,,,0,,,,,,,,,,,,,0,0,1,1,1,1,1,1,1,1,,,0,0,,1,1,1,1,0.33
Public Constructor,"org.apache.commons.math3.geometry.euclidean.threed.OutlineExtractor.OutlineExtractor",,,,,,,,,,,,,,9,5,3,5,0,4,1,1,0,,,,0,,,,,,,,,,,,,2,0,1,4,1,3,1,3,1,1,,,0,0,,1,1,1,1,0.80
Public Method,"org.apache.commons.math3.geometry.euclidean.threed.OutlineExtractor.getOutline",,,,,,,,,,,,,,39,26,19,8,1,23,6,6,1,,,,0,,,,,,,,,,,,,2,4,7,9,9,17,9,14,6,1,,,0,4,,6,6,1,6,0.35
Private Method,"org.apache.commons.math3.geometry.euclidean.threed.OutlineExtractor.pointIsBetween",,,,,,,,,,,,,,21,13,11,5,0,12,1,2,0,,,,0,,,,,,,,,,,,,4,0,11,8,1,11,11,1,1,1,,,0,0,,1,2,1,1,0.62
Public Class,"org.apache.commons.math3.geometry.euclidean.threed.Plane",1,1,0,6,12,,0,,28,29,0,2,27,401,164,95,,,125,,,,2,1,1,,1,1,12,5,3,0,1,,,5,29,0,,49,66,188,,91,65,60,,,2,4,,1,60,34,37,29,34,1.15
Public Constructor,"org.apache.commons.math3.geometry.euclidean.threed.Plane.Plane",,,,,,,,,,,,,,10,5,3,5,0,4,1,1,0,,,,0,,,,,,,,,,,,,12,0,1,5,1,3,1,3,1,1,,,0,0,,1,1,1,1,1.00
Public Constructor,"org.apache.commons.math3.geometry.euclidean.threed.Plane.Plane",,,,,,,,,,,,,,11,3,1,4,0,2,1,1,0,,,,0,,,,,,,,,,,,,11,0,1,8,1,1,1,1,1,1,,,0,0,,1,1,1,1,2.67
Public Constructor,"org.apache.commons.math3.geometry.euclidean.threed.Plane.Plane",,,,,,,,,,,,,,9,5,3,4,0,4,1,1,0,,,,0,,,,,,,,,,,,,2,0,1,4,1,3,1,3,1,1,,,0,0,,1,1,1,1,0.80
Public Constructor,"org.apache.commons.math3.geometry.euclidean.threed.Plane.Plane",,,,,,,,,,,,,,13,7,5,6,0,6,1,1,0,,,,0,,,,,,,,,,,,,7,0,1,6,1,5,1,5,1,1,,,0,0,,1,1,1,1,0.86
Public Method,"org.apache.commons.math3.geometry.euclidean.threed.Plane.contains",,,,,,,,,,,,,,7,3,1,3,0,2,1,1,0,,,,0,,,,,,,,,,,,,7,0,1,4,1,1,1,1,1,1,,,0,0,,1,1,1,1,1.33
Public Method,"org.apache.commons.math3.geometry.euclidean.threed.Plane.copySelf",,,,,,,,,,,,,,9,3,1,2,0,2,1,1,0,,,,0,,,,,,,,,,,,,1,0,1,6,1,1,1,1,1,1,,,0,0,,1,1,1,1,2.00
Public Method,"org.apache.commons.math3.geometry.euclidean.threed.Plane.getNormal",,,,,,,,,,,,,,11,3,1,1,0,2,1,1,0,,,,0,,,,,,,,,,,,,10,0,1,8,1,1,1,1,1,1,,,0,0,,1,1,1,1,2.67
Public Method,"org.apache.commons.math3.geometry.euclidean.threed.Plane.getOffset",,,,,,,,,,,,,,13,3,1,2,0,2,2,2,0,,,,0,,,,,,,,,,,,,4,0,1,10,1,1,1,1,2,1,,,0,0,,2,2,1,2,3.33
Public Method,"org.apache.commons.math3.geometry.euclidean.threed.Plane.getOffset",,,,,,,,,,,,,,11,3,1,2,0,2,1,1,0,,,,0,,,,,,,,,,,,,6,0,1,8,1,1,1,1,1,1,,,0,0,,1,1,1,1,2.67
Public Method,"org.apache.commons.math3.geometry.euclidean.threed.Plane.getOrigin",,,,,,,,,,,,,,9,3,1,1,0,2,1,1,0,,,,0,,,,,,,,,,,,,4,0,1,6,1,1,1,1,1,1,,,0,0,,1,1,1,1,2.00
Public Method,"org.apache.commons.math3.geometry.euclidean.threed.Plane.getPointAt",,,,,,,,,,,,,,10,3,1,4,0,2,1,1,0,,,,0,,,,,,,,,,,,,6,0,1,7,1,1,1,1,1,1,,,0,0,,1,1,1,1,2.33
Public Method,"org.apache.commons.math3.geometry.euclidean.threed.Plane.getU",,,,,,,,,,,,,,11,3,1,1,0,2,1,1,0,,,,0,,,,,,,,,,,,,2,0,1,8,1,1,1,1,1,1,,,0,0,,1,1,1,1,2.67
Public Method,"org.apache.commons.math3.geometry.euclidean.threed.Plane.getV",,,,,,,,,,,,,,11,3,1,1,0,2,1,1,0,,,,0,,,,,,,,,,,,,2,0,1,8,1,1,1,1,1,1,,,0,0,,1,1,1,1,2.67
Public Method,"org.apache.commons.math3.geometry.euclidean.threed.Plane.intersection",,,,,,,,,,,,,,13,8,5,7,0,6,2,2,1,,,,0,,,,,,,,,,,,,5,0,3,5,2,4,3,3,2,1,,,0,1,,2,2,1,2,0.62
Public Method,"org.apache.commons.math3.geometry.euclidean.threed.Plane.intersection",,,,,,,,,,,,,,15,10,7,6,0,8,2,2,1,,,,0,,,,,,,,,,,,,6,0,5,5,2,6,5,3,2,1,,,0,1,,2,2,1,2,0.50
Public Static Method,"org.apache.commons.math3.geometry.euclidean.threed.Plane.intersection",,,,,,,,,,,,,,41,26,23,6,0,21,2,2,1,,,,0,,,,,,,,,,,,,7,6,18,9,2,19,18,3,2,1,,,0,1,,2,2,1,2,0.35
Public Method,"org.apache.commons.math3.geometry.euclidean.threed.Plane.isSimilarTo",,,,,,,,,,,,,,12,5,3,3,0,3,1,4,0,,,,0,,,,,,,,,,,,,5,0,2,7,1,2,2,1,1,1,,,0,0,,1,4,1,1,1.40
Public Method,"org.apache.commons.math3.geometry.euclidean.threed.Plane.reset",,,,,,,,,,,,,,9,5,3,4,0,4,1,1,0,,,,0,,,,,,,,,,,,,3,0,1,4,1,3,1,3,1,1,,,0,0,,1,1,1,1,0.80
Public Method,"org.apache.commons.math3.geometry.euclidean.threed.Plane.reset",,,,,,,,,,,,,,13,7,5,5,0,6,1,1,0,,,,0,,,,,,,,,,,,,6,0,1,6,1,5,1,5,1,1,,,0,0,,1,1,1,1,0.86
Public Method,"org.apache.commons.math3.geometry.euclidean.threed.Plane.revertSelf",,,,,,,,,,,,,,18,7,5,5,0,6,1,1,0,,,,0,,,,,,,,,,,,,4,0,2,11,1,5,2,4,1,1,,,0,0,,1,1,1,1,1.57
Public Method,"org.apache.commons.math3.geometry.euclidean.threed.Plane.rotate",,,,,,,,,,,,,,19,8,6,7,0,6,1,1,0,,,,0,,,,,,,,,,,,,8,4,4,7,1,5,3,3,1,1,,,0,0,,1,1,1,1,0.88
Public Method,"org.apache.commons.math3.geometry.euclidean.threed.Plane.sameOrientationAs",,,,,,,,,,,,,,8,3,1,2,0,2,1,1,0,,,,0,,,,,,,,,,,,,3,0,1,5,1,1,1,1,1,1,,,0,0,,1,1,1,1,1.67
Private Method,"org.apache.commons.math3.geometry.euclidean.threed.Plane.setFrame",,,,,,,,,,,,,,7,5,3,6,0,4,1,1,0,,,,0,,,,,,,,,,,,,6,0,1,2,1,3,1,3,1,1,,,0,0,,1,1,1,1,0.40
Private Method,"org.apache.commons.math3.geometry.euclidean.threed.Plane.setNormal",,,,,,,,,,,,,,11,7,4,4,0,5,2,2,0,,,,0,,,,,,,,,,,,,5,0,2,4,2,3,2,3,2,1,,,0,1,,2,2,1,2,0.57
Public Method,"org.apache.commons.math3.geometry.euclidean.threed.Plane.toSpace",,,,,,,,,,,,,,10,4,2,4,0,3,1,1,0,,,,0,,,,,,,,,,,,,9,0,2,6,1,2,2,1,1,1,,,0,0,,1,1,1,1,1.50
Public Method,"org.apache.commons.math3.geometry.euclidean.threed.Plane.toSubSpace",,,,,,,,,,,,,,10,3,1,3,0,2,1,1,0,,,,0,,,,,,,,,,,,,9,0,1,7,1,1,1,1,1,1,,,0,0,,1,1,1,1,2.33
Public Method,"org.apache.commons.math3.geometry.euclidean.threed.Plane.translate",,,,,,,,,,,,,,16,6,4,5,0,5,1,1,0,,,,0,,,,,,,,,,,,,7,4,2,6,1,4,2,3,1,1,,,0,0,,1,1,1,1,1.00
Public Method,"org.apache.commons.math3.geometry.euclidean.threed.Plane.wholeHyperplane",,,,,,,,,,,,,,6,3,1,3,0,2,1,1,0,,,,0,,,,,,,,,,,,,0,0,1,3,1,1,1,1,1,1,,,0,0,,1,1,1,1,1.00
Public Method,"org.apache.commons.math3.geometry.euclidean.threed.Plane.wholeSpace",,,,,,,,,,,,,,7,3,1,2,0,2,1,1,0,,,,0,,,,,,,,,,,,,0,0,1,4,1,1,1,1,1,1,,,0,0,,1,1,1,1,1.33
Public Class,"org.apache.commons.math3.geometry.euclidean.threed.PlaneTest",1,1,0,0,4,,0,,10,10,0,0,10,142,123,91,,,95,,,,1,1,1,,1,1,11,11,1,0,0,,,0,10,0,,19,57,0,,84,47,48,,,1,1,,0,0,10,10,10,10,0.00
Public Method,"org.apache.commons.math3.geometry.euclidean.threed.PlaneTest.testContains",,,,,,,,,,,,,,6,6,4,4,0,5,1,1,0,,,,0,,,,,,,,,,,,,0,0,2,0,1,4,2,3,1,1,,,0,0,,1,1,1,1,0.00
Public Method,"org.apache.commons.math3.geometry.euclidean.threed.PlaneTest.testIntersection",,,,,,,,,,,,,,9,9,7,11,0,7,1,1,0,,,,0,,,,,,,,,,,,,0,0,4,0,1,6,4,3,1,1,,,0,0,,1,1,1,1,0.00
Public Method,"org.apache.commons.math3.geometry.euclidean.threed.PlaneTest.testIntersection2",,,,,,,,,,,,,,10,10,8,6,0,9,1,1,0,,,,0,,,,,,,,,,,,,0,0,6,0,1,8,6,3,1,1,,,0,0,,1,1,1,1,0.00
Public Method,"org.apache.commons.math3.geometry.euclidean.threed.PlaneTest.testIntersection3",,,,,,,,,,,,,,10,10,8,7,0,9,1,1,0,,,,0,,,,,,,,,,,,,0,0,6,0,1,8,6,3,1,1,,,0,0,,1,1,1,1,0.00
Public Method,"org.apache.commons.math3.geometry.euclidean.threed.PlaneTest.testOffset",,,,,,,,,,,,,,12,12,10,6,0,7,1,1,0,,,,0,,,,,,,,,,,,,0,0,3,0,1,6,3,4,1,1,,,0,0,,1,1,1,1,0.00
Public Method,"org.apache.commons.math3.geometry.euclidean.threed.PlaneTest.testPoint",,,,,,,,,,,,,,4,4,2,5,0,3,1,1,0,,,,0,,,,,,,,,,,,,0,0,2,0,1,2,2,1,1,1,,,0,0,,1,1,1,1,0.00
Public Method,"org.apache.commons.math3.geometry.euclidean.threed.PlaneTest.testRotate",,,,,,,,,,,,,,23,19,17,8,0,18,1,1,0,,,,0,,,,,,,,,,,,,0,4,6,0,1,17,6,12,1,1,,,0,0,,1,1,1,1,0.00
Public Method,"org.apache.commons.math3.geometry.euclidean.threed.PlaneTest.testSimilar",,,,,,,,,,,,,,14,14,12,7,0,11,1,1,0,,,,0,,,,,,,,,,,,,0,0,7,0,1,10,7,4,1,1,,,0,0,,1,1,1,1,0.00
Public Method,"org.apache.commons.math3.geometry.euclidean.threed.PlaneTest.testThreePoints",,,,,,,,,,,,,,9,9,7,4,0,8,1,1,0,,,,0,,,,,,,,,,,,,0,0,5,0,1,7,5,3,1,1,,,0,0,,1,1,1,1,0.00
Public Method,"org.apache.commons.math3.geometry.euclidean.threed.PlaneTest.testTranslate",,,,,,,,,,,,,,22,18,16,10,0,17,1,1,0,,,,0,,,,,,,,,,,,,0,4,5,0,1,16,5,12,1,1,,,0,0,,1,1,1,1,0.00
Public Class,"org.apache.commons.math3.geometry.euclidean.threed.PolyhedronsSet",2,1,0,7,16,,0,,11,38,0,2,8,391,211,111,,,134,,,,9,8,2,,2,2,17,9,1,0,0,,,0,11,1,,62,87,118,,89,69,65,,,9,9,,3,0,22,24,20,22,0.56
Private Class,"org.apache.commons.math3.geometry.euclidean.threed.PolyhedronsSet.FacetsContributionVisitor",1,1,1,1,11,,0,,5,5,0,1,4,60,39,21,,,26,,,,3,1,1,,1,1,10,7,2,0,0,,,0,5,0,,12,14,9,,16,12,14,,,3,3,,2,0,9,9,5,9,0.23
Public Constructor,"org.apache.commons.math3.geometry.euclidean.threed.PolyhedronsSet.FacetsContributionVisitor.FacetsContributionVisitor",,,,,,,,,,,,,,5,4,2,4,0,3,1,1,0,,,,0,,,,,,,,,,,,,1,0,1,1,1,2,1,2,1,1,,,0,0,,1,1,1,1,0.25
Private Method,"org.apache.commons.math3.geometry.euclidean.threed.PolyhedronsSet.FacetsContributionVisitor.addContribution",,,,,,,,,,,,,,27,17,13,13,0,13,3,3,1,,,,0,,,,,,,,,,,,,4,6,6,4,3,10,6,7,3,1,,,0,2,,3,3,1,3,0.24
Public Method,"org.apache.commons.math3.geometry.euclidean.threed.PolyhedronsSet.FacetsContributionVisitor.visitInternalNode",,,,,,,,,,,,,,12,11,5,4,1,6,3,3,0,,,,0,,,,,,,,,,,,,1,0,4,1,4,3,2,4,3,1,,,0,1,,3,3,1,3,0.09
Public Method,"org.apache.commons.math3.geometry.euclidean.threed.PolyhedronsSet.FacetsContributionVisitor.visitLeafNode",,,,,,,,,,,,,,3,2,0,0,0,1,1,1,0,,,,0,,,,,,,,,,,,,0,0,1,1,1,0,1,0,1,1,,,0,0,,1,1,1,1,0.50
Public Method,"org.apache.commons.math3.geometry.euclidean.threed.PolyhedronsSet.FacetsContributionVisitor.visitOrder",,,,,,,,,,,,,,4,3,1,1,0,2,1,1,0,,,,0,,,,,,,,,,,,,0,0,1,1,1,1,1,1,1,1,,,0,0,,1,1,1,1,0.33
Public Constructor,"org.apache.commons.math3.geometry.euclidean.threed.PolyhedronsSet.PolyhedronsSet",,,,,,,,,,,,,,5,3,1,2,0,2,1,1,0,,,,0,,,,,,,,,,,,,1,0,1,2,1,1,1,1,1,1,,,0,0,,1,1,1,1,0.67
Public Constructor,"org.apache.commons.math3.geometry.euclidean.threed.PolyhedronsSet.PolyhedronsSet",,,,,,,,,,,,,,12,3,1,2,0,2,1,1,0,,,,0,,,,,,,,,,,,,3,0,1,9,1,1,1,1,1,1,,,0,0,,1,1,1,1,3.00
Public Constructor,"org.apache.commons.math3.geometry.euclidean.threed.PolyhedronsSet.PolyhedronsSet",,,,,,,,,,,,,,22,3,1,2,0,2,1,1,0,,,,0,,,,,,,,,,,,,1,0,1,19,1,1,1,1,1,1,,,0,0,,1,1,1,1,6.33
Public Constructor,"org.apache.commons.math3.geometry.euclidean.threed.PolyhedronsSet.PolyhedronsSet",,,,,,,,,,,,,,19,11,7,7,0,2,1,1,0,,,,0,,,,,,,,,,,,,15,0,3,8,1,1,1,1,1,1,,,0,0,,1,1,1,1,0.73
Private Static Class,"org.apache.commons.math3.geometry.euclidean.threed.PolyhedronsSet.RotationTransform",1,1,0,2,10,,0,,4,4,0,0,4,63,38,20,,,27,,,,2,1,1,,1,1,10,8,2,0,0,,,4,4,0,,12,22,13,,21,19,8,,,2,2,,1,50,5,5,4,5,0.34
Public Constructor,"org.apache.commons.math3.geometry.euclidean.threed.PolyhedronsSet.RotationTransform.RotationTransform",,,,,,,,,,,,,,8,4,2,3,0,3,1,1,0,,,,0,,,,,,,,,,,,,3,0,1,4,1,2,1,2,1,1,,,0,0,,1,1,1,1,1.00
Public Method,"org.apache.commons.math3.geometry.euclidean.threed.PolyhedronsSet.RotationTransform.apply",,,,,,,,,,,,,,5,4,2,4,0,3,1,1,0,,,,0,,,,,,,,,,,,,4,0,2,1,1,2,2,1,1,1,,,0,0,,1,1,1,1,0.25
Public Method,"org.apache.commons.math3.geometry.euclidean.threed.PolyhedronsSet.RotationTransform.apply",,,,,,,,,,,,,,4,3,1,2,0,2,1,1,0,,,,0,,,,,,,,,,,,,3,0,1,1,1,1,1,1,1,1,,,0,0,,1,1,1,1,0.33
Public Method,"org.apache.commons.math3.geometry.euclidean.threed.PolyhedronsSet.RotationTransform.apply",,,,,,,,,,,,,,26,21,15,12,0,14,2,2,0,,,,0,,,,,,,,,,,,,5,3,13,2,2,12,10,4,2,1,,,0,1,,2,2,1,2,0.10
Private Static Class,"org.apache.commons.math3.geometry.euclidean.threed.PolyhedronsSet.TranslationTransform",1,1,1,1,9,,0,,4,4,0,0,4,53,29,12,,,19,,,,2,1,1,,1,1,9,6,2,0,0,,,3,4,0,,13,15,11,,13,12,7,,,2,2,,1,58,5,5,4,5,0.38
Public Constructor,"org.apache.commons.math3.geometry.euclidean.threed.PolyhedronsSet.TranslationTransform.TranslationTransform",,,,,,,,,,,,,,6,3,1,2,0,2,1,1,0,,,,0,,,,,,,,,,,,,2,0,1,3,1,1,1,1,1,1,,,0,0,,1,1,1,1,1.00
Public Method,"org.apache.commons.math3.geometry.euclidean.threed.PolyhedronsSet.TranslationTransform.apply",,,,,,,,,,,,,,4,3,1,2,0,2,1,1,0,,,,0,,,,,,,,,,,,,3,0,1,1,1,1,1,1,1,1,,,0,0,,1,1,1,1,0.33
Public Method,"org.apache.commons.math3.geometry.euclidean.threed.PolyhedronsSet.TranslationTransform.apply",,,,,,,,,,,,,,4,3,1,2,0,2,1,1,0,,,,0,,,,,,,,,,,,,2,0,1,1,1,1,1,1,1,1,,,0,0,,1,1,1,1,0.33
Public Method,"org.apache.commons.math3.geometry.euclidean.threed.PolyhedronsSet.TranslationTransform.apply",,,,,,,,,,,,,,22,15,9,11,0,9,2,2,0,,,,0,,,,,,,,,,,,,5,5,8,2,2,7,5,4,2,1,,,0,1,,2,2,1,2,0.13
Private Method,"org.apache.commons.math3.geometry.euclidean.threed.PolyhedronsSet.boundaryFacet",,,,,,,,,,,,,,22,16,9,9,0,8,3,5,2,,,,2,,,,,,,,,,,,,3,0,6,6,3,5,3,5,3,3,,,2,1,,3,5,3,3,0.38
Public Method,"org.apache.commons.math3.geometry.euclidean.threed.PolyhedronsSet.buildNew",,,,,,,,,,,,,,4,3,1,2,0,2,1,1,0,,,,0,,,,,,,,,,,,,1,0,1,1,1,1,1,1,1,1,,,0,0,,1,1,1,1,0.33
Protected Method,"org.apache.commons.math3.geometry.euclidean.threed.PolyhedronsSet.computeGeometricalProperties",,,,,,,,,,,,,,18,10,7,8,0,7,2,2,1,,,,0,,,,,,,,,,,,,1,3,1,5,2,5,1,6,2,1,,,0,1,,2,2,1,2,0.50
Public Method,"org.apache.commons.math3.geometry.euclidean.threed.PolyhedronsSet.firstIntersection",,,,,,,,,,,,,,10,3,1,3,0,2,1,1,0,,,,0,,,,,,,,,,,,,2,0,1,7,1,1,1,1,1,1,,,0,0,,1,1,1,1,2.33
Private Method,"org.apache.commons.math3.geometry.euclidean.threed.PolyhedronsSet.recurseFirstIntersection",,,,,,,,,,,,,,62,42,28,9,1,30,9,9,8,,,,7,,,,,,,,,,,,,4,7,15,13,23,21,13,17,9,8,,,7,3,,9,9,8,9,0.31
Public Method,"org.apache.commons.math3.geometry.euclidean.threed.PolyhedronsSet.rotate",,,,,,,,,,,,,,9,3,1,3,0,2,1,1,0,,,,0,,,,,,,,,,,,,3,0,1,6,1,1,1,1,1,1,,,0,0,,1,1,1,1,2.00
Public Method,"org.apache.commons.math3.geometry.euclidean.threed.PolyhedronsSet.translate",,,,,,,,,,,,,,8,3,1,3,0,2,1,1,0,,,,0,,,,,,,,,,,,,2,0,1,5,1,1,1,1,1,1,,,0,0,,1,1,1,1,1.67
Public Class,"org.apache.commons.math3.geometry.euclidean.threed.PolyhedronsSetTest",2,1,2,0,17,,0,,7,7,0,1,6,257,235,182,,,146,,,,5,1,1,,2,2,34,32,1,0,0,,,0,7,0,,22,106,1,,123,85,61,,,5,10,,3,0,15,20,7,15,0.00
Private Method,"org.apache.commons.math3.geometry.euclidean.threed.PolyhedronsSetTest.checkPoints",,,,,,,,,,,,,,5,5,2,2,0,5,2,2,0,,,,0,,,,,,,,,,,,,6,0,1,0,2,3,2,3,2,1,,,0,1,,2,2,1,2,0.00
Public Method,"org.apache.commons.math3.geometry.euclidean.threed.PolyhedronsSetTest.testBox",,,,,,,,,,,,,,37,37,31,11,1,24,5,10,0,,,,0,,,,,,,,,,,,,3,0,8,0,4,20,10,14,5,1,,,0,3,,5,10,1,5,0.00
Public Method,"org.apache.commons.math3.geometry.euclidean.threed.PolyhedronsSetTest.testBuildBox",,,,,,,,,,,,,,15,15,12,8,0,13,1,1,0,,,,0,,,,,,,,,,,,,0,0,9,0,1,12,8,5,1,1,,,0,0,,1,1,1,1,0.00
Public Method,"org.apache.commons.math3.geometry.euclidean.threed.PolyhedronsSetTest.testCross",,,,,,,,,,,,,,24,21,16,10,0,17,1,1,0,,,,0,,,,,,,,,,,,,0,3,15,0,1,16,12,5,1,1,,,0,0,,1,1,1,1,0.00
Public Method,"org.apache.commons.math3.geometry.euclidean.threed.PolyhedronsSetTest.testIsometry",,,,,,,,,,,,,,80,71,54,15,0,38,1,1,0,,,,0,,,,,,,,,,,,,0,9,24,0,1,29,23,15,1,1,,,0,0,,1,1,1,1,0.00
Anonymous Class,"org.apache.commons.math3.geometry.euclidean.threed.PolyhedronsSetTest.testIsometry.(Anon_1)",2,1,0,0,12,,0,,4,4,0,1,3,35,31,20,,,23,,,,3,1,1,,2,2,7,7,2,0,0,,,0,4,0,,4,8,0,,15,11,12,,,3,3,,2,0,8,8,4,8,0.00
Private Method,"org.apache.commons.math3.geometry.euclidean.threed.PolyhedronsSetTest.testIsometry.(Anon_1).checkFacet",,,,,,,,,,,,,,14,14,10,8,0,14,3,3,0,,,,0,,,,,,,,,,,,,3,0,5,0,3,11,7,7,3,1,,,0,2,,3,3,1,3,0.00
Public Method,"org.apache.commons.math3.geometry.euclidean.threed.PolyhedronsSetTest.testIsometry.(Anon_1).visitInternalNode",,,,,,,,,,,,,,11,11,6,4,1,6,3,3,0,,,,0,,,,,,,,,,,,,1,0,3,0,4,3,2,4,3,1,,,0,1,,3,3,1,3,0.00
Public Method,"org.apache.commons.math3.geometry.euclidean.threed.PolyhedronsSetTest.testIsometry.(Anon_1).visitLeafNode",,,,,,,,,,,,,,2,2,1,0,0,1,1,1,0,,,,0,,,,,,,,,,,,,0,0,0,0,1,0,1,0,1,1,,,0,0,,1,1,1,1,0.00
Public Method,"org.apache.commons.math3.geometry.euclidean.threed.PolyhedronsSetTest.testIsometry.(Anon_1).visitOrder",,,,,,,,,,,,,,3,3,2,1,0,2,1,1,0,,,,0,,,,,,,,,,,,,0,0,0,0,1,1,1,1,1,1,,,0,0,,1,1,1,1,0.00
Public Method,"org.apache.commons.math3.geometry.euclidean.threed.PolyhedronsSetTest.testIssue780",,,,,,,,,,,,,,47,45,38,9,1,33,4,4,0,,,,0,,,,,,,,,,,,,1,2,32,1,5,29,21,12,4,1,,,0,2,,4,4,1,4,0.02
Public Method,"org.apache.commons.math3.geometry.euclidean.threed.PolyhedronsSetTest.testTetrahedron",,,,,,,,,,,,,,33,33,29,14,0,15,1,1,0,,,,0,,,,,,,,,,,,,2,0,10,0,1,14,8,7,1,1,,,0,0,,1,1,1,1,0.00
Public Class,"org.apache.commons.math3.geometry.euclidean.threed.Rotation",2,1,4,15,7,,2,,22,23,0,1,22,1045,492,404,,,355,,,,24,12,1,,2,3,40,21,2,0,1,,,4,23,0,,132,171,422,,289,165,190,,,24,36,,3,50,65,84,43,65,0.86
Public Constructor,"org.apache.commons.math3.geometry.euclidean.threed.Rotation.Rotation",,,,,,,,,,,,,,36,14,10,6,0,11,2,2,0,,,,0,,,,,,,,,,,,,12,3,3,19,2,9,2,9,2,1,,,0,1,,2,2,1,2,1.36
Public Constructor,"org.apache.commons.math3.geometry.euclidean.threed.Rotation.Rotation",,,,,,,,,,,,,,30,11,8,10,0,9,1,1,0,,,,0,,,,,,,,,,,,,10,2,6,17,1,8,5,4,1,1,,,0,0,,1,1,1,1,1.55
Public Constructor,"org.apache.commons.math3.geometry.euclidean.threed.Rotation.Rotation",,,,,,,,,,,,,,37,12,9,12,0,10,2,2,0,,,,0,,,,,,,,,,,,,12,4,4,21,2,8,4,6,2,1,,,0,1,,2,2,1,2,1.75
Public Constructor,"org.apache.commons.math3.geometry.euclidean.threed.Rotation.Rotation",,,,,,,,,,,,,,97,54,48,19,1,47,5,8,3,,,,3,,,,,,,,,,,,,10,15,23,28,8,42,23,24,5,4,,,3,3,,5,8,4,5,0.52
Public Constructor,"org.apache.commons.math3.geometry.euclidean.threed.Rotation.Rotation",,,,,,,,,,,,,,104,51,43,8,1,34,6,9,3,,,,0,,,,,,,,,,,,,10,10,10,43,16,28,8,26,6,1,,,0,3,,6,9,1,6,0.84
Public Constructor,"org.apache.commons.math3.geometry.euclidean.threed.Rotation.Rotation",,,,,,,,,,,,,,42,21,17,14,1,17,3,3,1,,,,0,,,,,,,,,,,,,5,6,6,15,4,14,6,11,3,1,,,0,1,,3,3,1,3,0.71
Public Method,"org.apache.commons.math3.geometry.euclidean.threed.Rotation.applyInverseTo",,,,,,,,,,,,,,18,10,8,5,0,7,1,1,0,,,,0,,,,,,,,,,,,,8,4,6,4,1,6,6,1,1,1,,,0,0,,1,1,1,1,0.40
Public Method,"org.apache.commons.math3.geometry.euclidean.threed.Rotation.applyInverseTo",,,,,,,,,,,,,,19,10,8,1,0,9,1,1,0,,,,0,,,,,,,,,,,,,6,4,6,5,1,8,6,3,1,1,,,0,0,,1,1,1,1,0.50
Public Method,"org.apache.commons.math3.geometry.euclidean.threed.Rotation.applyInverseTo",,,,,,,,,,,,,,18,7,5,2,0,2,1,1,0,,,,0,,,,,,,,,,,,,7,0,1,11,1,1,1,1,1,1,,,0,0,,1,1,1,1,1.57
Public Method,"org.apache.commons.math3.geometry.euclidean.threed.Rotation.applyTo",,,,,,,,,,,,,,17,9,7,5,0,6,1,1,0,,,,0,,,,,,,,,,,,,19,4,5,4,1,5,5,1,1,1,,,0,0,,1,1,1,1,0.44
Public Method,"org.apache.commons.math3.geometry.euclidean.threed.Rotation.applyTo",,,,,,,,,,,,,,18,9,7,1,0,8,1,1,0,,,,0,,,,,,,,,,,,,6,4,5,5,1,7,5,3,1,1,,,0,0,,1,1,1,1,0.56
Public Method,"org.apache.commons.math3.geometry.euclidean.threed.Rotation.applyTo",,,,,,,,,,,,,,16,7,5,2,0,2,1,1,0,,,,0,,,,,,,,,,,,,8,0,1,9,1,1,1,1,1,1,,,0,0,,1,1,1,1,1.29
Public Static Method,"org.apache.commons.math3.geometry.euclidean.threed.Rotation.distance",,,,,,,,,,,,,,27,3,1,3,0,2,1,1,0,,,,0,,,,,,,,,,,,,3,0,1,24,1,1,1,1,1,1,,,0,0,,1,1,1,1,8.00
Public Method,"org.apache.commons.math3.geometry.euclidean.threed.Rotation.getAngle",,,,,,,,,,,,,,12,8,5,4,0,6,3,4,2,,,,2,,,,,,,,,,,,,11,0,1,4,3,3,1,5,3,3,,,2,1,,3,4,3,3,0.50
Public Method,"org.apache.commons.math3.geometry.euclidean.threed.Rotation.getAngles",,,,,,,,,,,,,,257,136,120,10,1,72,24,36,11,,,,11,,,,,,,,,,,,,17,29,26,93,24,48,25,47,24,12,,,11,2,,24,36,12,24,0.68
Public Method,"org.apache.commons.math3.geometry.euclidean.threed.Rotation.getAxis",,,,,,,,,,,,,,15,11,8,3,0,9,3,3,2,,,,2,,,,,,,,,,,,,7,0,4,4,3,6,4,5,3,3,,,2,1,,3,3,3,3,0.36
Public Method,"org.apache.commons.math3.geometry.euclidean.threed.Rotation.getMatrix",,,,,,,,,,,,,,38,26,24,1,0,25,1,1,0,,,,0,,,,,,,,,,,,,5,7,12,5,1,24,12,13,1,1,,,0,0,,1,1,1,1,0.19
Public Method,"org.apache.commons.math3.geometry.euclidean.threed.Rotation.getQ0",,,,,,,,,,,,,,6,3,1,1,0,2,1,1,0,,,,0,,,,,,,,,,,,,3,0,1,3,1,1,1,1,1,1,,,0,0,,1,1,1,1,1.00
Public Method,"org.apache.commons.math3.geometry.euclidean.threed.Rotation.getQ1",,,,,,,,,,,,,,6,3,1,1,0,2,1,1,0,,,,0,,,,,,,,,,,,,3,0,1,3,1,1,1,1,1,1,,,0,0,,1,1,1,1,1.00
Public Method,"org.apache.commons.math3.geometry.euclidean.threed.Rotation.getQ2",,,,,,,,,,,,,,6,3,1,1,0,2,1,1,0,,,,0,,,,,,,,,,,,,3,0,1,3,1,1,1,1,1,1,,,0,0,,1,1,1,1,1.00
Public Method,"org.apache.commons.math3.geometry.euclidean.threed.Rotation.getQ3",,,,,,,,,,,,,,6,3,1,1,0,2,1,1,0,,,,0,,,,,,,,,,,,,3,0,1,3,1,1,1,1,1,1,,,0,0,,1,1,1,1,1.00
Private Method,"org.apache.commons.math3.geometry.euclidean.threed.Rotation.orthogonalizeMatrix",,,,,,,,,,,,,,98,70,64,3,0,62,3,3,3,,,,3,,,,,,,,,,,,,4,10,39,18,3,59,38,24,3,3,,,3,2,,3,3,3,3,0.26
Public Method,"org.apache.commons.math3.geometry.euclidean.threed.Rotation.revert",,,,,,,,,,,,,,10,3,1,2,0,2,1,1,0,,,,0,,,,,,,,,,,,,5,0,1,7,1,1,1,1,1,1,,,0,0,,1,1,1,1,2.33
Public Class,"org.apache.commons.math3.geometry.euclidean.threed.RotationOrder",1,1,0,4,1,,12,,5,5,0,1,4,156,50,20,,,30,,,,1,1,1,,1,1,7,3,1,0,0,,,4,5,0,,22,36,84,,24,22,8,,,1,1,,0,90,5,5,5,5,1.68
Private Constructor,"org.apache.commons.math3.geometry.euclidean.threed.RotationOrder.RotationOrder",,,,,,,,,,,,,,15,7,4,5,0,5,1,1,0,,,,0,,,,,,,,,,,,,4,0,2,8,1,4,1,4,1,1,,,0,0,,1,1,1,1,1.14
Public Method,"org.apache.commons.math3.geometry.euclidean.threed.RotationOrder.getA1",,,,,,,,,,,,,,6,3,1,1,0,2,1,1,0,,,,0,,,,,,,,,,,,,2,0,1,3,1,1,1,1,1,1,,,0,0,,1,1,1,1,1.00
Public Method,"org.apache.commons.math3.geometry.euclidean.threed.RotationOrder.getA2",,,,,,,,,,,,,,6,3,1,1,0,2,1,1,0,,,,0,,,,,,,,,,,,,2,0,1,3,1,1,1,1,1,1,,,0,0,,1,1,1,1,1.00
Public Method,"org.apache.commons.math3.geometry.euclidean.threed.RotationOrder.getA3",,,,,,,,,,,,,,6,3,1,1,0,2,1,1,0,,,,0,,,,,,,,,,,,,2,0,1,3,1,1,1,1,1,1,,,0,0,,1,1,1,1,1.00
Public Method,"org.apache.commons.math3.geometry.euclidean.threed.RotationOrder.toString",,,,,,,,,,,,,,6,3,1,1,0,2,1,1,0,,,,0,,,,,,,,,,,,,2,0,1,3,1,1,1,1,1,1,,,0,0,,1,1,1,1,1.00
Public Class,"org.apache.commons.math3.geometry.euclidean.threed.RotationOrderTest",3,2,1,0,1,,0,,2,2,0,1,1,33,26,13,,,16,,,,4,4,1,,3,3,13,11,1,0,0,,,0,2,0,,6,11,1,,9,7,9,,,4,4,,3,0,6,6,5,6,0.04
Private Method,"org.apache.commons.math3.geometry.euclidean.threed.RotationOrderTest.getFieldName",,,,,,,,,,,,,,13,12,7,4,1,9,4,4,5,,,,5,,,,,,,,,,,,,3,0,2,1,4,5,3,6,4,4,,,5,3,,4,4,4,4,0.08
Public Method,"org.apache.commons.math3.geometry.euclidean.threed.RotationOrderTest.testName",,,,,,,,,,,,,,14,11,6,3,0,6,2,2,0,,,,0,,,,,,,,,,,,,13,3,7,0,2,4,3,3,2,1,,,0,1,,2,2,1,2,0.00
Public Class,"org.apache.commons.math3.geometry.euclidean.threed.RotationTest",3,1,3,0,8,,0,,17,17,0,3,14,506,415,312,,,320,,,,9,1,1,,3,3,27,23,1,0,0,,,0,17,0,,83,128,8,,259,116,204,,,9,9,,4,0,60,60,17,60,0.02
Private Method,"org.apache.commons.math3.geometry.euclidean.threed.RotationTest.checkAngle",,,,,,,,,,,,,,3,3,1,2,0,2,1,1,0,,,,0,,,,,,,,,,,,,8,0,1,0,1,1,1,1,1,1,,,0,0,,1,1,1,1,0.00
Private Method,"org.apache.commons.math3.geometry.euclidean.threed.RotationTest.checkRotation",,,,,,,,,,,,,,3,3,1,3,0,2,1,1,0,,,,0,,,,,,,,,,,,,9,0,1,0,1,1,1,1,1,1,,,0,0,,1,1,1,1,0.00
Private Method,"org.apache.commons.math3.geometry.euclidean.threed.RotationTest.checkVector",,,,,,,,,,,,,,3,3,1,3,0,2,1,1,0,,,,0,,,,,,,,,,,,,11,0,1,0,1,1,1,1,1,1,,,0,0,,1,1,1,1,0.00
Public Method,"org.apache.commons.math3.geometry.euclidean.threed.RotationTest.testAngles",,,,,,,,,,,,,,43,38,23,3,1,37,9,9,0,,,,0,,,,,,,,,,,,,13,5,15,0,25,28,15,22,9,1,,,0,4,,9,9,1,9,0.00
Public Method,"org.apache.commons.math3.geometry.euclidean.threed.RotationTest.testApplyInverseTo",,,,,,,,,,,,,,37,33,25,7,1,32,7,7,0,,,,0,,,,,,,,,,,,,3,4,8,0,27,25,11,21,7,1,,,0,2,,7,7,1,7,0.00
Public Method,"org.apache.commons.math3.geometry.euclidean.threed.RotationTest.testArray",,,,,,,,,,,,,,23,20,15,9,1,22,4,4,0,,,,0,,,,,,,,,,,,,0,3,5,0,4,18,8,14,4,1,,,0,3,,4,4,1,4,0.00
Public Method,"org.apache.commons.math3.geometry.euclidean.threed.RotationTest.testAxisAngle",,,,,,,,,,,,,,27,21,18,9,0,18,2,2,1,,,,0,,,,,,,,,,,,,5,6,3,0,2,16,3,15,2,1,,,0,1,,2,2,1,2,0.00
Public Method,"org.apache.commons.math3.geometry.euclidean.threed.RotationTest.testCompose",,,,,,,,,,,,,,16,13,8,5,1,15,4,4,0,,,,0,,,,,,,,,,,,,0,3,5,0,4,11,8,7,4,1,,,0,3,,4,4,1,4,0.00
Public Method,"org.apache.commons.math3.geometry.euclidean.threed.RotationTest.testComposeInverse",,,,,,,,,,,,,,16,13,8,6,1,15,4,4,0,,,,0,,,,,,,,,,,,,0,3,5,0,4,11,8,7,4,1,,,0,3,,4,4,1,4,0.00
Public Method,"org.apache.commons.math3.geometry.euclidean.threed.RotationTest.testIdentity",,,,,,,,,,,,,,21,17,15,5,0,16,1,1,0,,,,0,,,,,,,,,,,,,4,4,2,0,1,15,2,14,1,1,,,0,0,,1,1,1,1,0.00
Public Method,"org.apache.commons.math3.geometry.euclidean.threed.RotationTest.testIssue639",,,,,,,,,,,,,,13,13,11,7,0,8,1,1,0,,,,0,,,,,,,,,,,,,2,0,6,0,1,7,4,4,1,1,,,0,0,,1,1,1,1,0.00
Public Method,"org.apache.commons.math3.geometry.euclidean.threed.RotationTest.testMatrix",,,,,,,,,,,,,,144,123,113,11,2,69,8,8,5,,,,0,,,,,,,,,,,,,4,17,27,4,64,61,19,50,8,1,,,0,3,,8,8,1,8,0.03
Public Method,"org.apache.commons.math3.geometry.euclidean.threed.RotationTest.testQuaternion",,,,,,,,,,,,,,20,17,12,10,1,17,4,4,0,,,,0,,,,,,,,,,,,,0,3,6,0,4,13,8,9,4,1,,,0,3,,4,4,1,4,0.00
Public Method,"org.apache.commons.math3.geometry.euclidean.threed.RotationTest.testRevert",,,,,,,,,,,,,,8,8,6,8,0,7,1,1,0,,,,0,,,,,,,,,,,,,0,0,3,0,1,6,3,4,1,1,,,0,0,,1,1,1,1,0.00
Public Method,"org.apache.commons.math3.geometry.euclidean.threed.RotationTest.testSingularities",,,,,,,,,,,,,,40,32,20,3,1,25,7,7,2,,,,0,,,,,,,,,,,,,14,6,13,2,16,18,11,14,7,1,,,0,3,,7,7,1,7,0.06
Public Method,"org.apache.commons.math3.geometry.euclidean.threed.RotationTest.testVectorOnePair",,,,,,,,,,,,,,17,12,9,10,0,9,2,2,1,,,,0,,,,,,,,,,,,,2,4,4,1,2,7,4,5,2,1,,,0,1,,2,2,1,2,0.08
Public Method,"org.apache.commons.math3.geometry.euclidean.threed.RotationTest.testVectorTwoPairs",,,,,,,,,,,,,,38,30,26,13,1,23,3,3,2,,,,0,,,,,,,,,,,,,7,7,8,1,4,20,8,15,3,1,,,0,1,,3,3,1,3,0.03
Public Class,"org.apache.commons.math3.geometry.euclidean.threed.Segment",1,1,0,3,2,,0,,4,4,0,0,4,48,19,6,,,14,,,,1,1,1,,1,1,7,3,1,0,0,,,3,4,0,,8,8,21,,9,8,6,,,1,1,,0,50,4,4,4,4,1.11
Public Constructor,"org.apache.commons.math3.geometry.euclidean.threed.Segment.Segment",,,,,,,,,,,,,,10,5,3,4,0,4,1,1,0,,,,0,,,,,,,,,,,,,5,0,1,5,1,3,1,3,1,1,,,0,0,,1,1,1,1,1.00
Public Method,"org.apache.commons.math3.geometry.euclidean.threed.Segment.getEnd",,,,,,,,,,,,,,6,3,1,1,0,2,1,1,0,,,,0,,,,,,,,,,,,,2,0,1,3,1,1,1,1,1,1,,,0,0,,1,1,1,1,1.00
Public Method,"org.apache.commons.math3.geometry.euclidean.threed.Segment.getLine",,,,,,,,,,,,,,6,3,1,1,0,2,1,1,0,,,,0,,,,,,,,,,,,,2,0,1,3,1,1,1,1,1,1,,,0,0,,1,1,1,1,1.00
Public Method,"org.apache.commons.math3.geometry.euclidean.threed.Segment.getStart",,,,,,,,,,,,,,6,3,1,1,0,2,1,1,0,,,,0,,,,,,,,,,,,,2,0,1,3,1,1,1,1,1,1,,,0,0,,1,1,1,1,1.00
Public Class,"org.apache.commons.math3.geometry.euclidean.threed.SubLine",1,1,1,7,8,,0,,5,6,0,1,5,110,39,21,,,29,,,,4,1,1,,1,2,15,5,1,0,1,,,2,6,0,,18,17,53,,19,18,11,,,4,6,,1,50,10,12,6,10,1.36
Public Constructor,"org.apache.commons.math3.geometry.euclidean.threed.SubLine.SubLine",,,,,,,,,,,,,,6,3,1,6,0,2,1,1,0,,,,0,,,,,,,,,,,,,2,0,1,3,1,1,1,1,1,1,,,0,0,,1,1,1,1,1.00
Public Constructor,"org.apache.commons.math3.geometry.euclidean.threed.SubLine.SubLine",,,,,,,,,,,,,,8,4,2,3,0,3,1,1,0,,,,0,,,,,,,,,,,,,9,0,1,4,1,2,1,2,1,1,,,0,0,,1,1,1,1,1.00
Public Constructor,"org.apache.commons.math3.geometry.euclidean.threed.SubLine.SubLine",,,,,,,,,,,,,,7,3,1,4,0,2,1,1,0,,,,0,,,,,,,,,,,,,8,0,1,4,1,1,1,1,1,1,,,0,0,,1,1,1,1,1.33
Private Static Method,"org.apache.commons.math3.geometry.euclidean.threed.SubLine.buildIntervalSet",,,,,,,,,,,,,,10,5,3,5,0,3,1,1,0,,,,0,,,,,,,,,,,,,4,0,2,5,1,2,2,1,1,1,,,0,0,,1,1,1,1,1.00
Public Method,"org.apache.commons.math3.geometry.euclidean.threed.SubLine.getSegments",,,,,,,,,,,,,,28,10,7,8,0,9,2,2,0,,,,0,,,,,,,,,,,,,8,4,5,14,2,6,6,3,2,1,,,0,1,,2,2,1,2,1.40
Public Method,"org.apache.commons.math3.geometry.euclidean.threed.SubLine.intersection",,,,,,,,,,,,,,32,10,7,4,0,7,4,6,1,,,,0,,,,,,,,,,,,,12,5,4,17,2,5,4,3,4,1,,,0,1,,4,6,1,4,1.70
Public Class,"org.apache.commons.math3.geometry.euclidean.threed.SubLineTest",1,1,0,0,7,,0,,12,12,0,0,12,129,116,78,,,74,,,,1,1,1,,1,2,8,8,1,0,0,,,0,12,0,,13,56,0,,61,40,34,,,1,7,,0,0,12,24,12,12,0.00
Public Method,"org.apache.commons.math3.geometry.euclidean.threed.SubLineTest.testEndPoints",,,,,,,,,,,,,,10,10,8,11,0,9,1,1,0,,,,0,,,,,,,,,,,,,0,0,6,0,1,8,6,3,1,1,,,0,0,,1,1,1,1,0.00
Public Method,"org.apache.commons.math3.geometry.euclidean.threed.SubLineTest.testHalfInfiniteNeg",,,,,,,,,,,,,,13,13,11,16,0,8,1,4,0,,,,0,,,,,,,,,,,,,0,0,4,0,1,7,3,5,1,1,,,0,0,,1,4,1,1,0.00
Public Method,"org.apache.commons.math3.geometry.euclidean.threed.SubLineTest.testHalfInfinitePos",,,,,,,,,,,,,,13,13,11,16,0,8,1,4,0,,,,0,,,,,,,,,,,,,0,0,4,0,1,7,3,5,1,1,,,0,0,,1,4,1,1,0.00
Public Method,"org.apache.commons.math3.geometry.euclidean.threed.SubLineTest.testIntersectionBoundaryBoundary",,,,,,,,,,,,,,6,6,4,6,0,5,1,1,0,,,,0,,,,,,,,,,,,,0,0,3,0,1,4,3,2,1,1,,,0,0,,1,1,1,1,0.00
Public Method,"org.apache.commons.math3.geometry.euclidean.threed.SubLineTest.testIntersectionBoundaryOutside",,,,,,,,,,,,,,6,6,4,4,0,5,1,1,0,,,,0,,,,,,,,,,,,,0,0,3,0,1,4,3,2,1,1,,,0,0,,1,1,1,1,0.00
Public Method,"org.apache.commons.math3.geometry.euclidean.threed.SubLineTest.testIntersectionInsideBoundary",,,,,,,,,,,,,,6,6,4,6,0,5,1,1,0,,,,0,,,,,,,,,,,,,0,0,3,0,1,4,3,2,1,1,,,0,0,,1,1,1,1,0.00
Public Method,"org.apache.commons.math3.geometry.euclidean.threed.SubLineTest.testIntersectionInsideInside",,,,,,,,,,,,,,6,6,4,5,0,5,1,1,0,,,,0,,,,,,,,,,,,,0,0,3,0,1,4,3,2,1,1,,,0,0,,1,1,1,1,0.00
Public Method,"org.apache.commons.math3.geometry.euclidean.threed.SubLineTest.testIntersectionInsideOutside",,,,,,,,,,,,,,6,6,4,4,0,5,1,1,0,,,,0,,,,,,,,,,,,,0,0,3,0,1,4,3,2,1,1,,,0,0,,1,1,1,1,0.00
Public Method,"org.apache.commons.math3.geometry.euclidean.threed.SubLineTest.testIntersectionOutsideOutside",,,,,,,,,,,,,,6,6,4,4,0,5,1,1,0,,,,0,,,,,,,,,,,,,0,0,3,0,1,4,3,2,1,1,,,0,0,,1,1,1,1,0.00
Public Method,"org.apache.commons.math3.geometry.euclidean.threed.SubLineTest.testNoEndPoints",,,,,,,,,,,,,,17,17,15,14,0,10,1,7,0,,,,0,,,,,,,,,,,,,0,0,3,0,1,9,3,7,1,1,,,0,0,,1,7,1,1,0.00
Public Method,"org.apache.commons.math3.geometry.euclidean.threed.SubLineTest.testNoSegments",,,,,,,,,,,,,,6,6,4,9,0,4,1,1,0,,,,0,,,,,,,,,,,,,0,0,4,0,1,3,3,1,1,1,,,0,0,,1,1,1,1,0.00
Public Method,"org.apache.commons.math3.geometry.euclidean.threed.SubLineTest.testSeveralSegments",,,,,,,,,,,,,,7,7,5,9,0,4,1,1,0,,,,0,,,,,,,,,,,,,0,0,4,0,1,3,3,1,1,1,,,0,0,,1,1,1,1,0.00
Public Class,"org.apache.commons.math3.geometry.euclidean.threed.SubPlane",3,1,3,6,14,,0,,4,16,0,0,3,112,67,45,,,41,,,,6,1,2,,3,3,24,15,1,0,0,,,0,4,1,,17,37,28,,32,27,14,,,6,6,,1,0,13,13,4,13,0.42
Public Constructor,"org.apache.commons.math3.geometry.euclidean.threed.SubPlane.SubPlane",,,,,,,,,,,,,,8,4,1,2,0,2,1,1,0,,,,0,,,,,,,,,,,,,6,0,2,4,1,1,1,1,1,1,,,0,0,,1,1,1,1,1.00
Protected Method,"org.apache.commons.math3.geometry.euclidean.threed.SubPlane.buildNew",,,,,,,,,,,,,,5,4,1,2,0,2,1,1,0,,,,0,,,,,,,,,,,,,2,0,2,1,1,1,1,1,1,1,,,0,0,,1,1,1,1,0.25
Public Method,"org.apache.commons.math3.geometry.euclidean.threed.SubPlane.side",,,,,,,,,,,,,,36,20,15,12,0,16,5,5,1,,,,0,,,,,,,,,,,,,6,5,11,11,3,13,10,6,5,1,,,0,1,,5,5,1,5,0.55
Public Method,"org.apache.commons.math3.geometry.euclidean.threed.SubPlane.split",,,,,,,,,,,,,,49,34,28,23,0,20,6,6,1,,,,0,,,,,,,,,,,,,3,7,18,8,3,17,14,6,6,1,,,0,1,,6,6,1,6,0.24
Public Class,"org.apache.commons.math3.geometry.euclidean.threed.Vector3D",1,1,0,4,10,,11,,39,46,0,0,46,552,243,128,,,176,,,,4,4,1,,1,1,9,4,3,0,7,,,3,46,0,,71,99,238,,117,92,84,,,4,6,,2,86,58,68,53,58,0.98
Public Constructor,"org.apache.commons.math3.geometry.euclidean.threed.Vector3D.Vector3D",,,,,,,,,,,,,,14,5,3,4,0,4,1,1,0,,,,0,,,,,,,,,,,,,99,0,1,9,1,3,1,3,1,1,,,0,0,,1,1,1,1,1.80
Public Constructor,"org.apache.commons.math3.geometry.euclidean.threed.Vector3D.Vector3D",,,,,,,,,,,,,,13,5,3,5,0,4,1,1,0,,,,0,,,,,,,,,,,,,22,0,1,8,1,3,1,3,1,1,,,0,0,,1,1,1,1,1.60
Public Constructor,"org.apache.commons.math3.geometry.euclidean.threed.Vector3D.Vector3D",,,,,,,,,,,,,,11,5,3,4,0,4,1,1,0,,,,0,,,,,,,,,,,,,14,0,1,6,1,3,1,3,1,1,,,0,0,,1,1,1,1,1.20
Public Constructor,"org.apache.commons.math3.geometry.euclidean.threed.Vector3D.Vector3D",,,,,,,,,,,,,,16,6,3,5,0,4,1,1,0,,,,0,,,,,,,,,,,,,14,0,2,10,1,3,1,3,1,1,,,0,0,,1,1,1,1,1.67
Public Constructor,"org.apache.commons.math3.geometry.euclidean.threed.Vector3D.Vector3D",,,,,,,,,,,,,,14,6,4,6,0,5,1,1,0,,,,0,,,,,,,,,,,,,3,0,2,8,1,4,2,3,1,1,,,0,0,,1,1,1,1,1.33
Public Constructor,"org.apache.commons.math3.geometry.euclidean.threed.Vector3D.Vector3D",,,,,,,,,,,,,,18,6,3,5,0,4,1,1,0,,,,0,,,,,,,,,,,,,12,0,2,12,1,3,1,3,1,1,,,0,0,,1,1,1,1,2.00
Public Constructor,"org.apache.commons.math3.geometry.euclidean.threed.Vector3D.Vector3D",,,,,,,,,,,,,,14,8,5,5,0,6,2,2,0,,,,0,,,,,,,,,,,,,4,0,1,6,2,4,1,5,2,1,,,0,1,,2,2,1,2,0.75
Public Method,"org.apache.commons.math3.geometry.euclidean.threed.Vector3D.add",,,,,,,,,,,,,,5,4,2,2,0,3,1,1,0,,,,0,,,,,,,,,,,,,13,0,2,1,1,2,2,1,1,1,,,0,0,,1,1,1,1,0.25
Public Method,"org.apache.commons.math3.geometry.euclidean.threed.Vector3D.add",,,,,,,,,,,,,,4,3,1,2,0,2,1,1,0,,,,0,,,,,,,,,,,,,3,0,1,1,1,1,1,1,1,1,,,0,0,,1,1,1,1,0.33
Public Static Method,"org.apache.commons.math3.geometry.euclidean.threed.Vector3D.angle",,,,,,,,,,,,,,33,16,11,7,1,12,4,5,3,,,,3,,,,,,,,,,,,,8,4,5,13,6,8,5,7,4,3,,,3,2,,4,5,3,4,0.81
Public Static Method,"org.apache.commons.math3.geometry.euclidean.threed.Vector3D.crossProduct",,,,,,,,,,,,,,8,3,1,2,0,2,1,1,0,,,,0,,,,,,,,,,,,,14,0,1,5,1,1,1,1,1,1,,,0,0,,1,1,1,1,1.67
Public Method,"org.apache.commons.math3.geometry.euclidean.threed.Vector3D.crossProduct",,,,,,,,,,,,,,10,6,4,3,0,3,1,1,0,,,,0,,,,,,,,,,,,,10,0,2,4,1,2,2,1,1,1,,,0,0,,1,1,1,1,0.67
Public Method,"org.apache.commons.math3.geometry.euclidean.threed.Vector3D.distance",,,,,,,,,,,,,,8,7,5,2,0,6,1,1,0,,,,0,,,,,,,,,,,,,12,0,5,1,1,5,5,1,1,1,,,0,0,,1,1,1,1,0.14
Public Static Method,"org.apache.commons.math3.geometry.euclidean.threed.Vector3D.distance",,,,,,,,,,,,,,11,3,1,2,0,2,1,1,0,,,,0,,,,,,,,,,,,,4,0,1,8,1,1,1,1,1,1,,,0,0,,1,1,1,1,2.67
Public Static Method,"org.apache.commons.math3.geometry.euclidean.threed.Vector3D.distance1",,,,,,,,,,,,,,11,3,1,2,0,2,1,1,0,,,,0,,,,,,,,,,,,,3,0,1,8,1,1,1,1,1,1,,,0,0,,1,1,1,1,2.67
Public Method,"org.apache.commons.math3.geometry.euclidean.threed.Vector3D.distance1",,,,,,,,,,,,,,8,7,5,2,0,6,1,1,0,,,,0,,,,,,,,,,,,,5,0,5,1,1,5,5,1,1,1,,,0,0,,1,1,1,1,0.14
Public Static Method,"org.apache.commons.math3.geometry.euclidean.threed.Vector3D.distanceInf",,,,,,,,,,,,,,11,3,1,2,0,2,1,1,0,,,,0,,,,,,,,,,,,,3,0,1,8,1,1,1,1,1,1,,,0,0,,1,1,1,1,2.67
Public Method,"org.apache.commons.math3.geometry.euclidean.threed.Vector3D.distanceInf",,,,,,,,,,,,,,8,7,5,3,0,6,1,1,0,,,,0,,,,,,,,,,,,,5,0,5,1,1,5,5,1,1,1,,,0,0,,1,1,1,1,0.14
Public Static Method,"org.apache.commons.math3.geometry.euclidean.threed.Vector3D.distanceSq",,,,,,,,,,,,,,11,3,1,2,0,2,1,1,0,,,,0,,,,,,,,,,,,,3,0,1,8,1,1,1,1,1,1,,,0,0,,1,1,1,1,2.67
Public Method,"org.apache.commons.math3.geometry.euclidean.threed.Vector3D.distanceSq",,,,,,,,,,,,,,8,7,5,1,0,6,1,1,0,,,,0,,,,,,,,,,,,,5,0,5,1,1,5,5,1,1,1,,,0,0,,1,1,1,1,0.14
Public Method,"org.apache.commons.math3.geometry.euclidean.threed.Vector3D.dotProduct",,,,,,,,,,,,,,12,4,2,2,0,3,1,1,0,,,,0,,,,,,,,,,,,,23,0,2,8,1,2,2,1,1,1,,,0,0,,1,1,1,1,2.00
Public Static Method,"org.apache.commons.math3.geometry.euclidean.threed.Vector3D.dotProduct",,,,,,,,,,,,,,8,3,1,2,0,2,1,1,0,,,,0,,,,,,,,,,,,,6,0,1,5,1,1,1,1,1,1,,,0,0,,1,1,1,1,1.67
Public Method,"org.apache.commons.math3.geometry.euclidean.threed.Vector3D.equals",,,,,,,,,,,,,,35,13,8,2,1,9,4,6,4,,,,4,,,,,,,,,,,,,4,3,2,19,4,5,2,7,4,4,,,4,2,,4,6,4,4,1.46
Public Method,"org.apache.commons.math3.geometry.euclidean.threed.Vector3D.getAlpha",,,,,,,,,,,,,,7,3,1,2,0,2,1,1,0,,,,0,,,,,,,,,,,,,3,0,1,4,1,1,1,1,1,1,,,0,0,,1,1,1,1,1.33
Public Method,"org.apache.commons.math3.geometry.euclidean.threed.Vector3D.getDelta",,,,,,,,,,,,,,7,3,1,3,0,2,1,1,0,,,,0,,,,,,,,,,,,,2,0,1,4,1,1,1,1,1,1,,,0,0,,1,1,1,1,1.33
Public Method,"org.apache.commons.math3.geometry.euclidean.threed.Vector3D.getNorm",,,,,,,,,,,,,,5,3,1,2,0,2,1,1,0,,,,0,,,,,,,,,,,,,23,0,1,2,1,1,1,1,1,1,,,0,0,,1,1,1,1,0.67
Public Method,"org.apache.commons.math3.geometry.euclidean.threed.Vector3D.getNorm1",,,,,,,,,,,,,,4,3,1,2,0,2,1,1,0,,,,0,,,,,,,,,,,,,5,0,1,1,1,1,1,1,1,1,,,0,0,,1,1,1,1,0.33
Public Method,"org.apache.commons.math3.geometry.euclidean.threed.Vector3D.getNormInf",,,,,,,,,,,,,,4,3,1,3,0,2,1,1,0,,,,0,,,,,,,,,,,,,5,0,1,1,1,1,1,1,1,1,,,0,0,,1,1,1,1,0.33
Public Method,"org.apache.commons.math3.geometry.euclidean.threed.Vector3D.getNormSq",,,,,,,,,,,,,,5,3,1,1,0,2,1,1,0,,,,0,,,,,,,,,,,,,5,0,1,2,1,1,1,1,1,1,,,0,0,,1,1,1,1,0.67
Public Method,"org.apache.commons.math3.geometry.euclidean.threed.Vector3D.getSpace",,,,,,,,,,,,,,4,3,1,2,0,2,1,1,0,,,,0,,,,,,,,,,,,,0,0,1,1,1,1,1,1,1,1,,,0,0,,1,1,1,1,0.33
Public Method,"org.apache.commons.math3.geometry.euclidean.threed.Vector3D.getX",,,,,,,,,,,,,,7,3,1,1,0,2,1,1,0,,,,0,,,,,,,,,,,,,19,0,1,4,1,1,1,1,1,1,,,0,0,,1,1,1,1,1.33
Public Method,"org.apache.commons.math3.geometry.euclidean.threed.Vector3D.getY",,,,,,,,,,,,,,7,3,1,1,0,2,1,1,0,,,,0,,,,,,,,,,,,,19,0,1,4,1,1,1,1,1,1,,,0,0,,1,1,1,1,1.33
Public Method,"org.apache.commons.math3.geometry.euclidean.threed.Vector3D.getZ",,,,,,,,,,,,,,7,3,1,1,0,2,1,1,0,,,,0,,,,,,,,,,,,,19,0,1,4,1,1,1,1,1,1,,,0,0,,1,1,1,1,1.33
Public Method,"org.apache.commons.math3.geometry.euclidean.threed.Vector3D.getZero",,,,,,,,,,,,,,4,3,1,1,0,2,1,1,0,,,,0,,,,,,,,,,,,,1,0,1,1,1,1,1,1,1,1,,,0,0,,1,1,1,1,0.33
Public Method,"org.apache.commons.math3.geometry.euclidean.threed.Vector3D.hashCode",,,,,,,,,,,,,,13,6,3,3,0,4,2,2,1,,,,0,,,,,,,,,,,,,3,0,1,7,2,2,1,3,2,1,,,0,1,,2,2,1,2,1.17
Public Method,"org.apache.commons.math3.geometry.euclidean.threed.Vector3D.isInfinite",,,,,,,,,,,,,,4,3,1,3,0,2,1,4,0,,,,0,,,,,,,,,,,,,3,0,1,1,1,1,1,1,1,1,,,0,0,,1,4,1,1,0.33
Public Method,"org.apache.commons.math3.geometry.euclidean.threed.Vector3D.isNaN",,,,,,,,,,,,,,4,3,1,2,0,2,1,3,0,,,,0,,,,,,,,,,,,,6,0,1,1,1,1,1,1,1,1,,,0,0,,1,3,1,1,0.33
Public Method,"org.apache.commons.math3.geometry.euclidean.threed.Vector3D.negate",,,,,,,,,,,,,,4,3,1,2,0,2,1,1,0,,,,0,,,,,,,,,,,,,6,0,1,1,1,1,1,1,1,1,,,0,0,,1,1,1,1,0.33
Public Method,"org.apache.commons.math3.geometry.euclidean.threed.Vector3D.normalize",,,,,,,,,,,,,,8,7,4,4,0,5,2,2,0,,,,0,,,,,,,,,,,,,3,0,2,1,2,3,2,3,2,1,,,0,1,,2,2,1,2,0.14
Public Method,"org.apache.commons.math3.geometry.euclidean.threed.Vector3D.orthogonal",,,,,,,,,,,,,,33,15,11,5,1,12,4,6,2,,,,2,,,,,,,,,,,,,11,3,5,15,6,8,5,7,4,3,,,2,1,,4,6,3,4,1.00
Public Method,"org.apache.commons.math3.geometry.euclidean.threed.Vector3D.scalarMultiply",,,,,,,,,,,,,,4,3,1,2,0,2,1,1,0,,,,0,,,,,,,,,,,,,8,0,1,1,1,1,1,1,1,1,,,0,0,,1,1,1,1,0.33
Public Method,"org.apache.commons.math3.geometry.euclidean.threed.Vector3D.subtract",,,,,,,,,,,,,,5,4,2,2,0,3,1,1,0,,,,0,,,,,,,,,,,,,22,0,2,1,1,2,2,1,1,1,,,0,0,,1,1,1,1,0.25
Public Method,"org.apache.commons.math3.geometry.euclidean.threed.Vector3D.subtract",,,,,,,,,,,,,,4,3,1,2,0,2,1,1,0,,,,0,,,,,,,,,,,,,3,0,1,1,1,1,1,1,1,1,,,0,0,,1,1,1,1,0.33
Public Method,"org.apache.commons.math3.geometry.euclidean.threed.Vector3D.toArray",,,,,,,,,,,,,,7,3,1,1,0,2,1,1,0,,,,0,,,,,,,,,,,,,4,0,1,4,1,1,1,1,1,1,,,0,0,,1,1,1,1,1.33
Public Method,"org.apache.commons.math3.geometry.euclidean.threed.Vector3D.toString",,,,,,,,,,,,,,6,3,1,3,0,2,1,1,0,,,,0,,,,,,,,,,,,,0,0,1,3,1,1,1,1,1,1,,,0,0,,1,1,1,1,1.00
Public Method,"org.apache.commons.math3.geometry.euclidean.threed.Vector3D.toString",,,,,,,,,,,,,,4,3,1,3,0,2,1,1,0,,,,0,,,,,,,,,,,,,1,0,1,1,1,1,1,1,1,1,,,0,0,,1,1,1,1,0.33
Public Class,"org.apache.commons.math3.geometry.euclidean.threed.Vector3DFormat",1,1,0,5,4,,0,,7,24,0,0,9,124,48,20,,,27,,,,2,1,2,,1,1,10,4,1,0,2,,,0,9,0,,10,20,66,,15,14,13,,,2,2,,1,0,11,11,9,11,1.38
Public Constructor,"org.apache.commons.math3.geometry.euclidean.threed.Vector3DFormat.Vector3DFormat",,,,,,,,,,,,,,12,4,1,2,0,2,1,1,0,,,,0,,,,,,,,,,,,,5,0,2,8,1,1,1,1,1,1,,,0,0,,1,1,1,1,2.00
Public Constructor,"org.apache.commons.math3.geometry.euclidean.threed.Vector3DFormat.Vector3DFormat",,,,,,,,,,,,,,7,3,1,2,0,2,1,1,0,,,,0,,,,,,,,,,,,,7,0,1,4,1,1,1,1,1,1,,,0,0,,1,1,1,1,1.33
Public Constructor,"org.apache.commons.math3.geometry.euclidean.threed.Vector3DFormat.Vector3DFormat",,,,,,,,,,,,,,9,4,2,3,0,2,1,1,0,,,,0,,,,,,,,,,,,,7,0,1,5,1,1,1,1,1,1,,,0,0,,1,1,1,1,1.25
Public Constructor,"org.apache.commons.math3.geometry.euclidean.threed.Vector3DFormat.Vector3DFormat",,,,,,,,,,,,,,10,4,1,3,0,2,1,1,0,,,,0,,,,,,,,,,,,,3,0,2,6,1,1,1,1,1,1,,,0,0,,1,1,1,1,1.50
Public Method,"org.apache.commons.math3.geometry.euclidean.threed.Vector3DFormat.format",,,,,,,,,,,,,,13,5,2,5,0,3,1,1,0,,,,0,,,,,,,,,,,,,3,0,3,8,1,2,2,1,1,1,,,0,0,,1,1,1,1,1.60
Public Static Method,"org.apache.commons.math3.geometry.euclidean.threed.Vector3DFormat.getInstance",,,,,,,,,,,,,,8,3,1,3,0,2,1,1,0,,,,0,,,,,,,,,,,,,3,0,1,5,1,1,1,1,1,1,,,0,0,,1,1,1,1,1.67
Public Static Method,"org.apache.commons.math3.geometry.euclidean.threed.Vector3DFormat.getInstance",,,,,,,,,,,,,,7,3,1,3,0,2,1,1,0,,,,0,,,,,,,,,,,,,1,0,1,4,1,1,1,1,1,1,,,0,0,,1,1,1,1,1.33
Public Method,"org.apache.commons.math3.geometry.euclidean.threed.Vector3DFormat.parse",,,,,,,,,,,,,,13,7,4,3,0,5,2,2,1,,,,0,,,,,,,,,,,,,4,0,2,6,2,3,2,3,2,1,,,0,1,,2,2,1,2,0.86
Public Method,"org.apache.commons.math3.geometry.euclidean.threed.Vector3DFormat.parse",,,,,,,,,,,,,,17,10,7,5,0,6,2,2,0,,,,0,,,,,,,,,,,,,14,0,3,7,2,4,3,3,2,1,,,0,1,,2,2,1,2,0.70
Public Abstract Class,"org.apache.commons.math3.geometry.euclidean.threed.Vector3DFormatAbstractTest",1,1,0,0,3,,0,,31,31,0,0,28,301,266,162,,,152,,,,1,1,1,,1,1,8,8,1,2,0,,,2,31,3,,35,154,0,,122,112,40,,,1,1,,0,56,29,29,29,29,0.00
Protected Constructor,"org.apache.commons.math3.geometry.euclidean.threed.Vector3DFormatAbstractTest.Vector3DFormatAbstractTest",,,,,,,,,,,,,,6,6,4,8,0,5,1,1,0,,,,0,,,,,,,,,,,,,0,0,2,0,1,4,2,3,1,1,,,0,0,,1,1,1,1,0.00
Protected Abstract Method,"org.apache.commons.math3.geometry.euclidean.threed.Vector3DFormatAbstractTest.getDecimalCharacter",,,,,,,,,,,,,,1,1,0,1,0,1,0,0,0,,,,0,,,,,,,,,,,,,14,0,1,0,0,1,1,0,0,0,,,0,0,,0,0,0,0,0.00
Protected Abstract Method,"org.apache.commons.math3.geometry.euclidean.threed.Vector3DFormatAbstractTest.getLocale",,,,,,,,,,,,,,1,1,0,1,0,1,0,0,0,,,,0,,,,,,,,,,,,,2,0,1,0,0,1,1,0,0,0,,,0,0,,0,0,0,0,0.00
Public Method,"org.apache.commons.math3.geometry.euclidean.threed.Vector3DFormatAbstractTest.tesNegativeInfinity",,,,,,,,,,,,,,6,6,4,2,0,5,1,1,0,,,,0,,,,,,,,,,,,,2,0,4,0,1,4,4,1,1,1,,,0,0,,1,1,1,1,0.00
Public Method,"org.apache.commons.math3.geometry.euclidean.threed.Vector3DFormatAbstractTest.testConstructorSingleFormat",,,,,,,,,,,,,,6,6,4,5,0,5,1,1,0,,,,0,,,,,,,,,,,,,0,0,3,0,1,4,3,2,1,1,,,0,0,,1,1,1,1,0.00
Public Method,"org.apache.commons.math3.geometry.euclidean.threed.Vector3DFormatAbstractTest.testDefaultFormatVector3D",,,,,,,,,,,,,,15,13,10,8,0,8,1,1,0,,,,0,,,,,,,,,,,,,0,2,6,0,1,7,5,3,1,1,,,0,0,,1,1,1,1,0.00
Public Method,"org.apache.commons.math3.geometry.euclidean.threed.Vector3DFormatAbstractTest.testForgottenPrefix",,,,,,,,,,,,,,5,5,3,5,0,4,1,1,0,,,,0,,,,,,,,,,,,,0,0,2,0,1,3,2,2,1,1,,,0,0,,1,1,1,1,0.00
Public Method,"org.apache.commons.math3.geometry.euclidean.threed.Vector3DFormatAbstractTest.testForgottenSeparator",,,,,,,,,,,,,,5,5,3,5,0,4,1,1,0,,,,0,,,,,,,,,,,,,0,0,2,0,1,3,2,2,1,1,,,0,0,,1,1,1,1,0.00
Public Method,"org.apache.commons.math3.geometry.euclidean.threed.Vector3DFormatAbstractTest.testForgottenSuffix",,,,,,,,,,,,,,5,5,3,5,0,4,1,1,0,,,,0,,,,,,,,,,,,,0,0,2,0,1,3,2,2,1,1,,,0,0,,1,1,1,1,0.00
Public Method,"org.apache.commons.math3.geometry.euclidean.threed.Vector3DFormatAbstractTest.testNan",,,,,,,,,,,,,,6,6,4,2,0,5,1,1,0,,,,0,,,,,,,,,,,,,2,0,4,0,1,4,4,1,1,1,,,0,0,,1,1,1,1,0.00
Public Method,"org.apache.commons.math3.geometry.euclidean.threed.Vector3DFormatAbstractTest.testNegativeX",,,,,,,,,,,,,,10,10,7,4,0,5,1,1,0,,,,0,,,,,,,,,,,,,1,0,5,0,1,4,4,1,1,1,,,0,0,,1,1,1,1,0.00
Public Method,"org.apache.commons.math3.geometry.euclidean.threed.Vector3DFormatAbstractTest.testNegativeY",,,,,,,,,,,,,,10,10,7,4,0,5,1,1,0,,,,0,,,,,,,,,,,,,1,0,5,0,1,4,4,1,1,1,,,0,0,,1,1,1,1,0.00
Public Method,"org.apache.commons.math3.geometry.euclidean.threed.Vector3DFormatAbstractTest.testNegativeZ",,,,,,,,,,,,,,10,10,7,4,0,5,1,1,0,,,,0,,,,,,,,,,,,,1,0,5,0,1,4,4,1,1,1,,,0,0,,1,1,1,1,0.00
Public Method,"org.apache.commons.math3.geometry.euclidean.threed.Vector3DFormatAbstractTest.testNonDefaultSetting",,,,,,,,,,,,,,6,6,4,3,0,5,1,1,0,,,,0,,,,,,,,,,,,,1,0,4,0,1,4,4,1,1,1,,,0,0,,1,1,1,1,0.00
Public Method,"org.apache.commons.math3.geometry.euclidean.threed.Vector3DFormatAbstractTest.testParseIgnoredWhitespace",,,,,,,,,,,,,,11,11,9,5,0,10,1,1,0,,,,0,,,,,,,,,,,,,1,0,6,0,1,9,6,4,1,1,,,0,0,,1,1,1,1,0.00
Public Method,"org.apache.commons.math3.geometry.euclidean.threed.Vector3DFormatAbstractTest.testParseNan",,,,,,,,,,,,,,5,5,3,2,0,4,1,1,0,,,,0,,,,,,,,,,,,,2,0,3,0,1,3,3,1,1,1,,,0,0,,1,1,1,1,0.00
Public Method,"org.apache.commons.math3.geometry.euclidean.threed.Vector3DFormatAbstractTest.testParseNegativeAll",,,,,,,,,,,,,,10,10,7,4,0,5,1,1,0,,,,0,,,,,,,,,,,,,1,0,5,0,1,4,4,1,1,1,,,0,0,,1,1,1,1,0.00
Public Method,"org.apache.commons.math3.geometry.euclidean.threed.Vector3DFormatAbstractTest.testParseNegativeInfinity",,,,,,,,,,,,,,5,5,3,2,0,4,1,1,0,,,,0,,,,,,,,,,,,,2,0,3,0,1,3,3,1,1,1,,,0,0,,1,1,1,1,0.00
Public Method,"org.apache.commons.math3.geometry.euclidean.threed.Vector3DFormatAbstractTest.testParseNegativeX",,,,,,,,,,,,,,10,10,7,4,0,5,1,1,0,,,,0,,,,,,,,,,,,,1,0,5,0,1,4,4,1,1,1,,,0,0,,1,1,1,1,0.00
Public Method,"org.apache.commons.math3.geometry.euclidean.threed.Vector3DFormatAbstractTest.testParseNegativeY",,,,,,,,,,,,,,10,10,7,4,0,5,1,1,0,,,,0,,,,,,,,,,,,,1,0,5,0,1,4,4,1,1,1,,,0,0,,1,1,1,1,0.00
Public Method,"org.apache.commons.math3.geometry.euclidean.threed.Vector3DFormatAbstractTest.testParseNegativeZ",,,,,,,,,,,,,,10,10,7,4,0,5,1,1,0,,,,0,,,,,,,,,,,,,1,0,5,0,1,4,4,1,1,1,,,0,0,,1,1,1,1,0.00
Public Method,"org.apache.commons.math3.geometry.euclidean.threed.Vector3DFormatAbstractTest.testParseNonDefaultSetting",,,,,,,,,,,,,,10,10,7,4,0,5,1,1,0,,,,0,,,,,,,,,,,,,1,0,5,0,1,4,4,1,1,1,,,0,0,,1,1,1,1,0.00
Public Method,"org.apache.commons.math3.geometry.euclidean.threed.Vector3DFormatAbstractTest.testParsePositiveInfinity",,,,,,,,,,,,,,5,5,3,2,0,4,1,1,0,,,,0,,,,,,,,,,,,,2,0,3,0,1,3,3,1,1,1,,,0,0,,1,1,1,1,0.00
Public Method,"org.apache.commons.math3.geometry.euclidean.threed.Vector3DFormatAbstractTest.testParseSimpleNoDecimals",,,,,,,,,,,,,,6,6,4,3,0,5,1,1,0,,,,0,,,,,,,,,,,,,1,0,4,0,1,4,4,1,1,1,,,0,0,,1,1,1,1,0.00
Public Method,"org.apache.commons.math3.geometry.euclidean.threed.Vector3DFormatAbstractTest.testParseSimpleWithDecimals",,,,,,,,,,,,,,10,10,7,4,0,5,1,1,0,,,,0,,,,,,,,,,,,,1,0,5,0,1,4,4,1,1,1,,,0,0,,1,1,1,1,0.00
Public Method,"org.apache.commons.math3.geometry.euclidean.threed.Vector3DFormatAbstractTest.testParseSimpleWithDecimalsTrunc",,,,,,,,,,,,,,10,10,7,4,0,5,1,1,0,,,,0,,,,,,,,,,,,,1,0,5,0,1,4,4,1,1,1,,,0,0,,1,1,1,1,0.00
Public Method,"org.apache.commons.math3.geometry.euclidean.threed.Vector3DFormatAbstractTest.testParseZeroX",,,,,,,,,,,,,,10,10,7,4,0,5,1,1,0,,,,0,,,,,,,,,,,,,1,0,5,0,1,4,4,1,1,1,,,0,0,,1,1,1,1,0.00
Public Method,"org.apache.commons.math3.geometry.euclidean.threed.Vector3DFormatAbstractTest.testPositiveInfinity",,,,,,,,,,,,,,6,6,4,2,0,5,1,1,0,,,,0,,,,,,,,,,,,,2,0,4,0,1,4,4,1,1,1,,,0,0,,1,1,1,1,0.00
Public Method,"org.apache.commons.math3.geometry.euclidean.threed.Vector3DFormatAbstractTest.testSimpleNoDecimals",,,,,,,,,,,,,,6,6,4,3,0,5,1,1,0,,,,0,,,,,,,,,,,,,1,0,4,0,1,4,4,1,1,1,,,0,0,,1,1,1,1,0.00
Public Method,"org.apache.commons.math3.geometry.euclidean.threed.Vector3DFormatAbstractTest.testSimpleWithDecimals",,,,,,,,,,,,,,10,10,7,4,0,5,1,1,0,,,,0,,,,,,,,,,,,,1,0,5,0,1,4,4,1,1,1,,,0,0,,1,1,1,1,0.00
Public Method,"org.apache.commons.math3.geometry.euclidean.threed.Vector3DFormatAbstractTest.testSimpleWithDecimalsTrunc",,,,,,,,,,,,,,10,10,7,4,0,5,1,1,0,,,,0,,,,,,,,,,,,,1,0,5,0,1,4,4,1,1,1,,,0,0,,1,1,1,1,0.00
Public Class,"org.apache.commons.math3.geometry.euclidean.threed.Vector3DFormatTest",1,1,0,0,0,,0,,2,33,0,0,0,12,10,2,,,5,,,,1,1,2,,1,1,3,3,1,0,0,,,0,2,2,,2,5,0,,2,3,2,,,1,1,,0,0,2,2,2,2,0.00
Protected Method,"org.apache.commons.math3.geometry.euclidean.threed.Vector3DFormatTest.getDecimalCharacter",,,,,,,,,,,,,,3,3,1,1,0,2,1,1,0,,,,0,,,,,,,,,,,,,0,0,1,0,1,1,1,1,1,1,,,0,0,,1,1,1,1,0.00
Protected Method,"org.apache.commons.math3.geometry.euclidean.threed.Vector3DFormatTest.getLocale",,,,,,,,,,,,,,3,3,1,1,0,2,1,1,0,,,,0,,,,,,,,,,,,,1,0,1,0,1,1,1,1,1,1,,,0,0,,1,1,1,1,0.00
Public Class,"org.apache.commons.math3.geometry.euclidean.threed.Vector3DTest",1,1,0,0,6,,0,,25,25,0,1,24,306,256,175,,,172,,,,2,1,1,,1,1,10,9,1,0,0,,,0,25,0,,35,115,15,,141,87,85,,,2,2,,1,0,30,30,25,30,0.06
Private Method,"org.apache.commons.math3.geometry.euclidean.threed.Vector3DTest.checkVector",,,,,,,,,,,,,,5,5,3,4,0,4,1,1,0,,,,0,,,,,,,,,,,,,10,0,1,0,1,3,1,3,1,1,,,0,0,,1,1,1,1,0.00
Public Method,"org.apache.commons.math3.geometry.euclidean.threed.Vector3DTest.testAccurateCrossProduct",,,,,,,,,,,,,,22,17,15,9,0,8,1,1,0,,,,0,,,,,,,,,,,,,0,0,10,5,1,7,6,2,1,1,,,0,0,,1,1,1,1,0.29
Public Method,"org.apache.commons.math3.geometry.euclidean.threed.Vector3DTest.testAccurateDotProduct",,,,,,,,,,,,,,15,12,10,6,0,7,1,1,0,,,,0,,,,,,,,,,,,,0,0,7,3,1,6,5,2,1,1,,,0,0,,1,1,1,1,0.25
Public Method,"org.apache.commons.math3.geometry.euclidean.threed.Vector3DTest.testAdd",,,,,,,,,,,,,,9,8,6,4,0,7,1,1,0,,,,0,,,,,,,,,,,,,0,1,3,0,1,6,3,4,1,1,,,0,0,,1,1,1,1,0.00
Public Method,"org.apache.commons.math3.geometry.euclidean.threed.Vector3DTest.testAngle",,,,,,,,,,,,,,17,16,13,4,0,7,2,2,1,,,,0,,,,,,,,,,,,,2,0,1,1,2,5,1,6,2,1,,,0,1,,2,2,1,2,0.06
Public Method,"org.apache.commons.math3.geometry.euclidean.threed.Vector3DTest.testAngular",,,,,,,,,,,,,,12,11,9,6,0,10,1,1,0,,,,0,,,,,,,,,,,,,4,1,2,0,1,9,2,8,1,1,,,0,0,,1,1,1,1,0.00
Public Method,"org.apache.commons.math3.geometry.euclidean.threed.Vector3DTest.testAngularSeparation",,,,,,,,,,,,,,9,7,5,10,0,6,1,1,0,,,,0,,,,,,,,,,,,,0,2,5,0,1,5,5,1,1,1,,,0,0,,1,1,1,1,0.00
Public Method,"org.apache.commons.math3.geometry.euclidean.threed.Vector3DTest.testConstructors",,,,,,,,,,,,,,19,19,17,8,0,7,1,1,0,,,,0,,,,,,,,,,,,,5,0,2,0,1,6,2,5,1,1,,,0,0,,1,1,1,1,0.00
Public Method,"org.apache.commons.math3.geometry.euclidean.threed.Vector3DTest.testCoordinates",,,,,,,,,,,,,,10,10,8,7,0,9,1,1,0,,,,0,,,,,,,,,,,,,0,0,3,0,1,8,3,6,1,1,,,0,0,,1,1,1,1,0.00
Public Method,"org.apache.commons.math3.geometry.euclidean.threed.Vector3DTest.testCrossProduct",,,,,,,,,,,,,,16,14,11,7,0,14,2,2,0,,,,0,,,,,,,,,,,,,0,0,10,2,2,12,11,3,2,1,,,0,1,,2,2,1,2,0.14
Public Method,"org.apache.commons.math3.geometry.euclidean.threed.Vector3DTest.testCrossProductCancellation",,,,,,,,,,,,,,11,9,7,5,0,8,1,1,0,,,,0,,,,,,,,,,,,,0,2,6,0,1,7,6,2,1,1,,,0,0,,1,1,1,1,0.00
Public Method,"org.apache.commons.math3.geometry.euclidean.threed.Vector3DTest.testDistance",,,,,,,,,,,,,,7,7,5,6,0,6,1,1,0,,,,0,,,,,,,,,,,,,1,0,3,0,1,5,3,3,1,1,,,0,0,,1,1,1,1,0.00
Public Method,"org.apache.commons.math3.geometry.euclidean.threed.Vector3DTest.testDistance1",,,,,,,,,,,,,,7,7,5,5,0,6,1,1,0,,,,0,,,,,,,,,,,,,1,0,3,0,1,5,3,3,1,1,,,0,0,,1,1,1,1,0.00
Public Method,"org.apache.commons.math3.geometry.euclidean.threed.Vector3DTest.testDistanceInf",,,,,,,,,,,,,,7,7,5,5,0,6,1,1,0,,,,0,,,,,,,,,,,,,1,0,3,0,1,5,3,3,1,1,,,0,0,,1,1,1,1,0.00
Public Method,"org.apache.commons.math3.geometry.euclidean.threed.Vector3DTest.testDistanceSq",,,,,,,,,,,,,,8,8,6,4,0,6,1,1,0,,,,0,,,,,,,,,,,,,1,0,3,0,1,5,3,3,1,1,,,0,0,,1,1,1,1,0.00
Public Method,"org.apache.commons.math3.geometry.euclidean.threed.Vector3DTest.testDotProduct",,,,,,,,,,,,,,16,14,11,5,0,14,2,2,0,,,,0,,,,,,,,,,,,,0,0,10,2,2,12,11,3,2,1,,,0,1,,2,2,1,2,0.14
Public Method,"org.apache.commons.math3.geometry.euclidean.threed.Vector3DTest.testNorm",,,,,,,,,,,,,,4,4,2,4,0,3,1,1,0,,,,0,,,,,,,,,,,,,1,0,1,0,1,2,1,2,1,1,,,0,0,,1,1,1,1,0.00
Public Method,"org.apache.commons.math3.geometry.euclidean.threed.Vector3DTest.testNorm1",,,,,,,,,,,,,,4,4,2,3,0,3,1,1,0,,,,0,,,,,,,,,,,,,1,0,1,0,1,2,1,2,1,1,,,0,0,,1,1,1,1,0.00
Public Method,"org.apache.commons.math3.geometry.euclidean.threed.Vector3DTest.testNormInf",,,,,,,,,,,,,,4,4,2,3,0,3,1,1,0,,,,0,,,,,,,,,,,,,1,0,1,0,1,2,1,2,1,1,,,0,0,,1,1,1,1,0.00
Public Method,"org.apache.commons.math3.geometry.euclidean.threed.Vector3DTest.testNormalize",,,,,,,,,,,,,,9,8,5,5,0,5,2,2,1,,,,0,,,,,,,,,,,,,1,0,1,1,2,3,1,4,2,1,,,0,1,,2,2,1,2,0.12
Public Method,"org.apache.commons.math3.geometry.euclidean.threed.Vector3DTest.testOrthogonal",,,,,,,,,,,,,,14,13,10,5,0,10,2,2,1,,,,0,,,,,,,,,,,,,0,0,4,1,2,8,4,6,2,1,,,0,1,,2,2,1,2,0.08
Public Method,"org.apache.commons.math3.geometry.euclidean.threed.Vector3DTest.testScalarProduct",,,,,,,,,,,,,,7,6,4,3,0,5,1,1,0,,,,0,,,,,,,,,,,,,0,1,2,0,1,4,2,3,1,1,,,0,0,,1,1,1,1,0.00
Public Method,"org.apache.commons.math3.geometry.euclidean.threed.Vector3DTest.testSubtract",,,,,,,,,,,,,,9,8,6,4,0,7,1,1,0,,,,0,,,,,,,,,,,,,0,1,3,0,1,6,3,4,1,1,,,0,0,,1,1,1,1,0.00
Public Method,"org.apache.commons.math3.geometry.euclidean.threed.Vector3DTest.testVectorialProducts",,,,,,,,,,,,,,12,9,7,6,0,8,1,1,0,,,,0,,,,,,,,,,,,,0,3,4,0,1,7,4,4,1,1,,,0,0,,1,1,1,1,0.00
Public Method,"org.apache.commons.math3.geometry.euclidean.threed.Vector3DTest.testWrongDimension",,,,,,,,,,,,,,3,3,1,1,0,2,1,1,0,,,,0,,,,,,,,,,,,,0,0,1,0,1,1,1,1,1,1,,,0,0,,1,1,1,1,0.00
Package,"org.apache.commons.math3.geometry.euclidean.twod",1,1,0,3,,15,7,12,155,,0,18,144,3154,1974,1251,,,1102,,,,13,4,,,1,1,14,10,,,9,,,25,164,2,,341,760,839,,839,640,462,,,13,13,,6,,252,275,174,252,0.43
Public Class,"org.apache.commons.math3.geometry.euclidean.twod.Euclidean2D",1,1,0,2,2,,1,,4,5,0,2,3,51,20,6,,,13,,,,1,1,1,,1,1,5,2,3,0,1,,,0,5,0,,8,9,23,,6,9,4,,,1,1,,0,100,5,5,5,5,1.15
Private Constructor,"org.apache.commons.math3.geometry.euclidean.twod.Euclidean2D.Euclidean2D",,,,,,,,,,,,,,4,2,0,1,0,1,1,1,0,,,,0,,,,,,,,,,,,,0,0,1,2,1,0,1,0,1,1,,,0,0,,1,1,1,1,1.00
Private Static Class,"org.apache.commons.math3.geometry.euclidean.twod.Euclidean2D.LazyHolder",0,0,0,0,1,,1,,0,0,0,0,0,7,3,1,,,2,,,,0,0,1,,0,0,0,0,1,0,0,,,0,0,0,,0,2,4,,1,2,0,,,0,0,,0,0,0,0,0,0,1.33
Public Method,"org.apache.commons.math3.geometry.euclidean.twod.Euclidean2D.getDimension",,,,,,,,,,,,,,4,3,1,1,0,2,1,1,0,,,,0,,,,,,,,,,,,,0,0,1,1,1,1,1,1,1,1,,,0,0,,1,1,1,1,0.33
Public Static Method,"org.apache.commons.math3.geometry.euclidean.twod.Euclidean2D.getInstance",,,,,,,,,,,,,,6,3,1,1,0,2,1,1,0,,,,0,,,,,,,,,,,,,3,0,1,3,1,1,1,1,1,1,,,0,0,,1,1,1,1,1.00
Public Method,"org.apache.commons.math3.geometry.euclidean.twod.Euclidean2D.getSubSpace",,,,,,,,,,,,,,4,3,1,2,0,2,1,1,0,,,,0,,,,,,,,,,,,,0,0,1,1,1,1,1,1,1,1,,,0,0,,1,1,1,1,0.33
Private Method,"org.apache.commons.math3.geometry.euclidean.twod.Euclidean2D.readResolve",,,,,,,,,,,,,,7,3,1,1,0,2,1,1,0,,,,0,,,,,,,,,,,,,1,0,1,4,1,1,1,1,1,1,,,0,0,,1,1,1,1,1.33
Public Class,"org.apache.commons.math3.geometry.euclidean.twod.Line",1,1,0,4,11,,0,,25,26,0,1,25,380,184,99,,,135,,,,2,1,1,,1,1,8,4,3,0,1,,,4,26,0,,47,72,149,,99,68,67,,,2,2,,1,48,31,31,26,31,0.81
Public Constructor,"org.apache.commons.math3.geometry.euclidean.twod.Line.Line",,,,,,,,,,,,,,8,3,1,2,0,2,1,1,0,,,,0,,,,,,,,,,,,,25,0,1,5,1,1,1,1,1,1,,,0,0,,1,1,1,1,1.67
Public Constructor,"org.apache.commons.math3.geometry.euclidean.twod.Line.Line",,,,,,,,,,,,,,7,3,1,2,0,2,1,1,0,,,,0,,,,,,,,,,,,,4,0,1,4,1,1,1,1,1,1,,,0,0,,1,1,1,1,1.33
Private Constructor,"org.apache.commons.math3.geometry.euclidean.twod.Line.Line",,,,,,,,,,,,,,12,6,4,5,0,5,1,1,0,,,,0,,,,,,,,,,,,,6,0,1,6,1,4,1,4,1,1,,,0,0,,1,1,1,1,1.00
Public Constructor,"org.apache.commons.math3.geometry.euclidean.twod.Line.Line",,,,,,,,,,,,,,11,6,4,8,0,5,1,1,0,,,,0,,,,,,,,,,,,,5,0,1,5,1,4,1,4,1,1,,,0,0,,1,1,1,1,0.83
Private Static Class,"org.apache.commons.math3.geometry.euclidean.twod.Line.LineTransform",1,1,1,2,10,,0,,4,4,0,0,4,83,54,31,,,42,,,,2,1,1,,1,1,14,10,2,0,0,,,9,4,0,,11,30,18,,36,27,15,,,2,2,,1,38,5,5,4,5,0.33
Public Constructor,"org.apache.commons.math3.geometry.euclidean.twod.Line.LineTransform.LineTransform",,,,,,,,,,,,,,26,16,13,13,0,14,2,2,0,,,,0,,,,,,,,,,,,,10,4,2,6,2,12,2,12,2,1,,,0,1,,2,2,1,2,0.38
Public Method,"org.apache.commons.math3.geometry.euclidean.twod.Line.LineTransform.apply",,,,,,,,,,,,,,8,7,5,4,0,5,1,1,0,,,,0,,,,,,,,,,,,,8,0,4,1,1,4,4,1,1,1,,,0,0,,1,1,1,1,0.14
Public Method,"org.apache.commons.math3.geometry.euclidean.twod.Line.LineTransform.apply",,,,,,,,,,,,,,11,10,8,4,0,7,1,1,0,,,,0,,,,,,,,,,,,,12,0,6,1,1,6,6,1,1,1,,,0,0,,1,1,1,1,0.10
Public Method,"org.apache.commons.math3.geometry.euclidean.twod.Line.LineTransform.apply",,,,,,,,,,,,,,11,10,5,9,0,6,1,1,0,,,,0,,,,,,,,,,,,,3,0,8,1,1,5,5,1,1,1,,,0,0,,1,1,1,1,0.10
Public Method,"org.apache.commons.math3.geometry.euclidean.twod.Line.contains",,,,,,,,,,,,,,7,3,1,3,0,2,1,1,0,,,,0,,,,,,,,,,,,,2,0,1,4,1,1,1,1,1,1,,,0,0,,1,1,1,1,1.33
Public Method,"org.apache.commons.math3.geometry.euclidean.twod.Line.copySelf",,,,,,,,,,,,,,4,3,1,2,0,2,1,1,0,,,,0,,,,,,,,,,,,,1,0,1,1,1,1,1,1,1,1,,,0,0,,1,1,1,1,0.33
Public Method,"org.apache.commons.math3.geometry.euclidean.twod.Line.getAngle",,,,,,,,,,,,,,6,3,1,2,0,2,1,1,0,,,,0,,,,,,,,,,,,,6,0,1,3,1,1,1,1,1,1,,,0,0,,1,1,1,1,1.00
Public Method,"org.apache.commons.math3.geometry.euclidean.twod.Line.getOffset",,,,,,,,,,,,,,14,4,2,1,0,2,2,2,0,,,,0,,,,,,,,,,,,,6,0,1,10,1,1,1,1,2,1,,,0,0,,2,2,1,2,2.50
Public Method,"org.apache.commons.math3.geometry.euclidean.twod.Line.getOffset",,,,,,,,,,,,,,5,4,2,3,0,3,1,1,0,,,,0,,,,,,,,,,,,,8,0,2,1,1,2,2,1,1,1,,,0,0,,1,1,1,1,0.25
Public Method,"org.apache.commons.math3.geometry.euclidean.twod.Line.getOriginOffset",,,,,,,,,,,,,,6,3,1,1,0,2,1,1,0,,,,0,,,,,,,,,,,,,2,0,1,3,1,1,1,1,1,1,,,0,0,,1,1,1,1,1.00
Public Method,"org.apache.commons.math3.geometry.euclidean.twod.Line.getPointAt",,,,,,,,,,,,,,11,5,3,3,0,4,1,1,0,,,,0,,,,,,,,,,,,,6,0,3,6,1,3,3,1,1,1,,,0,0,,1,1,1,1,1.20
Public Method,"org.apache.commons.math3.geometry.euclidean.twod.Line.getReverse",,,,,,,,,,,,,,9,4,2,2,0,2,2,2,0,,,,0,,,,,,,,,,,,,6,0,1,5,1,1,1,1,2,1,,,0,0,,2,2,1,2,1.25
Public Static Method,"org.apache.commons.math3.geometry.euclidean.twod.Line.getTransform",,,,,,,,,,,,,,17,4,1,2,0,2,1,1,0,,,,0,,,,,,,,,,,,,4,0,2,13,1,1,1,1,1,1,,,0,0,,1,1,1,1,3.25
Public Method,"org.apache.commons.math3.geometry.euclidean.twod.Line.intersection",,,,,,,,,,,,,,13,8,5,3,0,5,2,2,1,,,,0,,,,,,,,,,,,,9,0,2,5,2,3,2,3,2,1,,,0,1,,2,2,1,2,0.62
Public Method,"org.apache.commons.math3.geometry.euclidean.twod.Line.isParallelTo",,,,,,,,,,,,,,8,3,1,2,0,2,1,1,0,,,,0,,,,,,,,,,,,,4,0,1,5,1,1,1,1,1,1,,,0,0,,1,1,1,1,1.67
Public Method,"org.apache.commons.math3.geometry.euclidean.twod.Line.reset",,,,,,,,,,,,,,21,16,13,10,0,13,2,2,1,,,,0,,,,,,,,,,,,,5,0,4,5,2,11,4,9,2,1,,,0,1,,2,2,1,2,0.31
Public Method,"org.apache.commons.math3.geometry.euclidean.twod.Line.reset",,,,,,,,,,,,,,10,6,4,9,0,5,1,1,0,,,,0,,,,,,,,,,,,,7,0,1,4,1,4,1,4,1,1,,,0,0,,1,1,1,1,0.67
Public Method,"org.apache.commons.math3.geometry.euclidean.twod.Line.revertSelf",,,,,,,,,,,,,,12,10,7,4,0,7,2,2,1,,,,0,,,,,,,,,,,,,5,0,1,2,2,5,1,6,2,1,,,0,1,,2,2,1,2,0.20
Public Method,"org.apache.commons.math3.geometry.euclidean.twod.Line.sameOrientationAs",,,,,,,,,,,,,,5,4,2,1,0,3,1,1,0,,,,0,,,,,,,,,,,,,3,0,2,1,1,2,2,1,1,1,,,0,0,,1,1,1,1,0.25
Public Method,"org.apache.commons.math3.geometry.euclidean.twod.Line.setAngle",,,,,,,,,,,,,,8,5,3,6,0,4,1,1,0,,,,0,,,,,,,,,,,,,3,0,1,3,1,3,1,3,1,1,,,0,0,,1,1,1,1,0.60
Public Method,"org.apache.commons.math3.geometry.euclidean.twod.Line.setOriginOffset",,,,,,,,,,,,,,6,3,1,1,0,2,1,1,0,,,,0,,,,,,,,,,,,,1,0,1,3,1,1,1,1,1,1,,,0,0,,1,1,1,1,1.00
Public Method,"org.apache.commons.math3.geometry.euclidean.twod.Line.toSpace",,,,,,,,,,,,,,6,5,3,3,0,3,1,1,0,,,,0,,,,,,,,,,,,,10,0,2,1,1,2,2,1,1,1,,,0,0,,1,1,1,1,0.20
Public Method,"org.apache.commons.math3.geometry.euclidean.twod.Line.toSubSpace",,,,,,,,,,,,,,5,4,2,4,0,3,1,1,0,,,,0,,,,,,,,,,,,,16,0,2,1,1,2,2,1,1,1,,,0,0,,1,1,1,1,0.25
Public Method,"org.apache.commons.math3.geometry.euclidean.twod.Line.translateToPoint",,,,,,,,,,,,,,6,3,1,3,0,2,1,1,0,,,,0,,,,,,,,,,,,,3,0,1,3,1,1,1,1,1,1,,,0,0,,1,1,1,1,1.00
Public Method,"org.apache.commons.math3.geometry.euclidean.twod.Line.wholeHyperplane",,,,,,,,,,,,,,4,3,1,3,0,2,1,1,0,,,,0,,,,,,,,,,,,,7,0,1,1,1,1,1,1,1,1,,,0,0,,1,1,1,1,0.33
Public Method,"org.apache.commons.math3.geometry.euclidean.twod.Line.wholeSpace",,,,,,,,,,,,,,7,3,1,2,0,2,1,1,0,,,,0,,,,,,,,,,,,,0,0,1,4,1,1,1,1,1,1,,,0,0,,1,1,1,1,1.33
Public Class,"org.apache.commons.math3.geometry.euclidean.twod.LineTest",1,1,0,0,5,,0,,8,8,0,0,8,99,87,57,,,58,,,,3,1,1,,1,1,10,9,1,0,0,,,0,8,0,,12,38,0,,47,30,28,,,3,3,,2,0,10,10,8,10,0.00
Public Method,"org.apache.commons.math3.geometry.euclidean.twod.LineTest.testAbscissa",,,,,,,,,,,,,,15,15,13,5,0,6,1,1,0,,,,0,,,,,,,,,,,,,0,0,2,0,1,5,2,4,1,1,,,0,0,,1,1,1,1,0.00
Public Method,"org.apache.commons.math3.geometry.euclidean.twod.LineTest.testContains",,,,,,,,,,,,,,7,7,5,4,0,6,1,1,0,,,,0,,,,,,,,,,,,,0,0,2,0,1,5,2,4,1,1,,,0,0,,1,1,1,1,0.00
Public Method,"org.apache.commons.math3.geometry.euclidean.twod.LineTest.testIntersection",,,,,,,,,,,,,,7,7,5,6,0,6,1,1,0,,,,0,,,,,,,,,,,,,0,0,4,0,1,5,4,2,1,1,,,0,0,,1,1,1,1,0.00
Public Method,"org.apache.commons.math3.geometry.euclidean.twod.LineTest.testOffset",,,,,,,,,,,,,,5,5,3,4,0,4,1,1,0,,,,0,,,,,,,,,,,,,0,0,2,0,1,3,2,2,1,1,,,0,0,,1,1,1,1,0.00
Public Method,"org.apache.commons.math3.geometry.euclidean.twod.LineTest.testOriginOffset",,,,,,,,,,,,,,6,6,4,5,0,5,1,1,0,,,,0,,,,,,,,,,,,,0,0,3,0,1,4,3,2,1,1,,,0,0,,1,1,1,1,0.00
Public Method,"org.apache.commons.math3.geometry.euclidean.twod.LineTest.testParallel",,,,,,,,,,,,,,9,9,7,4,0,8,1,1,0,,,,0,,,,,,,,,,,,,0,0,5,0,1,7,5,3,1,1,,,0,0,,1,1,1,1,0.00
Public Method,"org.apache.commons.math3.geometry.euclidean.twod.LineTest.testPointAt",,,,,,,,,,,,,,14,14,10,9,0,15,3,3,0,,,,0,,,,,,,,,,,,,0,0,4,0,3,12,6,9,3,1,,,0,2,,3,3,1,3,0.00
Public Method,"org.apache.commons.math3.geometry.euclidean.twod.LineTest.testTransform",,,,,,,,,,,,,,17,14,10,7,0,7,1,1,0,,,,0,,,,,,,,,,,,,1,3,7,0,1,6,5,2,1,1,,,0,0,,1,1,1,1,0.00
Class,"org.apache.commons.math3.geometry.euclidean.twod.NestedLoops",3,1,2,6,12,,0,,6,6,0,3,3,160,77,45,,,62,,,,7,3,1,,3,3,20,11,1,0,0,,,4,6,0,,27,22,56,,39,27,35,,,7,7,,2,54,19,19,8,19,0.73
Public Constructor,"org.apache.commons.math3.geometry.euclidean.twod.NestedLoops.NestedLoops",,,,,,,,,,,,,,9,3,1,2,0,2,1,1,0,,,,0,,,,,,,,,,,,,0,0,1,6,1,1,1,1,1,1,,,0,0,,1,1,1,1,2.00
Private Constructor,"org.apache.commons.math3.geometry.euclidean.twod.NestedLoops.NestedLoops",,,,,,,,,,,,,,36,24,18,16,1,20,4,4,1,,,,0,,,,,,,,,,,,,5,5,7,7,8,16,7,13,4,1,,,0,1,,4,4,1,4,0.29
Public Method,"org.apache.commons.math3.geometry.euclidean.twod.NestedLoops.add",,,,,,,,,,,,,,8,3,1,2,0,2,1,1,0,,,,0,,,,,,,,,,,,,1,0,1,5,1,1,1,1,1,1,,,0,0,,1,1,1,1,1.67
Private Method,"org.apache.commons.math3.geometry.euclidean.twod.NestedLoops.add",,,,,,,,,,,,,,35,22,14,10,1,18,7,7,3,,,,3,,,,,,,,,,,,,5,5,3,8,19,10,6,12,7,3,,,3,2,,7,7,3,7,0.36
Public Method,"org.apache.commons.math3.geometry.euclidean.twod.NestedLoops.correctOrientation",,,,,,,,,,,,,,10,5,2,1,0,4,2,2,0,,,,0,,,,,,,,,,,,,1,0,1,5,2,1,2,2,2,1,,,0,1,,2,2,1,2,1.00
Private Method,"org.apache.commons.math3.geometry.euclidean.twod.NestedLoops.setClockWise",,,,,,,,,,,,,,23,14,9,1,1,11,4,4,0,,,,0,,,,,,,,,,,,,6,3,4,6,6,6,5,6,4,1,,,0,2,,4,4,1,4,0.43
Public Class,"org.apache.commons.math3.geometry.euclidean.twod.PolygonsSet",3,1,3,10,11,,0,,8,36,0,2,6,437,248,162,,,173,,,,13,4,2,,3,4,32,18,1,0,1,,,1,9,1,,57,82,132,,114,77,96,,,13,13,,6,88,33,39,12,33,0.53
Private Static Class,"org.apache.commons.math3.geometry.euclidean.twod.PolygonsSet.ComparableSegment",1,1,0,3,3,,0,,5,9,0,0,5,57,31,15,,,18,,,,3,3,2,,1,1,8,5,2,0,0,,,1,5,0,,7,9,19,,10,7,11,,,3,3,,1,19,8,8,7,8,0.61
Public Constructor,"org.apache.commons.math3.geometry.euclidean.twod.PolygonsSet.ComparableSegment.ComparableSegment",,,,,,,,,,,,,,11,6,4,6,0,3,2,2,0,,,,0,,,,,,,,,,,,,4,0,1,5,1,2,1,2,2,1,,,0,0,,2,2,1,2,0.83
Public Constructor,"org.apache.commons.math3.geometry.euclidean.twod.PolygonsSet.ComparableSegment.ComparableSegment",,,,,,,,,,,,,,13,4,2,6,0,3,1,1,0,,,,0,,,,,,,,,,,,,4,0,1,9,1,2,1,2,1,1,,,0,0,,1,1,1,1,2.25
Public Method,"org.apache.commons.math3.geometry.euclidean.twod.PolygonsSet.ComparableSegment.compareTo",,,,,,,,,,,,,,4,3,1,2,0,2,1,1,0,,,,0,,,,,,,,,,,,,3,0,1,1,1,1,1,1,1,1,,,0,0,,1,1,1,1,0.33
Public Method,"org.apache.commons.math3.geometry.euclidean.twod.PolygonsSet.ComparableSegment.equals",,,,,,,,,,,,,,10,9,6,2,0,6,3,3,2,,,,2,,,,,,,,,,,,,1,0,1,1,3,3,1,5,3,3,,,2,1,,3,3,3,3,0.11
Public Method,"org.apache.commons.math3.geometry.euclidean.twod.PolygonsSet.ComparableSegment.hashCode",,,,,,,,,,,,,,5,4,2,7,0,2,1,1,0,,,,0,,,,,,,,,,,,,1,0,1,1,1,1,1,1,1,1,,,0,0,,1,1,1,1,0.25
Public Constructor,"org.apache.commons.math3.geometry.euclidean.twod.PolygonsSet.PolygonsSet",,,,,,,,,,,,,,5,3,1,2,0,2,1,1,0,,,,0,,,,,,,,,,,,,2,0,1,2,1,1,1,1,1,1,,,0,0,,1,1,1,1,0.67
Public Constructor,"org.apache.commons.math3.geometry.euclidean.twod.PolygonsSet.PolygonsSet",,,,,,,,,,,,,,12,3,1,2,0,2,1,1,0,,,,0,,,,,,,,,,,,,7,0,1,9,1,1,1,1,1,1,,,0,0,,1,1,1,1,3.00
Public Constructor,"org.apache.commons.math3.geometry.euclidean.twod.PolygonsSet.PolygonsSet",,,,,,,,,,,,,,23,3,1,2,0,2,1,1,0,,,,0,,,,,,,,,,,,,1,0,1,20,1,1,1,1,1,1,,,0,0,,1,1,1,1,6.67
Public Constructor,"org.apache.commons.math3.geometry.euclidean.twod.PolygonsSet.PolygonsSet",,,,,,,,,,,,,,10,4,1,3,0,2,1,1,0,,,,0,,,,,,,,,,,,,4,0,2,6,1,1,1,1,1,1,,,0,0,,1,1,1,1,1.50
Private Static Class,"org.apache.commons.math3.geometry.euclidean.twod.PolygonsSet.SegmentsBuilder",2,1,0,1,14,,0,,6,6,0,1,5,63,42,20,,,26,,,,5,1,1,,2,2,8,6,2,0,0,,,1,6,0,,8,19,13,,14,15,11,,,5,5,,2,50,12,12,6,12,0.31
Public Constructor,"org.apache.commons.math3.geometry.euclidean.twod.PolygonsSet.SegmentsBuilder.SegmentsBuilder",,,,,,,,,,,,,,4,3,1,3,0,2,1,1,0,,,,0,,,,,,,,,,,,,1,0,1,1,1,1,1,1,1,1,,,0,0,,1,1,1,1,0.33
Private Method,"org.apache.commons.math3.geometry.euclidean.twod.PolygonsSet.SegmentsBuilder.addContribution",,,,,,,,,,,,,,22,18,12,11,0,11,5,5,1,,,,0,,,,,,,,,,,,,4,0,10,4,3,7,7,4,5,1,,,0,2,,5,5,1,5,0.22
Public Method,"org.apache.commons.math3.geometry.euclidean.twod.PolygonsSet.SegmentsBuilder.getSorted",,,,,,,,,,,,,,6,3,1,1,0,2,1,1,0,,,,0,,,,,,,,,,,,,2,0,1,3,1,1,1,1,1,1,,,0,0,,1,1,1,1,1.00
Public Method,"org.apache.commons.math3.geometry.euclidean.twod.PolygonsSet.SegmentsBuilder.visitInternalNode",,,,,,,,,,,,,,11,10,5,4,1,6,3,3,0,,,,0,,,,,,,,,,,,,1,0,3,1,4,3,2,4,3,1,,,0,1,,3,3,1,3,0.10
Public Method,"org.apache.commons.math3.geometry.euclidean.twod.PolygonsSet.SegmentsBuilder.visitLeafNode",,,,,,,,,,,,,,3,2,0,0,0,1,1,1,0,,,,0,,,,,,,,,,,,,0,0,1,1,1,0,1,0,1,1,,,0,0,,1,1,1,1,0.50
Public Method,"org.apache.commons.math3.geometry.euclidean.twod.PolygonsSet.SegmentsBuilder.visitOrder",,,,,,,,,,,,,,4,3,1,1,0,2,1,1,0,,,,0,,,,,,,,,,,,,0,0,1,1,1,1,1,1,1,1,,,0,0,,1,1,1,1,0.33
Private Static Method,"org.apache.commons.math3.geometry.euclidean.twod.PolygonsSet.boxBoundary",,,,,,,,,,,,,,20,13,10,3,0,6,1,1,0,,,,0,,,,,,,,,,,,,5,0,6,7,1,5,5,1,1,1,,,0,0,,1,1,1,1,0.54
Public Method,"org.apache.commons.math3.geometry.euclidean.twod.PolygonsSet.buildNew",,,,,,,,,,,,,,4,3,1,2,0,2,1,1,0,,,,0,,,,,,,,,,,,,1,0,1,1,1,1,1,1,1,1,,,0,0,,1,1,1,1,0.33
Protected Method,"org.apache.commons.math3.geometry.euclidean.twod.PolygonsSet.computeGeometricalProperties",,,,,,,,,,,,,,53,41,34,9,1,34,7,8,4,,,,0,,,,,,,,,,,,,2,7,11,5,9,25,13,21,7,1,,,0,3,,7,8,1,7,0.12
Private Method,"org.apache.commons.math3.geometry.euclidean.twod.PolygonsSet.followLoop",,,,,,,,,,,,,,65,41,32,13,1,33,7,12,4,,,,4,,,,,,,,,,,,,3,11,13,13,15,26,13,20,7,4,,,4,3,,7,12,4,7,0.32
Public Method,"org.apache.commons.math3.geometry.euclidean.twod.PolygonsSet.getVertices",,,,,,,,,,,,,,102,59,46,25,2,44,13,13,3,,,,0,,,,,,,,,,,,,19,11,14,32,41,28,17,27,13,1,,,0,6,,13,13,1,13,0.54
Public Class,"org.apache.commons.math3.geometry.euclidean.twod.PolygonsSetTest",1,1,0,0,17,,0,,25,25,0,8,17,867,816,652,,,262,,,,9,1,1,,1,1,32,31,1,0,0,,,0,25,0,,49,223,2,,223,150,112,,,9,10,,4,0,40,43,25,40,0.00
Private Method,"org.apache.commons.math3.geometry.euclidean.twod.PolygonsSetTest.buildHalfLine",,,,,,,,,,,,,,11,11,8,6,0,5,3,3,0,,,,0,,,,,,,,,,,,,4,0,7,0,1,4,4,1,3,1,,,0,0,,3,3,1,3,0.00
Private Method,"org.apache.commons.math3.geometry.euclidean.twod.PolygonsSetTest.buildLine",,,,,,,,,,,,,,3,3,1,3,0,2,1,1,0,,,,0,,,,,,,,,,,,,3,0,1,0,1,1,1,1,1,1,,,0,0,,1,1,1,1,0.00
Private Method,"org.apache.commons.math3.geometry.euclidean.twod.PolygonsSetTest.buildSegment",,,,,,,,,,,,,,6,6,4,6,0,5,1,1,0,,,,0,,,,,,,,,,,,,4,0,4,0,1,4,4,1,1,1,,,0,0,,1,1,1,1,0.00
Private Method,"org.apache.commons.math3.geometry.euclidean.twod.PolygonsSetTest.buildSet",,,,,,,,,,,,,,10,10,6,3,0,11,3,3,0,,,,0,,,,,,,,,,,,,16,0,3,0,3,8,5,6,3,1,,,0,2,,3,3,1,3,0.00
Private Method,"org.apache.commons.math3.geometry.euclidean.twod.PolygonsSetTest.checkInSegment",,,,,,,,,,,,,,15,15,10,6,0,8,2,4,1,,,,0,,,,,,,,,,,,,5,0,7,0,2,6,5,3,2,1,,,0,1,,2,4,1,2,0.00
Private Method,"org.apache.commons.math3.geometry.euclidean.twod.PolygonsSetTest.checkPoints",,,,,,,,,,,,,,6,6,2,2,0,5,2,2,0,,,,0,,,,,,,,,,,,,12,0,2,0,2,3,2,3,2,1,,,0,1,,2,2,1,2,0.00
Private Method,"org.apache.commons.math3.geometry.euclidean.twod.PolygonsSetTest.checkVertices",,,,,,,,,,,,,,34,29,18,5,1,34,9,10,0,,,,0,,,,,,,,,,,,,15,3,7,2,25,25,14,20,9,1,,,0,4,,9,10,1,9,0.07
Private Method,"org.apache.commons.math3.geometry.euclidean.twod.PolygonsSetTest.intersectionAbscissa",,,,,,,,,,,,,,4,4,2,4,0,3,1,1,0,,,,0,,,,,,,,,,,,,3,0,2,0,1,2,2,1,1,1,,,0,0,,1,1,1,1,0.00
Public Method,"org.apache.commons.math3.geometry.euclidean.twod.PolygonsSetTest.testBug20040520",,,,,,,,,,,,,,126,120,99,12,0,22,1,1,0,,,,0,,,,,,,,,,,,,2,6,37,0,1,21,19,3,1,1,,,0,0,,1,1,1,1,0.00
Public Method,"org.apache.commons.math3.geometry.euclidean.twod.PolygonsSetTest.testBug20041003",,,,,,,,,,,,,,36,32,24,11,0,8,1,1,0,,,,0,,,,,,,,,,,,,1,4,15,0,1,7,7,1,1,1,,,0,0,,1,1,1,1,0.00
Public Method,"org.apache.commons.math3.geometry.euclidean.twod.PolygonsSetTest.testChoppedHexagon",,,,,,,,,,,,,,34,33,26,17,0,20,2,2,0,,,,0,,,,,,,,,,,,,3,1,17,0,2,18,9,11,2,1,,,0,1,,2,2,1,2,0.00
Public Method,"org.apache.commons.math3.geometry.euclidean.twod.PolygonsSetTest.testConcentric",,,,,,,,,,,,,,28,28,22,5,0,7,1,1,0,,,,0,,,,,,,,,,,,,0,0,8,0,1,6,6,1,1,1,,,0,0,,1,1,1,1,0.00
Public Method,"org.apache.commons.math3.geometry.euclidean.twod.PolygonsSetTest.testDifference",,,,,,,,,,,,,,61,61,54,8,0,12,1,1,0,,,,0,,,,,,,,,,,,,3,0,9,0,1,11,6,6,1,1,,,0,0,,1,1,1,1,0.00
Public Method,"org.apache.commons.math3.geometry.euclidean.twod.PolygonsSetTest.testDisjointPolygons",,,,,,,,,,,,,,31,31,27,7,0,8,1,1,0,,,,0,,,,,,,,,,,,,3,0,4,0,1,7,3,5,1,1,,,0,0,,1,1,1,1,0.00
Public Method,"org.apache.commons.math3.geometry.euclidean.twod.PolygonsSetTest.testEmptyDifference",,,,,,,,,,,,,,21,21,15,7,0,6,1,1,0,,,,0,,,,,,,,,,,,,0,0,7,0,1,5,5,1,1,1,,,0,0,,1,1,1,1,0.00
Public Method,"org.apache.commons.math3.geometry.euclidean.twod.PolygonsSetTest.testHole",,,,,,,,,,,,,,42,42,38,5,0,7,1,1,0,,,,0,,,,,,,,,,,,,3,0,4,0,1,6,3,4,1,1,,,0,0,,1,1,1,1,0.00
Public Method,"org.apache.commons.math3.geometry.euclidean.twod.PolygonsSetTest.testIntersection",,,,,,,,,,,,,,47,47,40,8,0,12,1,1,0,,,,0,,,,,,,,,,,,,3,0,9,0,1,11,6,6,1,1,,,0,0,,1,1,1,1,0.00
Public Method,"org.apache.commons.math3.geometry.euclidean.twod.PolygonsSetTest.testLineIntersection",,,,,,,,,,,,,,47,44,40,16,0,32,1,1,0,,,,0,,,,,,,,,,,,,1,3,19,0,1,31,18,14,1,1,,,0,0,,1,1,1,1,0.00
Public Method,"org.apache.commons.math3.geometry.euclidean.twod.PolygonsSetTest.testOppositeHyperplanes",,,,,,,,,,,,,,14,14,10,4,0,4,1,1,0,,,,0,,,,,,,,,,,,,0,0,4,0,1,3,3,1,1,1,,,0,0,,1,1,1,1,0.00
Public Method,"org.apache.commons.math3.geometry.euclidean.twod.PolygonsSetTest.testSimplyConnected",,,,,,,,,,,,,,39,39,35,7,0,8,1,1,0,,,,0,,,,,,,,,,,,,3,0,4,0,1,7,3,5,1,1,,,0,0,,1,1,1,1,0.00
Public Method,"org.apache.commons.math3.geometry.euclidean.twod.PolygonsSetTest.testSingularPoint",,,,,,,,,,,,,,16,16,12,4,0,4,1,1,0,,,,0,,,,,,,,,,,,,0,0,4,0,1,3,3,1,1,1,,,0,0,,1,1,1,1,0.00
Public Method,"org.apache.commons.math3.geometry.euclidean.twod.PolygonsSetTest.testStair",,,,,,,,,,,,,,23,20,16,7,0,5,1,1,0,,,,0,,,,,,,,,,,,,0,3,4,0,1,4,3,2,1,1,,,0,0,,1,1,1,1,0.00
Public Method,"org.apache.commons.math3.geometry.euclidean.twod.PolygonsSetTest.testUnion",,,,,,,,,,,,,,62,61,54,8,0,12,1,1,0,,,,0,,,,,,,,,,,,,3,1,9,0,1,11,6,6,1,1,,,0,0,,1,1,1,1,0.00
Public Method,"org.apache.commons.math3.geometry.euclidean.twod.PolygonsSetTest.testUnlimitedSubHyperplane",,,,,,,,,,,,,,37,35,27,7,0,9,1,1,0,,,,0,,,,,,,,,,,,,0,2,9,0,1,8,6,3,1,1,,,0,0,,1,1,1,1,0.00
Public Method,"org.apache.commons.math3.geometry.euclidean.twod.PolygonsSetTest.testXor",,,,,,,,,,,,,,69,69,62,8,0,12,1,1,0,,,,0,,,,,,,,,,,,,3,0,9,0,1,11,6,6,1,1,,,0,0,,1,1,1,1,0.00
Public Class,"org.apache.commons.math3.geometry.euclidean.twod.Segment",1,1,0,3,2,,0,,4,4,0,0,4,48,19,6,,,14,,,,1,1,1,,1,1,7,3,1,1,0,,,3,4,0,,8,8,21,,9,8,6,,,1,1,,0,50,4,4,4,4,1.11
Public Constructor,"org.apache.commons.math3.geometry.euclidean.twod.Segment.Segment",,,,,,,,,,,,,,10,5,3,4,0,4,1,1,0,,,,0,,,,,,,,,,,,,7,0,1,5,1,3,1,3,1,1,,,0,0,,1,1,1,1,1.00
Public Method,"org.apache.commons.math3.geometry.euclidean.twod.Segment.getEnd",,,,,,,,,,,,,,6,3,1,1,0,2,1,1,0,,,,0,,,,,,,,,,,,,5,0,1,3,1,1,1,1,1,1,,,0,0,,1,1,1,1,1.00
Public Method,"org.apache.commons.math3.geometry.euclidean.twod.Segment.getLine",,,,,,,,,,,,,,6,3,1,1,0,2,1,1,0,,,,0,,,,,,,,,,,,,4,0,1,3,1,1,1,1,1,1,,,0,0,,1,1,1,1,1.00
Public Method,"org.apache.commons.math3.geometry.euclidean.twod.Segment.getStart",,,,,,,,,,,,,,6,3,1,1,0,2,1,1,0,,,,0,,,,,,,,,,,,,5,0,1,3,1,1,1,1,1,1,,,0,0,,1,1,1,1,1.00
Public Class,"org.apache.commons.math3.geometry.euclidean.twod.SubLine",2,1,2,6,16,,0,,8,21,0,1,7,174,85,56,,,56,,,,5,1,2,,2,2,17,8,1,0,1,,,0,9,1,,30,45,59,,41,39,17,,,5,6,,1,0,20,22,9,20,0.69
Public Constructor,"org.apache.commons.math3.geometry.euclidean.twod.SubLine.SubLine",,,,,,,,,,,,,,8,4,1,2,0,2,1,1,0,,,,0,,,,,,,,,,,,,13,0,2,4,1,1,1,1,1,1,,,0,0,,1,1,1,1,1.00
Public Constructor,"org.apache.commons.math3.geometry.euclidean.twod.SubLine.SubLine",,,,,,,,,,,,,,7,3,1,4,0,2,1,1,0,,,,0,,,,,,,,,,,,,9,0,1,4,1,1,1,1,1,1,,,0,0,,1,1,1,1,1.33
Public Constructor,"org.apache.commons.math3.geometry.euclidean.twod.SubLine.SubLine",,,,,,,,,,,,,,6,3,1,6,0,2,1,1,0,,,,0,,,,,,,,,,,,,2,0,1,3,1,1,1,1,1,1,,,0,0,,1,1,1,1,1.00
Private Static Method,"org.apache.commons.math3.geometry.euclidean.twod.SubLine.buildIntervalSet",,,,,,,,,,,,,,10,5,3,5,0,3,1,1,0,,,,0,,,,,,,,,,,,,4,0,2,5,1,2,2,1,1,1,,,0,0,,1,1,1,1,1.00
Protected Method,"org.apache.commons.math3.geometry.euclidean.twod.SubLine.buildNew",,,,,,,,,,,,,,5,4,1,2,0,2,1,1,0,,,,0,,,,,,,,,,,,,2,0,2,1,1,1,1,1,1,1,,,0,0,,1,1,1,1,0.25
Public Method,"org.apache.commons.math3.geometry.euclidean.twod.SubLine.getSegments",,,,,,,,,,,,,,29,11,8,10,0,10,2,2,0,,,,0,,,,,,,,,,,,,6,4,6,14,2,7,7,3,2,1,,,0,1,,2,2,1,2,1.27
Public Method,"org.apache.commons.math3.geometry.euclidean.twod.SubLine.intersection",,,,,,,,,,,,,,36,12,9,6,0,9,4,6,1,,,,0,,,,,,,,,,,,,10,6,6,18,2,7,6,3,4,1,,,0,1,,4,6,1,4,1.50
Public Method,"org.apache.commons.math3.geometry.euclidean.twod.SubLine.side",,,,,,,,,,,,,,19,12,9,10,0,10,4,4,1,,,,0,,,,,,,,,,,,,4,4,7,3,2,8,7,3,4,1,,,0,1,,4,4,1,4,0.25
Public Method,"org.apache.commons.math3.geometry.euclidean.twod.SubLine.split",,,,,,,,,,,,,,35,26,23,21,0,15,5,5,1,,,,0,,,,,,,,,,,,,2,6,14,3,2,13,12,3,5,1,,,0,1,,5,5,1,5,0.12
Public Class,"org.apache.commons.math3.geometry.euclidean.twod.SubLineTest",1,1,0,0,7,,0,,12,12,0,0,12,121,108,70,,,70,,,,1,1,1,,1,1,7,7,1,0,0,,,0,12,0,,13,56,0,,57,40,30,,,1,5,,0,0,12,20,12,12,0.00
Public Method,"org.apache.commons.math3.geometry.euclidean.twod.SubLineTest.testEndPoints",,,,,,,,,,,,,,10,10,8,11,0,9,1,1,0,,,,0,,,,,,,,,,,,,0,0,6,0,1,8,6,3,1,1,,,0,0,,1,1,1,1,0.00
Public Method,"org.apache.commons.math3.geometry.euclidean.twod.SubLineTest.testHalfInfiniteNeg",,,,,,,,,,,,,,11,11,9,15,0,7,1,3,0,,,,0,,,,,,,,,,,,,0,0,4,0,1,6,3,4,1,1,,,0,0,,1,3,1,1,0.00
Public Method,"org.apache.commons.math3.geometry.euclidean.twod.SubLineTest.testHalfInfinitePos",,,,,,,,,,,,,,11,11,9,15,0,7,1,3,0,,,,0,,,,,,,,,,,,,0,0,4,0,1,6,3,4,1,1,,,0,0,,1,3,1,1,0.00
Public Method,"org.apache.commons.math3.geometry.euclidean.twod.SubLineTest.testIntersectionBoundaryBoundary",,,,,,,,,,,,,,6,6,4,6,0,5,1,1,0,,,,0,,,,,,,,,,,,,0,0,3,0,1,4,3,2,1,1,,,0,0,,1,1,1,1,0.00
Public Method,"org.apache.commons.math3.geometry.euclidean.twod.SubLineTest.testIntersectionBoundaryOutside",,,,,,,,,,,,,,6,6,4,4,0,5,1,1,0,,,,0,,,,,,,,,,,,,0,0,3,0,1,4,3,2,1,1,,,0,0,,1,1,1,1,0.00
Public Method,"org.apache.commons.math3.geometry.euclidean.twod.SubLineTest.testIntersectionInsideBoundary",,,,,,,,,,,,,,6,6,4,6,0,5,1,1,0,,,,0,,,,,,,,,,,,,0,0,3,0,1,4,3,2,1,1,,,0,0,,1,1,1,1,0.00
Public Method,"org.apache.commons.math3.geometry.euclidean.twod.SubLineTest.testIntersectionInsideInside",,,,,,,,,,,,,,6,6,4,5,0,5,1,1,0,,,,0,,,,,,,,,,,,,0,0,3,0,1,4,3,2,1,1,,,0,0,,1,1,1,1,0.00
Public Method,"org.apache.commons.math3.geometry.euclidean.twod.SubLineTest.testIntersectionInsideOutside",,,,,,,,,,,,,,6,6,4,4,0,5,1,1,0,,,,0,,,,,,,,,,,,,0,0,3,0,1,4,3,2,1,1,,,0,0,,1,1,1,1,0.00
Public Method,"org.apache.commons.math3.geometry.euclidean.twod.SubLineTest.testIntersectionOutsideOutside",,,,,,,,,,,,,,6,6,4,4,0,5,1,1,0,,,,0,,,,,,,,,,,,,0,0,3,0,1,4,3,2,1,1,,,0,0,,1,1,1,1,0.00
Public Method,"org.apache.commons.math3.geometry.euclidean.twod.SubLineTest.testNoEndPoints",,,,,,,,,,,,,,13,13,11,13,0,8,1,5,0,,,,0,,,,,,,,,,,,,0,0,3,0,1,7,3,5,1,1,,,0,0,,1,5,1,1,0.00
Public Method,"org.apache.commons.math3.geometry.euclidean.twod.SubLineTest.testNoSegments",,,,,,,,,,,,,,6,6,4,9,0,4,1,1,0,,,,0,,,,,,,,,,,,,0,0,4,0,1,3,3,1,1,1,,,0,0,,1,1,1,1,0.00
Public Method,"org.apache.commons.math3.geometry.euclidean.twod.SubLineTest.testSeveralSegments",,,,,,,,,,,,,,7,7,5,9,0,4,1,1,0,,,,0,,,,,,,,,,,,,0,0,4,0,1,3,3,1,1,1,,,0,0,,1,1,1,1,0.00
Public Class,"org.apache.commons.math3.geometry.euclidean.twod.Vector2D",1,1,0,3,9,,5,,33,36,0,0,36,362,167,78,,,117,,,,4,4,1,,1,1,8,4,2,0,3,,,2,36,0,,46,70,149,,74,63,54,,,4,5,,2,78,42,46,39,42,0.89
Public Constructor,"org.apache.commons.math3.geometry.euclidean.twod.Vector2D.Vector2D",,,,,,,,,,,,,,11,4,2,3,0,3,1,1,0,,,,0,,,,,,,,,,,,,55,0,1,7,1,2,1,2,1,1,,,0,0,,1,1,1,1,1.75
Public Constructor,"org.apache.commons.math3.geometry.euclidean.twod.Vector2D.Vector2D",,,,,,,,,,,,,,13,7,4,4,0,5,2,2,0,,,,0,,,,,,,,,,,,,2,0,1,6,2,3,1,4,2,1,,,0,1,,2,2,1,2,0.86
Public Constructor,"org.apache.commons.math3.geometry.euclidean.twod.Vector2D.Vector2D",,,,,,,,,,,,,,10,4,2,3,0,3,1,1,0,,,,0,,,,,,,,,,,,,4,0,1,6,1,2,1,2,1,1,,,0,0,,1,1,1,1,1.50
Public Constructor,"org.apache.commons.math3.geometry.euclidean.twod.Vector2D.Vector2D",,,,,,,,,,,,,,12,4,2,3,0,3,1,1,0,,,,0,,,,,,,,,,,,,6,0,1,8,1,2,1,2,1,1,,,0,0,,1,1,1,1,2.00
Public Constructor,"org.apache.commons.math3.geometry.euclidean.twod.Vector2D.Vector2D",,,,,,,,,,,,,,15,5,2,3,0,3,1,1,0,,,,0,,,,,,,,,,,,,8,0,2,10,1,2,1,2,1,1,,,0,0,,1,1,1,1,2.00
Public Constructor,"org.apache.commons.math3.geometry.euclidean.twod.Vector2D.Vector2D",,,,,,,,,,,,,,17,5,2,3,0,3,1,1,0,,,,0,,,,,,,,,,,,,10,0,2,12,1,2,1,2,1,1,,,0,0,,1,1,1,1,2.40
Public Method,"org.apache.commons.math3.geometry.euclidean.twod.Vector2D.add",,,,,,,,,,,,,,5,4,2,4,0,3,1,1,0,,,,0,,,,,,,,,,,,,3,0,2,1,1,2,2,1,1,1,,,0,0,,1,1,1,1,0.25
Public Method,"org.apache.commons.math3.geometry.euclidean.twod.Vector2D.add",,,,,,,,,,,,,,5,4,2,4,0,3,1,1,0,,,,0,,,,,,,,,,,,,4,0,2,1,1,2,2,1,1,1,,,0,0,,1,1,1,1,0.25
Public Method,"org.apache.commons.math3.geometry.euclidean.twod.Vector2D.distance",,,,,,,,,,,,,,7,6,4,2,0,5,1,1,0,,,,0,,,,,,,,,,,,,10,0,4,1,1,4,4,1,1,1,,,0,0,,1,1,1,1,0.17
Public Static Method,"org.apache.commons.math3.geometry.euclidean.twod.Vector2D.distance",,,,,,,,,,,,,,11,3,1,2,0,2,1,1,0,,,,0,,,,,,,,,,,,,2,0,1,8,1,1,1,1,1,1,,,0,0,,1,1,1,1,2.67
Public Method,"org.apache.commons.math3.geometry.euclidean.twod.Vector2D.distance1",,,,,,,,,,,,,,7,6,4,2,0,5,1,1,0,,,,0,,,,,,,,,,,,,3,0,4,1,1,4,4,1,1,1,,,0,0,,1,1,1,1,0.17
Public Method,"org.apache.commons.math3.geometry.euclidean.twod.Vector2D.distanceInf",,,,,,,,,,,,,,7,6,4,3,0,5,1,1,0,,,,0,,,,,,,,,,,,,4,0,4,1,1,4,4,1,1,1,,,0,0,,1,1,1,1,0.17
Public Static Method,"org.apache.commons.math3.geometry.euclidean.twod.Vector2D.distanceInf",,,,,,,,,,,,,,11,3,1,2,0,2,1,1,0,,,,0,,,,,,,,,,,,,2,0,1,8,1,1,1,1,1,1,,,0,0,,1,1,1,1,2.67
Public Method,"org.apache.commons.math3.geometry.euclidean.twod.Vector2D.distanceSq",,,,,,,,,,,,,,7,6,4,1,0,5,1,1,0,,,,0,,,,,,,,,,,,,4,0,4,1,1,4,4,1,1,1,,,0,0,,1,1,1,1,0.17
Public Static Method,"org.apache.commons.math3.geometry.euclidean.twod.Vector2D.distanceSq",,,,,,,,,,,,,,11,3,1,2,0,2,1,1,0,,,,0,,,,,,,,,,,,,2,0,1,8,1,1,1,1,1,1,,,0,0,,1,1,1,1,2.67
Public Method,"org.apache.commons.math3.geometry.euclidean.twod.Vector2D.dotProduct",,,,,,,,,,,,,,5,4,2,1,0,3,1,1,0,,,,0,,,,,,,,,,,,,3,0,2,1,1,2,2,1,1,1,,,0,0,,1,1,1,1,0.25
Public Method,"org.apache.commons.math3.geometry.euclidean.twod.Vector2D.equals",,,,,,,,,,,,,,35,13,8,2,1,9,4,5,4,,,,4,,,,,,,,,,,,,3,3,2,19,4,5,2,7,4,4,,,4,2,,4,5,4,4,1.46
Public Method,"org.apache.commons.math3.geometry.euclidean.twod.Vector2D.getNorm",,,,,,,,,,,,,,4,3,1,2,0,2,1,1,0,,,,0,,,,,,,,,,,,,3,0,1,1,1,1,1,1,1,1,,,0,0,,1,1,1,1,0.33
Public Method,"org.apache.commons.math3.geometry.euclidean.twod.Vector2D.getNorm1",,,,,,,,,,,,,,4,3,1,2,0,2,1,1,0,,,,0,,,,,,,,,,,,,2,0,1,1,1,1,1,1,1,1,,,0,0,,1,1,1,1,0.33
Public Method,"org.apache.commons.math3.geometry.euclidean.twod.Vector2D.getNormInf",,,,,,,,,,,,,,4,3,1,3,0,2,1,1,0,,,,0,,,,,,,,,,,,,2,0,1,1,1,1,1,1,1,1,,,0,0,,1,1,1,1,0.33
Public Method,"org.apache.commons.math3.geometry.euclidean.twod.Vector2D.getNormSq",,,,,,,,,,,,,,4,3,1,1,0,2,1,1,0,,,,0,,,,,,,,,,,,,2,0,1,1,1,1,1,1,1,1,,,0,0,,1,1,1,1,0.33
Public Method,"org.apache.commons.math3.geometry.euclidean.twod.Vector2D.getSpace",,,,,,,,,,,,,,4,3,1,2,0,2,1,1,0,,,,0,,,,,,,,,,,,,0,0,1,1,1,1,1,1,1,1,,,0,0,,1,1,1,1,0.33
Public Method,"org.apache.commons.math3.geometry.euclidean.twod.Vector2D.getX",,,,,,,,,,,,,,7,3,1,1,0,2,1,1,0,,,,0,,,,,,,,,,,,,21,0,1,4,1,1,1,1,1,1,,,0,0,,1,1,1,1,1.33
Public Method,"org.apache.commons.math3.geometry.euclidean.twod.Vector2D.getY",,,,,,,,,,,,,,7,3,1,1,0,2,1,1,0,,,,0,,,,,,,,,,,,,21,0,1,4,1,1,1,1,1,1,,,0,0,,1,1,1,1,1.33
Public Method,"org.apache.commons.math3.geometry.euclidean.twod.Vector2D.getZero",,,,,,,,,,,,,,4,3,1,1,0,2,1,1,0,,,,0,,,,,,,,,,,,,1,0,1,1,1,1,1,1,1,1,,,0,0,,1,1,1,1,0.33
Public Method,"org.apache.commons.math3.geometry.euclidean.twod.Vector2D.hashCode",,,,,,,,,,,,,,13,6,3,3,0,4,2,2,1,,,,0,,,,,,,,,,,,,3,0,1,7,2,2,1,3,2,1,,,0,1,,2,2,1,2,1.17
Public Method,"org.apache.commons.math3.geometry.euclidean.twod.Vector2D.isInfinite",,,,,,,,,,,,,,4,3,1,3,0,2,1,3,0,,,,0,,,,,,,,,,,,,2,0,1,1,1,1,1,1,1,1,,,0,0,,1,3,1,1,0.33
Public Method,"org.apache.commons.math3.geometry.euclidean.twod.Vector2D.isNaN",,,,,,,,,,,,,,4,3,1,2,0,2,1,2,0,,,,0,,,,,,,,,,,,,5,0,1,1,1,1,1,1,1,1,,,0,0,,1,2,1,1,0.33
Public Method,"org.apache.commons.math3.geometry.euclidean.twod.Vector2D.negate",,,,,,,,,,,,,,4,3,1,2,0,2,1,1,0,,,,0,,,,,,,,,,,,,2,0,1,1,1,1,1,1,1,1,,,0,0,,1,1,1,1,0.33
Public Method,"org.apache.commons.math3.geometry.euclidean.twod.Vector2D.normalize",,,,,,,,,,,,,,8,7,4,4,0,5,2,2,0,,,,0,,,,,,,,,,,,,1,0,2,1,2,3,2,3,2,1,,,0,1,,2,2,1,2,0.14
Public Method,"org.apache.commons.math3.geometry.euclidean.twod.Vector2D.scalarMultiply",,,,,,,,,,,,,,4,3,1,2,0,2,1,1,0,,,,0,,,,,,,,,,,,,4,0,1,1,1,1,1,1,1,1,,,0,0,,1,1,1,1,0.33
Public Method,"org.apache.commons.math3.geometry.euclidean.twod.Vector2D.subtract",,,,,,,,,,,,,,5,4,2,2,0,3,1,1,0,,,,0,,,,,,,,,,,,,3,0,2,1,1,2,2,1,1,1,,,0,0,,1,1,1,1,0.25
Public Method,"org.apache.commons.math3.geometry.euclidean.twod.Vector2D.subtract",,,,,,,,,,,,,,5,4,2,4,0,3,1,1,0,,,,0,,,,,,,,,,,,,4,0,2,1,1,2,2,1,1,1,,,0,0,,1,1,1,1,0.25
Public Method,"org.apache.commons.math3.geometry.euclidean.twod.Vector2D.toArray",,,,,,,,,,,,,,7,3,1,1,0,2,1,1,0,,,,0,,,,,,,,,,,,,2,0,1,4,1,1,1,1,1,1,,,0,0,,1,1,1,1,1.33
Public Method,"org.apache.commons.math3.geometry.euclidean.twod.Vector2D.toString",,,,,,,,,,,,,,6,3,1,3,0,2,1,1,0,,,,0,,,,,,,,,,,,,0,0,1,3,1,1,1,1,1,1,,,0,0,,1,1,1,1,1.00
Public Method,"org.apache.commons.math3.geometry.euclidean.twod.Vector2D.toString",,,,,,,,,,,,,,4,3,1,3,0,2,1,1,0,,,,0,,,,,,,,,,,,,1,0,1,1,1,1,1,1,1,1,,,0,0,,1,1,1,1,0.33
Public Class,"org.apache.commons.math3.geometry.euclidean.twod.Vector2DFormat",1,1,0,3,4,,0,,7,24,0,0,9,107,48,20,,,27,,,,2,1,2,,1,1,8,4,1,0,2,,,0,9,0,,10,20,49,,15,14,13,,,2,2,,1,0,11,11,9,11,1.02
Public Constructor,"org.apache.commons.math3.geometry.euclidean.twod.Vector2DFormat.Vector2DFormat",,,,,,,,,,,,,,7,3,1,2,0,2,1,1,0,,,,0,,,,,,,,,,,,,6,0,1,4,1,1,1,1,1,1,,,0,0,,1,1,1,1,1.33
Public Constructor,"org.apache.commons.math3.geometry.euclidean.twod.Vector2DFormat.Vector2DFormat",,,,,,,,,,,,,,9,4,2,3,0,2,1,1,0,,,,0,,,,,,,,,,,,,3,0,1,5,1,1,1,1,1,1,,,0,0,,1,1,1,1,1.25
Public Constructor,"org.apache.commons.math3.geometry.euclidean.twod.Vector2DFormat.Vector2DFormat",,,,,,,,,,,,,,10,4,1,3,0,2,1,1,0,,,,0,,,,,,,,,,,,,3,0,2,6,1,1,1,1,1,1,,,0,0,,1,1,1,1,1.50
Public Constructor,"org.apache.commons.math3.geometry.euclidean.twod.Vector2DFormat.Vector2DFormat",,,,,,,,,,,,,,12,4,1,2,0,2,1,1,0,,,,0,,,,,,,,,,,,,4,0,2,8,1,1,1,1,1,1,,,0,0,,1,1,1,1,2.00
Public Method,"org.apache.commons.math3.geometry.euclidean.twod.Vector2DFormat.format",,,,,,,,,,,,,,6,5,2,4,0,3,1,1,0,,,,0,,,,,,,,,,,,,3,0,3,1,1,2,2,1,1,1,,,0,0,,1,1,1,1,0.20
Public Static Method,"org.apache.commons.math3.geometry.euclidean.twod.Vector2DFormat.getInstance",,,,,,,,,,,,,,7,3,1,3,0,2,1,1,0,,,,0,,,,,,,,,,,,,1,0,1,4,1,1,1,1,1,1,,,0,0,,1,1,1,1,1.33
Public Static Method,"org.apache.commons.math3.geometry.euclidean.twod.Vector2DFormat.getInstance",,,,,,,,,,,,,,8,3,1,3,0,2,1,1,0,,,,0,,,,,,,,,,,,,2,0,1,5,1,1,1,1,1,1,,,0,0,,1,1,1,1,1.67
Public Method,"org.apache.commons.math3.geometry.euclidean.twod.Vector2DFormat.parse",,,,,,,,,,,,,,11,10,7,5,0,6,2,2,0,,,,0,,,,,,,,,,,,,2,0,3,1,2,4,3,3,2,1,,,0,1,,2,2,1,2,0.10
Public Method,"org.apache.commons.math3.geometry.euclidean.twod.Vector2DFormat.parse",,,,,,,,,,,,,,8,7,4,3,0,5,2,2,1,,,,0,,,,,,,,,,,,,3,0,2,1,2,3,2,3,2,1,,,0,1,,2,2,1,2,0.14
Package,"org.apache.commons.math3.geometry.partitioning",2,1,0,5,,26,0,15,140,,33,13,85,2723,1011,535,,,680,,,,18,7,,,2,2,14,8,,,0,,,33,140,9,,338,337,1376,,474,291,389,,,20,27,,3,,224,245,117,209,1.36
Public Abstract Generic Class,"org.apache.commons.math3.geometry.partitioning.AbstractRegion",3,1,1,6,15,,0,,27,27,0,6,14,614,338,218,,,224,,,,18,7,1,,3,3,20,12,2,3,0,,,3,27,7,,89,78,187,,143,78,146,,,20,27,,3,80,85,97,31,77,0.55
Protected Constructor,"org.apache.commons.math3.geometry.partitioning.AbstractRegion.AbstractRegion",,,,,,,,,,,,,,5,3,1,3,0,2,1,1,0,,,,0,,,,,,,,,,,,,3,0,1,2,1,1,1,1,1,1,,,0,0,,1,1,1,1,0.67
Protected Constructor,"org.apache.commons.math3.geometry.partitioning.AbstractRegion.AbstractRegion",,,,,,,,,,,,,,15,3,1,2,0,2,1,1,0,,,,0,,,,,,,,,,,,,5,0,1,12,1,1,1,1,1,1,,,0,0,,1,1,1,1,4.00
Protected Constructor,"org.apache.commons.math3.geometry.partitioning.AbstractRegion.AbstractRegion",,,,,,,,,,,,,,66,27,20,8,0,17,2,2,1,,,,0,,,,,,,,,,,,,5,11,5,28,2,11,8,9,2,1,,,0,0,,2,2,1,2,1.04
Public Constructor,"org.apache.commons.math3.geometry.partitioning.AbstractRegion.AbstractRegion",,,,,,,,,,,,,,27,17,12,9,1,13,4,5,1,,,,0,,,,,,,,,,,,,4,4,2,6,4,8,3,10,4,1,,,0,3,,4,5,1,4,0.35
Anonymous Class,"org.apache.commons.math3.geometry.partitioning.AbstractRegion.AbstractRegion.(Anon_1)",3,1,0,0,1,,0,,1,1,0,0,1,6,6,5,,,4,,,,3,1,2,,3,3,5,5,1,0,0,,,0,1,0,,0,3,0,,3,3,1,,,3,3,,0,0,3,3,1,3,0.00
Public Method,"org.apache.commons.math3.geometry.partitioning.AbstractRegion.AbstractRegion.(Anon_1).compare",,,,,,,,,,,,,,5,5,4,2,0,4,3,3,0,,,,0,,,,,,,,,,,,,2,0,2,0,1,3,3,1,3,1,,,0,0,,3,3,1,3,0.00
Anonymous Class,"org.apache.commons.math3.geometry.partitioning.AbstractRegion.AbstractRegion.(Anon_2)",1,1,0,1,2,,0,,3,3,0,0,3,16,10,7,,,5,,,,2,1,1,,1,1,4,3,2,0,0,,,0,3,0,,3,0,3,,2,3,2,,,2,2,,0,0,4,4,3,4,0.30
Public Method,"org.apache.commons.math3.geometry.partitioning.AbstractRegion.AbstractRegion.(Anon_2).visitInternalNode",,,,,,,,,,,,,,3,2,1,0,0,1,1,1,0,,,,0,,,,,,,,,,,,,0,0,0,1,1,0,1,0,1,1,,,0,0,,1,1,1,1,0.50
Public Method,"org.apache.commons.math3.geometry.partitioning.AbstractRegion.AbstractRegion.(Anon_2).visitLeafNode",,,,,,,,,,,,,,5,4,3,3,0,2,2,2,0,,,,0,,,,,,,,,,,,,1,0,0,1,1,1,1,1,2,1,,,0,0,,2,2,1,2,0.25
Public Method,"org.apache.commons.math3.geometry.partitioning.AbstractRegion.AbstractRegion.(Anon_2).visitOrder",,,,,,,,,,,,,,4,3,2,1,0,2,1,1,0,,,,0,,,,,,,,,,,,,0,0,0,1,1,1,1,1,1,1,,,0,0,,1,1,1,1,0.33
TypeVariable,"org.apache.commons.math3.geometry.partitioning.AbstractRegion.S",0,0,0,0,0,,0,,0,0,0,0,0,0,0,0,,,0,,,,0,0,1,,0,0,0,0,2,0,0,,,0,0,0,,0,0,0,,0,0,0,,,0,0,,0,0,0,0,0,0,0.00
Private Static Class,"org.apache.commons.math3.geometry.partitioning.AbstractRegion.Sides",1,1,0,2,0,,0,,5,5,0,0,5,43,20,6,,,14,,,,1,1,1,,1,1,5,3,1,0,0,,,2,5,0,,8,8,15,,8,8,6,,,1,1,,0,40,5,5,5,5,0.75
Public Constructor,"org.apache.commons.math3.geometry.partitioning.AbstractRegion.Sides.Sides",,,,,,,,,,,,,,6,4,2,3,0,3,1,1,0,,,,0,,,,,,,,,,,,,1,0,1,2,1,2,1,2,1,1,,,0,0,,1,1,1,1,0.50
Public Method,"org.apache.commons.math3.geometry.partitioning.AbstractRegion.Sides.minusFound",,,,,,,,,,,,,,6,3,1,1,0,2,1,1,0,,,,0,,,,,,,,,,,,,3,0,1,3,1,1,1,1,1,1,,,0,0,,1,1,1,1,1.00
Public Method,"org.apache.commons.math3.geometry.partitioning.AbstractRegion.Sides.plusFound",,,,,,,,,,,,,,6,3,1,1,0,2,1,1,0,,,,0,,,,,,,,,,,,,3,0,1,3,1,1,1,1,1,1,,,0,0,,1,1,1,1,1.00
Public Method,"org.apache.commons.math3.geometry.partitioning.AbstractRegion.Sides.rememberMinusFound",,,,,,,,,,,,,,5,3,1,1,0,2,1,1,0,,,,0,,,,,,,,,,,,,1,0,1,2,1,1,1,1,1,1,,,0,0,,1,1,1,1,0.67
Public Method,"org.apache.commons.math3.geometry.partitioning.AbstractRegion.Sides.rememberPlusFound",,,,,,,,,,,,,,5,3,1,1,0,2,1,1,0,,,,0,,,,,,,,,,,,,1,0,1,2,1,1,1,1,1,1,,,0,0,,1,1,1,1,0.67
TypeVariable,"org.apache.commons.math3.geometry.partitioning.AbstractRegion.T",0,0,0,0,0,,0,,0,0,0,0,0,0,0,0,,,0,,,,0,0,1,,0,0,0,0,2,0,0,,,0,0,0,,0,0,0,,0,0,0,,,0,0,,0,0,0,0,0,0,0.00
Public Method,"org.apache.commons.math3.geometry.partitioning.AbstractRegion.applyTransform",,,,,,,,,,,,,,13,3,1,4,0,2,1,1,0,,,,0,,,,,,,,,,,,,3,0,1,10,1,1,1,1,1,1,,,0,0,,1,1,1,1,3.33
Public Abstract Method,"org.apache.commons.math3.geometry.partitioning.AbstractRegion.buildNew",,,,,,,,,,,,,,2,1,0,1,0,1,0,0,0,,,,0,,,,,,,,,,,,,2,0,1,1,0,1,1,0,0,0,,,0,0,,0,0,0,0,1.00
Private Method,"org.apache.commons.math3.geometry.partitioning.AbstractRegion.characterize",,,,,,,,,,,,,,39,24,19,11,1,15,5,5,7,,,,0,,,,,,,,,,,,,7,0,5,15,5,12,4,11,3,1,,,0,2,,5,5,1,3,0.62
Public Method,"org.apache.commons.math3.geometry.partitioning.AbstractRegion.checkPoint",,,,,,,,,,,,,,4,3,1,2,0,2,1,1,0,,,,0,,,,,,,,,,,,,12,0,1,1,1,1,1,1,1,1,,,0,0,,1,1,1,1,0.33
Protected Method,"org.apache.commons.math3.geometry.partitioning.AbstractRegion.checkPoint",,,,,,,,,,,,,,20,9,6,6,0,7,4,4,1,,,,0,,,,,,,,,,,,,4,2,4,9,2,5,4,3,4,1,,,0,1,,4,4,1,4,1.00
Protected Abstract Method,"org.apache.commons.math3.geometry.partitioning.AbstractRegion.computeGeometricalProperties",,,,,,,,,,,,,,4,1,0,0,0,1,0,0,0,,,,0,,,,,,,,,,,,,2,0,1,3,0,1,1,0,0,0,,,0,0,,0,0,0,0,3.00
Public Method,"org.apache.commons.math3.geometry.partitioning.AbstractRegion.contains",,,,,,,,,,,,,,4,3,1,4,0,2,1,1,0,,,,0,,,,,,,,,,,,,2,0,1,1,1,1,1,1,1,1,,,0,0,,1,1,1,1,0.33
Public Method,"org.apache.commons.math3.geometry.partitioning.AbstractRegion.copySelf",,,,,,,,,,,,,,4,3,1,3,0,2,1,1,0,,,,0,,,,,,,,,,,,,7,0,1,1,1,1,1,1,1,1,,,0,0,,1,1,1,1,0.33
Public Method,"org.apache.commons.math3.geometry.partitioning.AbstractRegion.getBarycenter",,,,,,,,,,,,,,7,6,3,2,0,4,2,2,0,,,,0,,,,,,,,,,,,,11,0,1,1,2,2,1,3,2,1,,,0,1,,2,2,1,2,0.17
Public Method,"org.apache.commons.math3.geometry.partitioning.AbstractRegion.getBoundarySize",,,,,,,,,,,,,,6,5,3,5,0,4,1,1,0,,,,0,,,,,,,,,,,,,6,0,2,1,1,3,2,2,1,1,,,0,0,,1,1,1,1,0.20
Public Method,"org.apache.commons.math3.geometry.partitioning.AbstractRegion.getSize",,,,,,,,,,,,,,7,6,3,2,0,4,2,2,0,,,,0,,,,,,,,,,,,,14,0,1,1,2,2,1,3,2,1,,,0,1,,2,2,1,2,0.17
Public Method,"org.apache.commons.math3.geometry.partitioning.AbstractRegion.getTree",,,,,,,,,,,,,,8,6,3,4,0,4,2,4,0,,,,0,,,,,,,,,,,,,15,0,1,2,2,2,1,3,2,1,,,0,1,,2,4,1,2,0.33
Private Method,"org.apache.commons.math3.geometry.partitioning.AbstractRegion.insertCuts",,,,,,,,,,,,,,50,34,27,13,1,24,8,9,7,,,,0,,,,,,,,,,,,,6,6,7,10,18,18,7,17,6,1,,,0,2,,8,9,1,6,0.29
Public Method,"org.apache.commons.math3.geometry.partitioning.AbstractRegion.intersection",,,,,,,,,,,,,,4,3,1,2,0,2,1,1,0,,,,0,,,,,,,,,,,,,3,0,1,1,1,1,1,1,1,1,,,0,0,,1,1,1,1,0.33
Public Method,"org.apache.commons.math3.geometry.partitioning.AbstractRegion.isEmpty",,,,,,,,,,,,,,4,3,1,2,0,2,1,1,0,,,,0,,,,,,,,,,,,,1,0,1,1,1,1,1,1,1,1,,,0,0,,1,1,1,1,0.33
Public Method,"org.apache.commons.math3.geometry.partitioning.AbstractRegion.isEmpty",,,,,,,,,,,,,,16,6,3,5,0,4,2,3,1,,,,0,,,,,,,,,,,,,3,4,1,6,2,2,1,3,2,1,,,0,1,,2,3,1,2,1.00
Private Method,"org.apache.commons.math3.geometry.partitioning.AbstractRegion.recurseBuildBoundary",,,,,,,,,,,,,,44,25,18,12,1,19,6,6,0,,,,0,,,,,,,,,,,,,2,6,6,13,10,13,6,13,6,1,,,0,3,,6,6,1,6,0.52
Private Method,"org.apache.commons.math3.geometry.partitioning.AbstractRegion.recurseIntersection",,,,,,,,,,,,,,35,26,21,12,1,16,8,8,11,,,,11,,,,,,,,,,,,,6,3,5,6,7,11,5,11,6,7,,,11,2,,8,8,7,6,0.23
Private Method,"org.apache.commons.math3.geometry.partitioning.AbstractRegion.recurseSides",,,,,,,,,,,,,,90,63,44,15,1,38,20,27,10,,,,0,,,,,,,,,,,,,7,7,3,20,28,20,3,35,18,1,,,0,3,,20,27,1,18,0.32
Private Method,"org.apache.commons.math3.geometry.partitioning.AbstractRegion.recurseTransform",,,,,,,,,,,,,,28,19,15,11,0,11,5,5,1,,,,0,,,,,,,,,,,,,3,4,8,5,3,8,6,5,5,1,,,0,1,,5,5,1,5,0.26
Protected Method,"org.apache.commons.math3.geometry.partitioning.AbstractRegion.setBarycenter",,,,,,,,,,,,,,6,3,1,1,0,2,1,1,0,,,,0,,,,,,,,,,,,,6,0,1,3,1,1,1,1,1,1,,,0,0,,1,1,1,1,1.00
Protected Method,"org.apache.commons.math3.geometry.partitioning.AbstractRegion.setSize",,,,,,,,,,,,,,6,3,1,1,0,2,1,1,0,,,,0,,,,,,,,,,,,,6,0,1,3,1,1,1,1,1,1,,,0,0,,1,1,1,1,1.00
Public Method,"org.apache.commons.math3.geometry.partitioning.AbstractRegion.side",,,,,,,,,,,,,,8,7,5,6,0,4,4,4,0,,,,0,,,,,,,,,,,,,6,0,2,1,1,3,2,2,4,1,,,0,0,,4,4,1,4,0.14
Public Abstract Generic Class,"org.apache.commons.math3.geometry.partitioning.AbstractSubHyperplane",1,1,0,3,8,,0,,12,12,0,1,9,138,62,26,,,35,,,,5,1,1,,1,1,10,5,2,3,0,,,2,12,2,,21,32,55,,23,21,14,,,5,5,,1,27,13,13,9,13,0.89
Protected Constructor,"org.apache.commons.math3.geometry.partitioning.AbstractSubHyperplane.AbstractSubHyperplane",,,,,,,,,,,,,,9,5,2,3,0,3,1,1,0,,,,0,,,,,,,,,,,,,7,0,2,4,1,2,1,2,1,1,,,0,0,,1,1,1,1,0.80
TypeVariable,"org.apache.commons.math3.geometry.partitioning.AbstractSubHyperplane.S",0,0,0,0,0,,0,,0,0,0,0,0,0,0,0,,,0,,,,0,0,1,,0,0,0,0,2,0,0,,,0,0,0,,0,0,0,,0,0,0,,,0,0,,0,0,0,0,0,0,0.00
TypeVariable,"org.apache.commons.math3.geometry.partitioning.AbstractSubHyperplane.T",0,0,0,0,0,,0,,0,0,0,0,0,0,0,0,,,0,,,,0,0,1,,0,0,0,0,2,0,0,,,0,0,0,,0,0,0,,0,0,0,,,0,0,,0,0,0,0,0,0,0.00
Public Method,"org.apache.commons.math3.geometry.partitioning.AbstractSubHyperplane.applyTransform",,,,,,,,,,,,,,16,6,3,6,0,4,1,1,0,,,,0,,,,,,,,,,,,,6,0,4,10,1,3,3,1,1,1,,,0,0,,1,1,1,1,1.67
Protected Abstract Method,"org.apache.commons.math3.geometry.partitioning.AbstractSubHyperplane.buildNew",,,,,,,,,,,,,,7,2,0,1,0,1,0,0,0,,,,0,,,,,,,,,,,,,3,0,2,5,0,1,1,0,0,0,,,0,0,,0,0,0,0,2.50
Public Method,"org.apache.commons.math3.geometry.partitioning.AbstractSubHyperplane.copySelf",,,,,,,,,,,,,,4,3,1,2,0,2,1,1,0,,,,0,,,,,,,,,,,,,2,0,1,1,1,1,1,1,1,1,,,0,0,,1,1,1,1,0.33
Public Method,"org.apache.commons.math3.geometry.partitioning.AbstractSubHyperplane.getHyperplane",,,,,,,,,,,,,,6,3,1,1,0,2,1,1,0,,,,0,,,,,,,,,,,,,11,0,1,3,1,1,1,1,1,1,,,0,0,,1,1,1,1,1.00
Public Method,"org.apache.commons.math3.geometry.partitioning.AbstractSubHyperplane.getRemainingRegion",,,,,,,,,,,,,,10,3,1,1,0,2,1,1,0,,,,0,,,,,,,,,,,,,13,0,1,7,1,1,1,1,1,1,,,0,0,,1,1,1,1,2.33
Public Method,"org.apache.commons.math3.geometry.partitioning.AbstractSubHyperplane.getSize",,,,,,,,,,,,,,4,3,1,2,0,2,1,1,0,,,,0,,,,,,,,,,,,,1,0,1,1,1,1,1,1,1,1,,,0,0,,1,1,1,1,0.33
Public Method,"org.apache.commons.math3.geometry.partitioning.AbstractSubHyperplane.isEmpty",,,,,,,,,,,,,,4,3,1,2,0,2,1,1,0,,,,0,,,,,,,,,,,,,1,0,1,1,1,1,1,1,1,1,,,0,0,,1,1,1,1,0.33
Private Method,"org.apache.commons.math3.geometry.partitioning.AbstractSubHyperplane.recurseTransform",,,,,,,,,,,,,,30,21,13,11,0,9,5,5,1,,,,0,,,,,,,,,,,,,5,3,10,6,3,6,4,5,5,1,,,0,1,,5,5,1,5,0.29
Public Method,"org.apache.commons.math3.geometry.partitioning.AbstractSubHyperplane.reunite",,,,,,,,,,,,,,7,6,3,4,0,3,1,1,0,,,,0,,,,,,,,,,,,,3,0,3,1,1,2,2,1,1,1,,,0,0,,1,1,1,1,0.17
Public Abstract Method,"org.apache.commons.math3.geometry.partitioning.AbstractSubHyperplane.side",,,,,,,,,,,,,,2,1,0,1,0,1,0,0,0,,,,0,,,,,,,,,,,,,0,0,1,1,0,1,1,0,0,0,,,0,0,,0,0,0,0,1.00
Public Abstract Method,"org.apache.commons.math3.geometry.partitioning.AbstractSubHyperplane.split",,,,,,,,,,,,,,2,1,0,1,0,1,0,0,0,,,,0,,,,,,,,,,,,,0,0,1,1,0,1,1,0,0,0,,,0,0,,0,0,0,0,1.00
Public Generic Class,"org.apache.commons.math3.geometry.partitioning.BSPTree",2,1,1,9,10,,0,,21,21,0,5,16,612,285,198,,,199,,,,6,5,1,,2,3,23,13,1,0,0,,,5,21,0,,64,46,265,,149,44,155,,,8,9,,3,41,57,63,30,50,0.93
Public Constructor,"org.apache.commons.math3.geometry.partitioning.BSPTree.BSPTree",,,,,,,,,,,,,,10,7,5,6,0,6,1,1,0,,,,0,,,,,,,,,,,,,16,0,1,3,1,5,1,5,1,1,,,0,0,,1,1,1,1,0.43
Public Constructor,"org.apache.commons.math3.geometry.partitioning.BSPTree.BSPTree",,,,,,,,,,,,,,9,7,5,6,0,6,1,1,0,,,,0,,,,,,,,,,,,,2,0,1,2,1,5,1,5,1,1,,,0,0,,1,1,1,1,0.29
Public Constructor,"org.apache.commons.math3.geometry.partitioning.BSPTree.BSPTree",,,,,,,,,,,,,,23,10,7,6,0,8,1,1,0,,,,0,,,,,,,,,,,,,15,0,2,13,1,7,1,7,1,1,,,0,0,,1,1,1,1,1.30
Public Generic Interface,"org.apache.commons.math3.geometry.partitioning.BSPTree.LeafMerger",0,0,0,0,1,,0,,1,1,1,0,0,35,4,0,,,2,,,,0,0,0,,0,0,0,0,0,4,0,,,0,1,0,,2,3,29,,1,2,0,,,0,0,,0,0,0,0,0,0,7.25
TypeVariable,"org.apache.commons.math3.geometry.partitioning.BSPTree.LeafMerger.S",0,0,0,0,0,,0,,0,0,0,0,0,0,0,0,,,0,,,,0,0,1,,0,0,0,0,2,0,0,,,0,0,0,,0,0,0,,0,0,0,,,0,0,,0,0,0,0,0,0,0.00
Abstract Method,"org.apache.commons.math3.geometry.partitioning.BSPTree.LeafMerger.merge",,,,,,,,,,,,,,31,2,0,1,0,1,0,0,0,,,,0,,,,,,,,,,,,,1,0,2,29,0,1,1,0,0,0,,,0,0,,0,0,0,0,14.50
TypeVariable,"org.apache.commons.math3.geometry.partitioning.BSPTree.S",0,0,0,0,0,,0,,0,0,0,0,0,0,0,0,,,0,,,,0,0,1,,0,0,0,0,2,0,0,,,0,0,0,,0,0,0,,0,0,0,,,0,0,,0,0,0,0,0,0,0.00
Private Method,"org.apache.commons.math3.geometry.partitioning.BSPTree.chopOffMinus",,,,,,,,,,,,,,13,7,4,3,0,5,2,2,0,,,,0,,,,,,,,,,,,,5,0,1,6,2,3,1,4,2,1,,,0,1,,2,2,1,2,0.86
Private Method,"org.apache.commons.math3.geometry.partitioning.BSPTree.chopOffPlus",,,,,,,,,,,,,,13,7,4,3,0,5,2,2,0,,,,0,,,,,,,,,,,,,5,0,1,6,2,3,1,4,2,1,,,0,1,,2,2,1,2,0.86
Private Method,"org.apache.commons.math3.geometry.partitioning.BSPTree.condense",,,,,,,,,,,,,,14,10,7,5,0,6,3,9,0,,,,0,,,,,,,,,,,,,7,0,1,4,2,4,1,5,3,1,,,0,1,,3,9,1,3,0.40
Public Method,"org.apache.commons.math3.geometry.partitioning.BSPTree.copySelf",,,,,,,,,,,,,,17,7,4,4,0,4,2,2,1,,,,0,,,,,,,,,,,,,6,3,1,7,2,2,1,3,2,1,,,0,1,,2,2,1,2,1.00
Private Method,"org.apache.commons.math3.geometry.partitioning.BSPTree.fitToCell",,,,,,,,,,,,,,19,11,7,5,0,9,3,3,1,,,,0,,,,,,,,,,,,,6,0,2,8,3,6,3,6,3,1,,,0,2,,3,3,1,3,0.73
Public Method,"org.apache.commons.math3.geometry.partitioning.BSPTree.getAttribute",,,,,,,,,,,,,,9,3,1,1,0,2,1,1,0,,,,0,,,,,,,,,,,,,25,0,1,6,1,1,1,1,1,1,,,0,0,,1,1,1,1,2.00
Public Method,"org.apache.commons.math3.geometry.partitioning.BSPTree.getCell",,,,,,,,,,,,,,27,13,9,4,1,9,4,4,3,,,,3,,,,,,,,,,,,,5,4,2,10,4,5,2,7,4,4,,,3,1,,4,4,4,4,0.77
Public Method,"org.apache.commons.math3.geometry.partitioning.BSPTree.getCut",,,,,,,,,,,,,,6,3,1,1,0,2,1,1,0,,,,0,,,,,,,,,,,,,19,0,1,3,1,1,1,1,1,1,,,0,0,,1,1,1,1,1.00
Public Method,"org.apache.commons.math3.geometry.partitioning.BSPTree.getMinus",,,,,,,,,,,,,,7,3,1,1,0,2,1,1,0,,,,0,,,,,,,,,,,,,19,0,1,4,1,1,1,1,1,1,,,0,0,,1,1,1,1,1.33
Public Method,"org.apache.commons.math3.geometry.partitioning.BSPTree.getParent",,,,,,,,,,,,,,6,3,1,1,0,2,1,1,0,,,,0,,,,,,,,,,,,,2,0,1,3,1,1,1,1,1,1,,,0,0,,1,1,1,1,1.00
Public Method,"org.apache.commons.math3.geometry.partitioning.BSPTree.getPlus",,,,,,,,,,,,,,7,3,1,1,0,2,1,1,0,,,,0,,,,,,,,,,,,,21,0,1,4,1,1,1,1,1,1,,,0,0,,1,1,1,1,1.33
Public Method,"org.apache.commons.math3.geometry.partitioning.BSPTree.insertCut",,,,,,,,,,,,,,46,19,15,9,1,16,3,3,1,,,,0,,,,,,,,,,,,,5,4,2,23,4,13,2,14,3,1,,,0,1,,3,3,1,3,1.21
Public Method,"org.apache.commons.math3.geometry.partitioning.BSPTree.insertInTree",,,,,,,,,,,,,,51,25,18,11,1,19,6,6,2,,,,0,,,,,,,,,,,,,10,9,2,17,12,13,3,16,6,1,,,0,3,,6,6,1,6,0.68
Public Method,"org.apache.commons.math3.geometry.partitioning.BSPTree.merge",,,,,,,,,,,,,,21,3,1,2,0,2,1,1,0,,,,0,,,,,,,,,,,,,6,0,1,18,1,1,1,1,1,1,,,0,0,,1,1,1,1,6.00
Private Method,"org.apache.commons.math3.geometry.partitioning.BSPTree.merge",,,,,,,,,,,,,,48,26,19,11,1,17,6,6,3,,,,2,,,,,,,,,,,,,8,3,3,19,8,11,2,15,6,3,,,2,3,,6,6,3,6,0.73
Public Method,"org.apache.commons.math3.geometry.partitioning.BSPTree.setAttribute",,,,,,,,,,,,,,7,3,1,1,0,2,1,1,0,,,,0,,,,,,,,,,,,,6,0,1,4,1,1,1,1,1,1,,,0,0,,1,1,1,1,1.33
Public Method,"org.apache.commons.math3.geometry.partitioning.BSPTree.split",,,,,,,,,,,,,,101,64,51,16,1,38,8,8,9,,,,7,,,,,,,,,,,,,12,3,10,36,7,33,9,29,6,5,,,7,2,,8,8,5,6,0.56
Public Method,"org.apache.commons.math3.geometry.partitioning.BSPTree.visit",,,,,,,,,,,,,,44,40,36,4,1,29,8,8,22,,,,0,,,,,,,,,,,,,20,1,1,3,8,26,1,28,3,1,,,0,2,,8,8,1,3,0.07
Public Generic Interface,"org.apache.commons.math3.geometry.partitioning.BSPTreeVisitor",0,0,0,0,2,,0,,3,3,3,0,0,65,13,0,,,5,,,,0,0,0,,0,0,0,0,0,7,0,,,0,3,0,,10,11,42,,4,5,0,,,0,0,,0,0,0,0,0,0,3.23
Enum Type,"org.apache.commons.math3.geometry.partitioning.BSPTreeVisitor.Order",1,1,0,0,1,,0,,2,2,0,0,2,32,8,0,,,1,,,,1,1,1,,1,1,0,0,1,0,0,,,6,2,0,,5,7,19,,1,1,0,,,1,1,,0,100,2,2,2,2,2.38
Public Method,"org.apache.commons.math3.geometry.partitioning.BSPTreeVisitor.Order.valueOf",,,,,,,,,,,,,,0,0,0,1,0,0,1,1,0,,,,0,,,,,,,,,,,,,0,0,0,0,0,0,0,0,1,1,,,0,0,,1,1,1,1,0.00
Public Method,"org.apache.commons.math3.geometry.partitioning.BSPTreeVisitor.Order.values",,,,,,,,,,,,,,0,0,0,1,0,0,1,1,0,,,,0,,,,,,,,,,,,,0,0,0,0,0,0,0,0,1,1,,,0,0,,1,1,1,1,0.00
TypeVariable,"org.apache.commons.math3.geometry.partitioning.BSPTreeVisitor.S",0,0,0,0,0,,0,,0,0,0,0,0,0,0,0,,,0,,,,0,0,1,,0,0,0,0,2,0,0,,,0,0,0,,0,0,0,,0,0,0,,,0,0,,0,0,0,0,0,0,0.00
Abstract Method,"org.apache.commons.math3.geometry.partitioning.BSPTreeVisitor.visitInternalNode",,,,,,,,,,,,,,8,1,0,0,0,1,0,0,0,,,,0,,,,,,,,,,,,,1,0,1,7,0,1,1,0,0,0,,,0,0,,0,0,0,0,7.00
Abstract Method,"org.apache.commons.math3.geometry.partitioning.BSPTreeVisitor.visitLeafNode",,,,,,,,,,,,,,5,1,0,0,0,1,0,0,0,,,,0,,,,,,,,,,,,,1,0,1,4,0,1,1,0,0,0,,,0,0,,0,0,0,0,4.00
Abstract Method,"org.apache.commons.math3.geometry.partitioning.BSPTreeVisitor.visitOrder",,,,,,,,,,,,,,13,1,0,1,0,1,0,0,0,,,,0,,,,,,,,,,,,,1,0,1,12,0,1,1,0,0,0,,,0,0,,0,0,0,0,12.00
Public Generic Class,"org.apache.commons.math3.geometry.partitioning.BoundaryAttribute",1,1,0,7,1,,0,,3,3,0,0,3,64,15,4,,,10,,,,1,1,1,,1,1,11,3,1,0,0,,,2,3,0,,6,7,43,,6,6,4,,,1,1,,0,33,3,3,3,3,2.87
Public Constructor,"org.apache.commons.math3.geometry.partitioning.BoundaryAttribute.BoundaryAttribute",,,,,,,,,,,,,,13,5,2,3,0,3,1,1,0,,,,0,,,,,,,,,,,,,6,0,2,8,1,2,1,2,1,1,,,0,0,,1,1,1,1,1.60
TypeVariable,"org.apache.commons.math3.geometry.partitioning.BoundaryAttribute.S",0,0,0,0,0,,0,,0,0,0,0,0,0,0,0,,,0,,,,0,0,1,,0,0,0,0,2,0,0,,,0,0,0,,0,0,0,,0,0,0,,,0,0,,0,0,0,0,0,0,0.00
Public Method,"org.apache.commons.math3.geometry.partitioning.BoundaryAttribute.getPlusInside",,,,,,,,,,,,,,10,3,1,1,0,2,1,1,0,,,,0,,,,,,,,,,,,,10,0,1,7,1,1,1,1,1,1,,,0,0,,1,1,1,1,2.33
Public Method,"org.apache.commons.math3.geometry.partitioning.BoundaryAttribute.getPlusOutside",,,,,,,,,,,,,,10,3,1,1,0,2,1,1,0,,,,0,,,,,,,,,,,,,10,0,1,7,1,1,1,1,1,1,,,0,0,,1,1,1,1,2.33
Generic Class,"org.apache.commons.math3.geometry.partitioning.BoundarySizeVisitor",1,1,0,1,4,,0,,5,5,0,0,5,46,25,8,,,15,,,,3,1,1,,1,1,6,4,2,0,0,,,1,5,0,,7,10,14,,7,8,7,,,3,3,,1,40,7,7,5,7,0.56
Public Constructor,"org.apache.commons.math3.geometry.partitioning.BoundarySizeVisitor.BoundarySizeVisitor",,,,,,,,,,,,,,5,3,1,2,0,2,1,1,0,,,,0,,,,,,,,,,,,,1,0,1,2,1,1,1,1,1,1,,,0,0,,1,1,1,1,0.67
TypeVariable,"org.apache.commons.math3.geometry.partitioning.BoundarySizeVisitor.S",0,0,0,0,0,,0,,0,0,0,0,0,0,0,0,,,0,,,,0,0,1,,0,0,0,0,2,0,0,,,0,0,0,,0,0,0,,0,0,0,,,0,0,,0,0,0,0,0,0,0.00
Public Method,"org.apache.commons.math3.geometry.partitioning.BoundarySizeVisitor.getSize",,,,,,,,,,,,,,6,3,1,1,0,2,1,1,0,,,,0,,,,,,,,,,,,,2,0,1,3,1,1,1,1,1,1,,,0,0,,1,1,1,1,1.00
Public Method,"org.apache.commons.math3.geometry.partitioning.BoundarySizeVisitor.visitInternalNode",,,,,,,,,,,,,,12,11,5,5,1,6,3,3,0,,,,0,,,,,,,,,,,,,1,0,4,1,4,3,2,4,3,1,,,0,1,,3,3,1,3,0.09
Public Method,"org.apache.commons.math3.geometry.partitioning.BoundarySizeVisitor.visitLeafNode",,,,,,,,,,,,,,3,2,0,0,0,1,1,1,0,,,,0,,,,,,,,,,,,,0,0,1,1,1,0,1,0,1,1,,,0,0,,1,1,1,1,0.50
Public Method,"org.apache.commons.math3.geometry.partitioning.BoundarySizeVisitor.visitOrder",,,,,,,,,,,,,,4,3,1,1,0,2,1,1,0,,,,0,,,,,,,,,,,,,0,0,1,1,1,1,1,1,1,1,,,0,0,,1,1,1,1,0.33
Generic Class,"org.apache.commons.math3.geometry.partitioning.Characterization",1,1,0,3,1,,0,,6,6,0,0,6,70,35,16,,,22,,,,4,1,1,,1,1,8,5,1,0,0,,,2,6,0,,9,9,26,,12,9,13,,,4,4,,2,33,9,11,6,9,0.74
Public Constructor,"org.apache.commons.math3.geometry.partitioning.Characterization.Characterization",,,,,,,,,,,,,,6,4,2,3,0,3,1,1,0,,,,0,,,,,,,,,,,,,1,0,1,2,1,2,1,2,1,1,,,0,0,,1,1,1,1,0.50
TypeVariable,"org.apache.commons.math3.geometry.partitioning.Characterization.S",0,0,0,0,0,,0,,0,0,0,0,0,0,0,0,,,0,,,,0,0,1,,0,0,0,0,2,0,0,,,0,0,0,,0,0,0,,0,0,0,,,0,0,,0,0,0,0,0,0,0.00
Public Method,"org.apache.commons.math3.geometry.partitioning.Characterization.add",,,,,,,,,,,,,,20,15,10,3,1,8,4,4,3,,,,0,,,,,,,,,,,,,5,0,1,5,4,4,1,7,4,1,,,0,2,,4,4,1,4,0.33
Public Method,"org.apache.commons.math3.geometry.partitioning.Characterization.getIn",,,,,,,,,,,,,,6,3,1,1,0,2,1,1,0,,,,0,,,,,,,,,,,,,2,0,1,3,1,1,1,1,1,1,,,0,0,,1,1,1,1,1.00
Public Method,"org.apache.commons.math3.geometry.partitioning.Characterization.getOut",,,,,,,,,,,,,,6,3,1,1,0,2,1,1,0,,,,0,,,,,,,,,,,,,2,0,1,3,1,1,1,1,1,1,,,0,0,,1,1,1,1,1.00
Public Method,"org.apache.commons.math3.geometry.partitioning.Characterization.hasIn",,,,,,,,,,,,,,6,3,1,2,0,2,1,2,0,,,,0,,,,,,,,,,,,,2,0,1,3,1,1,1,1,1,1,,,0,0,,1,2,1,1,1.00
Public Method,"org.apache.commons.math3.geometry.partitioning.Characterization.hasOut",,,,,,,,,,,,,,6,3,1,2,0,2,1,2,0,,,,0,,,,,,,,,,,,,2,0,1,3,1,1,1,1,1,1,,,0,0,,1,2,1,1,1.00
Public Generic Interface,"org.apache.commons.math3.geometry.partitioning.Embedding",0,0,0,0,1,,0,,2,2,2,0,0,19,4,0,,,3,,,,0,0,0,,0,0,0,0,0,3,0,,,0,2,0,,3,3,12,,2,3,0,,,0,0,,0,0,0,0,0,0,3.00
TypeVariable,"org.apache.commons.math3.geometry.partitioning.Embedding.S",0,0,0,0,0,,0,,0,0,0,0,0,0,0,0,,,0,,,,0,0,1,,0,0,0,0,2,0,0,,,0,0,0,,0,0,0,,0,0,0,,,0,0,,0,0,0,0,0,0,0.00
TypeVariable,"org.apache.commons.math3.geometry.partitioning.Embedding.T",0,0,0,0,0,,0,,0,0,0,0,0,0,0,0,,,0,,,,0,0,1,,0,0,0,0,2,0,0,,,0,0,0,,0,0,0,,0,0,0,,,0,0,,0,0,0,0,0,0,0.00
Abstract Method,"org.apache.commons.math3.geometry.partitioning.Embedding.toSpace",,,,,,,,,,,,,,7,1,0,1,0,1,0,0,0,,,,0,,,,,,,,,,,,,0,0,1,6,0,1,1,0,0,0,,,0,0,,0,0,0,0,6.00
Abstract Method,"org.apache.commons.math3.geometry.partitioning.Embedding.toSubSpace",,,,,,,,,,,,,,7,1,0,1,0,1,0,0,0,,,,0,,,,,,,,,,,,,0,0,1,6,0,1,1,0,0,0,,,0,0,,0,0,0,0,6.00
Public Generic Interface,"org.apache.commons.math3.geometry.partitioning.Hyperplane",0,0,0,0,3,,0,,5,5,5,0,0,42,7,0,,,6,,,,0,0,0,,0,0,0,0,0,3,0,,,0,5,0,,6,6,29,,5,6,0,,,0,0,,0,0,0,0,0,0,4.14
TypeVariable,"org.apache.commons.math3.geometry.partitioning.Hyperplane.S",0,0,0,0,0,,0,,0,0,0,0,0,0,0,0,,,0,,,,0,0,1,,0,0,0,0,2,0,0,,,0,0,0,,0,0,0,,0,0,0,,,0,0,,0,0,0,0,0,0,0.00
Abstract Method,"org.apache.commons.math3.geometry.partitioning.Hyperplane.copySelf",,,,,,,,,,,,,,7,1,0,1,0,1,0,0,0,,,,0,,,,,,,,,,,,,1,0,1,6,0,1,1,0,0,0,,,0,0,,0,0,0,0,6.00
Abstract Method,"org.apache.commons.math3.geometry.partitioning.Hyperplane.getOffset",,,,,,,,,,,,,,9,1,0,1,0,1,0,0,0,,,,0,,,,,,,,,,,,,3,0,1,8,0,1,1,0,0,0,,,0,0,,0,0,0,0,8.00
Abstract Method,"org.apache.commons.math3.geometry.partitioning.Hyperplane.sameOrientationAs",,,,,,,,,,,,,,10,1,0,1,0,1,0,0,0,,,,0,,,,,,,,,,,,,2,0,1,9,0,1,1,0,0,0,,,0,0,,0,0,0,0,9.00
Abstract Method,"org.apache.commons.math3.geometry.partitioning.Hyperplane.wholeHyperplane",,,,,,,,,,,,,,4,1,0,1,0,1,0,0,0,,,,0,,,,,,,,,,,,,3,0,1,3,0,1,1,0,0,0,,,0,0,,0,0,0,0,3.00
Abstract Method,"org.apache.commons.math3.geometry.partitioning.Hyperplane.wholeSpace",,,,,,,,,,,,,,4,1,0,1,0,1,0,0,0,,,,0,,,,,,,,,,,,,2,0,1,3,0,1,1,0,0,0,,,0,0,,0,0,0,0,3.00
Public Generic Interface,"org.apache.commons.math3.geometry.partitioning.Region",0,0,0,0,6,,0,,12,12,12,0,0,145,19,0,,,14,,,,0,0,0,,0,0,0,0,0,1,0,,,0,12,0,,20,17,106,,13,14,0,,,0,0,,0,0,0,0,0,0,5.58
Public Enum Type,"org.apache.commons.math3.geometry.partitioning.Region.Location",1,1,0,0,1,,0,,2,2,0,0,2,11,5,0,,,1,,,,1,1,1,,1,1,0,0,1,0,0,,,3,2,0,,2,4,4,,1,1,0,,,1,1,,0,100,2,2,2,2,0.80
Public Method,"org.apache.commons.math3.geometry.partitioning.Region.Location.valueOf",,,,,,,,,,,,,,0,0,0,1,0,0,1,1,0,,,,0,,,,,,,,,,,,,0,0,0,0,0,0,0,0,1,1,,,0,0,,1,1,1,1,0.00
Public Method,"org.apache.commons.math3.geometry.partitioning.Region.Location.values",,,,,,,,,,,,,,0,0,0,1,0,0,1,1,0,,,,0,,,,,,,,,,,,,0,0,0,0,0,0,0,0,1,1,,,0,0,,1,1,1,1,0.00
TypeVariable,"org.apache.commons.math3.geometry.partitioning.Region.S",0,0,0,0,0,,0,,0,0,0,0,0,0,0,0,,,0,,,,0,0,1,,0,0,0,0,2,0,0,,,0,0,0,,0,0,0,,0,0,0,,,0,0,,0,0,0,0,0,0,0.00
Abstract Method,"org.apache.commons.math3.geometry.partitioning.Region.buildNew",,,,,,,,,,,,,,17,1,0,1,0,1,0,0,0,,,,0,,,,,,,,,,,,,6,0,1,16,0,1,1,0,0,0,,,0,0,,0,0,0,0,16.00
Abstract Method,"org.apache.commons.math3.geometry.partitioning.Region.checkPoint",,,,,,,,,,,,,,6,1,0,1,0,1,0,0,0,,,,0,,,,,,,,,,,,,2,0,1,5,0,1,1,0,0,0,,,0,0,,0,0,0,0,5.00
Abstract Method,"org.apache.commons.math3.geometry.partitioning.Region.contains",,,,,,,,,,,,,,5,1,0,1,0,1,0,0,0,,,,0,,,,,,,,,,,,,1,0,1,4,0,1,1,0,0,0,,,0,0,,0,0,0,0,4.00
Abstract Method,"org.apache.commons.math3.geometry.partitioning.Region.copySelf",,,,,,,,,,,,,,8,1,0,1,0,1,0,0,0,,,,0,,,,,,,,,,,,,0,0,1,7,0,1,1,0,0,0,,,0,0,,0,0,0,0,7.00
Abstract Method,"org.apache.commons.math3.geometry.partitioning.Region.getBarycenter",,,,,,,,,,,,,,4,1,0,1,0,1,0,0,0,,,,0,,,,,,,,,,,,,1,0,1,3,0,1,1,0,0,0,,,0,0,,0,0,0,0,3.00
Abstract Method,"org.apache.commons.math3.geometry.partitioning.Region.getBoundarySize",,,,,,,,,,,,,,5,1,0,1,0,1,0,0,0,,,,0,,,,,,,,,,,,,0,0,1,4,0,1,1,0,0,0,,,0,0,,0,0,0,0,4.00
Abstract Method,"org.apache.commons.math3.geometry.partitioning.Region.getSize",,,,,,,,,,,,,,5,1,0,1,0,1,0,0,0,,,,0,,,,,,,,,,,,,3,0,1,4,0,1,1,0,0,0,,,0,0,,0,0,0,0,4.00
Abstract Method,"org.apache.commons.math3.geometry.partitioning.Region.getTree",,,,,,,,,,,,,,40,1,0,1,0,1,0,0,0,,,,0,,,,,,,,,,,,,11,4,1,35,0,1,1,0,0,0,,,0,0,,0,0,0,0,35.00
Abstract Method,"org.apache.commons.math3.geometry.partitioning.Region.intersection",,,,,,,,,,,,,,7,1,0,1,0,1,0,0,0,,,,0,,,,,,,,,,,,,0,0,1,6,0,1,1,0,0,0,,,0,0,,0,0,0,0,6.00
Abstract Method,"org.apache.commons.math3.geometry.partitioning.Region.isEmpty",,,,,,,,,,,,,,4,1,0,1,0,1,0,0,0,,,,0,,,,,,,,,,,,,4,0,1,3,0,1,1,0,0,0,,,0,0,,0,0,0,0,3.00
Abstract Method,"org.apache.commons.math3.geometry.partitioning.Region.isEmpty",,,,,,,,,,,,,,8,1,0,1,0,1,0,0,0,,,,0,,,,,,,,,,,,,2,0,1,7,0,1,1,0,0,0,,,0,0,,0,0,0,0,7.00
Abstract Method,"org.apache.commons.math3.geometry.partitioning.Region.side",,,,,,,,,,,,,,9,1,0,1,0,1,0,0,0,,,,0,,,,,,,,,,,,,2,0,1,8,0,1,1,0,0,0,,,0,0,,0,0,0,0,8.00
Public Generic Class,"org.apache.commons.math3.geometry.partitioning.RegionFactory",2,1,0,5,10,,0,,8,8,0,1,7,228,130,61,,,81,,,,6,1,1,,2,2,14,8,1,0,0,,,1,8,0,,28,51,70,,50,35,46,,,6,6,,2,37,16,17,8,16,0.54
Private Class,"org.apache.commons.math3.geometry.partitioning.RegionFactory.DifferenceMerger",4,1,0,3,2,,0,,1,1,0,0,1,20,16,7,,,9,,,,4,1,1,,4,4,17,14,2,0,0,,,0,1,0,,0,8,4,,6,4,5,,,4,4,,1,0,4,4,1,4,0.25
Public Method,"org.apache.commons.math3.geometry.partitioning.RegionFactory.DifferenceMerger.merge",,,,,,,,,,,,,,17,14,7,4,0,8,4,4,1,,,,0,,,,,,,,,,,,,5,0,7,3,2,6,3,5,4,1,,,0,1,,4,4,1,4,0.21
Private Class,"org.apache.commons.math3.geometry.partitioning.RegionFactory.IntersectionMerger",2,1,0,3,1,,0,,1,1,0,0,1,16,12,5,,,7,,,,2,1,1,,2,2,13,10,2,0,0,,,0,1,0,,0,4,4,,4,2,5,,,2,2,,1,0,2,2,1,2,0.33
Public Method,"org.apache.commons.math3.geometry.partitioning.RegionFactory.IntersectionMerger.merge",,,,,,,,,,,,,,13,10,5,3,0,6,2,2,1,,,,0,,,,,,,,,,,,,4,0,3,3,2,4,1,5,2,1,,,0,1,,2,2,1,2,0.30
Private Class,"org.apache.commons.math3.geometry.partitioning.RegionFactory.NodesCleaner",1,1,0,1,2,,0,,3,3,0,0,3,18,10,2,,,6,,,,1,1,1,,1,1,3,2,2,0,0,,,0,3,0,,4,4,4,,2,4,2,,,1,1,,0,0,3,3,3,3,0.40
Public Method,"org.apache.commons.math3.geometry.partitioning.RegionFactory.NodesCleaner.visitInternalNode",,,,,,,,,,,,,,4,3,1,1,0,2,1,1,0,,,,0,,,,,,,,,,,,,1,0,1,1,1,1,1,1,1,1,,,0,0,,1,1,1,1,0.33
Public Method,"org.apache.commons.math3.geometry.partitioning.RegionFactory.NodesCleaner.visitLeafNode",,,,,,,,,,,,,,3,2,0,0,0,1,1,1,0,,,,0,,,,,,,,,,,,,0,0,1,1,1,0,1,0,1,1,,,0,0,,1,1,1,1,0.50
Public Method,"org.apache.commons.math3.geometry.partitioning.RegionFactory.NodesCleaner.visitOrder",,,,,,,,,,,,,,4,3,1,1,0,2,1,1,0,,,,0,,,,,,,,,,,,,0,0,1,1,1,1,1,1,1,1,,,0,0,,1,1,1,1,0.33
Public Constructor,"org.apache.commons.math3.geometry.partitioning.RegionFactory.RegionFactory",,,,,,,,,,,,,,5,3,1,2,0,2,1,1,0,,,,0,,,,,,,,,,,,,22,0,1,2,1,1,1,1,1,1,,,0,0,,1,1,1,1,0.67
TypeVariable,"org.apache.commons.math3.geometry.partitioning.RegionFactory.S",0,0,0,0,0,,0,,0,0,0,0,0,0,0,0,,,0,,,,0,0,1,,0,0,0,0,2,0,0,,,0,0,0,,0,0,0,,0,0,0,,,0,0,,0,0,0,0,0,0,0.00
Private Class,"org.apache.commons.math3.geometry.partitioning.RegionFactory.UnionMerger",2,1,0,3,1,,0,,1,1,0,0,1,16,12,5,,,7,,,,2,1,1,,2,2,13,10,2,0,0,,,0,1,0,,0,4,4,,4,2,5,,,2,2,,1,0,2,2,1,2,0.33
Public Method,"org.apache.commons.math3.geometry.partitioning.RegionFactory.UnionMerger.merge",,,,,,,,,,,,,,13,10,5,3,0,6,2,2,1,,,,0,,,,,,,,,,,,,4,0,3,3,2,4,1,5,2,1,,,0,1,,2,2,1,2,0.30
Private Class,"org.apache.commons.math3.geometry.partitioning.RegionFactory.XorMerger",2,1,0,2,2,,0,,1,1,0,0,1,15,12,5,,,7,,,,2,1,1,,2,2,12,10,2,0,0,,,0,1,0,,0,5,3,,4,3,4,,,2,2,,1,0,2,2,1,2,0.25
Public Method,"org.apache.commons.math3.geometry.partitioning.RegionFactory.XorMerger.merge",,,,,,,,,,,,,,12,10,5,4,0,6,2,2,0,,,,0,,,,,,,,,,,,,4,0,4,2,2,4,2,4,2,1,,,0,1,,2,2,1,2,0.20
Public Method,"org.apache.commons.math3.geometry.partitioning.RegionFactory.buildConvex",,,,,,,,,,,,,,27,17,12,7,1,14,4,5,1,,,,0,,,,,,,,,,,,,5,4,3,6,4,9,4,10,4,1,,,0,2,,4,5,1,4,0.35
Public Method,"org.apache.commons.math3.geometry.partitioning.RegionFactory.difference",,,,,,,,,,,,,,13,6,3,5,0,4,1,1,0,,,,0,,,,,,,,,,,,,7,0,3,7,1,3,2,2,1,1,,,0,0,,1,1,1,1,1.17
Public Method,"org.apache.commons.math3.geometry.partitioning.RegionFactory.getComplement",,,,,,,,,,,,,,8,3,1,4,0,2,1,1,0,,,,0,,,,,,,,,,,,,5,0,1,5,1,1,1,1,1,1,,,0,0,,1,1,1,1,1.67
Public Method,"org.apache.commons.math3.geometry.partitioning.RegionFactory.intersection",,,,,,,,,,,,,,13,6,3,5,0,4,1,1,0,,,,0,,,,,,,,,,,,,6,0,3,7,1,3,2,2,1,1,,,0,0,,1,1,1,1,1.17
Private Method,"org.apache.commons.math3.geometry.partitioning.RegionFactory.recurseComplement",,,,,,,,,,,,,,25,18,11,11,0,9,6,6,1,,,,0,,,,,,,,,,,,,6,3,7,4,3,6,4,5,6,1,,,0,1,,6,6,1,6,0.22
Public Method,"org.apache.commons.math3.geometry.partitioning.RegionFactory.union",,,,,,,,,,,,,,13,6,3,5,0,4,1,1,0,,,,0,,,,,,,,,,,,,12,0,3,7,1,3,2,2,1,1,,,0,0,,1,1,1,1,1.17
Public Method,"org.apache.commons.math3.geometry.partitioning.RegionFactory.xor",,,,,,,,,,,,,,13,6,3,5,0,4,1,1,0,,,,0,,,,,,,,,,,,,4,0,3,7,1,3,2,2,1,1,,,0,0,,1,1,1,1,1.17
Public Enum Type,"org.apache.commons.math3.geometry.partitioning.Side",1,1,0,0,1,,0,,2,2,0,0,2,20,6,0,,,1,,,,1,1,1,,1,1,0,0,1,0,0,,,4,2,0,,5,5,9,,1,1,0,,,1,1,,0,100,2,2,2,2,1.50
Public Method,"org.apache.commons.math3.geometry.partitioning.Side.valueOf",,,,,,,,,,,,,,0,0,0,1,0,0,1,1,0,,,,0,,,,,,,,,,,,,0,0,0,0,0,0,0,0,1,1,,,0,0,,1,1,1,1,0.00
Public Method,"org.apache.commons.math3.geometry.partitioning.Side.values",,,,,,,,,,,,,,0,0,0,1,0,0,1,1,0,,,,0,,,,,,,,,,,,,0,0,0,0,0,0,0,0,1,1,,,0,0,,1,1,1,1,0.00
Public Generic Interface,"org.apache.commons.math3.geometry.partitioning.SubHyperplane",0,0,0,0,3,,0,,7,7,7,0,0,90,24,4,,,18,,,,0,0,0,,0,0,0,0,0,1,0,,,0,7,0,,15,15,51,,13,14,4,,,0,0,,0,0,0,0,0,0,2.12
TypeVariable,"org.apache.commons.math3.geometry.partitioning.SubHyperplane.S",0,0,0,0,0,,0,,0,0,0,0,0,0,0,0,,,0,,,,0,0,1,,0,0,0,0,2,0,0,,,0,0,0,,0,0,0,,0,0,0,,,0,0,,0,0,0,0,0,0,0.00
Public Static Generic Class,"org.apache.commons.math3.geometry.partitioning.SubHyperplane.SplitSubHyperplane",1,1,0,4,1,,0,,3,3,0,0,3,38,15,4,,,10,,,,1,1,1,,1,1,7,3,1,0,0,,,2,3,0,,6,7,17,,6,6,4,,,1,1,,0,33,3,3,3,3,1.13
Public Constructor,"org.apache.commons.math3.geometry.partitioning.SubHyperplane.SplitSubHyperplane.SplitSubHyperplane",,,,,,,,,,,,,,11,5,2,3,0,3,1,1,0,,,,0,,,,,,,,,,,,,5,0,2,6,1,2,1,2,1,1,,,0,0,,1,1,1,1,1.20
TypeVariable,"org.apache.commons.math3.geometry.partitioning.SubHyperplane.SplitSubHyperplane.U",0,0,0,0,0,,0,,0,0,0,0,0,0,0,0,,,0,,,,0,0,1,,0,0,0,0,2,0,0,,,0,0,0,,0,0,0,,0,0,0,,,0,0,,0,0,0,0,0,0,0.00
Public Method,"org.apache.commons.math3.geometry.partitioning.SubHyperplane.SplitSubHyperplane.getMinus",,,,,,,,,,,,,,6,3,1,1,0,2,1,1,0,,,,0,,,,,,,,,,,,,11,0,1,3,1,1,1,1,1,1,,,0,0,,1,1,1,1,1.00
Public Method,"org.apache.commons.math3.geometry.partitioning.SubHyperplane.SplitSubHyperplane.getPlus",,,,,,,,,,,,,,6,3,1,1,0,2,1,1,0,,,,0,,,,,,,,,,,,,10,0,1,3,1,1,1,1,1,1,,,0,0,,1,1,1,1,1.00
Abstract Method,"org.apache.commons.math3.geometry.partitioning.SubHyperplane.copySelf",,,,,,,,,,,,,,8,1,0,1,0,1,0,0,0,,,,0,,,,,,,,,,,,,5,0,1,7,0,1,1,0,0,0,,,0,0,,0,0,0,0,7.00
Abstract Method,"org.apache.commons.math3.geometry.partitioning.SubHyperplane.getHyperplane",,,,,,,,,,,,,,4,1,0,1,0,1,0,0,0,,,,0,,,,,,,,,,,,,18,0,1,3,0,1,1,0,0,0,,,0,0,,0,0,0,0,3.00
Abstract Method,"org.apache.commons.math3.geometry.partitioning.SubHyperplane.getSize",,,,,,,,,,,,,,5,1,0,1,0,1,0,0,0,,,,0,,,,,,,,,,,,,2,0,1,4,0,1,1,0,0,0,,,0,0,,0,0,0,0,4.00
Abstract Method,"org.apache.commons.math3.geometry.partitioning.SubHyperplane.isEmpty",,,,,,,,,,,,,,4,1,0,1,0,1,0,0,0,,,,0,,,,,,,,,,,,,3,0,1,3,0,1,1,0,0,0,,,0,0,,0,0,0,0,3.00
Abstract Method,"org.apache.commons.math3.geometry.partitioning.SubHyperplane.reunite",,,,,,,,,,,,,,6,1,0,1,0,1,0,0,0,,,,0,,,,,,,,,,,,,2,0,1,5,0,1,1,0,0,0,,,0,0,,0,0,0,0,5.00
Abstract Method,"org.apache.commons.math3.geometry.partitioning.SubHyperplane.side",,,,,,,,,,,,,,7,1,0,1,0,1,0,0,0,,,,0,,,,,,,,,,,,,5,0,1,6,0,1,1,0,0,0,,,0,0,,0,0,0,0,6.00
Abstract Method,"org.apache.commons.math3.geometry.partitioning.SubHyperplane.split",,,,,,,,,,,,,,7,1,0,1,0,1,0,0,0,,,,0,,,,,,,,,,,,,11,0,1,6,0,1,1,0,0,0,,,0,0,,0,0,0,0,6.00
Public Generic Interface,"org.apache.commons.math3.geometry.partitioning.Transform",0,0,0,0,3,,0,,3,3,3,0,0,27,5,0,,,4,,,,0,0,0,,0,0,0,0,0,3,0,,,0,3,0,,4,4,18,,3,4,0,,,0,0,,0,0,0,0,0,0,3.60
TypeVariable,"org.apache.commons.math3.geometry.partitioning.Transform.S",0,0,0,0,0,,0,,0,0,0,0,0,0,0,0,,,0,,,,0,0,1,,0,0,0,0,2,0,0,,,0,0,0,,0,0,0,,0,0,0,,,0,0,,0,0,0,0,0,0,0.00
TypeVariable,"org.apache.commons.math3.geometry.partitioning.Transform.T",0,0,0,0,0,,0,,0,0,0,0,0,0,0,0,,,0,,,,0,0,1,,0,0,0,0,2,0,0,,,0,0,0,,0,0,0,,0,0,0,,,0,0,,0,0,0,0,0,0,0.00
Abstract Method,"org.apache.commons.math3.geometry.partitioning.Transform.apply",,,,,,,,,,,,,,5,1,0,1,0,1,0,0,0,,,,0,,,,,,,,,,,,,2,0,1,4,0,1,1,0,0,0,,,0,0,,0,0,0,0,4.00
Abstract Method,"org.apache.commons.math3.geometry.partitioning.Transform.apply",,,,,,,,,,,,,,11,1,0,1,0,1,0,0,0,,,,0,,,,,,,,,,,,,1,0,1,10,0,1,1,0,0,0,,,0,0,,0,0,0,0,10.00
Abstract Method,"org.apache.commons.math3.geometry.partitioning.Transform.apply",,,,,,,,,,,,,,5,1,0,1,0,1,0,0,0,,,,0,,,,,,,,,,,,,0,0,1,4,0,1,1,0,0,0,,,0,0,,0,0,0,0,4.00
Package,"org.apache.commons.math3.geometry.partitioning.utilities",3,2,1,4,,5,4,4,41,,5,16,25,1249,700,485,,,529,,,,13,11,,,3,3,20,14,,,5,,,16,46,0,,157,148,394,,390,145,384,,,13,15,,4,,161,170,95,153,0.56
Public Generic Class,"org.apache.commons.math3.geometry.partitioning.utilities.AVLTree",2,2,0,7,1,,0,,9,9,0,0,9,614,378,264,,,274,,,,5,5,1,,2,2,15,8,1,0,0,,,1,9,0,,65,53,171,,199,55,219,,,5,5,,3,11,26,26,21,26,0.45
Public Constructor,"org.apache.commons.math3.geometry.partitioning.utilities.AVLTree.AVLTree",,,,,,,,,,,,,,5,3,1,2,0,2,1,1,0,,,,0,,,,,,,,,,,,,2,0,1,2,1,1,1,1,1,1,,,0,0,,1,1,1,1,0.67
Public Class,"org.apache.commons.math3.geometry.partitioning.utilities.AVLTree.Node",3,2,1,4,2,,0,,15,15,5,6,4,418,297,222,,,219,,,,10,5,1,,4,4,24,19,1,0,0,,,5,15,0,,43,36,78,,166,38,181,,,10,13,,3,45,67,70,37,59,0.26
Constructor,"org.apache.commons.math3.geometry.partitioning.utilities.AVLTree.Node.Node",,,,,,,,,,,,,,11,7,5,6,0,6,1,1,0,,,,0,,,,,,,,,,,,,5,0,1,4,1,5,1,5,1,1,,,0,0,,1,1,1,1,0.57
Public Method,"org.apache.commons.math3.geometry.partitioning.utilities.AVLTree.Node.delete",,,,,,,,,,,,,,44,37,26,9,1,27,10,13,7,,,,5,,,,,,,,,,,,,6,4,4,3,25,20,4,23,10,4,,,6,3,,10,13,4,10,0.08
Public Method,"org.apache.commons.math3.geometry.partitioning.utilities.AVLTree.Node.getElement",,,,,,,,,,,,,,6,3,1,1,0,2,1,1,0,,,,0,,,,,,,,,,,,,5,0,1,3,1,1,1,1,1,1,,,0,0,,1,1,1,1,1.00
Method,"org.apache.commons.math3.geometry.partitioning.utilities.AVLTree.Node.getLargest",,,,,,,,,,,,,,13,7,4,1,0,5,2,2,0,,,,0,,,,,,,,,,,,,4,0,2,6,2,3,2,3,2,1,,,0,1,,2,2,1,2,0.86
Public Method,"org.apache.commons.math3.geometry.partitioning.utilities.AVLTree.Node.getNext",,,,,,,,,,,,,,24,14,8,2,1,11,5,5,5,,,,5,,,,,,,,,,,,,7,4,2,6,7,6,3,8,5,5,,,5,2,,5,5,5,5,0.43
Public Method,"org.apache.commons.math3.geometry.partitioning.utilities.AVLTree.Node.getPrevious",,,,,,,,,,,,,,23,14,8,2,1,11,5,5,5,,,,5,,,,,,,,,,,,,4,4,2,5,7,6,3,8,5,5,,,5,2,,5,5,5,5,0.36
Method,"org.apache.commons.math3.geometry.partitioning.utilities.AVLTree.Node.getSmallest",,,,,,,,,,,,,,13,7,4,1,0,5,2,2,0,,,,0,,,,,,,,,,,,,4,0,2,6,2,3,2,3,2,1,,,0,1,,2,2,1,2,0.86
Method,"org.apache.commons.math3.geometry.partitioning.utilities.AVLTree.Node.insert",,,,,,,,,,,,,,22,14,9,7,1,10,6,6,4,,,,4,,,,,,,,,,,,,5,2,1,6,4,6,1,9,6,4,,,4,2,,6,6,4,6,0.43
Private Method,"org.apache.commons.math3.geometry.partitioning.utilities.AVLTree.Node.rebalanceLeftGrown",,,,,,,,,,,,,,38,35,30,6,1,24,6,6,7,,,,0,,,,,,,,,,,,,7,0,2,3,6,20,2,22,4,1,,,0,3,,6,6,1,4,0.09
Private Method,"org.apache.commons.math3.geometry.partitioning.utilities.AVLTree.Node.rebalanceLeftShrunk",,,,,,,,,,,,,,44,41,36,6,1,30,7,7,10,,,,7,,,,,,,,,,,,,7,0,2,3,7,25,2,28,5,5,,,7,3,,7,7,5,5,0.07
Private Method,"org.apache.commons.math3.geometry.partitioning.utilities.AVLTree.Node.rebalanceRightGrown",,,,,,,,,,,,,,38,35,30,6,1,24,6,6,7,,,,0,,,,,,,,,,,,,7,0,2,3,6,20,2,22,4,1,,,0,3,,6,6,1,4,0.09
Private Method,"org.apache.commons.math3.geometry.partitioning.utilities.AVLTree.Node.rebalanceRightShrunk",,,,,,,,,,,,,,44,41,36,6,1,30,7,7,10,,,,7,,,,,,,,,,,,,7,0,2,3,7,25,2,28,5,5,,,7,3,,7,7,5,5,0.07
Private Method,"org.apache.commons.math3.geometry.partitioning.utilities.AVLTree.Node.rotateCCW",,,,,,,,,,,,,,24,16,12,4,1,13,3,3,0,,,,0,,,,,,,,,,,,,7,4,3,4,4,10,3,10,3,1,,,0,1,,3,3,1,3,0.25
Private Method,"org.apache.commons.math3.geometry.partitioning.utilities.AVLTree.Node.rotateCW",,,,,,,,,,,,,,24,16,12,4,1,13,3,3,0,,,,0,,,,,,,,,,,,,7,4,3,4,4,10,3,10,3,1,,,0,1,,3,3,1,3,0.25
Method,"org.apache.commons.math3.geometry.partitioning.utilities.AVLTree.Node.size",,,,,,,,,,,,,,6,3,1,1,0,2,3,3,0,,,,0,,,,,,,,,,,,,3,0,1,3,1,1,1,1,3,1,,,0,0,,3,3,1,3,1.00
Private Enum Type,"org.apache.commons.math3.geometry.partitioning.utilities.AVLTree.Skew",1,1,0,0,1,,0,,2,2,0,0,2,11,5,0,,,1,,,,1,1,1,,1,1,0,0,1,0,0,,,3,2,0,,2,4,4,,1,1,0,,,1,1,,0,100,2,2,2,2,0.80
Public Method,"org.apache.commons.math3.geometry.partitioning.utilities.AVLTree.Skew.valueOf",,,,,,,,,,,,,,0,0,0,1,0,0,1,1,0,,,,0,,,,,,,,,,,,,0,0,0,0,0,0,0,0,1,1,,,0,0,,1,1,1,1,0.00
Public Method,"org.apache.commons.math3.geometry.partitioning.utilities.AVLTree.Skew.values",,,,,,,,,,,,,,0,0,0,1,0,0,1,1,0,,,,0,,,,,,,,,,,,,0,0,0,0,0,0,0,0,1,1,,,0,0,,1,1,1,1,0.00
TypeVariable,"org.apache.commons.math3.geometry.partitioning.utilities.AVLTree.T",0,0,0,0,0,,0,,0,0,0,0,0,0,0,0,,,0,,,,0,0,2,,0,0,0,0,1,0,0,,,0,0,0,,0,0,0,,0,0,0,,,0,0,,0,0,0,0,0,0,0.00
Public Method,"org.apache.commons.math3.geometry.partitioning.utilities.AVLTree.delete",,,,,,,,,,,,,,27,13,8,5,1,11,5,5,8,,,,8,,,,,,,,,,,,,3,0,1,14,5,6,2,9,5,5,,,8,3,,5,5,5,5,1.08
Public Method,"org.apache.commons.math3.geometry.partitioning.utilities.AVLTree.getLargest",,,,,,,,,,,,,,12,3,1,2,0,2,2,2,0,,,,0,,,,,,,,,,,,,2,0,1,9,1,1,1,1,2,1,,,0,0,,2,2,1,2,3.00
Public Method,"org.apache.commons.math3.geometry.partitioning.utilities.AVLTree.getNotLarger",,,,,,,,,,,,,,30,18,12,2,1,13,5,5,9,,,,9,,,,,,,,,,,,,7,0,2,12,5,9,3,10,5,5,,,9,3,,5,5,5,5,0.67
Public Method,"org.apache.commons.math3.geometry.partitioning.utilities.AVLTree.getNotSmaller",,,,,,,,,,,,,,29,18,12,2,1,13,5,5,9,,,,9,,,,,,,,,,,,,11,0,2,11,5,9,3,10,5,5,,,9,3,,5,5,5,5,0.61
Public Method,"org.apache.commons.math3.geometry.partitioning.utilities.AVLTree.getSmallest",,,,,,,,,,,,,,12,3,1,2,0,2,2,2,0,,,,0,,,,,,,,,,,,,4,0,1,9,1,1,1,1,2,1,,,0,0,,2,2,1,2,3.00
Public Method,"org.apache.commons.math3.geometry.partitioning.utilities.AVLTree.insert",,,,,,,,,,,,,,12,9,5,3,0,5,3,3,1,,,,0,,,,,,,,,,,,,4,0,1,3,3,2,1,4,3,1,,,0,2,,3,3,1,3,0.33
Public Method,"org.apache.commons.math3.geometry.partitioning.utilities.AVLTree.isEmpty",,,,,,,,,,,,,,6,3,1,1,0,2,1,1,0,,,,0,,,,,,,,,,,,,2,0,1,3,1,1,1,1,1,1,,,0,0,,1,1,1,1,1.00
Public Method,"org.apache.commons.math3.geometry.partitioning.utilities.AVLTree.size",,,,,,,,,,,,,,6,3,1,2,0,2,2,2,0,,,,0,,,,,,,,,,,,,4,0,1,3,1,1,1,1,2,1,,,0,0,,2,2,1,2,1.00
Public Class,"org.apache.commons.math3.geometry.partitioning.utilities.AVLTreeTest",2,1,2,0,2,,0,,8,8,0,3,5,153,124,90,,,103,,,,3,1,1,,2,2,17,14,1,0,0,,,0,8,0,,27,39,2,,85,32,71,,,3,3,,2,0,17,17,8,17,0.02
Private Method,"org.apache.commons.math3.geometry.partitioning.utilities.AVLTreeTest.buildTree",,,,,,,,,,,,,,8,8,5,3,0,8,2,2,0,,,,0,,,,,,,,,,,,,7,0,2,0,2,6,3,5,2,1,,,0,1,,2,2,1,2,0.00
Private Method,"org.apache.commons.math3.geometry.partitioning.utilities.AVLTreeTest.checkOrder",,,,,,,,,,,,,,11,11,7,5,0,8,3,3,0,,,,0,,,,,,,,,,,,,5,0,2,0,3,5,3,5,3,1,,,0,2,,3,3,1,3,0.00
Public Method,"org.apache.commons.math3.geometry.partitioning.utilities.AVLTreeTest.testDelete1",,,,,,,,,,,,,,20,20,14,7,0,12,3,3,0,,,,0,,,,,,,,,,,,,1,0,12,0,3,9,5,7,3,1,,,0,2,,3,3,1,3,0.00
Public Method,"org.apache.commons.math3.geometry.partitioning.utilities.AVLTreeTest.testInsert",,,,,,,,,,,,,,16,10,7,6,0,9,2,2,0,,,,0,,,,,,,,,,,,,1,4,4,2,2,7,4,5,2,1,,,0,1,,2,2,1,2,0.20
Public Method,"org.apache.commons.math3.geometry.partitioning.utilities.AVLTreeTest.testNavigation",,,,,,,,,,,,,,23,19,15,9,1,20,3,3,0,,,,0,,,,,,,,,,,,,1,4,4,0,4,17,6,14,3,1,,,0,1,,3,3,1,3,0.00
Public Method,"org.apache.commons.math3.geometry.partitioning.utilities.AVLTreeTest.testRepetition",,,,,,,,,,,,,,39,33,31,11,0,32,1,1,0,,,,0,,,,,,,,,,,,,1,6,5,0,1,31,5,27,1,1,,,0,0,,1,1,1,1,0.00
Public Method,"org.apache.commons.math3.geometry.partitioning.utilities.AVLTreeTest.testSearch",,,,,,,,,,,,,,17,13,10,7,0,11,2,2,0,,,,0,,,,,,,,,,,,,1,4,3,0,2,9,4,7,2,1,,,0,1,,2,2,1,2,0.00
Private Method,"org.apache.commons.math3.geometry.partitioning.utilities.AVLTreeTest.value",,,,,,,,,,,,,,3,3,1,3,0,2,1,1,0,,,,0,,,,,,,,,,,,,5,0,1,0,1,1,1,1,1,1,,,0,0,,1,1,1,1,0.00
Public Class,"org.apache.commons.math3.geometry.partitioning.utilities.OrderedTuple",4,2,2,6,1,,4,,7,12,0,7,5,396,189,131,,,143,,,,13,11,1,,4,4,22,14,2,0,5,,,7,12,0,,59,47,150,,97,49,94,,,13,15,,4,77,49,55,27,49,0.79
Public Constructor,"org.apache.commons.math3.geometry.partitioning.utilities.OrderedTuple.OrderedTuple",,,,,,,,,,,,,,47,39,31,18,1,29,8,9,4,,,,0,,,,,,,,,,,,,7,3,5,5,24,21,6,23,8,1,,,0,3,,8,9,1,8,0.13
Public Method,"org.apache.commons.math3.geometry.partitioning.utilities.OrderedTuple.compareTo",,,,,,,,,,,,,,71,35,27,3,1,28,13,15,22,,,,21,,,,,,,,,,,,,10,11,2,25,29,15,3,25,13,11,,,22,4,,13,15,11,13,0.71
Private Static Method,"org.apache.commons.math3.geometry.partitioning.utilities.OrderedTuple.computeLSB",,,,,,,,,,,,,,25,15,11,1,0,12,3,3,0,,,,0,,,,,,,,,,,,,2,4,5,6,3,9,5,7,3,1,,,0,2,,3,3,1,3,0.40
Private Static Method,"org.apache.commons.math3.geometry.partitioning.utilities.OrderedTuple.computeMSB",,,,,,,,,,,,,,25,15,11,1,0,12,3,3,0,,,,0,,,,,,,,,,,,,2,4,5,6,3,9,5,7,3,1,,,0,2,,3,3,1,3,0.40
Private Method,"org.apache.commons.math3.geometry.partitioning.utilities.OrderedTuple.encode",,,,,,,,,,,,,,39,25,18,3,1,23,6,8,1,,,,0,,,,,,,,,,,,,8,5,6,9,7,17,8,15,6,1,,,0,3,,6,8,1,6,0.36
Public Method,"org.apache.commons.math3.geometry.partitioning.utilities.OrderedTuple.equals",,,,,,,,,,,,,,10,9,6,2,0,6,3,3,2,,,,2,,,,,,,,,,,,,1,0,1,1,3,3,1,5,3,3,,,2,1,,3,3,3,3,0.11
Private Static Method,"org.apache.commons.math3.geometry.partitioning.utilities.OrderedTuple.exponent",,,,,,,,,,,,,,7,3,1,1,0,2,1,1,0,,,,0,,,,,,,,,,,,,4,0,1,4,1,1,1,1,1,1,,,0,0,,1,1,1,1,1.33
Private Method,"org.apache.commons.math3.geometry.partitioning.utilities.OrderedTuple.getBit",,,,,,,,,,,,,,20,14,11,5,1,11,7,8,3,,,,3,,,,,,,,,,,,,5,0,4,6,4,7,4,7,7,4,,,3,1,,7,8,4,7,0.43
Public Method,"org.apache.commons.math3.geometry.partitioning.utilities.OrderedTuple.getComponents",,,,,,,,,,,,,,6,3,1,2,0,2,1,1,0,,,,0,,,,,,,,,,,,,1,0,1,3,1,1,1,1,1,1,,,0,0,,1,1,1,1,1.00
Public Method,"org.apache.commons.math3.geometry.partitioning.utilities.OrderedTuple.hashCode",,,,,,,,,,,,,,9,8,6,2,0,2,1,1,0,,,,0,,,,,,,,,,,,,7,0,1,1,1,1,1,1,1,1,,,0,0,,1,1,1,1,0.12
Private Static Method,"org.apache.commons.math3.geometry.partitioning.utilities.OrderedTuple.mantissa",,,,,,,,,,,,,,9,5,3,1,0,2,2,2,0,,,,0,,,,,,,,,,,,,6,0,1,6,1,1,1,1,2,1,,,0,0,,2,2,1,2,1.20
Private Static Method,"org.apache.commons.math3.geometry.partitioning.utilities.OrderedTuple.sign",,,,,,,,,,,,,,7,3,1,1,0,2,1,1,0,,,,0,,,,,,,,,,,,,3,0,1,4,1,1,1,1,1,1,,,0,0,,1,1,1,1,1.33
Package,"org.apache.commons.math3.linear",2,1,0,3,,166,56,101,1953,,175,122,1659,38831,24124,15467,,,18797,,,,79,15,,,2,2,16,11,,,61,,,545,2014,58,,3926,9144,10819,,14516,8623,10174,,,81,85,,7,,4245,4326,1963,4243,0.45
Public Abstract Generic Class,"org.apache.commons.math3.linear.AbstractFieldMatrix",2,1,1,3,16,,0,,66,70,0,0,56,1090,735,452,,,611,,,,9,7,1,,2,3,15,11,2,3,4,,,1,70,14,,145,205,211,,428,245,366,,,9,9,,3,70,175,186,70,175,0.29
Protected Constructor,"org.apache.commons.math3.linear.AbstractFieldMatrix.AbstractFieldMatrix",,,,,,,,,,,,,,6,3,1,2,0,2,1,1,0,,,,0,,,,,,,,,,,,,0,0,1,3,1,1,1,1,1,1,,,0,0,,1,1,1,1,1.00
Protected Constructor,"org.apache.commons.math3.linear.AbstractFieldMatrix.AbstractFieldMatrix",,,,,,,,,,,,,,7,3,1,2,0,2,1,1,0,,,,0,,,,,,,,,,,,,6,0,1,4,1,1,1,1,1,1,,,0,0,,1,1,1,1,1.33
Protected Constructor,"org.apache.commons.math3.linear.AbstractFieldMatrix.AbstractFieldMatrix",,,,,,,,,,,,,,22,13,7,3,1,6,3,3,0,,,,0,,,,,,,,,,,,,10,0,3,9,4,3,1,5,3,1,,,0,1,,3,3,1,3,0.69
TypeVariable,"org.apache.commons.math3.linear.AbstractFieldMatrix.T",0,0,0,0,0,,0,,0,0,0,0,0,0,0,0,,,0,,,,0,0,1,,0,0,0,0,2,0,0,,,0,0,0,,0,0,0,,0,0,0,,,0,0,,0,0,0,0,0,0,0.00
Public Method,"org.apache.commons.math3.linear.AbstractFieldMatrix.add",,,,,,,,,,,,,,16,12,8,9,0,13,3,3,0,,,,0,,,,,,,,,,,,,3,2,4,2,3,10,6,7,3,1,,,0,2,,3,3,1,3,0.17
Public Abstract Method,"org.apache.commons.math3.linear.AbstractFieldMatrix.addToEntry",,,,,,,,,,,,,,2,1,0,0,0,1,0,0,0,,,,0,,,,,,,,,,,,,0,0,1,1,0,1,1,0,0,0,,,0,0,,0,0,0,0,1.00
Protected Static Generic Method,"org.apache.commons.math3.linear.AbstractFieldMatrix.buildArray",,,,,,,,,,,,,,25,14,7,6,0,10,3,3,1,,,,0,,,,,,,,,,,,,16,0,6,11,3,7,4,6,3,1,,,0,1,,3,3,1,3,0.79
Protected Static Generic Method,"org.apache.commons.math3.linear.AbstractFieldMatrix.buildArray",,,,,,,,,,,,,,16,7,3,5,0,4,1,1,0,,,,0,,,,,,,,,,,,,18,0,4,10,1,3,2,2,1,1,,,0,0,,1,1,1,1,1.43
TypeVariable,"org.apache.commons.math3.linear.AbstractFieldMatrix.buildArray.T",0,0,0,0,0,,0,,0,0,0,0,0,0,0,0,,,0,,,,0,0,1,,0,0,0,0,2,0,0,,,0,0,0,,0,0,0,,0,0,0,,,0,0,,0,0,0,0,0,0,0.00
TypeVariable,"org.apache.commons.math3.linear.AbstractFieldMatrix.buildArray.T",0,0,0,0,0,,0,,0,0,0,0,0,0,0,0,,,0,,,,0,0,1,,0,0,0,0,2,0,0,,,0,0,0,,0,0,0,,0,0,0,,,0,0,,0,0,0,0,0,0,0.00
Protected Method,"org.apache.commons.math3.linear.AbstractFieldMatrix.checkAdditionCompatible",,,,,,,,,,,,,,14,7,4,5,0,3,2,3,0,,,,0,,,,,,,,,,,,,5,0,1,7,2,1,1,2,2,1,,,0,1,,2,3,1,2,1.00
Protected Method,"org.apache.commons.math3.linear.AbstractFieldMatrix.checkColumnIndex",,,,,,,,,,,,,,12,6,3,2,0,3,2,3,0,,,,0,,,,,,,,,,,,,27,0,1,6,2,1,1,2,2,1,,,0,1,,2,3,1,2,1.00
Protected Method,"org.apache.commons.math3.linear.AbstractFieldMatrix.checkMultiplicationCompatible",,,,,,,,,,,,,,12,5,2,3,0,3,2,2,0,,,,0,,,,,,,,,,,,,5,0,1,7,2,1,1,2,2,1,,,0,1,,2,2,1,2,1.40
Protected Method,"org.apache.commons.math3.linear.AbstractFieldMatrix.checkRowIndex",,,,,,,,,,,,,,12,6,3,2,0,3,2,3,0,,,,0,,,,,,,,,,,,,27,0,1,6,2,1,1,2,2,1,,,0,1,,2,3,1,2,1.00
Protected Method,"org.apache.commons.math3.linear.AbstractFieldMatrix.checkSubMatrixIndex",,,,,,,,,,,,,,28,15,10,3,1,9,3,3,0,,,,0,,,,,,,,,,,,,22,1,2,12,4,6,1,8,3,1,,,0,1,,3,3,1,3,0.80
Protected Method,"org.apache.commons.math3.linear.AbstractFieldMatrix.checkSubMatrixIndex",,,,,,,,,,,,,,27,16,10,4,1,11,5,7,0,,,,0,,,,,,,,,,,,,5,1,1,10,16,4,3,8,5,1,,,0,1,,5,7,1,5,0.62
Protected Method,"org.apache.commons.math3.linear.AbstractFieldMatrix.checkSubtractionCompatible",,,,,,,,,,,,,,14,7,4,5,0,3,2,3,0,,,,0,,,,,,,,,,,,,5,0,1,7,2,1,1,2,2,1,,,0,1,,2,3,1,2,1.00
Public Abstract Method,"org.apache.commons.math3.linear.AbstractFieldMatrix.copy",,,,,,,,,,,,,,2,1,0,1,0,1,0,0,0,,,,0,,,,,,,,,,,,,1,0,1,1,0,1,1,0,0,0,,,0,0,,0,0,0,0,1.00
Public Method,"org.apache.commons.math3.linear.AbstractFieldMatrix.copySubMatrix",,,,,,,,,,,,,,42,28,21,4,0,14,2,3,0,,,,0,,,,,,,,,,,,,7,7,5,7,2,10,7,7,2,1,,,0,0,,2,3,1,2,0.25
Public Method,"org.apache.commons.math3.linear.AbstractFieldMatrix.copySubMatrix",,,,,,,,,,,,,,21,16,11,3,1,12,4,5,0,,,,0,,,,,,,,,,,,,4,2,2,3,6,8,4,8,4,1,,,0,2,,4,5,1,4,0.19
Anonymous Class,"org.apache.commons.math3.linear.AbstractFieldMatrix.copySubMatrix.(Anon_2)",1,1,0,1,1,,0,,2,6,0,0,2,22,14,12,,,7,,,,1,1,2,,1,1,5,4,1,0,0,,,2,2,0,,4,0,4,,5,4,3,,,1,1,,0,0,2,2,2,2,0.29
Public Method,"org.apache.commons.math3.linear.AbstractFieldMatrix.copySubMatrix.(Anon_2).start",,,,,,,,,,,,,,7,6,5,2,0,3,1,1,0,,,,0,,,,,,,,,,,,,2,0,0,1,1,2,1,2,1,1,,,0,0,,1,1,1,1,0.17
Public Method,"org.apache.commons.math3.linear.AbstractFieldMatrix.copySubMatrix.(Anon_2).visit",,,,,,,,,,,,,,4,3,2,1,0,2,1,1,0,,,,0,,,,,,,,,,,,,5,0,0,1,1,1,1,1,1,1,,,0,0,,1,1,1,1,0.33
Public Abstract Method,"org.apache.commons.math3.linear.AbstractFieldMatrix.createMatrix",,,,,,,,,,,,,,2,1,0,1,0,1,0,0,0,,,,0,,,,,,,,,,,,,10,0,1,1,0,1,1,0,0,0,,,0,0,,0,0,0,0,1.00
Public Method,"org.apache.commons.math3.linear.AbstractFieldMatrix.equals",,,,,,,,,,,,,,30,22,14,8,1,19,7,8,8,,,,8,,,,,,,,,,,,,4,0,4,8,7,12,6,13,7,7,,,8,3,,7,8,7,7,0.36
Protected Static Generic Method,"org.apache.commons.math3.linear.AbstractFieldMatrix.extractField",,,,,,,,,,,,,,21,12,7,4,1,8,4,4,0,,,,0,,,,,,,,,,,,,8,0,1,9,8,4,1,7,4,1,,,0,1,,4,4,1,4,0.75
Protected Static Generic Method,"org.apache.commons.math3.linear.AbstractFieldMatrix.extractField",,,,,,,,,,,,,,14,6,3,3,0,4,2,2,0,,,,0,,,,,,,,,,,,,4,0,1,8,2,2,1,3,2,1,,,0,1,,2,2,1,2,1.33
TypeVariable,"org.apache.commons.math3.linear.AbstractFieldMatrix.extractField.T",0,0,0,0,0,,0,,0,0,0,0,0,0,0,0,,,0,,,,0,0,1,,0,0,0,0,2,0,0,,,0,0,0,,0,0,0,,0,0,0,,,0,0,,0,0,0,0,0,0,0.00
TypeVariable,"org.apache.commons.math3.linear.AbstractFieldMatrix.extractField.T",0,0,0,0,0,,0,,0,0,0,0,0,0,0,0,,,0,,,,0,0,1,,0,0,0,0,2,0,0,,,0,0,0,,0,0,0,,0,0,0,,,0,0,,0,0,0,0,0,0,0.00
Public Method,"org.apache.commons.math3.linear.AbstractFieldMatrix.getColumn",,,,,,,,,,,,,,12,9,6,5,0,9,2,2,0,,,,0,,,,,,,,,,,,,3,2,3,1,2,7,4,5,2,1,,,0,1,,2,2,1,2,0.11
Public Abstract Method,"org.apache.commons.math3.linear.AbstractFieldMatrix.getColumnDimension",,,,,,,,,,,,,,2,1,0,1,0,1,0,0,0,,,,0,,,,,,,,,,,,,34,0,1,1,0,1,1,0,0,0,,,0,0,,0,0,0,0,1.00
Public Method,"org.apache.commons.math3.linear.AbstractFieldMatrix.getColumnMatrix",,,,,,,,,,,,,,13,9,6,6,0,9,2,2,0,,,,0,,,,,,,,,,,,,1,3,3,1,2,7,4,5,2,1,,,0,1,,2,2,1,2,0.11
Public Method,"org.apache.commons.math3.linear.AbstractFieldMatrix.getColumnVector",,,,,,,,,,,,,,4,3,1,3,0,2,1,1,0,,,,0,,,,,,,,,,,,,2,0,1,1,1,1,1,1,1,1,,,0,0,,1,1,1,1,0.33
Public Method,"org.apache.commons.math3.linear.AbstractFieldMatrix.getData",,,,,,,,,,,,,,13,10,6,5,0,11,3,3,0,,,,0,,,,,,,,,,,,,2,2,3,1,3,8,5,6,3,1,,,0,2,,3,3,1,3,0.10
Public Abstract Method,"org.apache.commons.math3.linear.AbstractFieldMatrix.getEntry",,,,,,,,,,,,,,2,1,0,1,0,1,0,0,0,,,,0,,,,,,,,,,,,,29,0,1,1,0,1,1,0,0,0,,,0,0,,0,0,0,0,1.00
Public Method,"org.apache.commons.math3.linear.AbstractFieldMatrix.getField",,,,,,,,,,,,,,4,3,1,1,0,2,1,1,0,,,,0,,,,,,,,,,,,,40,0,1,1,1,1,1,1,1,1,,,0,0,,1,1,1,1,0.33
Public Method,"org.apache.commons.math3.linear.AbstractFieldMatrix.getRow",,,,,,,,,,,,,,12,9,6,5,0,9,2,2,0,,,,0,,,,,,,,,,,,,3,2,3,1,2,7,4,5,2,1,,,0,1,,2,2,1,2,0.11
Public Abstract Method,"org.apache.commons.math3.linear.AbstractFieldMatrix.getRowDimension",,,,,,,,,,,,,,2,1,0,1,0,1,0,0,0,,,,0,,,,,,,,,,,,,33,0,1,1,0,1,1,0,0,0,,,0,0,,0,0,0,0,1.00
Public Method,"org.apache.commons.math3.linear.AbstractFieldMatrix.getRowMatrix",,,,,,,,,,,,,,12,9,6,6,0,9,2,2,0,,,,0,,,,,,,,,,,,,1,2,3,1,2,7,4,5,2,1,,,0,1,,2,2,1,2,0.11
Public Method,"org.apache.commons.math3.linear.AbstractFieldMatrix.getRowVector",,,,,,,,,,,,,,4,3,1,3,0,2,1,1,0,,,,0,,,,,,,,,,,,,2,0,1,1,1,1,1,1,1,1,,,0,0,,1,1,1,1,0.33
Public Method,"org.apache.commons.math3.linear.AbstractFieldMatrix.getSubMatrix",,,,,,,,,,,,,,16,12,6,5,0,11,3,3,0,,,,0,,,,,,,,,,,,,4,3,4,1,3,8,4,7,3,1,,,0,2,,3,3,1,3,0.08
Public Method,"org.apache.commons.math3.linear.AbstractFieldMatrix.getSubMatrix",,,,,,,,,,,,,,23,13,8,5,0,7,1,1,0,,,,0,,,,,,,,,,,,,4,6,4,4,1,5,3,4,1,1,,,0,0,,1,1,1,1,0.31
Anonymous Class,"org.apache.commons.math3.linear.AbstractFieldMatrix.getSubMatrix.(Anon_1)",1,1,0,1,1,,0,,1,5,0,0,1,7,5,4,,,2,,,,1,1,2,,1,1,4,3,1,0,0,,,0,1,0,,1,0,1,,1,1,1,,,1,1,,0,0,1,1,1,1,0.20
Public Method,"org.apache.commons.math3.linear.AbstractFieldMatrix.getSubMatrix.(Anon_1).visit",,,,,,,,,,,,,,4,3,2,2,0,2,1,1,0,,,,0,,,,,,,,,,,,,4,0,0,1,1,1,1,1,1,1,,,0,0,,1,1,1,1,0.33
Public Method,"org.apache.commons.math3.linear.AbstractFieldMatrix.getTrace",,,,,,,,,,,,,,13,12,8,7,1,11,3,3,0,,,,0,,,,,,,,,,,,,1,0,4,1,4,8,5,6,3,1,,,0,1,,3,3,1,3,0.08
Public Method,"org.apache.commons.math3.linear.AbstractFieldMatrix.hashCode",,,,,,,,,,,,,,18,13,9,5,0,14,3,3,0,,,,0,,,,,,,,,,,,,3,0,4,5,3,11,6,8,3,1,,,0,2,,3,3,1,3,0.38
Public Method,"org.apache.commons.math3.linear.AbstractFieldMatrix.isSquare",,,,,,,,,,,,,,4,3,1,3,0,2,1,1,0,,,,0,,,,,,,,,,,,,4,0,1,1,1,1,1,1,1,1,,,0,0,,1,1,1,1,0.33
Public Method,"org.apache.commons.math3.linear.AbstractFieldMatrix.multiply",,,,,,,,,,,,,,21,17,12,12,1,19,4,4,0,,,,0,,,,,,,,,,,,,3,2,6,2,4,15,9,10,4,1,,,0,3,,4,4,1,4,0.12
Public Abstract Method,"org.apache.commons.math3.linear.AbstractFieldMatrix.multiplyEntry",,,,,,,,,,,,,,2,1,0,0,0,1,0,0,0,,,,0,,,,,,,,,,,,,0,0,1,1,0,1,1,0,0,0,,,0,0,,0,0,0,0,1.00
Public Method,"org.apache.commons.math3.linear.AbstractFieldMatrix.operate",,,,,,,,,,,,,,20,16,11,9,1,16,4,4,0,,,,0,,,,,,,,,,,,,4,3,5,1,6,12,7,9,4,1,,,0,2,,4,4,1,4,0.06
Public Method,"org.apache.commons.math3.linear.AbstractFieldMatrix.operate",,,,,,,,,,,,,,23,20,14,14,1,18,5,5,1,,,,0,,,,,,,,,,,,,2,2,5,1,7,13,7,11,5,1,,,0,3,,5,5,1,5,0.05
Public Method,"org.apache.commons.math3.linear.AbstractFieldMatrix.power",,,,,,,,,,,,,,57,37,27,13,2,31,9,9,2,,,,2,,,,,,,,,,,,,2,13,11,7,56,21,12,19,9,3,,,2,2,,9,9,3,9,0.19
Public Method,"org.apache.commons.math3.linear.AbstractFieldMatrix.preMultiply",,,,,,,,,,,,,,4,3,1,2,0,2,1,1,0,,,,0,,,,,,,,,,,,,4,0,1,1,1,1,1,1,1,1,,,0,0,,1,1,1,1,0.33
Public Method,"org.apache.commons.math3.linear.AbstractFieldMatrix.preMultiply",,,,,,,,,,,,,,20,16,11,9,1,16,4,4,0,,,,0,,,,,,,,,,,,,4,3,5,1,6,12,7,9,4,1,,,0,2,,4,4,1,4,0.06
Public Method,"org.apache.commons.math3.linear.AbstractFieldMatrix.preMultiply",,,,,,,,,,,,,,23,20,14,14,1,18,5,5,1,,,,0,,,,,,,,,,,,,2,2,5,1,7,13,7,11,5,1,,,0,3,,5,5,1,5,0.05
Public Method,"org.apache.commons.math3.linear.AbstractFieldMatrix.scalarAdd",,,,,,,,,,,,,,14,11,7,7,0,12,3,3,0,,,,0,,,,,,,,,,,,,1,2,4,1,3,9,6,6,3,1,,,0,2,,3,3,1,3,0.09
Public Method,"org.apache.commons.math3.linear.AbstractFieldMatrix.scalarMultiply",,,,,,,,,,,,,,13,11,7,7,0,12,3,3,0,,,,0,,,,,,,,,,,,,3,1,4,1,3,9,6,6,3,1,,,0,2,,3,3,1,3,0.09
Public Method,"org.apache.commons.math3.linear.AbstractFieldMatrix.setColumn",,,,,,,,,,,,,,11,10,6,4,1,9,3,3,0,,,,0,,,,,,,,,,,,,3,0,2,1,4,6,3,6,3,1,,,0,1,,3,3,1,3,0.10
Public Method,"org.apache.commons.math3.linear.AbstractFieldMatrix.setColumnMatrix",,,,,,,,,,,,,,15,13,9,7,1,9,3,4,0,,,,0,,,,,,,,,,,,,3,1,2,1,4,6,3,6,3,1,,,0,1,,3,4,1,3,0.08
Public Method,"org.apache.commons.math3.linear.AbstractFieldMatrix.setColumnVector",,,,,,,,,,,,,,13,11,7,6,1,9,3,3,0,,,,0,,,,,,,,,,,,,3,1,2,1,4,6,3,6,3,1,,,0,1,,3,3,1,3,0.09
Public Abstract Method,"org.apache.commons.math3.linear.AbstractFieldMatrix.setEntry",,,,,,,,,,,,,,2,1,0,0,0,1,0,0,0,,,,0,,,,,,,,,,,,,11,0,1,1,0,1,1,0,0,0,,,0,0,,0,0,0,0,1.00
Public Method,"org.apache.commons.math3.linear.AbstractFieldMatrix.setRow",,,,,,,,,,,,,,12,10,6,4,1,9,3,3,0,,,,0,,,,,,,,,,,,,3,1,2,1,4,6,3,6,3,1,,,0,1,,3,3,1,3,0.10
Public Method,"org.apache.commons.math3.linear.AbstractFieldMatrix.setRowMatrix",,,,,,,,,,,,,,15,13,9,7,1,9,3,4,0,,,,0,,,,,,,,,,,,,3,1,2,1,4,6,3,6,3,1,,,0,1,,3,4,1,3,0.08
Public Method,"org.apache.commons.math3.linear.AbstractFieldMatrix.setRowVector",,,,,,,,,,,,,,13,11,7,6,1,9,3,3,0,,,,0,,,,,,,,,,,,,3,1,2,1,4,6,3,6,3,1,,,0,1,,3,3,1,3,0.09
Public Method,"org.apache.commons.math3.linear.AbstractFieldMatrix.setSubMatrix",,,,,,,,,,,,,,32,27,18,6,2,25,8,8,0,,,,0,,,,,,,,,,,,,8,4,3,1,72,17,6,19,8,1,,,0,2,,8,8,1,8,0.04
Public Method,"org.apache.commons.math3.linear.AbstractFieldMatrix.subtract",,,,,,,,,,,,,,16,12,8,9,0,13,3,3,0,,,,0,,,,,,,,,,,,,2,2,4,2,3,10,6,7,3,1,,,0,2,,3,3,1,3,0.17
Public Method,"org.apache.commons.math3.linear.AbstractFieldMatrix.toString",,,,,,,,,,,,,,29,23,17,10,1,22,5,5,0,,,,0,,,,,,,,,,,,,2,2,6,4,7,17,8,14,5,1,,,0,3,,5,5,1,5,0.17
Public Method,"org.apache.commons.math3.linear.AbstractFieldMatrix.transpose",,,,,,,,,,,,,,15,12,9,6,0,8,1,1,0,,,,0,,,,,,,,,,,,,3,1,4,2,1,6,5,3,1,1,,,0,0,,1,1,1,1,0.17
Anonymous Class,"org.apache.commons.math3.linear.AbstractFieldMatrix.transpose.(Anon_3)",1,1,0,1,2,,0,,1,5,0,0,1,6,5,4,,,2,,,,1,1,2,,1,1,4,3,1,0,0,,,0,1,0,,0,0,1,,1,1,1,,,1,1,,0,0,1,1,1,1,0.20
Public Method,"org.apache.commons.math3.linear.AbstractFieldMatrix.transpose.(Anon_3).visit",,,,,,,,,,,,,,4,3,2,1,0,2,1,1,0,,,,0,,,,,,,,,,,,,3,0,0,1,1,1,1,1,1,1,,,0,0,,1,1,1,1,0.33
Public Method,"org.apache.commons.math3.linear.AbstractFieldMatrix.walkInColumnOrder",,,,,,,,,,,,,,14,13,9,8,0,14,3,3,0,,,,0,,,,,,,,,,,,,1,0,5,1,3,11,7,7,3,1,,,0,2,,3,3,1,3,0.08
Public Method,"org.apache.commons.math3.linear.AbstractFieldMatrix.walkInColumnOrder",,,,,,,,,,,,,,12,11,7,7,0,12,3,3,0,,,,0,,,,,,,,,,,,,1,0,3,1,3,9,5,7,3,1,,,0,2,,3,3,1,3,0.09
Public Method,"org.apache.commons.math3.linear.AbstractFieldMatrix.walkInColumnOrder",,,,,,,,,,,,,,16,15,9,9,0,13,3,3,0,,,,0,,,,,,,,,,,,,5,0,5,1,3,10,5,8,3,1,,,0,2,,3,3,1,3,0.07
Public Method,"org.apache.commons.math3.linear.AbstractFieldMatrix.walkInColumnOrder",,,,,,,,,,,,,,14,13,7,8,0,11,3,3,0,,,,0,,,,,,,,,,,,,5,0,3,1,3,8,3,8,3,1,,,0,2,,3,3,1,3,0.08
Public Method,"org.apache.commons.math3.linear.AbstractFieldMatrix.walkInOptimizedOrder",,,,,,,,,,,,,,4,3,1,2,0,2,1,1,0,,,,0,,,,,,,,,,,,,1,0,1,1,1,1,1,1,1,1,,,0,0,,1,1,1,1,0.33
Public Method,"org.apache.commons.math3.linear.AbstractFieldMatrix.walkInOptimizedOrder",,,,,,,,,,,,,,4,3,1,2,0,2,1,1,0,,,,0,,,,,,,,,,,,,2,0,1,1,1,1,1,1,1,1,,,0,0,,1,1,1,1,0.33
Public Method,"org.apache.commons.math3.linear.AbstractFieldMatrix.walkInOptimizedOrder",,,,,,,,,,,,,,6,5,1,2,0,2,1,1,0,,,,0,,,,,,,,,,,,,5,0,3,1,1,1,1,1,1,1,,,0,0,,1,1,1,1,0.20
Public Method,"org.apache.commons.math3.linear.AbstractFieldMatrix.walkInOptimizedOrder",,,,,,,,,,,,,,6,5,1,2,0,2,1,1,0,,,,0,,,,,,,,,,,,,6,0,3,1,1,1,1,1,1,1,,,0,0,,1,1,1,1,0.20
Public Method,"org.apache.commons.math3.linear.AbstractFieldMatrix.walkInRowOrder",,,,,,,,,,,,,,14,13,9,8,0,14,3,3,0,,,,0,,,,,,,,,,,,,2,0,5,1,3,11,7,7,3,1,,,0,2,,3,3,1,3,0.08
Public Method,"org.apache.commons.math3.linear.AbstractFieldMatrix.walkInRowOrder",,,,,,,,,,,,,,12,11,7,7,0,12,3,3,0,,,,0,,,,,,,,,,,,,2,0,3,1,3,9,5,7,3,1,,,0,2,,3,3,1,3,0.09
Public Method,"org.apache.commons.math3.linear.AbstractFieldMatrix.walkInRowOrder",,,,,,,,,,,,,,16,15,9,9,0,13,3,3,0,,,,0,,,,,,,,,,,,,6,0,5,1,3,10,5,8,3,1,,,0,2,,3,3,1,3,0.07
Public Method,"org.apache.commons.math3.linear.AbstractFieldMatrix.walkInRowOrder",,,,,,,,,,,,,,14,13,7,8,0,11,3,3,0,,,,0,,,,,,,,,,,,,6,0,3,1,3,8,3,8,3,1,,,0,2,,3,3,1,3,0.08
Public Abstract Class,"org.apache.commons.math3.linear.AbstractRealMatrix",2,1,1,2,13,,0,,59,64,0,0,57,922,664,418,,,572,,,,10,7,2,,2,2,15,12,2,3,0,,,0,59,2,,128,182,130,,410,236,336,,,10,10,,3,0,149,154,61,149,0.20
Protected Constructor,"org.apache.commons.math3.linear.AbstractRealMatrix.AbstractRealMatrix",,,,,,,,,,,,,,15,8,4,2,1,5,3,3,0,,,,0,,,,,,,,,,,,,6,0,1,7,4,2,1,4,3,1,,,0,1,,3,3,1,3,0.88
Protected Constructor,"org.apache.commons.math3.linear.AbstractRealMatrix.AbstractRealMatrix",,,,,,,,,,,,,,4,1,0,1,0,1,1,1,0,,,,0,,,,,,,,,,,,,0,0,1,3,1,0,1,0,1,1,,,0,0,,1,1,1,1,3.00
Public Method,"org.apache.commons.math3.linear.AbstractRealMatrix.add",,,,,,,,,,,,,,16,12,8,8,0,13,3,3,0,,,,0,,,,,,,,,,,,,1,2,4,2,3,10,6,7,3,1,,,0,2,,3,3,1,3,0.17
Public Method,"org.apache.commons.math3.linear.AbstractRealMatrix.addToEntry",,,,,,,,,,,,,,5,4,2,3,0,3,1,1,0,,,,0,,,,,,,,,,,,,3,0,1,1,1,2,1,2,1,1,,,0,0,,1,1,1,1,0.25
Public Abstract Method,"org.apache.commons.math3.linear.AbstractRealMatrix.copy",,,,,,,,,,,,,,2,1,0,1,0,1,0,0,0,,,,0,,,,,,,,,,,,,1,0,1,1,0,1,1,0,0,0,,,0,0,,0,0,0,0,1.00
Public Method,"org.apache.commons.math3.linear.AbstractRealMatrix.copySubMatrix",,,,,,,,,,,,,,39,26,19,3,0,14,2,3,0,,,,0,,,,,,,,,,,,,6,6,5,7,2,10,7,7,2,1,,,0,0,,2,3,1,2,0.27
Public Method,"org.apache.commons.math3.linear.AbstractRealMatrix.copySubMatrix",,,,,,,,,,,,,,18,14,9,3,1,12,4,5,0,,,,0,,,,,,,,,,,,,4,1,2,3,6,8,4,8,4,1,,,0,2,,4,5,1,4,0.21
Anonymous Class,"org.apache.commons.math3.linear.AbstractRealMatrix.copySubMatrix.(Anon_4)",1,1,0,1,1,,0,,2,5,0,0,2,22,14,12,,,7,,,,1,1,2,,1,1,5,4,1,0,0,,,2,2,0,,4,0,4,,5,4,3,,,1,1,,0,0,2,2,2,2,0.29
Public Method,"org.apache.commons.math3.linear.AbstractRealMatrix.copySubMatrix.(Anon_4).start",,,,,,,,,,,,,,7,6,5,2,0,3,1,1,0,,,,0,,,,,,,,,,,,,2,0,0,1,1,2,1,2,1,1,,,0,0,,1,1,1,1,0.17
Public Method,"org.apache.commons.math3.linear.AbstractRealMatrix.copySubMatrix.(Anon_4).visit",,,,,,,,,,,,,,4,3,2,1,0,2,1,1,0,,,,0,,,,,,,,,,,,,5,0,0,1,1,1,1,1,1,1,,,0,0,,1,1,1,1,0.33
Public Abstract Method,"org.apache.commons.math3.linear.AbstractRealMatrix.createMatrix",,,,,,,,,,,,,,2,1,0,1,0,1,0,0,0,,,,0,,,,,,,,,,,,,10,0,1,1,0,1,1,0,0,0,,,0,0,,0,0,0,0,1.00
Public Method,"org.apache.commons.math3.linear.AbstractRealMatrix.equals",,,,,,,,,,,,,,30,22,14,7,1,19,7,8,8,,,,8,,,,,,,,,,,,,4,0,4,8,7,12,6,13,7,7,,,8,3,,7,8,7,7,0.36
Public Method,"org.apache.commons.math3.linear.AbstractRealMatrix.getColumn",,,,,,,,,,,,,,11,9,6,4,0,9,2,2,0,,,,0,,,,,,,,,,,,,2,1,3,1,2,7,4,5,2,1,,,0,1,,2,2,1,2,0.11
Public Abstract Method,"org.apache.commons.math3.linear.AbstractRealMatrix.getColumnDimension",,,,,,,,,,,,,,6,1,0,1,0,1,0,0,0,,,,0,,,,,,,,,,,,,30,0,1,5,0,1,1,0,0,0,,,0,0,,0,0,0,0,5.00
Public Method,"org.apache.commons.math3.linear.AbstractRealMatrix.getColumnMatrix",,,,,,,,,,,,,,11,9,6,6,0,9,2,2,0,,,,0,,,,,,,,,,,,,1,1,3,1,2,7,4,5,2,1,,,0,1,,2,2,1,2,0.11
Public Method,"org.apache.commons.math3.linear.AbstractRealMatrix.getColumnVector",,,,,,,,,,,,,,4,3,1,3,0,2,1,1,0,,,,0,,,,,,,,,,,,,1,0,1,1,1,1,1,1,1,1,,,0,0,,1,1,1,1,0.33
Public Method,"org.apache.commons.math3.linear.AbstractRealMatrix.getData",,,,,,,,,,,,,,13,10,6,4,0,11,3,3,0,,,,0,,,,,,,,,,,,,1,2,3,1,3,8,5,6,3,1,,,0,2,,3,3,1,3,0.10
Public Abstract Method,"org.apache.commons.math3.linear.AbstractRealMatrix.getEntry",,,,,,,,,,,,,,2,1,0,1,0,1,0,0,0,,,,0,,,,,,,,,,,,,32,0,1,1,0,1,1,0,0,0,,,0,0,,0,0,0,0,1.00
Public Method,"org.apache.commons.math3.linear.AbstractRealMatrix.getFrobeniusNorm",,,,,,,,,,,,,,25,16,11,2,0,9,1,1,0,,,,0,,,,,,,,,,,,,1,4,1,5,1,5,5,4,1,1,,,0,0,,1,1,1,1,0.31
Anonymous Class,"org.apache.commons.math3.linear.AbstractRealMatrix.getFrobeniusNorm.(Anon_2)",1,1,0,1,1,,0,,3,3,0,0,3,21,13,10,,,7,,,,1,1,1,,1,1,4,3,2,0,0,,,1,3,0,,4,0,4,,4,4,3,,,1,1,,0,0,3,3,3,3,0.31
Public Method,"org.apache.commons.math3.linear.AbstractRealMatrix.getFrobeniusNorm.(Anon_2).end",,,,,,,,,,,,,,4,3,2,2,0,2,1,1,0,,,,0,,,,,,,,,,,,,1,0,0,1,1,1,1,1,1,1,,,0,0,,1,1,1,1,0.33
Public Method,"org.apache.commons.math3.linear.AbstractRealMatrix.getFrobeniusNorm.(Anon_2).start",,,,,,,,,,,,,,6,5,4,1,0,2,1,1,0,,,,0,,,,,,,,,,,,,0,0,0,1,1,1,1,1,1,1,,,0,0,,1,1,1,1,0.20
Public Method,"org.apache.commons.math3.linear.AbstractRealMatrix.getFrobeniusNorm.(Anon_2).visit",,,,,,,,,,,,,,4,3,2,1,0,2,1,1,0,,,,0,,,,,,,,,,,,,1,0,0,1,1,1,1,1,1,1,,,0,0,,1,1,1,1,0.33
Public Method,"org.apache.commons.math3.linear.AbstractRealMatrix.getNorm",,,,,,,,,,,,,,37,24,18,2,0,16,1,1,0,,,,0,,,,,,,,,,,,,2,6,1,7,1,11,7,9,1,1,,,0,0,,1,1,1,1,0.29
Anonymous Class,"org.apache.commons.math3.linear.AbstractRealMatrix.getNorm.(Anon_1)",1,1,0,1,1,,0,,3,3,0,0,3,33,21,17,,,14,,,,2,1,1,,1,1,6,5,2,0,0,,,3,3,0,,6,0,6,,10,6,8,,,2,2,,1,22,4,4,3,4,0.29
Public Method,"org.apache.commons.math3.linear.AbstractRealMatrix.getNorm.(Anon_1).end",,,,,,,,,,,,,,4,3,2,1,0,2,1,1,0,,,,0,,,,,,,,,,,,,1,0,0,1,1,1,1,1,1,1,,,0,0,,1,1,1,1,0.33
Public Method,"org.apache.commons.math3.linear.AbstractRealMatrix.getNorm.(Anon_1).start",,,,,,,,,,,,,,8,7,6,3,0,4,1,1,0,,,,0,,,,,,,,,,,,,1,0,0,1,1,3,1,3,1,1,,,0,0,,1,1,1,1,0.14
Public Method,"org.apache.commons.math3.linear.AbstractRealMatrix.getNorm.(Anon_1).visit",,,,,,,,,,,,,,8,7,5,4,0,5,2,2,0,,,,0,,,,,,,,,,,,,5,0,0,1,2,3,1,4,2,1,,,0,1,,2,2,1,2,0.14
Public Method,"org.apache.commons.math3.linear.AbstractRealMatrix.getRow",,,,,,,,,,,,,,11,9,6,4,0,9,2,2,0,,,,0,,,,,,,,,,,,,2,1,3,1,2,7,4,5,2,1,,,0,1,,2,2,1,2,0.11
Public Abstract Method,"org.apache.commons.math3.linear.AbstractRealMatrix.getRowDimension",,,,,,,,,,,,,,7,1,0,1,0,1,0,0,0,,,,0,,,,,,,,,,,,,30,0,1,6,0,1,1,0,0,0,,,0,0,,0,0,0,0,6.00
Public Method,"org.apache.commons.math3.linear.AbstractRealMatrix.getRowMatrix",,,,,,,,,,,,,,11,9,6,6,0,9,2,2,0,,,,0,,,,,,,,,,,,,1,1,3,1,2,7,4,5,2,1,,,0,1,,2,2,1,2,0.11
Public Method,"org.apache.commons.math3.linear.AbstractRealMatrix.getRowVector",,,,,,,,,,,,,,4,3,1,3,0,2,1,1,0,,,,0,,,,,,,,,,,,,2,0,1,1,1,1,1,1,1,1,,,0,0,,1,1,1,1,0.33
Public Method,"org.apache.commons.math3.linear.AbstractRealMatrix.getSubMatrix",,,,,,,,,,,,,,15,12,6,5,0,11,3,3,0,,,,0,,,,,,,,,,,,,4,2,4,1,3,8,4,7,3,1,,,0,2,,3,3,1,3,0.08
Public Method,"org.apache.commons.math3.linear.AbstractRealMatrix.getSubMatrix",,,,,,,,,,,,,,20,12,8,4,0,7,1,1,0,,,,0,,,,,,,,,,,,,3,4,3,4,1,5,3,4,1,1,,,0,0,,1,1,1,1,0.33
Anonymous Class,"org.apache.commons.math3.linear.AbstractRealMatrix.getSubMatrix.(Anon_3)",1,1,0,1,1,,0,,1,4,0,0,1,7,5,4,,,2,,,,1,1,2,,1,1,4,3,1,0,0,,,0,1,0,,1,0,1,,1,1,1,,,1,1,,0,0,1,1,1,1,0.20
Public Method,"org.apache.commons.math3.linear.AbstractRealMatrix.getSubMatrix.(Anon_3).visit",,,,,,,,,,,,,,4,3,2,2,0,2,1,1,0,,,,0,,,,,,,,,,,,,4,0,0,1,1,1,1,1,1,1,,,0,0,,1,1,1,1,0.33
Public Method,"org.apache.commons.math3.linear.AbstractRealMatrix.getTrace",,,,,,,,,,,,,,13,12,8,5,1,11,3,3,0,,,,0,,,,,,,,,,,,,0,0,4,1,4,8,5,6,3,1,,,0,1,,3,3,1,3,0.08
Public Method,"org.apache.commons.math3.linear.AbstractRealMatrix.hashCode",,,,,,,,,,,,,,19,14,10,5,0,14,3,3,0,,,,0,,,,,,,,,,,,,3,0,4,5,3,11,6,8,3,1,,,0,2,,3,3,1,3,0.36
Public Method,"org.apache.commons.math3.linear.AbstractRealMatrix.isSquare",,,,,,,,,,,,,,4,3,1,3,0,2,1,1,0,,,,0,,,,,,,,,,,,,4,0,1,1,1,1,1,1,1,1,,,0,0,,1,1,1,1,0.33
Public Method,"org.apache.commons.math3.linear.AbstractRealMatrix.multiply",,,,,,,,,,,,,,21,17,12,9,1,19,4,4,0,,,,0,,,,,,,,,,,,,1,2,6,2,4,15,9,10,4,1,,,0,3,,4,4,1,4,0.12
Public Method,"org.apache.commons.math3.linear.AbstractRealMatrix.multiplyEntry",,,,,,,,,,,,,,5,4,2,3,0,3,1,1,0,,,,0,,,,,,,,,,,,,3,0,1,1,1,2,1,2,1,1,,,0,0,,1,1,1,1,0.25
Public Method,"org.apache.commons.math3.linear.AbstractRealMatrix.operate",,,,,,,,,,,,,,19,16,11,5,1,16,4,4,0,,,,0,,,,,,,,,,,,,3,2,5,1,6,12,7,9,4,1,,,0,2,,4,4,1,4,0.06
Public Method,"org.apache.commons.math3.linear.AbstractRealMatrix.operate",,,,,,,,,,,,,,23,20,14,10,1,18,5,5,1,,,,0,,,,,,,,,,,,,2,2,5,1,7,13,7,11,5,1,,,0,3,,5,5,1,5,0.05
Public Method,"org.apache.commons.math3.linear.AbstractRealMatrix.power",,,,,,,,,,,,,,58,37,26,11,2,32,10,10,2,,,,2,,,,,,,,,,,,,3,13,8,8,72,21,11,21,10,3,,,2,3,,10,10,3,10,0.22
Public Method,"org.apache.commons.math3.linear.AbstractRealMatrix.preMultiply",,,,,,,,,,,,,,4,3,1,2,0,2,1,1,0,,,,0,,,,,,,,,,,,,4,0,1,1,1,1,1,1,1,1,,,0,0,,1,1,1,1,0.33
Public Method,"org.apache.commons.math3.linear.AbstractRealMatrix.preMultiply",,,,,,,,,,,,,,20,16,11,5,1,16,4,4,0,,,,0,,,,,,,,,,,,,3,3,5,1,6,12,7,9,4,1,,,0,2,,4,4,1,4,0.06
Public Method,"org.apache.commons.math3.linear.AbstractRealMatrix.preMultiply",,,,,,,,,,,,,,24,20,14,10,1,18,5,5,1,,,,0,,,,,,,,,,,,,1,3,5,1,7,13,7,11,5,1,,,0,3,,5,5,1,5,0.05
Public Method,"org.apache.commons.math3.linear.AbstractRealMatrix.scalarAdd",,,,,,,,,,,,,,13,11,7,6,0,12,3,3,0,,,,0,,,,,,,,,,,,,1,1,4,1,3,9,6,6,3,1,,,0,2,,3,3,1,3,0.09
Public Method,"org.apache.commons.math3.linear.AbstractRealMatrix.scalarMultiply",,,,,,,,,,,,,,13,11,7,6,0,12,3,3,0,,,,0,,,,,,,,,,,,,3,1,4,1,3,9,6,6,3,1,,,0,2,,3,3,1,3,0.09
Public Method,"org.apache.commons.math3.linear.AbstractRealMatrix.setColumn",,,,,,,,,,,,,,11,10,6,4,1,9,3,3,0,,,,0,,,,,,,,,,,,,3,0,2,1,4,6,3,6,3,1,,,0,1,,3,3,1,3,0.10
Public Method,"org.apache.commons.math3.linear.AbstractRealMatrix.setColumnMatrix",,,,,,,,,,,,,,14,13,9,7,1,9,3,4,0,,,,0,,,,,,,,,,,,,3,0,2,1,4,6,3,6,3,1,,,0,1,,3,4,1,3,0.08
Public Method,"org.apache.commons.math3.linear.AbstractRealMatrix.setColumnVector",,,,,,,,,,,,,,12,11,7,6,1,9,3,3,0,,,,0,,,,,,,,,,,,,3,0,2,1,4,6,3,6,3,1,,,0,1,,3,3,1,3,0.09
Public Abstract Method,"org.apache.commons.math3.linear.AbstractRealMatrix.setEntry",,,,,,,,,,,,,,2,1,0,0,0,1,0,0,0,,,,0,,,,,,,,,,,,,13,0,1,1,0,1,1,0,0,0,,,0,0,,0,0,0,0,1.00
Public Method,"org.apache.commons.math3.linear.AbstractRealMatrix.setRow",,,,,,,,,,,,,,11,10,6,4,1,9,3,3,0,,,,0,,,,,,,,,,,,,3,0,2,1,4,6,3,6,3,1,,,0,1,,3,3,1,3,0.10
Public Method,"org.apache.commons.math3.linear.AbstractRealMatrix.setRowMatrix",,,,,,,,,,,,,,14,13,9,7,1,9,3,4,0,,,,0,,,,,,,,,,,,,3,0,2,1,4,6,3,6,3,1,,,0,1,,3,4,1,3,0.08
Public Method,"org.apache.commons.math3.linear.AbstractRealMatrix.setRowVector",,,,,,,,,,,,,,12,11,7,6,1,9,3,3,0,,,,0,,,,,,,,,,,,,4,0,2,1,4,6,3,6,3,1,,,0,1,,3,3,1,3,0.09
Public Method,"org.apache.commons.math3.linear.AbstractRealMatrix.setSubMatrix",,,,,,,,,,,,,,31,26,17,6,2,24,7,7,0,,,,0,,,,,,,,,,,,,8,4,4,1,36,17,6,18,7,1,,,0,2,,7,7,1,7,0.04
Public Method,"org.apache.commons.math3.linear.AbstractRealMatrix.subtract",,,,,,,,,,,,,,16,12,8,8,0,13,3,3,0,,,,0,,,,,,,,,,,,,2,2,4,2,3,10,6,7,3,1,,,0,2,,3,3,1,3,0.17
Public Method,"org.apache.commons.math3.linear.AbstractRealMatrix.toString",,,,,,,,,,,,,,29,23,17,10,1,22,5,5,0,,,,0,,,,,,,,,,,,,3,2,6,4,7,17,8,14,5,1,,,0,3,,5,5,1,5,0.17
Public Method,"org.apache.commons.math3.linear.AbstractRealMatrix.transpose",,,,,,,,,,,,,,17,12,9,5,0,8,1,1,0,,,,0,,,,,,,,,,,,,2,3,4,2,1,6,5,3,1,1,,,0,0,,1,1,1,1,0.17
Anonymous Class,"org.apache.commons.math3.linear.AbstractRealMatrix.transpose.(Anon_5)",1,1,0,1,2,,0,,1,4,0,0,1,7,5,4,,,2,,,,1,1,2,,1,1,4,3,1,0,0,,,0,1,0,,1,0,1,,1,1,1,,,1,1,,0,0,1,1,1,1,0.20
Public Method,"org.apache.commons.math3.linear.AbstractRealMatrix.transpose.(Anon_5).visit",,,,,,,,,,,,,,4,3,2,1,0,2,1,1,0,,,,0,,,,,,,,,,,,,3,0,0,1,1,1,1,1,1,1,,,0,0,,1,1,1,1,0.33
Public Method,"org.apache.commons.math3.linear.AbstractRealMatrix.walkInColumnOrder",,,,,,,,,,,,,,14,13,9,8,0,14,3,3,0,,,,0,,,,,,,,,,,,,1,0,5,1,3,11,7,7,3,1,,,0,2,,3,3,1,3,0.08
Public Method,"org.apache.commons.math3.linear.AbstractRealMatrix.walkInColumnOrder",,,,,,,,,,,,,,12,11,7,7,0,12,3,3,0,,,,0,,,,,,,,,,,,,2,0,3,1,3,9,5,7,3,1,,,0,2,,3,3,1,3,0.09
Public Method,"org.apache.commons.math3.linear.AbstractRealMatrix.walkInColumnOrder",,,,,,,,,,,,,,16,15,9,9,0,13,3,3,0,,,,0,,,,,,,,,,,,,5,0,5,1,3,10,5,8,3,1,,,0,2,,3,3,1,3,0.07
Public Method,"org.apache.commons.math3.linear.AbstractRealMatrix.walkInColumnOrder",,,,,,,,,,,,,,14,13,7,8,0,11,3,3,0,,,,0,,,,,,,,,,,,,5,0,3,1,3,8,3,8,3,1,,,0,2,,3,3,1,3,0.08
Public Method,"org.apache.commons.math3.linear.AbstractRealMatrix.walkInOptimizedOrder",,,,,,,,,,,,,,4,3,1,2,0,2,1,1,0,,,,0,,,,,,,,,,,,,4,0,1,1,1,1,1,1,1,1,,,0,0,,1,1,1,1,0.33
Public Method,"org.apache.commons.math3.linear.AbstractRealMatrix.walkInOptimizedOrder",,,,,,,,,,,,,,4,3,1,2,0,2,1,1,0,,,,0,,,,,,,,,,,,,1,0,1,1,1,1,1,1,1,1,,,0,0,,1,1,1,1,0.33
Public Method,"org.apache.commons.math3.linear.AbstractRealMatrix.walkInOptimizedOrder",,,,,,,,,,,,,,6,5,1,2,0,2,1,1,0,,,,0,,,,,,,,,,,,,5,0,3,1,1,1,1,1,1,1,,,0,0,,1,1,1,1,0.20
Public Method,"org.apache.commons.math3.linear.AbstractRealMatrix.walkInOptimizedOrder",,,,,,,,,,,,,,6,5,1,2,0,2,1,1,0,,,,0,,,,,,,,,,,,,6,0,3,1,1,1,1,1,1,1,,,0,0,,1,1,1,1,0.20
Public Method,"org.apache.commons.math3.linear.AbstractRealMatrix.walkInRowOrder",,,,,,,,,,,,,,14,13,9,8,0,14,3,3,0,,,,0,,,,,,,,,,,,,2,0,5,1,3,11,7,7,3,1,,,0,2,,3,3,1,3,0.08
Public Method,"org.apache.commons.math3.linear.AbstractRealMatrix.walkInRowOrder",,,,,,,,,,,,,,12,11,7,7,0,12,3,3,0,,,,0,,,,,,,,,,,,,2,0,3,1,3,9,5,7,3,1,,,0,2,,3,3,1,3,0.09
Public Method,"org.apache.commons.math3.linear.AbstractRealMatrix.walkInRowOrder",,,,,,,,,,,,,,16,15,9,9,0,13,3,3,0,,,,0,,,,,,,,,,,,,6,0,5,1,3,10,5,8,3,1,,,0,2,,3,3,1,3,0.07
Public Method,"org.apache.commons.math3.linear.AbstractRealMatrix.walkInRowOrder",,,,,,,,,,,,,,14,13,7,8,0,11,3,3,0,,,,0,,,,,,,,,,,,,6,0,3,1,3,8,3,8,3,1,,,0,2,,3,3,1,3,0.08
Public Interface,"org.apache.commons.math3.linear.AnyMatrix",0,0,0,0,0,,0,,3,3,3,0,0,23,5,0,,,4,,,,0,0,0,,0,0,0,0,0,2,0,,,0,3,0,,4,4,14,,3,4,0,,,0,0,,0,0,0,0,0,0,2.80
Abstract Method,"org.apache.commons.math3.linear.AnyMatrix.getColumnDimension",,,,,,,,,,,,,,6,1,0,1,0,1,0,0,0,,,,0,,,,,,,,,,,,,111,0,1,5,0,1,1,0,0,0,,,0,0,,0,0,0,0,5.00
Abstract Method,"org.apache.commons.math3.linear.AnyMatrix.getRowDimension",,,,,,,,,,,,,,6,1,0,1,0,1,0,0,0,,,,0,,,,,,,,,,,,,121,0,1,5,0,1,1,0,0,0,,,0,0,,0,0,0,0,5.00
Abstract Method,"org.apache.commons.math3.linear.AnyMatrix.isSquare",,,,,,,,,,,,,,5,1,0,1,0,1,0,0,0,,,,0,,,,,,,,,,,,,11,0,1,4,0,1,1,0,0,0,,,0,0,,0,0,0,0,4.00
Public Generic Class,"org.apache.commons.math3.linear.Array2DRowFieldMatrix",2,1,0,4,10,,1,,34,104,0,2,32,559,339,192,,,284,,,,8,1,2,,2,2,14,9,2,0,0,,,1,34,0,,50,119,170,,206,117,167,,,8,8,,3,63,79,80,34,79,0.50
Public Constructor,"org.apache.commons.math3.linear.Array2DRowFieldMatrix.Array2DRowFieldMatrix",,,,,,,,,,,,,,15,6,2,4,0,3,1,1,0,,,,0,,,,,,,,,,,,,15,0,3,9,1,2,1,2,1,1,,,0,0,,1,1,1,1,1.50
Public Constructor,"org.apache.commons.math3.linear.Array2DRowFieldMatrix.Array2DRowFieldMatrix",,,,,,,,,,,,,,39,23,15,7,1,17,6,6,1,,,,0,,,,,,,,,,,,,13,0,4,16,13,11,4,13,6,1,,,0,3,,6,6,1,6,0.70
Public Constructor,"org.apache.commons.math3.linear.Array2DRowFieldMatrix.Array2DRowFieldMatrix",,,,,,,,,,,,,,19,3,1,3,0,2,1,1,0,,,,0,,,,,,,,,,,,,8,0,1,16,1,1,1,1,1,1,,,0,0,,1,1,1,1,5.33
Public Constructor,"org.apache.commons.math3.linear.Array2DRowFieldMatrix.Array2DRowFieldMatrix",,,,,,,,,,,,,,17,3,1,3,0,2,1,1,0,,,,0,,,,,,,,,,,,,46,0,1,14,1,1,1,1,1,1,,,0,0,,1,1,1,1,4.67
Public Constructor,"org.apache.commons.math3.linear.Array2DRowFieldMatrix.Array2DRowFieldMatrix",,,,,,,,,,,,,,19,4,2,3,0,3,1,1,0,,,,0,,,,,,,,,,,,,14,0,1,15,1,2,1,2,1,1,,,0,0,,1,1,1,1,3.75
Public Constructor,"org.apache.commons.math3.linear.Array2DRowFieldMatrix.Array2DRowFieldMatrix",,,,,,,,,,,,,,7,3,1,2,0,2,1,1,0,,,,0,,,,,,,,,,,,,3,0,1,4,1,1,1,1,1,1,,,0,0,,1,1,1,1,1.33
Public Constructor,"org.apache.commons.math3.linear.Array2DRowFieldMatrix.Array2DRowFieldMatrix",,,,,,,,,,,,,,10,3,1,3,0,2,1,1,0,,,,0,,,,,,,,,,,,,1,0,1,7,1,1,1,1,1,1,,,0,0,,1,1,1,1,2.33
Public Constructor,"org.apache.commons.math3.linear.Array2DRowFieldMatrix.Array2DRowFieldMatrix",,,,,,,,,,,,,,16,8,5,5,0,8,2,2,0,,,,0,,,,,,,,,,,,,4,0,2,8,2,6,3,5,2,1,,,0,1,,2,2,1,2,1.00
TypeVariable,"org.apache.commons.math3.linear.Array2DRowFieldMatrix.T",0,0,0,0,0,,0,,0,0,0,0,0,0,0,0,,,0,,,,0,0,1,,0,0,0,0,2,0,0,,,0,0,0,,0,0,0,,0,0,0,,,0,0,,0,0,0,0,0,0,0.00
Public Method,"org.apache.commons.math3.linear.Array2DRowFieldMatrix.add",,,,,,,,,,,,,,26,15,11,8,0,16,3,3,0,,,,0,,,,,,,,,,,,,4,2,7,9,3,13,9,7,3,1,,,0,2,,3,3,1,3,0.60
Public Method,"org.apache.commons.math3.linear.Array2DRowFieldMatrix.addToEntry",,,,,,,,,,,,,,7,5,3,4,0,4,1,1,0,,,,0,,,,,,,,,,,,,4,1,1,1,1,3,1,3,1,1,,,0,0,,1,1,1,1,0.20
Public Method,"org.apache.commons.math3.linear.Array2DRowFieldMatrix.copy",,,,,,,,,,,,,,4,3,1,4,0,2,1,1,0,,,,0,,,,,,,,,,,,,1,0,1,1,1,1,1,1,1,1,,,0,0,,1,1,1,1,0.33
Private Method,"org.apache.commons.math3.linear.Array2DRowFieldMatrix.copyIn",,,,,,,,,,,,,,12,3,1,1,0,2,1,1,0,,,,0,,,,,,,,,,,,,3,0,1,9,1,1,1,1,1,1,,,0,0,,1,1,1,1,3.00
Private Method,"org.apache.commons.math3.linear.Array2DRowFieldMatrix.copyOut",,,,,,,,,,,,,,14,8,5,6,0,8,2,2,0,,,,0,,,,,,,,,,,,,4,0,3,6,2,6,4,4,2,1,,,0,1,,2,2,1,2,0.75
Public Method,"org.apache.commons.math3.linear.Array2DRowFieldMatrix.createMatrix",,,,,,,,,,,,,,4,3,1,3,0,2,1,1,0,,,,0,,,,,,,,,,,,,2,0,1,1,1,1,1,1,1,1,,,0,0,,1,1,1,1,0.33
Public Method,"org.apache.commons.math3.linear.Array2DRowFieldMatrix.getColumnDimension",,,,,,,,,,,,,,4,3,1,1,0,2,2,3,0,,,,0,,,,,,,,,,,,,18,0,1,1,1,1,1,1,2,1,,,0,0,,2,3,1,2,0.33
Public Method,"org.apache.commons.math3.linear.Array2DRowFieldMatrix.getData",,,,,,,,,,,,,,4,3,1,2,0,2,1,1,0,,,,0,,,,,,,,,,,,,1,0,1,1,1,1,1,1,1,1,,,0,0,,1,1,1,1,0.33
Public Method,"org.apache.commons.math3.linear.Array2DRowFieldMatrix.getDataRef",,,,,,,,,,,,,,9,3,1,1,0,2,1,1,0,,,,0,,,,,,,,,,,,,1,0,1,6,1,1,1,1,1,1,,,0,0,,1,1,1,1,2.00
Public Method,"org.apache.commons.math3.linear.Array2DRowFieldMatrix.getEntry",,,,,,,,,,,,,,7,5,3,3,0,4,1,1,0,,,,0,,,,,,,,,,,,,3,1,1,1,1,3,1,3,1,1,,,0,0,,1,1,1,1,0.20
Public Method,"org.apache.commons.math3.linear.Array2DRowFieldMatrix.getRowDimension",,,,,,,,,,,,,,4,3,1,1,0,2,2,2,0,,,,0,,,,,,,,,,,,,18,0,1,1,1,1,1,1,2,1,,,0,0,,2,2,1,2,0.33
Public Method,"org.apache.commons.math3.linear.Array2DRowFieldMatrix.multiply",,,,,,,,,,,,,,31,19,14,10,1,21,4,4,0,,,,0,,,,,,,,,,,,,3,3,8,9,4,17,11,10,4,1,,,0,3,,4,4,1,4,0.47
Public Method,"org.apache.commons.math3.linear.Array2DRowFieldMatrix.multiplyEntry",,,,,,,,,,,,,,7,5,3,4,0,4,1,1,0,,,,0,,,,,,,,,,,,,4,1,1,1,1,3,1,3,1,1,,,0,0,,1,1,1,1,0.20
Public Method,"org.apache.commons.math3.linear.Array2DRowFieldMatrix.operate",,,,,,,,,,,,,,18,17,12,9,1,17,4,4,0,,,,0,,,,,,,,,,,,,3,0,6,1,6,13,8,9,4,1,,,0,2,,4,4,1,4,0.06
Public Method,"org.apache.commons.math3.linear.Array2DRowFieldMatrix.preMultiply",,,,,,,,,,,,,,19,16,11,9,1,16,4,4,0,,,,0,,,,,,,,,,,,,3,2,5,1,6,12,7,9,4,1,,,0,2,,4,4,1,4,0.06
Public Method,"org.apache.commons.math3.linear.Array2DRowFieldMatrix.setEntry",,,,,,,,,,,,,,7,5,3,3,0,4,1,1,0,,,,0,,,,,,,,,,,,,4,1,1,1,1,3,1,3,1,1,,,0,0,,1,1,1,1,0.20
Public Method,"org.apache.commons.math3.linear.Array2DRowFieldMatrix.setSubMatrix",,,,,,,,,,,,,,30,27,18,7,2,20,8,8,1,,,,0,,,,,,,,,,,,,11,2,3,1,49,12,4,16,8,1,,,0,3,,8,8,1,8,0.04
Public Method,"org.apache.commons.math3.linear.Array2DRowFieldMatrix.subtract",,,,,,,,,,,,,,27,15,11,8,0,16,3,3,0,,,,0,,,,,,,,,,,,,3,3,7,9,3,13,9,7,3,1,,,0,2,,3,3,1,3,0.60
Public Method,"org.apache.commons.math3.linear.Array2DRowFieldMatrix.walkInColumnOrder",,,,,,,,,,,,,,13,12,8,6,0,13,3,3,0,,,,0,,,,,,,,,,,,,2,0,4,1,3,10,6,7,3,1,,,0,2,,3,3,1,3,0.08
Public Method,"org.apache.commons.math3.linear.Array2DRowFieldMatrix.walkInColumnOrder",,,,,,,,,,,,,,12,11,7,6,0,12,3,3,0,,,,0,,,,,,,,,,,,,2,0,3,1,3,9,5,7,3,1,,,0,2,,3,3,1,3,0.09
Public Method,"org.apache.commons.math3.linear.Array2DRowFieldMatrix.walkInColumnOrder",,,,,,,,,,,,,,15,14,8,7,0,12,3,3,0,,,,0,,,,,,,,,,,,,6,0,4,1,3,9,4,8,3,1,,,0,2,,3,3,1,3,0.07
Public Method,"org.apache.commons.math3.linear.Array2DRowFieldMatrix.walkInColumnOrder",,,,,,,,,,,,,,14,13,7,7,0,11,3,3,0,,,,0,,,,,,,,,,,,,6,0,3,1,3,8,3,8,3,1,,,0,2,,3,3,1,3,0.08
Public Method,"org.apache.commons.math3.linear.Array2DRowFieldMatrix.walkInRowOrder",,,,,,,,,,,,,,13,12,8,6,0,13,3,3,0,,,,0,,,,,,,,,,,,,2,0,4,1,3,10,6,7,3,1,,,0,2,,3,3,1,3,0.08
Public Method,"org.apache.commons.math3.linear.Array2DRowFieldMatrix.walkInRowOrder",,,,,,,,,,,,,,13,12,8,6,0,13,3,3,0,,,,0,,,,,,,,,,,,,2,0,4,1,3,10,6,7,3,1,,,0,2,,3,3,1,3,0.08
Public Method,"org.apache.commons.math3.linear.Array2DRowFieldMatrix.walkInRowOrder",,,,,,,,,,,,,,15,14,8,7,0,12,3,3,0,,,,0,,,,,,,,,,,,,6,0,4,1,3,9,4,8,3,1,,,0,2,,3,3,1,3,0.07
Public Method,"org.apache.commons.math3.linear.Array2DRowFieldMatrix.walkInRowOrder",,,,,,,,,,,,,,15,14,8,7,0,12,3,3,0,,,,0,,,,,,,,,,,,,6,0,4,1,3,9,4,8,3,1,,,0,2,,3,3,1,3,0.07
Public Class,"org.apache.commons.math3.linear.Array2DRowRealMatrix",2,1,0,3,9,,1,,31,95,0,2,29,500,327,186,,,277,,,,8,1,3,,2,2,14,9,2,0,0,,,1,31,0,,46,116,127,,200,116,161,,,8,8,,3,59,78,79,31,78,0.39
Public Constructor,"org.apache.commons.math3.linear.Array2DRowRealMatrix.Array2DRowRealMatrix",,,,,,,,,,,,,,40,23,15,6,1,17,7,7,1,,,,0,,,,,,,,,,,,,45,0,3,17,25,10,4,13,7,1,,,0,3,,7,7,1,7,0.74
Public Constructor,"org.apache.commons.math3.linear.Array2DRowRealMatrix.Array2DRowRealMatrix",,,,,,,,,,,,,,17,4,1,2,0,2,1,1,0,,,,0,,,,,,,,,,,,,60,0,2,13,1,1,1,1,1,1,,,0,0,,1,1,1,1,3.25
Public Constructor,"org.apache.commons.math3.linear.Array2DRowRealMatrix.Array2DRowRealMatrix",,,,,,,,,,,,,,12,4,2,3,0,3,1,1,0,,,,0,,,,,,,,,,,,,30,0,1,8,1,2,1,2,1,1,,,0,0,,1,1,1,1,2.00
Public Constructor,"org.apache.commons.math3.linear.Array2DRowRealMatrix.Array2DRowRealMatrix",,,,,,,,,,,,,,14,7,4,2,0,7,2,2,0,,,,0,,,,,,,,,,,,,6,0,2,7,2,5,3,4,2,1,,,0,1,,2,2,1,2,1.00
Public Constructor,"org.apache.commons.math3.linear.Array2DRowRealMatrix.Array2DRowRealMatrix",,,,,,,,,,,,,,4,1,0,1,0,1,1,1,0,,,,0,,,,,,,,,,,,,3,0,1,3,1,0,1,0,1,1,,,0,0,,1,1,1,1,3.00
Public Method,"org.apache.commons.math3.linear.Array2DRowRealMatrix.add",,,,,,,,,,,,,,26,15,11,5,0,16,3,3,0,,,,0,,,,,,,,,,,,,4,2,7,9,3,13,9,7,3,1,,,0,2,,3,3,1,3,0.60
Public Method,"org.apache.commons.math3.linear.Array2DRowRealMatrix.addToEntry",,,,,,,,,,,,,,5,4,2,2,0,3,1,1,0,,,,0,,,,,,,,,,,,,3,0,1,1,1,2,1,2,1,1,,,0,0,,1,1,1,1,0.25
Public Method,"org.apache.commons.math3.linear.Array2DRowRealMatrix.copy",,,,,,,,,,,,,,4,3,1,3,0,2,1,1,0,,,,0,,,,,,,,,,,,,2,0,1,1,1,1,1,1,1,1,,,0,0,,1,1,1,1,0.33
Private Method,"org.apache.commons.math3.linear.Array2DRowRealMatrix.copyIn",,,,,,,,,,,,,,13,4,1,1,0,2,1,1,0,,,,0,,,,,,,,,,,,,3,0,2,9,1,1,1,1,1,1,,,0,0,,1,1,1,1,2.25
Private Method,"org.apache.commons.math3.linear.Array2DRowRealMatrix.copyOut",,,,,,,,,,,,,,14,8,5,4,0,8,2,2,0,,,,0,,,,,,,,,,,,,4,0,3,6,2,6,4,4,2,1,,,0,1,,2,2,1,2,0.75
Public Method,"org.apache.commons.math3.linear.Array2DRowRealMatrix.createMatrix",,,,,,,,,,,,,,5,4,1,2,0,2,1,1,0,,,,0,,,,,,,,,,,,,2,0,2,1,1,1,1,1,1,1,,,0,0,,1,1,1,1,0.25
Public Method,"org.apache.commons.math3.linear.Array2DRowRealMatrix.getColumnDimension",,,,,,,,,,,,,,4,3,1,1,0,2,2,3,0,,,,0,,,,,,,,,,,,,21,0,1,1,1,1,1,1,2,1,,,0,0,,2,3,1,2,0.33
Public Method,"org.apache.commons.math3.linear.Array2DRowRealMatrix.getData",,,,,,,,,,,,,,4,3,1,2,0,2,1,1,0,,,,0,,,,,,,,,,,,,1,0,1,1,1,1,1,1,1,1,,,0,0,,1,1,1,1,0.33
Public Method,"org.apache.commons.math3.linear.Array2DRowRealMatrix.getDataRef",,,,,,,,,,,,,,8,3,1,1,0,2,1,1,0,,,,0,,,,,,,,,,,,,7,0,1,5,1,1,1,1,1,1,,,0,0,,1,1,1,1,1.67
Public Method,"org.apache.commons.math3.linear.Array2DRowRealMatrix.getEntry",,,,,,,,,,,,,,5,4,2,2,0,3,1,1,0,,,,0,,,,,,,,,,,,,9,0,1,1,1,2,1,2,1,1,,,0,0,,1,1,1,1,0.25
Public Method,"org.apache.commons.math3.linear.Array2DRowRealMatrix.getRowDimension",,,,,,,,,,,,,,4,3,1,1,0,2,2,2,0,,,,0,,,,,,,,,,,,,27,0,1,1,1,1,1,1,2,1,,,0,0,,2,2,1,2,0.33
Public Method,"org.apache.commons.math3.linear.Array2DRowRealMatrix.multiply",,,,,,,,,,,,,,41,23,17,5,1,26,5,5,0,,,,0,,,,,,,,,,,,,4,5,9,13,7,21,13,13,5,1,,,0,3,,5,5,1,5,0.57
Public Method,"org.apache.commons.math3.linear.Array2DRowRealMatrix.multiplyEntry",,,,,,,,,,,,,,5,4,2,2,0,3,1,1,0,,,,0,,,,,,,,,,,,,3,0,1,1,1,2,1,2,1,1,,,0,0,,1,1,1,1,0.25
Public Method,"org.apache.commons.math3.linear.Array2DRowRealMatrix.operate",,,,,,,,,,,,,,18,17,12,4,1,17,4,4,0,,,,0,,,,,,,,,,,,,3,0,6,1,6,13,8,9,4,1,,,0,2,,4,4,1,4,0.06
Public Method,"org.apache.commons.math3.linear.Array2DRowRealMatrix.preMultiply",,,,,,,,,,,,,,20,16,11,4,1,16,4,4,0,,,,0,,,,,,,,,,,,,3,3,5,1,6,12,7,9,4,1,,,0,2,,4,4,1,4,0.06
Public Method,"org.apache.commons.math3.linear.Array2DRowRealMatrix.setEntry",,,,,,,,,,,,,,5,4,2,2,0,3,1,1,0,,,,0,,,,,,,,,,,,,12,0,1,1,1,2,1,2,1,1,,,0,0,,1,1,1,1,0.25
Public Method,"org.apache.commons.math3.linear.Array2DRowRealMatrix.setSubMatrix",,,,,,,,,,,,,,32,29,19,6,2,21,8,8,1,,,,0,,,,,,,,,,,,,11,2,4,1,49,13,4,17,8,1,,,0,3,,8,8,1,8,0.03
Public Method,"org.apache.commons.math3.linear.Array2DRowRealMatrix.subtract",,,,,,,,,,,,,,26,15,11,5,0,16,3,3,0,,,,0,,,,,,,,,,,,,3,2,7,9,3,13,9,7,3,1,,,0,2,,3,3,1,3,0.60
Public Method,"org.apache.commons.math3.linear.Array2DRowRealMatrix.walkInColumnOrder",,,,,,,,,,,,,,13,12,8,6,0,13,3,3,0,,,,0,,,,,,,,,,,,,2,0,4,1,3,10,6,7,3,1,,,0,2,,3,3,1,3,0.08
Public Method,"org.apache.commons.math3.linear.Array2DRowRealMatrix.walkInColumnOrder",,,,,,,,,,,,,,12,11,7,6,0,12,3,3,0,,,,0,,,,,,,,,,,,,2,0,3,1,3,9,5,7,3,1,,,0,2,,3,3,1,3,0.09
Public Method,"org.apache.commons.math3.linear.Array2DRowRealMatrix.walkInColumnOrder",,,,,,,,,,,,,,15,14,8,7,0,12,3,3,0,,,,0,,,,,,,,,,,,,6,0,4,1,3,9,4,8,3,1,,,0,2,,3,3,1,3,0.07
Public Method,"org.apache.commons.math3.linear.Array2DRowRealMatrix.walkInColumnOrder",,,,,,,,,,,,,,14,13,7,7,0,11,3,3,0,,,,0,,,,,,,,,,,,,6,0,3,1,3,8,3,8,3,1,,,0,2,,3,3,1,3,0.08
Public Method,"org.apache.commons.math3.linear.Array2DRowRealMatrix.walkInRowOrder",,,,,,,,,,,,,,13,12,8,6,0,13,3,3,0,,,,0,,,,,,,,,,,,,2,0,4,1,3,10,6,7,3,1,,,0,2,,3,3,1,3,0.08
Public Method,"org.apache.commons.math3.linear.Array2DRowRealMatrix.walkInRowOrder",,,,,,,,,,,,,,13,12,8,6,0,13,3,3,0,,,,0,,,,,,,,,,,,,2,0,4,1,3,10,6,7,3,1,,,0,2,,3,3,1,3,0.08
Public Method,"org.apache.commons.math3.linear.Array2DRowRealMatrix.walkInRowOrder",,,,,,,,,,,,,,15,14,8,7,0,12,3,3,0,,,,0,,,,,,,,,,,,,6,0,4,1,3,9,4,8,3,1,,,0,2,,3,3,1,3,0.07
Public Method,"org.apache.commons.math3.linear.Array2DRowRealMatrix.walkInRowOrder",,,,,,,,,,,,,,15,14,8,7,0,12,3,3,0,,,,0,,,,,,,,,,,,,6,0,4,1,3,9,4,8,3,1,,,0,2,,3,3,1,3,0.07
Public Class,"org.apache.commons.math3.linear.Array2DRowRealMatrixTest",3,1,0,1,22,,0,,48,48,0,7,39,1121,932,683,,,670,,,,10,1,1,,3,3,19,17,1,0,0,,,39,48,2,,88,271,102,,525,230,440,,,10,10,,3,93,149,149,48,149,0.11
Private Static Class,"org.apache.commons.math3.linear.Array2DRowRealMatrixTest.GetVisitor",1,1,0,0,0,,0,,2,5,0,0,2,11,11,4,,,7,,,,1,1,2,,1,1,3,3,1,0,0,,,1,2,0,,0,5,0,,4,4,3,,,1,1,,0,0,2,2,2,2,0.00
Public Method,"org.apache.commons.math3.linear.Array2DRowRealMatrixTest.GetVisitor.getCount",,,,,,,,,,,,,,3,3,1,1,0,2,1,1,0,,,,0,,,,,,,,,,,,,2,0,1,0,1,1,1,1,1,1,,,0,0,,1,1,1,1,0.00
Public Method,"org.apache.commons.math3.linear.Array2DRowRealMatrixTest.GetVisitor.visit",,,,,,,,,,,,,,4,4,2,2,0,3,1,1,0,,,,0,,,,,,,,,,,,,3,0,1,0,1,2,1,2,1,1,,,0,0,,1,1,1,1,0.00
Private Static Class,"org.apache.commons.math3.linear.Array2DRowRealMatrixTest.SetVisitor",1,1,0,0,0,,0,,1,4,0,0,1,6,6,1,,,3,,,,1,1,2,,1,1,3,3,1,0,0,,,0,1,0,,0,3,0,,1,2,1,,,1,1,,0,0,1,1,1,1,0.00
Public Method,"org.apache.commons.math3.linear.Array2DRowRealMatrixTest.SetVisitor.visit",,,,,,,,,,,,,,3,3,1,1,0,2,1,1,0,,,,0,,,,,,,,,,,,,2,0,1,0,1,1,1,1,1,1,,,0,0,,1,1,1,1,0.00
Private Method,"org.apache.commons.math3.linear.Array2DRowRealMatrixTest.checkArrays",,,,,,,,,,,,,,6,6,3,1,0,6,2,2,0,,,,0,,,,,,,,,,,,,7,0,1,0,2,4,2,4,2,1,,,0,1,,2,2,1,2,0.00
Private Method,"org.apache.commons.math3.linear.Array2DRowRealMatrixTest.checkCopy",,,,,,,,,,,,,,26,26,17,4,1,13,9,9,6,,,,0,,,,,,,,,,,,,12,0,5,0,8,7,2,11,9,1,,,0,2,,9,9,1,9,0.00
Private Method,"org.apache.commons.math3.linear.Array2DRowRealMatrixTest.checkCopy",,,,,,,,,,,,,,26,26,17,4,1,13,9,9,6,,,,0,,,,,,,,,,,,,10,0,5,0,8,7,2,11,9,1,,,0,2,,9,9,1,9,0.00
Private Method,"org.apache.commons.math3.linear.Array2DRowRealMatrixTest.checkGetSubMatrix",,,,,,,,,,,,,,23,23,14,4,1,12,8,8,6,,,,0,,,,,,,,,,,,,11,0,4,0,8,6,2,10,8,1,,,0,2,,8,8,1,8,0.00
Private Method,"org.apache.commons.math3.linear.Array2DRowRealMatrixTest.checkGetSubMatrix",,,,,,,,,,,,,,23,23,14,4,1,12,8,8,6,,,,0,,,,,,,,,,,,,9,0,4,0,8,6,2,10,8,1,,,0,2,,8,8,1,8,0.00
Private Method,"org.apache.commons.math3.linear.Array2DRowRealMatrixTest.columnToArray",,,,,,,,,,,,,,7,7,4,1,0,7,2,2,0,,,,0,,,,,,,,,,,,,4,0,2,0,2,5,3,4,2,1,,,0,1,,2,2,1,2,0.00
Private Method,"org.apache.commons.math3.linear.Array2DRowRealMatrixTest.columnToVector",,,,,,,,,,,,,,7,7,4,2,0,7,2,2,0,,,,0,,,,,,,,,,,,,4,0,2,0,2,5,3,4,2,1,,,0,1,,2,2,1,2,0.00
Protected Method,"org.apache.commons.math3.linear.Array2DRowRealMatrixTest.permuteRows",,,,,,,,,,,,,,20,18,12,8,1,16,5,5,0,,,,0,,,,,,,,,,,,,3,1,4,1,12,11,6,10,5,1,,,0,2,,5,5,1,5,0.06
Protected Method,"org.apache.commons.math3.linear.Array2DRowRealMatrixTest.splitLU",,,,,,,,,,,,,,34,32,22,8,2,26,10,10,2,,,,0,,,,,,,,,,,,,4,1,2,1,160,16,4,22,10,1,,,0,3,,10,10,1,10,0.03
Public Method,"org.apache.commons.math3.linear.Array2DRowRealMatrixTest.testAdd",,,,,,,,,,,,,,14,13,9,6,0,12,3,3,0,,,,0,,,,,,,,,,,,,4,0,5,1,3,9,7,5,3,1,,,0,2,,3,3,1,3,0.08
Public Method,"org.apache.commons.math3.linear.Array2DRowRealMatrixTest.testAddFail",,,,,,,,,,,,,,11,9,6,3,0,6,2,2,1,,,,0,,,,,,,,,,,,,2,0,3,2,2,4,3,3,2,1,,,0,1,,2,2,1,2,0.22
Public Method,"org.apache.commons.math3.linear.Array2DRowRealMatrixTest.testCopyFunctions",,,,,,,,,,,,,,9,8,6,4,0,7,1,1,0,,,,0,,,,,,,,,,,,,1,0,5,1,1,6,5,2,1,1,,,0,0,,1,1,1,1,0.12
Public Method,"org.apache.commons.math3.linear.Array2DRowRealMatrixTest.testCopySubMatrix",,,,,,,,,,,,,,19,18,16,3,0,17,1,1,0,,,,0,,,,,,,,,,,,,9,1,2,0,1,16,2,15,1,1,,,0,0,,1,1,1,1,0.00
Public Method,"org.apache.commons.math3.linear.Array2DRowRealMatrixTest.testDimensions",,,,,,,,,,,,,,11,10,8,6,0,9,1,1,0,,,,0,,,,,,,,,,,,,2,0,3,1,1,8,3,6,1,1,,,0,0,,1,1,1,1,0.10
Public Method,"org.apache.commons.math3.linear.Array2DRowRealMatrixTest.testEqualsAndHashCode",,,,,,,,,,,,,,12,12,10,8,0,11,1,1,0,,,,0,,,,,,,,,,,,,2,0,4,0,1,10,4,7,1,1,,,0,0,,1,1,1,1,0.00
Public Method,"org.apache.commons.math3.linear.Array2DRowRealMatrixTest.testExamples",,,,,,,,,,,,,,32,25,23,11,0,24,1,1,0,,,,0,,,,,,,,,,,,,0,1,17,6,1,23,17,7,1,1,,,0,0,,1,1,1,1,0.24
Public Method,"org.apache.commons.math3.linear.Array2DRowRealMatrixTest.testFrobeniusNorm",,,,,,,,,,,,,,7,6,4,4,0,5,1,1,0,,,,0,,,,,,,,,,,,,3,0,3,1,1,4,3,2,1,1,,,0,0,,1,1,1,1,0.17
Public Method,"org.apache.commons.math3.linear.Array2DRowRealMatrixTest.testGetColumn",,,,,,,,,,,,,,19,17,13,5,1,12,3,3,2,,,,0,,,,,,,,,,,,,3,0,4,2,4,9,4,8,3,1,,,0,1,,3,3,1,3,0.12
Public Method,"org.apache.commons.math3.linear.Array2DRowRealMatrixTest.testGetColumnMatrix",,,,,,,,,,,,,,21,19,15,4,1,12,3,3,2,,,,0,,,,,,,,,,,,,3,0,4,2,4,9,4,8,3,1,,,0,1,,3,3,1,3,0.11
Public Method,"org.apache.commons.math3.linear.Array2DRowRealMatrixTest.testGetColumnVector",,,,,,,,,,,,,,19,17,13,5,1,12,3,3,2,,,,0,,,,,,,,,,,,,3,0,4,2,4,9,4,8,3,1,,,0,1,,3,3,1,3,0.12
Public Method,"org.apache.commons.math3.linear.Array2DRowRealMatrixTest.testGetEntry",,,,,,,,,,,,,,10,9,6,4,0,6,2,2,1,,,,0,,,,,,,,,,,,,2,0,2,1,2,4,2,4,2,1,,,0,1,,2,2,1,2,0.11
Public Method,"org.apache.commons.math3.linear.Array2DRowRealMatrixTest.testGetRow",,,,,,,,,,,,,,17,15,11,4,1,10,3,3,2,,,,0,,,,,,,,,,,,,3,0,2,2,4,7,2,8,3,1,,,0,1,,3,3,1,3,0.13
Public Method,"org.apache.commons.math3.linear.Array2DRowRealMatrixTest.testGetRowMatrix",,,,,,,,,,,,,,21,19,15,4,1,12,3,3,2,,,,0,,,,,,,,,,,,,3,0,4,2,4,9,4,8,3,1,,,0,1,,3,3,1,3,0.11
Public Method,"org.apache.commons.math3.linear.Array2DRowRealMatrixTest.testGetRowVector",,,,,,,,,,,,,,19,17,13,5,1,12,3,3,2,,,,0,,,,,,,,,,,,,3,0,4,2,4,9,4,8,3,1,,,0,1,,3,3,1,3,0.12
Public Method,"org.apache.commons.math3.linear.Array2DRowRealMatrixTest.testGetSubMatrix",,,,,,,,,,,,,,18,18,16,3,0,17,1,1,0,,,,0,,,,,,,,,,,,,9,0,2,0,1,16,2,15,1,1,,,0,0,,1,1,1,1,0.00
Public Method,"org.apache.commons.math3.linear.Array2DRowRealMatrixTest.testGetVectors",,,,,,,,,,,,,,17,15,11,5,1,10,3,3,2,,,,0,,,,,,,,,,,,,4,0,2,2,4,7,2,8,3,1,,,0,1,,3,3,1,3,0.13
Public Method,"org.apache.commons.math3.linear.Array2DRowRealMatrixTest.testMath209",,,,,,,,,,,,,,11,10,8,4,0,7,1,1,0,,,,0,,,,,,,,,,,,,1,0,4,1,1,6,3,4,1,1,,,0,0,,1,1,1,1,0.10
Public Method,"org.apache.commons.math3.linear.Array2DRowRealMatrixTest.testMultiply",,,,,,,,,,,,,,23,21,18,4,0,13,2,2,1,,,,0,,,,,,,,,,,,,6,0,5,2,2,11,5,8,2,1,,,0,1,,2,2,1,2,0.10
Public Method,"org.apache.commons.math3.linear.Array2DRowRealMatrixTest.testMultiply2",,,,,,,,,,,,,,6,6,4,3,0,5,1,1,0,,,,0,,,,,,,,,,,,,4,0,4,0,1,4,4,1,1,1,,,0,0,,1,1,1,1,0.00
Public Method,"org.apache.commons.math3.linear.Array2DRowRealMatrixTest.testNorm",,,,,,,,,,,,,,7,6,4,3,0,5,1,1,0,,,,0,,,,,,,,,,,,,3,0,3,1,1,4,3,2,1,1,,,0,0,,1,1,1,1,0.17
Public Method,"org.apache.commons.math3.linear.Array2DRowRealMatrixTest.testOperate",,,,,,,,,,,,,,15,13,10,7,0,8,2,2,1,,,,0,,,,,,,,,,,,,4,0,2,2,2,6,2,6,2,1,,,0,1,,2,2,1,2,0.15
Public Method,"org.apache.commons.math3.linear.Array2DRowRealMatrixTest.testPlusMinus",,,,,,,,,,,,,,13,11,8,6,0,7,2,2,1,,,,0,,,,,,,,,,,,,4,0,3,2,2,5,3,4,2,1,,,0,1,,2,2,1,2,0.18
Public Method,"org.apache.commons.math3.linear.Array2DRowRealMatrixTest.testPower",,,,,,,,,,,,,,52,43,38,6,1,30,4,4,2,,,,0,,,,,,,,,,,,,6,7,9,2,8,26,10,20,4,1,,,0,1,,4,4,1,4,0.05
Public Method,"org.apache.commons.math3.linear.Array2DRowRealMatrixTest.testPremultiply",,,,,,,,,,,,,,24,22,19,5,0,15,2,2,1,,,,0,,,,,,,,,,,,,8,1,7,1,2,13,7,8,2,1,,,0,1,,2,2,1,2,0.05
Public Method,"org.apache.commons.math3.linear.Array2DRowRealMatrixTest.testPremultiplyVector",,,,,,,,,,,,,,15,13,10,6,0,8,2,2,1,,,,0,,,,,,,,,,,,,5,0,2,2,2,6,2,6,2,1,,,0,1,,2,2,1,2,0.15
Public Method,"org.apache.commons.math3.linear.Array2DRowRealMatrixTest.testScalarAdd",,,,,,,,,,,,,,6,5,3,3,0,3,1,1,0,,,,0,,,,,,,,,,,,,3,0,2,1,1,2,2,1,1,1,,,0,0,,1,1,1,1,0.20
Public Method,"org.apache.commons.math3.linear.Array2DRowRealMatrixTest.testSerial",,,,,,,,,,,,,,4,4,2,3,0,3,1,1,0,,,,0,,,,,,,,,,,,,1,0,2,0,1,2,2,1,1,1,,,0,0,,1,1,1,1,0.00
Public Method,"org.apache.commons.math3.linear.Array2DRowRealMatrixTest.testSetColumn",,,,,,,,,,,,,,19,17,13,7,1,12,3,3,2,,,,0,,,,,,,,,,,,,2,0,3,2,4,9,3,9,3,1,,,0,1,,3,3,1,3,0.12
Public Method,"org.apache.commons.math3.linear.Array2DRowRealMatrixTest.testSetColumnMatrix",,,,,,,,,,,,,,19,17,13,6,1,12,3,3,2,,,,0,,,,,,,,,,,,,2,0,3,2,4,9,3,9,3,1,,,0,1,,3,3,1,3,0.12
Public Method,"org.apache.commons.math3.linear.Array2DRowRealMatrixTest.testSetColumnVector",,,,,,,,,,,,,,19,17,13,8,1,12,3,3,2,,,,0,,,,,,,,,,,,,2,0,3,2,4,9,3,9,3,1,,,0,1,,3,3,1,3,0.12
Public Method,"org.apache.commons.math3.linear.Array2DRowRealMatrixTest.testSetRow",,,,,,,,,,,,,,18,16,12,6,1,11,3,3,2,,,,0,,,,,,,,,,,,,2,0,2,2,4,8,2,9,3,1,,,0,1,,3,3,1,3,0.12
Public Method,"org.apache.commons.math3.linear.Array2DRowRealMatrixTest.testSetRowMatrix",,,,,,,,,,,,,,19,17,13,6,1,12,3,3,2,,,,0,,,,,,,,,,,,,2,0,3,2,4,9,3,9,3,1,,,0,1,,3,3,1,3,0.12
Public Method,"org.apache.commons.math3.linear.Array2DRowRealMatrixTest.testSetRowVector",,,,,,,,,,,,,,19,17,13,9,1,12,3,3,2,,,,0,,,,,,,,,,,,,2,0,3,2,4,9,3,9,3,1,,,0,1,,3,3,1,3,0.12
Public Method,"org.apache.commons.math3.linear.Array2DRowRealMatrixTest.testSetSubMatrix",,,,,,,,,,,,,,75,56,46,6,2,36,9,9,8,,,,0,,,,,,,,,,,,,3,6,5,13,256,27,4,32,9,1,,,0,1,,9,9,1,9,0.23
Public Method,"org.apache.commons.math3.linear.Array2DRowRealMatrixTest.testToString",,,,,,,,,,,,,,8,8,6,4,0,5,1,1,0,,,,0,,,,,,,,,,,,,1,0,2,0,1,4,2,3,1,1,,,0,0,,1,1,1,1,0.00
Public Method,"org.apache.commons.math3.linear.Array2DRowRealMatrixTest.testTrace",,,,,,,,,,,,,,12,10,7,4,0,7,2,2,1,,,,0,,,,,,,,,,,,,3,0,2,2,2,5,2,5,2,1,,,0,1,,2,2,1,2,0.20
Public Method,"org.apache.commons.math3.linear.Array2DRowRealMatrixTest.testTranspose",,,,,,,,,,,,,,10,9,7,6,0,8,1,1,0,,,,0,,,,,,,,,,,,,4,0,5,1,1,7,5,3,1,1,,,0,0,,1,1,1,1,0.11
Public Method,"org.apache.commons.math3.linear.Array2DRowRealMatrixTest.testWalk",,,,,,,,,,,,,,84,76,66,16,2,83,9,9,0,,,,0,,,,,,,,,,,,,0,8,5,0,256,74,13,70,9,1,,,0,1,,9,9,1,9,0.00
Public Generic Class,"org.apache.commons.math3.linear.ArrayFieldVector",2,1,0,4,10,,1,,62,62,0,2,58,848,478,280,,,381,,,,7,7,1,,2,2,12,7,3,0,0,,,2,62,2,,66,97,306,,251,121,260,,,7,7,,3,52,131,136,68,131,0.64
Public Constructor,"org.apache.commons.math3.linear.ArrayFieldVector.ArrayFieldVector",,,,,,,,,,,,,,22,7,4,5,0,5,3,3,0,,,,0,,,,,,,,,,,,,26,0,1,15,2,3,1,4,3,1,,,0,1,,3,3,1,3,2.14
Public Constructor,"org.apache.commons.math3.linear.ArrayFieldVector.ArrayFieldVector",,,,,,,,,,,,,,31,10,6,7,1,7,4,4,0,,,,0,,,,,,,,,,,,,13,0,1,21,4,4,1,6,4,1,,,0,1,,4,4,1,4,2.10
Public Constructor,"org.apache.commons.math3.linear.ArrayFieldVector.ArrayFieldVector",,,,,,,,,,,,,,13,3,1,2,0,2,1,1,0,,,,0,,,,,,,,,,,,,2,0,1,10,1,1,1,1,1,1,,,0,0,,1,1,1,1,3.33
Public Constructor,"org.apache.commons.math3.linear.ArrayFieldVector.ArrayFieldVector",,,,,,,,,,,,,,11,5,3,6,0,4,1,1,0,,,,0,,,,,,,,,,,,,11,0,1,6,1,3,1,3,1,1,,,0,0,,1,1,1,1,1.20
Public Constructor,"org.apache.commons.math3.linear.ArrayFieldVector.ArrayFieldVector",,,,,,,,,,,,,,10,4,2,4,0,3,1,1,0,,,,0,,,,,,,,,,,,,6,0,1,6,1,2,1,2,1,1,,,0,0,,1,1,1,1,1.50
Public Constructor,"org.apache.commons.math3.linear.ArrayFieldVector.ArrayFieldVector",,,,,,,,,,,,,,23,11,7,7,1,7,3,3,1,,,,0,,,,,,,,,,,,,20,0,1,12,4,4,1,6,3,1,,,0,1,,3,3,1,3,1.09
Public Constructor,"org.apache.commons.math3.linear.ArrayFieldVector.ArrayFieldVector",,,,,,,,,,,,,,15,7,4,5,0,5,2,2,0,,,,0,,,,,,,,,,,,,5,0,1,8,2,3,1,4,2,1,,,0,1,,2,2,1,2,1.14
Public Constructor,"org.apache.commons.math3.linear.ArrayFieldVector.ArrayFieldVector",,,,,,,,,,,,,,21,11,7,8,1,8,3,3,0,,,,0,,,,,,,,,,,,,6,0,1,10,4,5,1,7,3,1,,,0,1,,3,3,1,3,0.91
Public Constructor,"org.apache.commons.math3.linear.ArrayFieldVector.ArrayFieldVector",,,,,,,,,,,,,,22,11,7,7,1,8,3,3,0,,,,0,,,,,,,,,,,,,7,0,1,11,4,5,1,7,3,1,,,0,1,,3,3,1,3,1.00
Public Constructor,"org.apache.commons.math3.linear.ArrayFieldVector.ArrayFieldVector",,,,,,,,,,,,,,16,10,6,8,1,9,3,3,0,,,,0,,,,,,,,,,,,,5,0,1,6,4,6,2,7,3,1,,,0,1,,3,3,1,3,0.60
Public Constructor,"org.apache.commons.math3.linear.ArrayFieldVector.ArrayFieldVector",,,,,,,,,,,,,,13,7,4,6,0,5,2,2,0,,,,0,,,,,,,,,,,,,3,0,1,6,2,3,1,4,2,1,,,0,1,,2,2,1,2,0.86
Public Constructor,"org.apache.commons.math3.linear.ArrayFieldVector.ArrayFieldVector",,,,,,,,,,,,,,15,7,4,6,0,5,3,3,0,,,,0,,,,,,,,,,,,,5,0,1,8,2,3,1,4,3,1,,,0,1,,3,3,1,3,1.14
Public Constructor,"org.apache.commons.math3.linear.ArrayFieldVector.ArrayFieldVector",,,,,,,,,,,,,,18,10,7,7,0,7,2,3,0,,,,0,,,,,,,,,,,,,7,0,1,8,2,5,1,6,2,1,,,0,1,,2,3,1,2,0.80
Public Constructor,"org.apache.commons.math3.linear.ArrayFieldVector.ArrayFieldVector",,,,,,,,,,,,,,18,10,7,7,0,7,2,3,0,,,,0,,,,,,,,,,,,,4,0,1,8,2,5,1,6,2,1,,,0,1,,2,3,1,2,0.80
Public Constructor,"org.apache.commons.math3.linear.ArrayFieldVector.ArrayFieldVector",,,,,,,,,,,,,,18,10,7,7,0,7,2,3,0,,,,0,,,,,,,,,,,,,4,0,1,8,2,5,1,6,2,1,,,0,1,,2,3,1,2,0.80
Public Constructor,"org.apache.commons.math3.linear.ArrayFieldVector.ArrayFieldVector",,,,,,,,,,,,,,28,13,9,8,1,9,3,4,0,,,,0,,,,,,,,,,,,,5,0,1,15,4,6,1,8,3,1,,,0,1,,3,4,1,3,1.15
Public Constructor,"org.apache.commons.math3.linear.ArrayFieldVector.ArrayFieldVector",,,,,,,,,,,,,,20,9,6,6,0,7,2,2,0,,,,0,,,,,,,,,,,,,6,0,1,11,2,5,1,6,2,1,,,0,1,,2,2,1,2,1.22
TypeVariable,"org.apache.commons.math3.linear.ArrayFieldVector.T",0,0,0,0,0,,0,,0,0,0,0,0,0,0,0,,,0,,,,0,0,1,,0,0,0,0,2,0,0,,,0,0,0,,0,0,0,,0,0,0,,,0,0,,0,0,0,0,0,0,0.00
Public Method,"org.apache.commons.math3.linear.ArrayFieldVector.add",,,,,,,,,,,,,,13,12,8,7,0,10,3,3,1,,,,0,,,,,,,,,,,,,5,0,2,1,3,7,3,7,3,1,,,0,2,,3,3,1,3,0.08
Public Method,"org.apache.commons.math3.linear.ArrayFieldVector.add",,,,,,,,,,,,,,14,8,5,5,0,8,2,2,0,,,,0,,,,,,,,,,,,,6,0,2,6,2,6,3,5,2,1,,,0,1,,2,2,1,2,0.75
Public Method,"org.apache.commons.math3.linear.ArrayFieldVector.append",,,,,,,,,,,,,,8,7,4,4,0,4,2,2,1,,,,0,,,,,,,,,,,,,2,0,1,1,2,2,1,3,2,1,,,0,1,,2,2,1,2,0.14
Public Method,"org.apache.commons.math3.linear.ArrayFieldVector.append",,,,,,,,,,,,,,8,3,1,2,0,2,1,1,0,,,,0,,,,,,,,,,,,,3,0,1,5,1,1,1,1,1,1,,,0,0,,1,1,1,1,1.67
Public Method,"org.apache.commons.math3.linear.ArrayFieldVector.append",,,,,,,,,,,,,,7,6,4,4,0,5,1,1,0,,,,0,,,,,,,,,,,,,5,0,2,1,1,4,2,3,1,1,,,0,0,,1,1,1,1,0.17
Private Method,"org.apache.commons.math3.linear.ArrayFieldVector.buildArray",,,,,,,,,,,,,,9,3,1,3,0,2,1,1,0,,,,0,,,,,,,,,,,,,25,0,1,6,1,1,1,1,1,1,,,0,0,,1,1,1,1,2.00
Private Method,"org.apache.commons.math3.linear.ArrayFieldVector.checkIndex",,,,,,,,,,,,,,12,6,3,2,0,3,2,3,0,,,,0,,,,,,,,,,,,,6,0,1,6,2,1,1,2,2,1,,,0,1,,2,3,1,2,1.00
Protected Method,"org.apache.commons.math3.linear.ArrayFieldVector.checkVectorDimensions",,,,,,,,,,,,,,9,3,1,2,0,2,1,1,0,,,,0,,,,,,,,,,,,,7,0,1,6,1,1,1,1,1,1,,,0,0,,1,1,1,1,2.00
Protected Method,"org.apache.commons.math3.linear.ArrayFieldVector.checkVectorDimensions",,,,,,,,,,,,,,12,5,2,1,0,3,2,2,0,,,,0,,,,,,,,,,,,,10,0,1,7,2,1,1,2,2,1,,,0,1,,2,2,1,2,1.40
Public Method,"org.apache.commons.math3.linear.ArrayFieldVector.copy",,,,,,,,,,,,,,4,3,1,2,0,2,1,1,0,,,,0,,,,,,,,,,,,,2,0,1,1,1,1,1,1,1,1,,,0,0,,1,1,1,1,0.33
Public Method,"org.apache.commons.math3.linear.ArrayFieldVector.dotProduct",,,,,,,,,,,,,,13,12,8,7,0,10,3,3,1,,,,0,,,,,,,,,,,,,6,0,2,1,3,7,3,7,3,1,,,0,2,,3,3,1,3,0.08
Public Method,"org.apache.commons.math3.linear.ArrayFieldVector.dotProduct",,,,,,,,,,,,,,14,8,5,5,0,8,2,2,0,,,,0,,,,,,,,,,,,,7,0,2,6,2,6,3,5,2,1,,,0,1,,2,2,1,2,0.75
Public Method,"org.apache.commons.math3.linear.ArrayFieldVector.ebeDivide",,,,,,,,,,,,,,13,12,8,7,0,10,3,3,1,,,,0,,,,,,,,,,,,,5,0,2,1,3,7,3,7,3,1,,,0,2,,3,3,1,3,0.08
Public Method,"org.apache.commons.math3.linear.ArrayFieldVector.ebeDivide",,,,,,,,,,,,,,14,8,5,5,0,8,2,2,0,,,,0,,,,,,,,,,,,,6,0,2,6,2,6,3,5,2,1,,,0,1,,2,2,1,2,0.75
Public Method,"org.apache.commons.math3.linear.ArrayFieldVector.ebeMultiply",,,,,,,,,,,,,,13,12,8,7,0,10,3,3,1,,,,0,,,,,,,,,,,,,5,0,2,1,3,7,3,7,3,1,,,0,2,,3,3,1,3,0.08
Public Method,"org.apache.commons.math3.linear.ArrayFieldVector.ebeMultiply",,,,,,,,,,,,,,14,8,5,5,0,8,2,2,0,,,,0,,,,,,,,,,,,,6,0,2,6,2,6,3,5,2,1,,,0,1,,2,2,1,2,0.75
Public Method,"org.apache.commons.math3.linear.ArrayFieldVector.equals",,,,,,,,,,,,,,33,23,14,4,1,16,7,7,9,,,,9,,,,,,,,,,,,,3,2,3,9,7,9,3,13,7,7,,,9,3,,7,7,7,7,0.39
Public Method,"org.apache.commons.math3.linear.ArrayFieldVector.getData",,,,,,,,,,,,,,4,3,1,2,0,2,1,1,0,,,,0,,,,,,,,,,,,,5,0,1,1,1,1,1,1,1,1,,,0,0,,1,1,1,1,0.33
Public Method,"org.apache.commons.math3.linear.ArrayFieldVector.getDataRef",,,,,,,,,,,,,,8,3,1,1,0,2,1,1,0,,,,0,,,,,,,,,,,,,7,0,1,5,1,1,1,1,1,1,,,0,0,,1,1,1,1,1.67
Public Method,"org.apache.commons.math3.linear.ArrayFieldVector.getDimension",,,,,,,,,,,,,,4,3,1,1,0,2,1,1,0,,,,0,,,,,,,,,,,,,6,0,1,1,1,1,1,1,1,1,,,0,0,,1,1,1,1,0.33
Public Method,"org.apache.commons.math3.linear.ArrayFieldVector.getEntry",,,,,,,,,,,,,,4,3,1,1,0,2,1,1,0,,,,0,,,,,,,,,,,,,5,0,1,1,1,1,1,1,1,1,,,0,0,,1,1,1,1,0.33
Public Method,"org.apache.commons.math3.linear.ArrayFieldVector.getField",,,,,,,,,,,,,,4,3,1,1,0,2,1,1,0,,,,0,,,,,,,,,,,,,6,0,1,1,1,1,1,1,1,1,,,0,0,,1,1,1,1,0.33
Public Method,"org.apache.commons.math3.linear.ArrayFieldVector.getSubVector",,,,,,,,,,,,,,11,10,7,4,0,7,2,2,1,,,,0,,,,,,,,,,,,,5,0,2,1,2,5,2,5,2,1,,,0,1,,2,2,1,2,0.10
Public Method,"org.apache.commons.math3.linear.ArrayFieldVector.hashCode",,,,,,,,,,,,,,12,7,4,2,0,6,2,2,0,,,,0,,,,,,,,,,,,,1,0,2,5,2,3,3,3,2,1,,,0,1,,2,2,1,2,0.71
Public Method,"org.apache.commons.math3.linear.ArrayFieldVector.mapAdd",,,,,,,,,,,,,,8,7,4,4,0,7,2,2,0,,,,0,,,,,,,,,,,,,5,0,2,1,2,5,3,4,2,1,,,0,1,,2,2,1,2,0.14
Public Method,"org.apache.commons.math3.linear.ArrayFieldVector.mapAddToSelf",,,,,,,,,,,,,,7,6,3,3,0,6,2,2,0,,,,0,,,,,,,,,,,,,3,0,1,1,2,4,2,4,2,1,,,0,1,,2,2,1,2,0.17
Public Method,"org.apache.commons.math3.linear.ArrayFieldVector.mapDivide",,,,,,,,,,,,,,8,7,4,4,0,7,2,2,0,,,,0,,,,,,,,,,,,,5,0,2,1,2,5,3,4,2,1,,,0,1,,2,2,1,2,0.14
Public Method,"org.apache.commons.math3.linear.ArrayFieldVector.mapDivideToSelf",,,,,,,,,,,,,,7,6,3,3,0,6,2,2,0,,,,0,,,,,,,,,,,,,3,0,1,1,2,4,2,4,2,1,,,0,1,,2,2,1,2,0.17
Public Method,"org.apache.commons.math3.linear.ArrayFieldVector.mapInv",,,,,,,,,,,,,,9,8,5,5,0,8,2,2,0,,,,0,,,,,,,,,,,,,4,0,3,1,2,6,4,4,2,1,,,0,1,,2,2,1,2,0.12
Public Method,"org.apache.commons.math3.linear.ArrayFieldVector.mapInvToSelf",,,,,,,,,,,,,,8,7,4,4,0,7,2,2,0,,,,0,,,,,,,,,,,,,3,0,2,1,2,5,3,4,2,1,,,0,1,,2,2,1,2,0.14
Public Method,"org.apache.commons.math3.linear.ArrayFieldVector.mapMultiply",,,,,,,,,,,,,,8,7,4,4,0,7,2,2,0,,,,0,,,,,,,,,,,,,6,0,2,1,2,5,3,4,2,1,,,0,1,,2,2,1,2,0.14
Public Method,"org.apache.commons.math3.linear.ArrayFieldVector.mapMultiplyToSelf",,,,,,,,,,,,,,7,6,3,3,0,6,2,2,0,,,,0,,,,,,,,,,,,,3,0,1,1,2,4,2,4,2,1,,,0,1,,2,2,1,2,0.17
Public Method,"org.apache.commons.math3.linear.ArrayFieldVector.mapSubtract",,,,,,,,,,,,,,8,7,4,4,0,7,2,2,0,,,,0,,,,,,,,,,,,,5,0,2,1,2,5,3,4,2,1,,,0,1,,2,2,1,2,0.14
Public Method,"org.apache.commons.math3.linear.ArrayFieldVector.mapSubtractToSelf",,,,,,,,,,,,,,7,6,3,3,0,6,2,2,0,,,,0,,,,,,,,,,,,,3,0,1,1,2,4,2,4,2,1,,,0,1,,2,2,1,2,0.17
Public Method,"org.apache.commons.math3.linear.ArrayFieldVector.outerProduct",,,,,,,,,,,,,,16,15,10,7,1,14,4,4,1,,,,0,,,,,,,,,,,,,5,0,4,1,4,10,6,8,4,1,,,0,3,,4,4,1,4,0.07
Public Method,"org.apache.commons.math3.linear.ArrayFieldVector.outerProduct",,,,,,,,,,,,,,17,11,7,4,0,12,3,3,0,,,,0,,,,,,,,,,,,,7,0,4,6,3,9,6,6,3,1,,,0,2,,3,3,1,3,0.55
Public Method,"org.apache.commons.math3.linear.ArrayFieldVector.projection",,,,,,,,,,,,,,4,3,1,5,0,2,1,1,0,,,,0,,,,,,,,,,,,,2,0,1,1,1,1,1,1,1,1,,,0,0,,1,1,1,1,0.33
Public Method,"org.apache.commons.math3.linear.ArrayFieldVector.projection",,,,,,,,,,,,,,8,3,1,4,0,2,1,1,0,,,,0,,,,,,,,,,,,,2,0,1,5,1,1,1,1,1,1,,,0,0,,1,1,1,1,1.67
Public Method,"org.apache.commons.math3.linear.ArrayFieldVector.set",,,,,,,,,,,,,,16,8,5,2,0,5,2,2,1,,,,0,,,,,,,,,,,,,6,0,1,8,2,3,1,4,2,1,,,0,1,,2,2,1,2,1.00
Public Method,"org.apache.commons.math3.linear.ArrayFieldVector.set",,,,,,,,,,,,,,4,3,1,1,0,2,1,1,0,,,,0,,,,,,,,,,,,,3,0,1,1,1,1,1,1,1,1,,,0,0,,1,1,1,1,0.33
Public Method,"org.apache.commons.math3.linear.ArrayFieldVector.setEntry",,,,,,,,,,,,,,8,7,4,2,0,4,2,2,1,,,,0,,,,,,,,,,,,,3,0,1,1,2,2,1,3,2,1,,,0,1,,2,2,1,2,0.14
Public Method,"org.apache.commons.math3.linear.ArrayFieldVector.setSubVector",,,,,,,,,,,,,,15,14,9,5,1,10,4,4,2,,,,0,,,,,,,,,,,,,3,0,1,1,4,6,2,8,4,1,,,0,3,,4,4,1,4,0.07
Public Method,"org.apache.commons.math3.linear.ArrayFieldVector.subtract",,,,,,,,,,,,,,13,12,8,7,0,10,3,3,1,,,,0,,,,,,,,,,,,,5,0,2,1,3,7,3,7,3,1,,,0,2,,3,3,1,3,0.08
Public Method,"org.apache.commons.math3.linear.ArrayFieldVector.subtract",,,,,,,,,,,,,,14,8,5,5,0,8,2,2,0,,,,0,,,,,,,,,,,,,6,0,2,6,2,6,3,5,2,1,,,0,1,,2,2,1,2,0.75
Public Method,"org.apache.commons.math3.linear.ArrayFieldVector.toArray",,,,,,,,,,,,,,4,3,1,2,0,2,1,1,0,,,,0,,,,,,,,,,,,,2,0,1,1,1,1,1,1,1,1,,,0,0,,1,1,1,1,0.33
Public Class,"org.apache.commons.math3.linear.ArrayFieldVectorTest",2,1,7,4,9,,0,,9,9,0,0,8,629,450,310,,,346,,,,6,1,1,,2,2,42,30,1,0,0,,,8,9,1,,126,180,54,,276,158,188,,,6,6,,1,81,24,24,9,24,0.12
Public Static Generic Class,"org.apache.commons.math3.linear.ArrayFieldVectorTest.FieldVectorTestImpl",1,1,0,0,3,,1,,41,41,0,2,39,193,143,52,,,102,,,,2,1,1,,1,1,3,3,3,0,0,,,2,41,0,,45,50,6,,57,51,51,,,2,2,,1,90,44,44,41,44,0.04
Public Constructor,"org.apache.commons.math3.linear.ArrayFieldVectorTest.FieldVectorTestImpl.FieldVectorTestImpl",,,,,,,,,,,,,,4,4,2,5,0,3,1,1,0,,,,0,,,,,,,,,,,,,5,0,1,0,1,2,1,2,1,1,,,0,0,,1,1,1,1,0.00
TypeVariable,"org.apache.commons.math3.linear.ArrayFieldVectorTest.FieldVectorTestImpl.T",0,0,0,0,0,,0,,0,0,0,0,0,0,0,0,,,0,,,,0,0,1,,0,0,0,0,2,0,0,,,0,0,0,,0,0,0,,0,0,0,,,0,0,,0,0,0,0,0,0,0.00
Public Method,"org.apache.commons.math3.linear.ArrayFieldVectorTest.FieldVectorTestImpl.add",,,,,,,,,,,,,,3,3,1,2,0,2,1,1,0,,,,0,,,,,,,,,,,,,0,0,1,0,1,1,1,1,1,1,,,0,0,,1,1,1,1,0.00
Public Method,"org.apache.commons.math3.linear.ArrayFieldVectorTest.FieldVectorTestImpl.add",,,,,,,,,,,,,,3,3,1,2,0,2,1,1,0,,,,0,,,,,,,,,,,,,0,0,1,0,1,1,1,1,1,1,,,0,0,,1,1,1,1,0.00
Public Method,"org.apache.commons.math3.linear.ArrayFieldVectorTest.FieldVectorTestImpl.append",,,,,,,,,,,,,,3,3,1,2,0,2,1,1,0,,,,0,,,,,,,,,,,,,0,0,1,0,1,1,1,1,1,1,,,0,0,,1,1,1,1,0.00
Public Method,"org.apache.commons.math3.linear.ArrayFieldVectorTest.FieldVectorTestImpl.append",,,,,,,,,,,,,,3,3,1,2,0,2,1,1,0,,,,0,,,,,,,,,,,,,0,0,1,0,1,1,1,1,1,1,,,0,0,,1,1,1,1,0.00
Public Method,"org.apache.commons.math3.linear.ArrayFieldVectorTest.FieldVectorTestImpl.append",,,,,,,,,,,,,,3,3,1,2,0,2,1,1,0,,,,0,,,,,,,,,,,,,0,0,1,0,1,1,1,1,1,1,,,0,0,,1,1,1,1,0.00
Private Method,"org.apache.commons.math3.linear.ArrayFieldVectorTest.FieldVectorTestImpl.buildArray",,,,,,,,,,,,,,7,3,1,3,0,2,1,1,0,,,,0,,,,,,,,,,,,,3,0,1,4,1,1,1,1,1,1,,,0,0,,1,1,1,1,1.33
Public Method,"org.apache.commons.math3.linear.ArrayFieldVectorTest.FieldVectorTestImpl.copy",,,,,,,,,,,,,,3,3,1,2,0,2,1,1,0,,,,0,,,,,,,,,,,,,0,0,1,0,1,1,1,1,1,1,,,0,0,,1,1,1,1,0.00
Public Method,"org.apache.commons.math3.linear.ArrayFieldVectorTest.FieldVectorTestImpl.dotProduct",,,,,,,,,,,,,,7,7,4,5,0,7,2,2,0,,,,0,,,,,,,,,,,,,4,0,2,0,2,5,3,4,2,1,,,0,1,,2,2,1,2,0.00
Public Method,"org.apache.commons.math3.linear.ArrayFieldVectorTest.FieldVectorTestImpl.dotProduct",,,,,,,,,,,,,,7,7,4,4,0,7,2,2,0,,,,0,,,,,,,,,,,,,4,0,2,0,2,5,3,4,2,1,,,0,1,,2,2,1,2,0.00
Public Method,"org.apache.commons.math3.linear.ArrayFieldVectorTest.FieldVectorTestImpl.ebeDivide",,,,,,,,,,,,,,3,3,1,2,0,2,1,1,0,,,,0,,,,,,,,,,,,,0,0,1,0,1,1,1,1,1,1,,,0,0,,1,1,1,1,0.00
Public Method,"org.apache.commons.math3.linear.ArrayFieldVectorTest.FieldVectorTestImpl.ebeDivide",,,,,,,,,,,,,,3,3,1,2,0,2,1,1,0,,,,0,,,,,,,,,,,,,0,0,1,0,1,1,1,1,1,1,,,0,0,,1,1,1,1,0.00
Public Method,"org.apache.commons.math3.linear.ArrayFieldVectorTest.FieldVectorTestImpl.ebeMultiply",,,,,,,,,,,,,,3,3,1,2,0,2,1,1,0,,,,0,,,,,,,,,,,,,0,0,1,0,1,1,1,1,1,1,,,0,0,,1,1,1,1,0.00
Public Method,"org.apache.commons.math3.linear.ArrayFieldVectorTest.FieldVectorTestImpl.ebeMultiply",,,,,,,,,,,,,,3,3,1,2,0,2,1,1,0,,,,0,,,,,,,,,,,,,0,0,1,0,1,1,1,1,1,1,,,0,0,,1,1,1,1,0.00
Public Method,"org.apache.commons.math3.linear.ArrayFieldVectorTest.FieldVectorTestImpl.getData",,,,,,,,,,,,,,3,3,1,2,0,2,1,1,0,,,,0,,,,,,,,,,,,,1,0,1,0,1,1,1,1,1,1,,,0,0,,1,1,1,1,0.00
Public Method,"org.apache.commons.math3.linear.ArrayFieldVectorTest.FieldVectorTestImpl.getDimension",,,,,,,,,,,,,,3,3,1,1,0,2,1,1,0,,,,0,,,,,,,,,,,,,2,0,1,0,1,1,1,1,1,1,,,0,0,,1,1,1,1,0.00
Public Method,"org.apache.commons.math3.linear.ArrayFieldVectorTest.FieldVectorTestImpl.getEntry",,,,,,,,,,,,,,3,3,1,1,0,2,1,1,0,,,,0,,,,,,,,,,,,,2,0,1,0,1,1,1,1,1,1,,,0,0,,1,1,1,1,0.00
Public Method,"org.apache.commons.math3.linear.ArrayFieldVectorTest.FieldVectorTestImpl.getField",,,,,,,,,,,,,,3,3,1,1,0,2,1,1,0,,,,0,,,,,,,,,,,,,1,0,1,0,1,1,1,1,1,1,,,0,0,,1,1,1,1,0.00
Public Method,"org.apache.commons.math3.linear.ArrayFieldVectorTest.FieldVectorTestImpl.getSubVector",,,,,,,,,,,,,,3,3,1,2,0,2,1,1,0,,,,0,,,,,,,,,,,,,0,0,1,0,1,1,1,1,1,1,,,0,0,,1,1,1,1,0.00
Public Method,"org.apache.commons.math3.linear.ArrayFieldVectorTest.FieldVectorTestImpl.mapAdd",,,,,,,,,,,,,,3,3,1,2,0,2,1,1,0,,,,0,,,,,,,,,,,,,0,0,1,0,1,1,1,1,1,1,,,0,0,,1,1,1,1,0.00
Public Method,"org.apache.commons.math3.linear.ArrayFieldVectorTest.FieldVectorTestImpl.mapAddToSelf",,,,,,,,,,,,,,3,3,1,2,0,2,1,1,0,,,,0,,,,,,,,,,,,,0,0,1,0,1,1,1,1,1,1,,,0,0,,1,1,1,1,0.00
Public Method,"org.apache.commons.math3.linear.ArrayFieldVectorTest.FieldVectorTestImpl.mapDivide",,,,,,,,,,,,,,3,3,1,2,0,2,1,1,0,,,,0,,,,,,,,,,,,,0,0,1,0,1,1,1,1,1,1,,,0,0,,1,1,1,1,0.00
Public Method,"org.apache.commons.math3.linear.ArrayFieldVectorTest.FieldVectorTestImpl.mapDivideToSelf",,,,,,,,,,,,,,3,3,1,2,0,2,1,1,0,,,,0,,,,,,,,,,,,,0,0,1,0,1,1,1,1,1,1,,,0,0,,1,1,1,1,0.00
Public Method,"org.apache.commons.math3.linear.ArrayFieldVectorTest.FieldVectorTestImpl.mapInv",,,,,,,,,,,,,,3,3,1,2,0,2,1,1,0,,,,0,,,,,,,,,,,,,0,0,1,0,1,1,1,1,1,1,,,0,0,,1,1,1,1,0.00
Public Method,"org.apache.commons.math3.linear.ArrayFieldVectorTest.FieldVectorTestImpl.mapInvToSelf",,,,,,,,,,,,,,3,3,1,2,0,2,1,1,0,,,,0,,,,,,,,,,,,,0,0,1,0,1,1,1,1,1,1,,,0,0,,1,1,1,1,0.00
Public Method,"org.apache.commons.math3.linear.ArrayFieldVectorTest.FieldVectorTestImpl.mapMultiply",,,,,,,,,,,,,,7,7,4,4,0,7,2,2,0,,,,0,,,,,,,,,,,,,3,0,2,0,2,5,3,4,2,1,,,0,1,,2,2,1,2,0.00
Public Method,"org.apache.commons.math3.linear.ArrayFieldVectorTest.FieldVectorTestImpl.mapMultiplyToSelf",,,,,,,,,,,,,,3,3,1,2,0,2,1,1,0,,,,0,,,,,,,,,,,,,0,0,1,0,1,1,1,1,1,1,,,0,0,,1,1,1,1,0.00
Public Method,"org.apache.commons.math3.linear.ArrayFieldVectorTest.FieldVectorTestImpl.mapSubtract",,,,,,,,,,,,,,3,3,1,2,0,2,1,1,0,,,,0,,,,,,,,,,,,,0,0,1,0,1,1,1,1,1,1,,,0,0,,1,1,1,1,0.00
Public Method,"org.apache.commons.math3.linear.ArrayFieldVectorTest.FieldVectorTestImpl.mapSubtractToSelf",,,,,,,,,,,,,,3,3,1,2,0,2,1,1,0,,,,0,,,,,,,,,,,,,0,0,1,0,1,1,1,1,1,1,,,0,0,,1,1,1,1,0.00
Public Method,"org.apache.commons.math3.linear.ArrayFieldVectorTest.FieldVectorTestImpl.outerProduct",,,,,,,,,,,,,,3,3,1,2,0,2,1,1,0,,,,0,,,,,,,,,,,,,0,0,1,0,1,1,1,1,1,1,,,0,0,,1,1,1,1,0.00
Public Method,"org.apache.commons.math3.linear.ArrayFieldVectorTest.FieldVectorTestImpl.outerProduct",,,,,,,,,,,,,,3,3,1,2,0,2,1,1,0,,,,0,,,,,,,,,,,,,0,0,1,0,1,1,1,1,1,1,,,0,0,,1,1,1,1,0.00
Public Method,"org.apache.commons.math3.linear.ArrayFieldVectorTest.FieldVectorTestImpl.projection",,,,,,,,,,,,,,3,3,1,2,0,2,1,1,0,,,,0,,,,,,,,,,,,,0,0,1,0,1,1,1,1,1,1,,,0,0,,1,1,1,1,0.00
Public Method,"org.apache.commons.math3.linear.ArrayFieldVectorTest.FieldVectorTestImpl.projection",,,,,,,,,,,,,,3,3,1,2,0,2,1,1,0,,,,0,,,,,,,,,,,,,0,0,1,0,1,1,1,1,1,1,,,0,0,,1,1,1,1,0.00
Public Method,"org.apache.commons.math3.linear.ArrayFieldVectorTest.FieldVectorTestImpl.set",,,,,,,,,,,,,,3,3,1,1,0,2,1,1,0,,,,0,,,,,,,,,,,,,0,0,1,0,1,1,1,1,1,1,,,0,0,,1,1,1,1,0.00
Public Method,"org.apache.commons.math3.linear.ArrayFieldVectorTest.FieldVectorTestImpl.setEntry",,,,,,,,,,,,,,3,3,1,1,0,2,1,1,0,,,,0,,,,,,,,,,,,,0,0,1,0,1,1,1,1,1,1,,,0,0,,1,1,1,1,0.00
Public Method,"org.apache.commons.math3.linear.ArrayFieldVectorTest.FieldVectorTestImpl.setSubVector",,,,,,,,,,,,,,3,3,1,1,0,2,1,1,0,,,,0,,,,,,,,,,,,,0,0,1,0,1,1,1,1,1,1,,,0,0,,1,1,1,1,0.00
Public Method,"org.apache.commons.math3.linear.ArrayFieldVectorTest.FieldVectorTestImpl.setSubVector",,,,,,,,,,,,,,3,3,1,1,0,2,1,1,0,,,,0,,,,,,,,,,,,,0,0,1,0,1,1,1,1,1,1,,,0,0,,1,1,1,1,0.00
Public Method,"org.apache.commons.math3.linear.ArrayFieldVectorTest.FieldVectorTestImpl.subtract",,,,,,,,,,,,,,3,3,1,2,0,2,1,1,0,,,,0,,,,,,,,,,,,,0,0,1,0,1,1,1,1,1,1,,,0,0,,1,1,1,1,0.00
Public Method,"org.apache.commons.math3.linear.ArrayFieldVectorTest.FieldVectorTestImpl.subtract",,,,,,,,,,,,,,3,3,1,2,0,2,1,1,0,,,,0,,,,,,,,,,,,,0,0,1,0,1,1,1,1,1,1,,,0,0,,1,1,1,1,0.00
Public Method,"org.apache.commons.math3.linear.ArrayFieldVectorTest.FieldVectorTestImpl.toArray",,,,,,,,,,,,,,3,3,1,2,0,2,1,1,0,,,,0,,,,,,,,,,,,,0,0,1,0,1,1,1,1,1,1,,,0,0,,1,1,1,1,0.00
Private Method,"org.apache.commons.math3.linear.ArrayFieldVectorTest.FieldVectorTestImpl.unsupported",,,,,,,,,,,,,,3,3,1,1,0,2,1,1,0,,,,0,,,,,,,,,,,,,31,0,1,0,1,1,1,1,1,1,,,0,0,,1,1,1,1,0.00
Protected Method,"org.apache.commons.math3.linear.ArrayFieldVectorTest.checkArray",,,,,,,,,,,,,,9,8,4,2,1,7,3,3,0,,,,0,,,,,,,,,,,,,6,0,1,1,4,4,2,5,3,1,,,0,1,,3,3,1,3,0.12
Public Method,"org.apache.commons.math3.linear.ArrayFieldVectorTest.testBasicFunctions",,,,,,,,,,,,,,67,45,43,23,0,44,1,1,0,,,,0,,,,,,,,,,,,,3,16,29,6,1,43,29,15,1,1,,,0,0,,1,1,1,1,0.13
Public Method,"org.apache.commons.math3.linear.ArrayFieldVectorTest.testConstructors",,,,,,,,,,,,,,70,53,49,24,1,48,3,3,2,,,,0,,,,,,,,,,,,,3,15,15,2,4,45,15,33,3,1,,,0,1,,3,3,1,3,0.04
Public Method,"org.apache.commons.math3.linear.ArrayFieldVectorTest.testDataInOut",,,,,,,,,,,,,,94,68,61,22,2,57,6,6,5,,,,0,,,,,,,,,,,,,4,18,17,8,32,51,17,40,6,1,,,0,1,,6,6,1,6,0.12
Public Method,"org.apache.commons.math3.linear.ArrayFieldVectorTest.testMapFunctions",,,,,,,,,,,,,,59,38,36,16,0,37,1,1,0,,,,0,,,,,,,,,,,,,1,11,22,10,1,36,22,15,1,1,,,0,0,,1,1,1,1,0.26
Public Method,"org.apache.commons.math3.linear.ArrayFieldVectorTest.testMisc",,,,,,,,,,,,,,34,22,17,7,1,15,4,4,3,,,,0,,,,,,,,,,,,,2,4,5,8,8,11,5,10,4,1,,,0,1,,4,4,1,4,0.36
Public Method,"org.apache.commons.math3.linear.ArrayFieldVectorTest.testOuterProduct",,,,,,,,,,,,,,21,19,15,8,0,11,1,1,0,,,,0,,,,,,,,,,,,,0,2,9,0,1,10,5,6,1,1,,,0,0,,1,1,1,1,0.00
Public Method,"org.apache.commons.math3.linear.ArrayFieldVectorTest.testSerial",,,,,,,,,,,,,,4,4,2,3,0,3,1,1,0,,,,0,,,,,,,,,,,,,1,0,2,0,1,2,2,1,1,1,,,0,0,,1,1,1,1,0.00
Public Method,"org.apache.commons.math3.linear.ArrayFieldVectorTest.testZeroVectors",,,,,,,,,,,,,,28,20,15,8,1,13,4,4,3,,,,0,,,,,,,,,,,,,0,3,1,5,8,9,1,12,4,1,,,0,1,,4,4,1,4,0.25
Public Class,"org.apache.commons.math3.linear.ArrayRealVector",2,1,0,3,12,,2,,61,112,0,0,59,853,562,323,,,437,,,,7,7,2,,2,2,12,8,2,0,0,,,1,61,2,,68,176,223,,297,171,266,,,7,7,,3,72,136,136,72,136,0.40
Public Constructor,"org.apache.commons.math3.linear.ArrayRealVector.ArrayRealVector",,,,,,,,,,,,,,9,3,1,3,0,2,1,1,0,,,,0,,,,,,,,,,,,,75,0,1,6,1,1,1,1,1,1,,,0,0,,1,1,1,1,2.00
Public Constructor,"org.apache.commons.math3.linear.ArrayRealVector.ArrayRealVector",,,,,,,,,,,,,,20,6,3,4,0,4,3,3,0,,,,0,,,,,,,,,,,,,42,0,1,14,2,2,1,3,3,1,,,0,1,,3,3,1,3,2.33
Public Constructor,"org.apache.commons.math3.linear.ArrayRealVector.ArrayRealVector",,,,,,,,,,,,,,8,3,1,2,0,2,1,1,0,,,,0,,,,,,,,,,,,,67,0,1,5,1,1,1,1,1,1,,,0,0,,1,1,1,1,1.67
Public Constructor,"org.apache.commons.math3.linear.ArrayRealVector.ArrayRealVector",,,,,,,,,,,,,,11,3,1,2,0,2,1,1,0,,,,0,,,,,,,,,,,,,2,0,1,8,1,1,1,1,1,1,,,0,0,,1,1,1,1,2.67
Public Constructor,"org.apache.commons.math3.linear.ArrayRealVector.ArrayRealVector",,,,,,,,,,,,,,10,4,2,3,0,3,1,1,0,,,,0,,,,,,,,,,,,,6,0,1,6,1,2,1,2,1,1,,,0,0,,1,1,1,1,1.50
Public Constructor,"org.apache.commons.math3.linear.ArrayRealVector.ArrayRealVector",,,,,,,,,,,,,,20,10,6,5,1,7,3,3,0,,,,0,,,,,,,,,,,,,6,0,1,10,4,4,1,6,3,1,,,0,1,,3,3,1,3,1.00
Public Constructor,"org.apache.commons.math3.linear.ArrayRealVector.ArrayRealVector",,,,,,,,,,,,,,11,6,3,3,0,6,2,2,0,,,,0,,,,,,,,,,,,,3,0,1,5,2,4,2,4,2,1,,,0,1,,2,2,1,2,0.83
Public Constructor,"org.apache.commons.math3.linear.ArrayRealVector.ArrayRealVector",,,,,,,,,,,,,,22,12,7,5,1,10,4,4,0,,,,0,,,,,,,,,,,,,5,0,1,10,8,6,2,8,4,1,,,0,1,,4,4,1,4,0.83
Public Constructor,"org.apache.commons.math3.linear.ArrayRealVector.ArrayRealVector",,,,,,,,,,,,,,9,3,1,2,0,2,1,1,0,,,,0,,,,,,,,,,,,,2,0,1,6,1,1,1,1,1,1,,,0,0,,1,1,1,1,2.00
Public Constructor,"org.apache.commons.math3.linear.ArrayRealVector.ArrayRealVector",,,,,,,,,,,,,,15,9,5,5,1,8,3,3,0,,,,0,,,,,,,,,,,,,6,0,1,6,4,5,2,6,3,1,,,0,1,,3,3,1,3,0.67
Public Constructor,"org.apache.commons.math3.linear.ArrayRealVector.ArrayRealVector",,,,,,,,,,,,,,10,3,1,3,0,2,2,2,0,,,,0,,,,,,,,,,,,,6,0,1,7,1,1,1,1,2,1,,,0,0,,2,2,1,2,2.33
Public Constructor,"org.apache.commons.math3.linear.ArrayRealVector.ArrayRealVector",,,,,,,,,,,,,,10,5,3,3,0,4,1,1,0,,,,0,,,,,,,,,,,,,7,0,1,5,1,3,1,3,1,1,,,0,0,,1,1,1,1,1.00
Public Constructor,"org.apache.commons.math3.linear.ArrayRealVector.ArrayRealVector",,,,,,,,,,,,,,14,9,6,5,0,9,2,2,0,,,,0,,,,,,,,,,,,,6,0,3,5,2,7,4,5,2,1,,,0,1,,2,2,1,2,0.56
Public Constructor,"org.apache.commons.math3.linear.ArrayRealVector.ArrayRealVector",,,,,,,,,,,,,,14,9,6,5,0,9,2,2,0,,,,0,,,,,,,,,,,,,5,0,3,5,2,7,4,5,2,1,,,0,1,,2,2,1,2,0.56
Public Constructor,"org.apache.commons.math3.linear.ArrayRealVector.ArrayRealVector",,,,,,,,,,,,,,12,7,5,4,0,6,1,1,0,,,,0,,,,,,,,,,,,,5,0,3,5,1,5,3,3,1,1,,,0,0,,1,1,1,1,0.71
Public Constructor,"org.apache.commons.math3.linear.ArrayRealVector.ArrayRealVector",,,,,,,,,,,,,,12,7,5,4,0,6,1,1,0,,,,0,,,,,,,,,,,,,5,0,3,5,1,5,3,3,1,1,,,0,0,,1,1,1,1,0.71
Public Constructor,"org.apache.commons.math3.linear.ArrayRealVector.ArrayRealVector",,,,,,,,,,,,,,12,7,5,3,0,6,1,1,0,,,,0,,,,,,,,,,,,,5,0,3,5,1,5,3,3,1,1,,,0,0,,1,1,1,1,0.71
Public Method,"org.apache.commons.math3.linear.ArrayRealVector.add",,,,,,,,,,,,,,23,22,17,11,1,19,4,4,1,,,,0,,,,,,,,,,,,,4,0,8,1,4,15,9,10,4,1,,,0,2,,4,4,1,4,0.05
Public Method,"org.apache.commons.math3.linear.ArrayRealVector.addToEntry",,,,,,,,,,,,,,4,3,1,1,0,2,1,1,0,,,,0,,,,,,,,,,,,,3,0,1,1,1,1,1,1,1,1,,,0,0,,1,1,1,1,0.33
Public Method,"org.apache.commons.math3.linear.ArrayRealVector.append",,,,,,,,,,,,,,9,3,1,2,0,2,1,1,0,,,,0,,,,,,,,,,,,,2,0,1,6,1,1,1,1,1,1,,,0,0,,1,1,1,1,2.00
Public Method,"org.apache.commons.math3.linear.ArrayRealVector.append",,,,,,,,,,,,,,7,6,4,3,0,5,1,1,0,,,,0,,,,,,,,,,,,,4,0,2,1,1,4,2,3,1,1,,,0,0,,1,1,1,1,0.17
Public Method,"org.apache.commons.math3.linear.ArrayRealVector.append",,,,,,,,,,,,,,8,7,4,3,0,4,2,2,1,,,,0,,,,,,,,,,,,,2,0,1,1,2,2,1,3,2,1,,,0,1,,2,2,1,2,0.14
Protected Method,"org.apache.commons.math3.linear.ArrayRealVector.checkVectorDimensions",,,,,,,,,,,,,,12,5,2,1,0,3,2,2,0,,,,0,,,,,,,,,,,,,14,0,1,7,2,1,1,2,2,1,,,0,1,,2,2,1,2,1.40
Protected Method,"org.apache.commons.math3.linear.ArrayRealVector.checkVectorDimensions",,,,,,,,,,,,,,10,3,1,2,0,2,1,1,0,,,,0,,,,,,,,,,,,,11,0,1,7,1,1,1,1,1,1,,,0,0,,1,1,1,1,2.33
Public Method,"org.apache.commons.math3.linear.ArrayRealVector.combine",,,,,,,,,,,,,,4,3,1,3,0,2,1,1,0,,,,0,,,,,,,,,,,,,3,0,1,1,1,1,1,1,1,1,,,0,0,,1,1,1,1,0.33
Public Method,"org.apache.commons.math3.linear.ArrayRealVector.combineToSelf",,,,,,,,,,,,,,16,15,10,5,1,14,4,4,1,,,,0,,,,,,,,,,,,,6,0,2,1,4,10,4,10,4,1,,,0,2,,4,4,1,4,0.07
Public Method,"org.apache.commons.math3.linear.ArrayRealVector.copy",,,,,,,,,,,,,,4,3,1,2,0,2,1,1,0,,,,0,,,,,,,,,,,,,7,0,1,1,1,1,1,1,1,1,,,0,0,,1,1,1,1,0.33
Public Method,"org.apache.commons.math3.linear.ArrayRealVector.dotProduct",,,,,,,,,,,,,,21,20,15,8,1,17,4,4,1,,,,0,,,,,,,,,,,,,6,0,6,1,4,13,7,10,4,1,,,0,2,,4,4,1,4,0.05
Public Method,"org.apache.commons.math3.linear.ArrayRealVector.ebeDivide",,,,,,,,,,,,,,21,20,15,7,1,19,4,4,1,,,,0,,,,,,,,,,,,,4,0,6,1,4,15,8,11,4,1,,,0,2,,4,4,1,4,0.05
Public Method,"org.apache.commons.math3.linear.ArrayRealVector.ebeMultiply",,,,,,,,,,,,,,21,20,15,7,1,19,4,4,1,,,,0,,,,,,,,,,,,,4,0,6,1,4,15,8,11,4,1,,,0,2,,4,4,1,4,0.05
Public Method,"org.apache.commons.math3.linear.ArrayRealVector.equals",,,,,,,,,,,,,,39,21,13,5,1,16,7,7,7,,,,7,,,,,,,,,,,,,4,4,2,14,7,9,3,13,7,7,,,7,2,,7,7,7,7,0.67
Public Method,"org.apache.commons.math3.linear.ArrayRealVector.getDataRef",,,,,,,,,,,,,,9,3,1,1,0,2,1,1,0,,,,0,,,,,,,,,,,,,12,0,1,6,1,1,1,1,1,1,,,0,0,,1,1,1,1,2.00
Public Method,"org.apache.commons.math3.linear.ArrayRealVector.getDimension",,,,,,,,,,,,,,4,3,1,1,0,2,1,1,0,,,,0,,,,,,,,,,,,,17,0,1,1,1,1,1,1,1,1,,,0,0,,1,1,1,1,0.33
Public Method,"org.apache.commons.math3.linear.ArrayRealVector.getDistance",,,,,,,,,,,,,,21,20,15,5,1,19,4,4,1,,,,0,,,,,,,,,,,,,4,0,6,1,4,15,8,11,4,1,,,0,2,,4,4,1,4,0.05
Public Method,"org.apache.commons.math3.linear.ArrayRealVector.getEntry",,,,,,,,,,,,,,4,3,1,1,0,2,1,1,0,,,,0,,,,,,,,,,,,,12,0,1,1,1,1,1,1,1,1,,,0,0,,1,1,1,1,0.33
Public Method,"org.apache.commons.math3.linear.ArrayRealVector.getL1Distance",,,,,,,,,,,,,,21,20,15,5,1,19,4,4,1,,,,0,,,,,,,,,,,,,4,0,6,1,4,15,8,11,4,1,,,0,2,,4,4,1,4,0.05
Public Method,"org.apache.commons.math3.linear.ArrayRealVector.getL1Norm",,,,,,,,,,,,,,8,7,4,2,0,6,2,2,0,,,,0,,,,,,,,,,,,,2,0,2,1,2,3,3,3,2,1,,,0,1,,2,2,1,2,0.14
Public Method,"org.apache.commons.math3.linear.ArrayRealVector.getLInfDistance",,,,,,,,,,,,,,21,20,15,6,1,19,4,4,1,,,,0,,,,,,,,,,,,,4,0,6,1,4,15,8,11,4,1,,,0,2,,4,4,1,4,0.05
Public Method,"org.apache.commons.math3.linear.ArrayRealVector.getLInfNorm",,,,,,,,,,,,,,8,7,4,3,0,6,2,2,0,,,,0,,,,,,,,,,,,,2,0,2,1,2,3,3,3,2,1,,,0,1,,2,2,1,2,0.14
Public Method,"org.apache.commons.math3.linear.ArrayRealVector.getNorm",,,,,,,,,,,,,,8,7,4,2,0,6,2,2,0,,,,0,,,,,,,,,,,,,5,0,2,1,2,3,3,3,2,1,,,0,1,,2,2,1,2,0.14
Public Method,"org.apache.commons.math3.linear.ArrayRealVector.getSubVector",,,,,,,,,,,,,,11,10,7,4,0,7,2,2,1,,,,0,,,,,,,,,,,,,5,0,2,1,2,5,2,5,2,1,,,0,1,,2,2,1,2,0.10
Public Method,"org.apache.commons.math3.linear.ArrayRealVector.hashCode",,,,,,,,,,,,,,12,6,3,3,0,4,2,2,1,,,,0,,,,,,,,,,,,,2,0,1,6,2,2,1,3,2,1,,,0,1,,2,2,1,2,1.00
Public Method,"org.apache.commons.math3.linear.ArrayRealVector.isInfinite",,,,,,,,,,,,,,20,11,6,3,1,8,4,4,4,,,,4,,,,,,,,,,,,,2,2,1,7,4,3,2,6,4,4,,,4,2,,4,4,4,4,0.64
Public Method,"org.apache.commons.math3.linear.ArrayRealVector.isNaN",,,,,,,,,,,,,,14,8,4,2,0,6,3,3,3,,,,3,,,,,,,,,,,,,5,0,1,6,3,2,2,4,3,3,,,3,2,,3,3,3,3,0.75
Public Method,"org.apache.commons.math3.linear.ArrayRealVector.map",,,,,,,,,,,,,,4,3,1,3,0,2,1,1,0,,,,0,,,,,,,,,,,,,3,0,1,1,1,1,1,1,1,1,,,0,0,,1,1,1,1,0.33
Public Method,"org.apache.commons.math3.linear.ArrayRealVector.mapAddToSelf",,,,,,,,,,,,,,7,6,3,2,0,6,2,2,0,,,,0,,,,,,,,,,,,,3,0,1,1,2,4,2,4,2,1,,,0,1,,2,2,1,2,0.17
Public Method,"org.apache.commons.math3.linear.ArrayRealVector.mapDivideToSelf",,,,,,,,,,,,,,7,6,3,2,0,6,2,2,0,,,,0,,,,,,,,,,,,,4,0,1,1,2,4,2,4,2,1,,,0,1,,2,2,1,2,0.17
Public Method,"org.apache.commons.math3.linear.ArrayRealVector.mapMultiplyToSelf",,,,,,,,,,,,,,7,6,3,2,0,6,2,2,0,,,,0,,,,,,,,,,,,,3,0,1,1,2,4,2,4,2,1,,,0,1,,2,2,1,2,0.17
Public Method,"org.apache.commons.math3.linear.ArrayRealVector.mapSubtractToSelf",,,,,,,,,,,,,,7,6,3,2,0,6,2,2,0,,,,0,,,,,,,,,,,,,3,0,1,1,2,4,2,4,2,1,,,0,1,,2,2,1,2,0.17
Public Method,"org.apache.commons.math3.linear.ArrayRealVector.mapToSelf",,,,,,,,,,,,,,7,6,3,3,0,6,2,2,0,,,,0,,,,,,,,,,,,,4,0,1,1,2,4,2,4,2,1,,,0,1,,2,2,1,2,0.17
Public Method,"org.apache.commons.math3.linear.ArrayRealVector.outerProduct",,,,,,,,,,,,,,25,24,17,5,1,25,6,6,1,,,,0,,,,,,,,,,,,,5,0,8,1,6,19,12,13,6,1,,,0,3,,6,6,1,6,0.04
Public Method,"org.apache.commons.math3.linear.ArrayRealVector.projection",,,,,,,,,,,,,,4,3,1,4,0,2,1,1,0,,,,0,,,,,,,,,,,,,2,0,1,1,1,1,1,1,1,1,,,0,0,,1,1,1,1,0.33
Public Method,"org.apache.commons.math3.linear.ArrayRealVector.set",,,,,,,,,,,,,,4,3,1,1,0,2,1,1,0,,,,0,,,,,,,,,,,,,4,0,1,1,1,1,1,1,1,1,,,0,0,,1,1,1,1,0.33
Public Method,"org.apache.commons.math3.linear.ArrayRealVector.setEntry",,,,,,,,,,,,,,8,7,4,2,0,4,2,2,1,,,,0,,,,,,,,,,,,,16,0,1,1,2,2,1,3,2,1,,,0,1,,2,2,1,2,0.14
Public Method,"org.apache.commons.math3.linear.ArrayRealVector.setSubVector",,,,,,,,,,,,,,15,14,9,5,1,10,4,4,2,,,,0,,,,,,,,,,,,,4,0,1,1,4,6,2,8,4,1,,,0,3,,4,4,1,4,0.07
Public Method,"org.apache.commons.math3.linear.ArrayRealVector.setSubVector",,,,,,,,,,,,,,16,8,5,2,0,5,2,2,1,,,,0,,,,,,,,,,,,,5,0,1,8,2,3,1,4,2,1,,,0,1,,2,2,1,2,1.00
Public Method,"org.apache.commons.math3.linear.ArrayRealVector.subtract",,,,,,,,,,,,,,23,22,17,11,1,19,4,4,1,,,,0,,,,,,,,,,,,,4,0,8,1,4,15,9,10,4,1,,,0,2,,4,4,1,4,0.05
Public Method,"org.apache.commons.math3.linear.ArrayRealVector.toArray",,,,,,,,,,,,,,4,3,1,2,0,2,1,1,0,,,,0,,,,,,,,,,,,,9,0,1,1,1,1,1,1,1,1,,,0,0,,1,1,1,1,0.33
Public Method,"org.apache.commons.math3.linear.ArrayRealVector.toString",,,,,,,,,,,,,,4,3,1,2,0,2,1,1,0,,,,0,,,,,,,,,,,,,2,0,1,1,1,1,1,1,1,1,,,0,0,,1,1,1,1,0.33
Public Method,"org.apache.commons.math3.linear.ArrayRealVector.unitVector",,,,,,,,,,,,,,8,7,4,4,0,5,2,2,0,,,,0,,,,,,,,,,,,,2,0,2,1,2,3,2,3,2,1,,,0,1,,2,2,1,2,0.14
Public Method,"org.apache.commons.math3.linear.ArrayRealVector.unitize",,,,,,,,,,,,,,8,7,4,3,0,5,2,2,0,,,,0,,,,,,,,,,,,,2,0,2,1,2,3,2,3,2,1,,,0,1,,2,2,1,2,0.14
Public Class,"org.apache.commons.math3.linear.ArrayRealVectorTest",2,1,6,3,35,,0,,24,24,0,0,23,1377,1035,758,,,844,,,,5,1,1,,2,2,41,30,1,0,0,,,11,24,1,,240,469,102,,724,421,423,,,5,5,,2,93,51,51,24,51,0.10
Public Static Class,"org.apache.commons.math3.linear.ArrayRealVectorTest.RealVectorTestImpl",1,1,0,0,3,,1,,59,110,0,1,58,320,257,85,,,149,,,,2,1,2,,1,1,3,3,2,0,0,,,1,59,0,,61,111,2,,81,76,73,,,2,2,,1,94,62,62,59,62,0.01
Public Constructor,"org.apache.commons.math3.linear.ArrayRealVectorTest.RealVectorTestImpl.RealVectorTestImpl",,,,,,,,,,,,,,3,3,1,3,0,2,1,1,0,,,,0,,,,,,,,,,,,,4,0,1,0,1,1,1,1,1,1,,,0,0,,1,1,1,1,0.00
Public Method,"org.apache.commons.math3.linear.ArrayRealVectorTest.RealVectorTestImpl.add",,,,,,,,,,,,,,3,3,1,2,0,2,1,1,0,,,,0,,,,,,,,,,,,,0,0,1,0,1,1,1,1,1,1,,,0,0,,1,1,1,1,0.00
Public Method,"org.apache.commons.math3.linear.ArrayRealVectorTest.RealVectorTestImpl.add",,,,,,,,,,,,,,3,3,1,2,0,2,1,1,0,,,,0,,,,,,,,,,,,,0,0,1,0,1,1,1,1,1,1,,,0,0,,1,1,1,1,0.00
Public Method,"org.apache.commons.math3.linear.ArrayRealVectorTest.RealVectorTestImpl.append",,,,,,,,,,,,,,3,3,1,2,0,2,1,1,0,,,,0,,,,,,,,,,,,,0,0,1,0,1,1,1,1,1,1,,,0,0,,1,1,1,1,0.00
Public Method,"org.apache.commons.math3.linear.ArrayRealVectorTest.RealVectorTestImpl.append",,,,,,,,,,,,,,3,3,1,2,0,2,1,1,0,,,,0,,,,,,,,,,,,,0,0,1,0,1,1,1,1,1,1,,,0,0,,1,1,1,1,0.00
Public Method,"org.apache.commons.math3.linear.ArrayRealVectorTest.RealVectorTestImpl.append",,,,,,,,,,,,,,3,3,1,2,0,2,1,1,0,,,,0,,,,,,,,,,,,,0,0,1,0,1,1,1,1,1,1,,,0,0,,1,1,1,1,0.00
Public Method,"org.apache.commons.math3.linear.ArrayRealVectorTest.RealVectorTestImpl.combine",,,,,,,,,,,,,,3,3,1,2,0,2,1,1,0,,,,0,,,,,,,,,,,,,0,0,1,0,1,1,1,1,1,1,,,0,0,,1,1,1,1,0.00
Public Method,"org.apache.commons.math3.linear.ArrayRealVectorTest.RealVectorTestImpl.combine",,,,,,,,,,,,,,3,3,1,2,0,2,1,1,0,,,,0,,,,,,,,,,,,,0,0,1,0,1,1,1,1,1,1,,,0,0,,1,1,1,1,0.00
Public Method,"org.apache.commons.math3.linear.ArrayRealVectorTest.RealVectorTestImpl.combineToSelf",,,,,,,,,,,,,,3,3,1,2,0,2,1,1,0,,,,0,,,,,,,,,,,,,0,0,1,0,1,1,1,1,1,1,,,0,0,,1,1,1,1,0.00
Public Method,"org.apache.commons.math3.linear.ArrayRealVectorTest.RealVectorTestImpl.combineToSelf",,,,,,,,,,,,,,3,3,1,2,0,2,1,1,0,,,,0,,,,,,,,,,,,,0,0,1,0,1,1,1,1,1,1,,,0,0,,1,1,1,1,0.00
Public Method,"org.apache.commons.math3.linear.ArrayRealVectorTest.RealVectorTestImpl.copy",,,,,,,,,,,,,,3,3,1,2,0,2,1,1,0,,,,0,,,,,,,,,,,,,0,0,1,0,1,1,1,1,1,1,,,0,0,,1,1,1,1,0.00
Public Method,"org.apache.commons.math3.linear.ArrayRealVectorTest.RealVectorTestImpl.cosine",,,,,,,,,,,,,,3,3,1,2,0,2,1,1,0,,,,0,,,,,,,,,,,,,0,0,1,0,1,1,1,1,1,1,,,0,0,,1,1,1,1,0.00
Public Method,"org.apache.commons.math3.linear.ArrayRealVectorTest.RealVectorTestImpl.cosine",,,,,,,,,,,,,,3,3,1,2,0,2,1,1,0,,,,0,,,,,,,,,,,,,0,0,1,0,1,1,1,1,1,1,,,0,0,,1,1,1,1,0.00
Public Method,"org.apache.commons.math3.linear.ArrayRealVectorTest.RealVectorTestImpl.dotProduct",,,,,,,,,,,,,,7,7,4,2,0,7,2,2,0,,,,0,,,,,,,,,,,,,3,0,2,0,2,5,3,4,2,1,,,0,1,,2,2,1,2,0.00
Public Method,"org.apache.commons.math3.linear.ArrayRealVectorTest.RealVectorTestImpl.dotProduct",,,,,,,,,,,,,,7,7,4,1,0,7,2,2,0,,,,0,,,,,,,,,,,,,3,0,2,0,2,5,3,4,2,1,,,0,1,,2,2,1,2,0.00
Public Method,"org.apache.commons.math3.linear.ArrayRealVectorTest.RealVectorTestImpl.ebeDivide",,,,,,,,,,,,,,3,3,1,2,0,2,1,1,0,,,,0,,,,,,,,,,,,,0,0,1,0,1,1,1,1,1,1,,,0,0,,1,1,1,1,0.00
Public Method,"org.apache.commons.math3.linear.ArrayRealVectorTest.RealVectorTestImpl.ebeDivide",,,,,,,,,,,,,,3,3,1,2,0,2,1,1,0,,,,0,,,,,,,,,,,,,0,0,1,0,1,1,1,1,1,1,,,0,0,,1,1,1,1,0.00
Public Method,"org.apache.commons.math3.linear.ArrayRealVectorTest.RealVectorTestImpl.ebeMultiply",,,,,,,,,,,,,,3,3,1,2,0,2,1,1,0,,,,0,,,,,,,,,,,,,0,0,1,0,1,1,1,1,1,1,,,0,0,,1,1,1,1,0.00
Public Method,"org.apache.commons.math3.linear.ArrayRealVectorTest.RealVectorTestImpl.ebeMultiply",,,,,,,,,,,,,,3,3,1,2,0,2,1,1,0,,,,0,,,,,,,,,,,,,0,0,1,0,1,1,1,1,1,1,,,0,0,,1,1,1,1,0.00
Public Method,"org.apache.commons.math3.linear.ArrayRealVectorTest.RealVectorTestImpl.getDimension",,,,,,,,,,,,,,3,3,1,1,0,2,1,1,0,,,,0,,,,,,,,,,,,,2,0,1,0,1,1,1,1,1,1,,,0,0,,1,1,1,1,0.00
Public Method,"org.apache.commons.math3.linear.ArrayRealVectorTest.RealVectorTestImpl.getDistance",,,,,,,,,,,,,,3,3,1,2,0,2,1,1,0,,,,0,,,,,,,,,,,,,0,0,1,0,1,1,1,1,1,1,,,0,0,,1,1,1,1,0.00
Public Method,"org.apache.commons.math3.linear.ArrayRealVectorTest.RealVectorTestImpl.getDistance",,,,,,,,,,,,,,3,3,1,2,0,2,1,1,0,,,,0,,,,,,,,,,,,,0,0,1,0,1,1,1,1,1,1,,,0,0,,1,1,1,1,0.00
Public Method,"org.apache.commons.math3.linear.ArrayRealVectorTest.RealVectorTestImpl.getEntry",,,,,,,,,,,,,,3,3,1,1,0,2,1,1,0,,,,0,,,,,,,,,,,,,2,0,1,0,1,1,1,1,1,1,,,0,0,,1,1,1,1,0.00
Public Method,"org.apache.commons.math3.linear.ArrayRealVectorTest.RealVectorTestImpl.getL1Distance",,,,,,,,,,,,,,3,3,1,2,0,2,1,1,0,,,,0,,,,,,,,,,,,,0,0,1,0,1,1,1,1,1,1,,,0,0,,1,1,1,1,0.00
Public Method,"org.apache.commons.math3.linear.ArrayRealVectorTest.RealVectorTestImpl.getL1Distance",,,,,,,,,,,,,,3,3,1,2,0,2,1,1,0,,,,0,,,,,,,,,,,,,0,0,1,0,1,1,1,1,1,1,,,0,0,,1,1,1,1,0.00
Public Method,"org.apache.commons.math3.linear.ArrayRealVectorTest.RealVectorTestImpl.getL1Norm",,,,,,,,,,,,,,3,3,1,2,0,2,1,1,0,,,,0,,,,,,,,,,,,,0,0,1,0,1,1,1,1,1,1,,,0,0,,1,1,1,1,0.00
Public Method,"org.apache.commons.math3.linear.ArrayRealVectorTest.RealVectorTestImpl.getLInfDistance",,,,,,,,,,,,,,3,3,1,2,0,2,1,1,0,,,,0,,,,,,,,,,,,,0,0,1,0,1,1,1,1,1,1,,,0,0,,1,1,1,1,0.00
Public Method,"org.apache.commons.math3.linear.ArrayRealVectorTest.RealVectorTestImpl.getLInfDistance",,,,,,,,,,,,,,3,3,1,2,0,2,1,1,0,,,,0,,,,,,,,,,,,,0,0,1,0,1,1,1,1,1,1,,,0,0,,1,1,1,1,0.00
Public Method,"org.apache.commons.math3.linear.ArrayRealVectorTest.RealVectorTestImpl.getLInfNorm",,,,,,,,,,,,,,3,3,1,2,0,2,1,1,0,,,,0,,,,,,,,,,,,,0,0,1,0,1,1,1,1,1,1,,,0,0,,1,1,1,1,0.00
Public Method,"org.apache.commons.math3.linear.ArrayRealVectorTest.RealVectorTestImpl.getNorm",,,,,,,,,,,,,,3,3,1,2,0,2,1,1,0,,,,0,,,,,,,,,,,,,0,0,1,0,1,1,1,1,1,1,,,0,0,,1,1,1,1,0.00
Public Method,"org.apache.commons.math3.linear.ArrayRealVectorTest.RealVectorTestImpl.getSubVector",,,,,,,,,,,,,,3,3,1,2,0,2,1,1,0,,,,0,,,,,,,,,,,,,0,0,1,0,1,1,1,1,1,1,,,0,0,,1,1,1,1,0.00
Public Method,"org.apache.commons.math3.linear.ArrayRealVectorTest.RealVectorTestImpl.isInfinite",,,,,,,,,,,,,,3,3,1,2,0,2,1,1,0,,,,0,,,,,,,,,,,,,0,0,1,0,1,1,1,1,1,1,,,0,0,,1,1,1,1,0.00
Public Method,"org.apache.commons.math3.linear.ArrayRealVectorTest.RealVectorTestImpl.isNaN",,,,,,,,,,,,,,3,3,1,2,0,2,1,1,0,,,,0,,,,,,,,,,,,,0,0,1,0,1,1,1,1,1,1,,,0,0,,1,1,1,1,0.00
Public Method,"org.apache.commons.math3.linear.ArrayRealVectorTest.RealVectorTestImpl.iterator",,,,,,,,,,,,,,24,24,17,1,0,15,1,1,0,,,,0,,,,,,,,,,,,,1,0,4,0,1,9,9,6,1,1,,,0,0,,1,1,1,1,0.00
Anonymous Class,"org.apache.commons.math3.linear.ArrayRealVectorTest.RealVectorTestImpl.iterator.(Anon_1)",1,1,0,0,2,,0,,3,3,0,0,3,21,21,16,,,13,,,,1,1,2,,1,1,6,6,1,0,0,,,1,3,0,,0,3,0,,8,8,5,,,1,1,,0,33,3,3,3,3,0.00
Public Method,"org.apache.commons.math3.linear.ArrayRealVectorTest.RealVectorTestImpl.iterator.(Anon_1).hasNext",,,,,,,,,,,,,,3,3,2,1,0,2,1,1,0,,,,0,,,,,,,,,,,,,3,0,0,0,1,1,1,1,1,1,,,0,0,,1,1,1,1,0.00
Public Method,"org.apache.commons.math3.linear.ArrayRealVectorTest.RealVectorTestImpl.iterator.(Anon_1).next",,,,,,,,,,,,,,15,15,11,3,0,9,1,1,0,,,,0,,,,,,,,,,,,,1,0,3,0,1,6,5,4,1,1,,,0,0,,1,1,1,1,0.00
Anonymous Class,"org.apache.commons.math3.linear.ArrayRealVectorTest.RealVectorTestImpl.iterator.(Anon_1).next.(Anon_2)",1,1,0,0,2,,0,,2,7,0,0,2,9,9,7,,,4,,,,1,1,2,,1,1,3,3,1,0,0,,,0,2,0,,0,1,0,,2,2,2,,,1,1,,0,0,2,2,2,2,0.00
Public Method,"org.apache.commons.math3.linear.ArrayRealVectorTest.RealVectorTestImpl.iterator.(Anon_1).next.(Anon_2).getValue",,,,,,,,,,,,,,3,3,2,1,0,2,1,1,0,,,,0,,,,,,,,,,,,,1,0,0,0,1,1,1,1,1,1,,,0,0,,1,1,1,1,0.00
Public Method,"org.apache.commons.math3.linear.ArrayRealVectorTest.RealVectorTestImpl.iterator.(Anon_1).next.(Anon_2).setValue",,,,,,,,,,,,,,3,3,2,1,0,2,1,1,0,,,,0,,,,,,,,,,,,,1,0,0,0,1,1,1,1,1,1,,,0,0,,1,1,1,1,0.00
Public Method,"org.apache.commons.math3.linear.ArrayRealVectorTest.RealVectorTestImpl.iterator.(Anon_1).remove",,,,,,,,,,,,,,1,1,1,0,0,1,1,1,0,,,,0,,,,,,,,,,,,,0,0,0,0,1,0,1,0,1,1,,,0,0,,1,1,1,1,0.00
Public Method,"org.apache.commons.math3.linear.ArrayRealVectorTest.RealVectorTestImpl.map",,,,,,,,,,,,,,3,3,1,2,0,2,1,1,0,,,,0,,,,,,,,,,,,,0,0,1,0,1,1,1,1,1,1,,,0,0,,1,1,1,1,0.00
Public Method,"org.apache.commons.math3.linear.ArrayRealVectorTest.RealVectorTestImpl.mapAdd",,,,,,,,,,,,,,3,3,1,2,0,2,1,1,0,,,,0,,,,,,,,,,,,,0,0,1,0,1,1,1,1,1,1,,,0,0,,1,1,1,1,0.00
Public Method,"org.apache.commons.math3.linear.ArrayRealVectorTest.RealVectorTestImpl.mapAddToSelf",,,,,,,,,,,,,,3,3,1,2,0,2,1,1,0,,,,0,,,,,,,,,,,,,0,0,1,0,1,1,1,1,1,1,,,0,0,,1,1,1,1,0.00
Public Method,"org.apache.commons.math3.linear.ArrayRealVectorTest.RealVectorTestImpl.mapDivide",,,,,,,,,,,,,,3,3,1,2,0,2,1,1,0,,,,0,,,,,,,,,,,,,0,0,1,0,1,1,1,1,1,1,,,0,0,,1,1,1,1,0.00
Public Method,"org.apache.commons.math3.linear.ArrayRealVectorTest.RealVectorTestImpl.mapDivideToSelf",,,,,,,,,,,,,,3,3,1,2,0,2,1,1,0,,,,0,,,,,,,,,,,,,0,0,1,0,1,1,1,1,1,1,,,0,0,,1,1,1,1,0.00
Public Method,"org.apache.commons.math3.linear.ArrayRealVectorTest.RealVectorTestImpl.mapMultiply",,,,,,,,,,,,,,7,7,4,2,0,7,2,2,0,,,,0,,,,,,,,,,,,,3,0,2,0,2,5,3,4,2,1,,,0,1,,2,2,1,2,0.00
Public Method,"org.apache.commons.math3.linear.ArrayRealVectorTest.RealVectorTestImpl.mapMultiplyToSelf",,,,,,,,,,,,,,3,3,1,2,0,2,1,1,0,,,,0,,,,,,,,,,,,,0,0,1,0,1,1,1,1,1,1,,,0,0,,1,1,1,1,0.00
Public Method,"org.apache.commons.math3.linear.ArrayRealVectorTest.RealVectorTestImpl.mapSubtract",,,,,,,,,,,,,,3,3,1,2,0,2,1,1,0,,,,0,,,,,,,,,,,,,0,0,1,0,1,1,1,1,1,1,,,0,0,,1,1,1,1,0.00
Public Method,"org.apache.commons.math3.linear.ArrayRealVectorTest.RealVectorTestImpl.mapSubtractToSelf",,,,,,,,,,,,,,3,3,1,2,0,2,1,1,0,,,,0,,,,,,,,,,,,,0,0,1,0,1,1,1,1,1,1,,,0,0,,1,1,1,1,0.00
Public Method,"org.apache.commons.math3.linear.ArrayRealVectorTest.RealVectorTestImpl.mapToSelf",,,,,,,,,,,,,,3,3,1,2,0,2,1,1,0,,,,0,,,,,,,,,,,,,0,0,1,0,1,1,1,1,1,1,,,0,0,,1,1,1,1,0.00
Public Method,"org.apache.commons.math3.linear.ArrayRealVectorTest.RealVectorTestImpl.outerProduct",,,,,,,,,,,,,,3,3,1,2,0,2,1,1,0,,,,0,,,,,,,,,,,,,0,0,1,0,1,1,1,1,1,1,,,0,0,,1,1,1,1,0.00
Public Method,"org.apache.commons.math3.linear.ArrayRealVectorTest.RealVectorTestImpl.outerProduct",,,,,,,,,,,,,,3,3,1,2,0,2,1,1,0,,,,0,,,,,,,,,,,,,0,0,1,0,1,1,1,1,1,1,,,0,0,,1,1,1,1,0.00
Public Method,"org.apache.commons.math3.linear.ArrayRealVectorTest.RealVectorTestImpl.projection",,,,,,,,,,,,,,3,3,1,2,0,2,1,1,0,,,,0,,,,,,,,,,,,,0,0,1,0,1,1,1,1,1,1,,,0,0,,1,1,1,1,0.00
Public Method,"org.apache.commons.math3.linear.ArrayRealVectorTest.RealVectorTestImpl.projection",,,,,,,,,,,,,,3,3,1,2,0,2,1,1,0,,,,0,,,,,,,,,,,,,0,0,1,0,1,1,1,1,1,1,,,0,0,,1,1,1,1,0.00
Public Method,"org.apache.commons.math3.linear.ArrayRealVectorTest.RealVectorTestImpl.set",,,,,,,,,,,,,,3,3,1,1,0,2,1,1,0,,,,0,,,,,,,,,,,,,0,0,1,0,1,1,1,1,1,1,,,0,0,,1,1,1,1,0.00
Public Method,"org.apache.commons.math3.linear.ArrayRealVectorTest.RealVectorTestImpl.setEntry",,,,,,,,,,,,,,3,3,1,1,0,2,1,1,0,,,,0,,,,,,,,,,,,,0,0,1,0,1,1,1,1,1,1,,,0,0,,1,1,1,1,0.00
Public Method,"org.apache.commons.math3.linear.ArrayRealVectorTest.RealVectorTestImpl.setSubVector",,,,,,,,,,,,,,3,3,1,1,0,2,1,1,0,,,,0,,,,,,,,,,,,,0,0,1,0,1,1,1,1,1,1,,,0,0,,1,1,1,1,0.00
Public Method,"org.apache.commons.math3.linear.ArrayRealVectorTest.RealVectorTestImpl.setSubVector",,,,,,,,,,,,,,3,3,1,1,0,2,1,1,0,,,,0,,,,,,,,,,,,,0,0,1,0,1,1,1,1,1,1,,,0,0,,1,1,1,1,0.00
Public Method,"org.apache.commons.math3.linear.ArrayRealVectorTest.RealVectorTestImpl.sparseIterator",,,,,,,,,,,,,,3,3,1,2,0,2,1,1,0,,,,0,,,,,,,,,,,,,0,0,1,0,1,1,1,1,1,1,,,0,0,,1,1,1,1,0.00
Public Method,"org.apache.commons.math3.linear.ArrayRealVectorTest.RealVectorTestImpl.subtract",,,,,,,,,,,,,,3,3,1,2,0,2,1,1,0,,,,0,,,,,,,,,,,,,0,0,1,0,1,1,1,1,1,1,,,0,0,,1,1,1,1,0.00
Public Method,"org.apache.commons.math3.linear.ArrayRealVectorTest.RealVectorTestImpl.subtract",,,,,,,,,,,,,,3,3,1,2,0,2,1,1,0,,,,0,,,,,,,,,,,,,0,0,1,0,1,1,1,1,1,1,,,0,0,,1,1,1,1,0.00
Public Method,"org.apache.commons.math3.linear.ArrayRealVectorTest.RealVectorTestImpl.toArray",,,,,,,,,,,,,,3,3,1,2,0,2,1,1,0,,,,0,,,,,,,,,,,,,1,0,1,0,1,1,1,1,1,1,,,0,0,,1,1,1,1,0.00
Public Method,"org.apache.commons.math3.linear.ArrayRealVectorTest.RealVectorTestImpl.unitVector",,,,,,,,,,,,,,3,3,1,2,0,2,1,1,0,,,,0,,,,,,,,,,,,,0,0,1,0,1,1,1,1,1,1,,,0,0,,1,1,1,1,0.00
Public Method,"org.apache.commons.math3.linear.ArrayRealVectorTest.RealVectorTestImpl.unitize",,,,,,,,,,,,,,3,3,1,1,0,2,1,1,0,,,,0,,,,,,,,,,,,,0,0,1,0,1,1,1,1,1,1,,,0,0,,1,1,1,1,0.00
Private Method,"org.apache.commons.math3.linear.ArrayRealVectorTest.RealVectorTestImpl.unsupported",,,,,,,,,,,,,,3,3,1,1,0,2,1,1,0,,,,0,,,,,,,,,,,,,49,0,1,0,1,1,1,1,1,1,,,0,0,,1,1,1,1,0.00
Protected Method,"org.apache.commons.math3.linear.ArrayRealVectorTest.assertClose",,,,,,,,,,,,,,10,9,4,2,1,7,3,3,0,,,,0,,,,,,,,,,,,,7,0,2,1,4,4,2,5,3,1,,,0,1,,3,3,1,3,0.11
Public Method,"org.apache.commons.math3.linear.ArrayRealVectorTest.testAddToEntry",,,,,,,,,,,,,,11,11,7,5,1,12,3,3,0,,,,0,,,,,,,,,,,,,0,0,4,0,4,9,6,6,3,1,,,0,1,,3,3,1,3,0.00
Public Method,"org.apache.commons.math3.linear.ArrayRealVectorTest.testBasicFunctions",,,,,,,,,,,,,,144,94,90,25,1,89,3,3,2,,,,0,,,,,,,,,,,,,5,34,51,16,4,86,51,38,3,1,,,0,1,,3,3,1,3,0.17
Public Method,"org.apache.commons.math3.linear.ArrayRealVectorTest.testCombineMixedTypes",,,,,,,,,,,,,,29,29,23,8,1,25,4,4,1,,,,0,,,,,,,,,,,,,0,0,12,0,6,21,14,11,4,1,,,0,2,,4,4,1,4,0.00
Public Method,"org.apache.commons.math3.linear.ArrayRealVectorTest.testCombinePreconditionMixedType",,,,,,,,,,,,,,9,9,7,3,0,8,1,1,0,,,,0,,,,,,,,,,,,,0,0,6,0,1,7,6,2,1,1,,,0,0,,1,1,1,1,0.00
Public Method,"org.apache.commons.math3.linear.ArrayRealVectorTest.testCombinePreconditionSameType",,,,,,,,,,,,,,9,9,7,2,0,8,1,1,0,,,,0,,,,,,,,,,,,,0,0,6,0,1,7,6,2,1,1,,,0,0,,1,1,1,1,0.00
Public Method,"org.apache.commons.math3.linear.ArrayRealVectorTest.testCombineSameType",,,,,,,,,,,,,,29,29,23,7,1,25,4,4,1,,,,0,,,,,,,,,,,,,0,0,12,0,6,21,14,11,4,1,,,0,2,,4,4,1,4,0.00
Public Method,"org.apache.commons.math3.linear.ArrayRealVectorTest.testCombineToSelfMixedTypes",,,,,,,,,,,,,,30,30,24,9,1,26,4,4,1,,,,0,,,,,,,,,,,,,0,0,12,0,6,22,14,12,4,1,,,0,2,,4,4,1,4,0.00
Public Method,"org.apache.commons.math3.linear.ArrayRealVectorTest.testCombineToSelfPreconditionMixedType",,,,,,,,,,,,,,9,9,7,3,0,8,1,1,0,,,,0,,,,,,,,,,,,,0,0,6,0,1,7,6,2,1,1,,,0,0,,1,1,1,1,0.00
Public Method,"org.apache.commons.math3.linear.ArrayRealVectorTest.testCombineToSelfPreconditionSameType",,,,,,,,,,,,,,9,9,7,2,0,8,1,1,0,,,,0,,,,,,,,,,,,,0,0,6,0,1,7,6,2,1,1,,,0,0,,1,1,1,1,0.00
Public Method,"org.apache.commons.math3.linear.ArrayRealVectorTest.testCombineToSelfSameType",,,,,,,,,,,,,,30,30,24,8,1,26,4,4,1,,,,0,,,,,,,,,,,,,0,0,12,0,6,22,14,12,4,1,,,0,2,,4,4,1,4,0.00
Public Method,"org.apache.commons.math3.linear.ArrayRealVectorTest.testConstructors",,,,,,,,,,,,,,107,83,79,28,1,78,3,3,2,,,,0,,,,,,,,,,,,,4,22,22,2,4,75,22,56,3,1,,,0,1,,3,3,1,3,0.02
Public Method,"org.apache.commons.math3.linear.ArrayRealVectorTest.testCosine",,,,,,,,,,,,,,19,15,13,4,0,14,1,1,0,,,,0,,,,,,,,,,,,,1,4,4,0,1,13,4,10,1,1,,,0,0,,1,1,1,1,0.00
Public Method,"org.apache.commons.math3.linear.ArrayRealVectorTest.testCosinePrecondition1",,,,,,,,,,,,,,5,5,3,2,0,4,1,1,0,,,,0,,,,,,,,,,,,,0,0,3,0,1,3,3,1,1,1,,,0,0,,1,1,1,1,0.00
Public Method,"org.apache.commons.math3.linear.ArrayRealVectorTest.testCosinePrecondition2",,,,,,,,,,,,,,5,5,3,2,0,4,1,1,0,,,,0,,,,,,,,,,,,,0,0,3,0,1,3,3,1,1,1,,,0,0,,1,1,1,1,0.00
Public Method,"org.apache.commons.math3.linear.ArrayRealVectorTest.testCosinePrecondition3",,,,,,,,,,,,,,5,5,3,2,0,4,1,1,0,,,,0,,,,,,,,,,,,,0,0,3,0,1,3,3,1,1,1,,,0,0,,1,1,1,1,0.00
Public Method,"org.apache.commons.math3.linear.ArrayRealVectorTest.testDataInOut",,,,,,,,,,,,,,87,62,56,19,1,53,5,5,4,,,,0,,,,,,,,,,,,,4,18,17,7,16,48,17,36,5,1,,,0,1,,5,5,1,5,0.11
Public Method,"org.apache.commons.math3.linear.ArrayRealVectorTest.testMapFunctions",,,,,,,,,,,,,,326,207,205,15,0,206,1,1,0,,,,0,,,,,,,,,,,,,2,62,122,57,1,205,122,84,1,1,,,0,0,,1,1,1,1,0.28
Public Method,"org.apache.commons.math3.linear.ArrayRealVectorTest.testMinMax",,,,,,,,,,,,,,22,22,20,8,0,21,1,1,0,,,,0,,,,,,,,,,,,,1,0,5,0,1,20,5,16,1,1,,,0,0,,1,1,1,1,0.00
Public Method,"org.apache.commons.math3.linear.ArrayRealVectorTest.testMisc",,,,,,,,,,,,,,34,22,17,7,1,15,4,4,3,,,,0,,,,,,,,,,,,,2,4,5,8,8,11,5,10,4,1,,,0,1,,4,4,1,4,0.36
Public Method,"org.apache.commons.math3.linear.ArrayRealVectorTest.testOuterProduct",,,,,,,,,,,,,,14,12,10,5,0,11,1,1,0,,,,0,,,,,,,,,,,,,0,2,5,0,1,10,5,6,1,1,,,0,0,,1,1,1,1,0.00
Public Method,"org.apache.commons.math3.linear.ArrayRealVectorTest.testPredicates",,,,,,,,,,,,,,35,27,25,16,0,24,1,1,0,,,,0,,,,,,,,,,,,,2,8,2,0,1,23,2,22,1,1,,,0,0,,1,1,1,1,0.00
Public Method,"org.apache.commons.math3.linear.ArrayRealVectorTest.testSerial",,,,,,,,,,,,,,4,4,2,3,0,3,1,1,0,,,,0,,,,,,,,,,,,,0,0,2,0,1,2,2,1,1,1,,,0,0,,1,1,1,1,0.00
Public Method,"org.apache.commons.math3.linear.ArrayRealVectorTest.testZeroVectors",,,,,,,,,,,,,,5,5,3,4,0,4,1,1,0,,,,0,,,,,,,,,,,,,0,0,1,0,1,3,1,3,1,1,,,0,0,,1,1,1,1,0.00
Class,"org.apache.commons.math3.linear.BiDiagonalTransformer",6,1,2,6,4,,0,,10,10,4,2,4,359,230,156,,,229,,,,15,1,1,,6,6,31,22,1,0,0,,,6,10,0,,46,66,83,,172,95,134,,,15,15,,5,53,64,64,10,64,0.36
Public Constructor,"org.apache.commons.math3.linear.BiDiagonalTransformer.BiDiagonalTransformer",,,,,,,,,,,,,,24,16,13,13,0,13,2,2,1,,,,0,,,,,,,,,,,,,9,3,4,5,2,11,4,9,2,1,,,0,1,,2,2,1,2,0.31
Public Method,"org.apache.commons.math3.linear.BiDiagonalTransformer.getB",,,,,,,,,,,,,,30,21,14,3,1,16,6,6,1,,,,0,,,,,,,,,,,,,10,4,4,5,6,10,5,11,6,1,,,0,4,,6,6,1,6,0.24
Method,"org.apache.commons.math3.linear.BiDiagonalTransformer.getHouseholderVectorsRef",,,,,,,,,,,,,,9,3,1,1,0,2,1,1,0,,,,0,,,,,,,,,,,,,1,0,1,6,1,1,1,1,1,1,,,0,0,,1,1,1,1,2.00
Method,"org.apache.commons.math3.linear.BiDiagonalTransformer.getMainDiagonalRef",,,,,,,,,,,,,,9,3,1,1,0,2,1,1,0,,,,0,,,,,,,,,,,,,1,0,1,6,1,1,1,1,1,1,,,0,0,,1,1,1,1,2.00
Method,"org.apache.commons.math3.linear.BiDiagonalTransformer.getSecondaryDiagonalRef",,,,,,,,,,,,,,9,3,1,1,0,2,1,1,0,,,,0,,,,,,,,,,,,,1,0,1,6,1,1,1,1,1,1,,,0,0,,1,1,1,1,2.00
Public Method,"org.apache.commons.math3.linear.BiDiagonalTransformer.getU",,,,,,,,,,,,,,49,34,24,3,1,35,11,11,0,,,,0,,,,,,,,,,,,,10,7,9,8,29,26,14,21,11,1,,,0,5,,11,11,1,11,0.24
Public Method,"org.apache.commons.math3.linear.BiDiagonalTransformer.getV",,,,,,,,,,,,,,49,34,24,3,1,35,11,11,0,,,,0,,,,,,,,,,,,,10,7,9,8,29,26,14,21,11,1,,,0,5,,11,11,1,11,0.24
Method,"org.apache.commons.math3.linear.BiDiagonalTransformer.isUpperBiDiagonal",,,,,,,,,,,,,,7,3,1,1,0,2,1,1,0,,,,0,,,,,,,,,,,,,3,0,1,4,1,1,1,1,1,1,,,0,0,,1,1,1,1,1.33
Private Method,"org.apache.commons.math3.linear.BiDiagonalTransformer.transformToLowerBiDiagonal",,,,,,,,,,,,,,64,53,39,3,2,58,15,15,0,,,,0,,,,,,,,,,,,,3,4,15,7,157,45,24,34,15,1,,,0,5,,15,15,1,15,0.13
Private Method,"org.apache.commons.math3.linear.BiDiagonalTransformer.transformToUpperBiDiagonal",,,,,,,,,,,,,,63,52,38,3,2,57,15,15,0,,,,0,,,,,,,,,,,,,3,4,14,7,157,44,23,34,15,1,,,0,5,,15,15,1,15,0.13
Public Class,"org.apache.commons.math3.linear.BiDiagonalTransformerTest",1,1,0,0,5,,0,,12,12,0,4,8,178,152,107,,,94,,,,6,1,1,,1,1,11,11,1,0,0,,,2,12,0,,22,69,4,,76,47,47,,,6,8,,4,45,17,19,12,17,0.03
Private Method,"org.apache.commons.math3.linear.BiDiagonalTransformerTest.checkAEqualUSVt",,,,,,,,,,,,,,8,8,6,9,0,7,1,1,0,,,,0,,,,,,,,,,,,,2,0,6,0,1,6,6,1,1,1,,,0,0,,1,1,1,1,0.00
Private Method,"org.apache.commons.math3.linear.BiDiagonalTransformerTest.checkBiDiagonal",,,,,,,,,,,,,,17,17,10,4,1,14,6,8,1,,,,0,,,,,,,,,,,,,2,0,3,0,6,8,5,9,6,1,,,0,4,,6,8,1,6,0.00
Private Method,"org.apache.commons.math3.linear.BiDiagonalTransformerTest.checkOrthogonal",,,,,,,,,,,,,,5,5,3,7,0,4,1,1,0,,,,0,,,,,,,,,,,,,3,0,3,0,1,3,3,1,1,1,,,0,0,,1,1,1,1,0.00
Private Method,"org.apache.commons.math3.linear.BiDiagonalTransformerTest.checkdimensions",,,,,,,,,,,,,,12,11,9,7,0,10,1,1,0,,,,0,,,,,,,,,,,,,2,1,4,0,1,9,4,6,1,1,,,0,0,,1,1,1,1,0.00
Public Method,"org.apache.commons.math3.linear.BiDiagonalTransformerTest.testAEqualUSVt",,,,,,,,,,,,,,5,5,3,3,0,4,1,1,0,,,,0,,,,,,,,,,,,,2,0,1,0,1,3,1,3,1,1,,,0,0,,1,1,1,1,0.00
Public Method,"org.apache.commons.math3.linear.BiDiagonalTransformerTest.testBBiDiagonal",,,,,,,,,,,,,,5,5,3,5,0,4,1,1,0,,,,0,,,,,,,,,,,,,2,0,1,0,1,3,1,3,1,1,,,0,0,,1,1,1,1,0.00
Public Method,"org.apache.commons.math3.linear.BiDiagonalTransformerTest.testDimensions",,,,,,,,,,,,,,5,5,3,3,0,4,1,1,0,,,,0,,,,,,,,,,,,,2,0,1,0,1,3,1,3,1,1,,,0,0,,1,1,1,1,0.00
Public Method,"org.apache.commons.math3.linear.BiDiagonalTransformerTest.testMatricesValues",,,,,,,,,,,,,,31,26,23,10,0,15,1,1,0,,,,0,,,,,,,,,,,,,1,3,13,2,1,14,9,6,1,1,,,0,0,,1,1,1,1,0.08
Public Method,"org.apache.commons.math3.linear.BiDiagonalTransformerTest.testSingularMatrix",,,,,,,,,,,,,,40,35,32,10,0,17,1,1,0,,,,0,,,,,,,,,,,,,0,3,15,2,1,16,11,6,1,1,,,0,0,,1,1,1,1,0.06
Public Method,"org.apache.commons.math3.linear.BiDiagonalTransformerTest.testUOrthogonal",,,,,,,,,,,,,,5,5,3,5,0,4,1,1,0,,,,0,,,,,,,,,,,,,2,0,1,0,1,3,1,3,1,1,,,0,0,,1,1,1,1,0.00
Public Method,"org.apache.commons.math3.linear.BiDiagonalTransformerTest.testUpperOrLower",,,,,,,,,,,,,,5,5,3,6,0,4,1,1,0,,,,0,,,,,,,,,,,,,2,0,1,0,1,3,1,3,1,1,,,0,0,,1,1,1,1,0.00
Public Method,"org.apache.commons.math3.linear.BiDiagonalTransformerTest.testVOrthogonal",,,,,,,,,,,,,,5,5,3,5,0,4,1,1,0,,,,0,,,,,,,,,,,,,2,0,1,0,1,3,1,3,1,1,,,0,0,,1,1,1,1,0.00
Public Generic Class,"org.apache.commons.math3.linear.BlockFieldMatrix",3,1,2,4,12,,2,,50,122,1,3,48,1520,1059,758,,,956,,,,8,1,2,,3,3,26,19,2,0,2,,,5,52,0,,163,451,298,,767,495,461,,,8,8,,7,48,189,191,52,189,0.28
Public Constructor,"org.apache.commons.math3.linear.BlockFieldMatrix.BlockFieldMatrix",,,,,,,,,,,,,,16,3,1,3,0,2,1,1,0,,,,0,,,,,,,,,,,,,42,0,1,13,1,1,1,1,1,1,,,0,0,,1,1,1,1,4.33
Public Constructor,"org.apache.commons.math3.linear.BlockFieldMatrix.BlockFieldMatrix",,,,,,,,,,,,,,21,8,6,8,0,7,1,1,0,,,,0,,,,,,,,,,,,,29,2,1,11,1,6,1,6,1,1,,,0,0,,1,1,1,1,1.38
Public Constructor,"org.apache.commons.math3.linear.BlockFieldMatrix.BlockFieldMatrix",,,,,,,,,,,,,,47,26,18,14,1,21,6,6,1,,,,0,,,,,,,,,,,,,9,3,4,18,12,15,5,16,6,1,,,0,3,,6,6,1,6,0.69
TypeVariable,"org.apache.commons.math3.linear.BlockFieldMatrix.T",0,0,0,0,0,,0,,0,0,0,0,0,0,0,0,,,0,,,,0,0,1,,0,0,0,0,2,0,0,,,0,0,0,,0,0,0,,0,0,0,,,0,0,,0,0,0,0,0,0,0.00
Public Method,"org.apache.commons.math3.linear.BlockFieldMatrix.add",,,,,,,,,,,,,,26,13,9,5,0,14,3,3,0,,,,0,,,,,,,,,,,,,8,4,5,9,3,11,7,7,3,1,,,0,2,,3,3,1,3,0.69
Public Method,"org.apache.commons.math3.linear.BlockFieldMatrix.add",,,,,,,,,,,,,,40,28,21,8,1,29,6,6,1,,,,0,,,,,,,,,,,,,7,7,10,5,6,23,14,15,6,1,,,0,5,,6,6,1,6,0.18
Public Method,"org.apache.commons.math3.linear.BlockFieldMatrix.addToEntry",,,,,,,,,,,,,,13,10,8,4,0,8,1,1,0,,,,0,,,,,,,,,,,,,6,2,6,1,1,7,5,3,1,1,,,0,0,,1,1,1,1,0.10
Private Method,"org.apache.commons.math3.linear.BlockFieldMatrix.blockHeight",,,,,,,,,,,,,,8,3,1,1,0,2,2,2,0,,,,0,,,,,,,,,,,,,12,0,1,5,1,1,1,1,2,1,,,0,0,,2,2,1,2,1.67
Private Method,"org.apache.commons.math3.linear.BlockFieldMatrix.blockWidth",,,,,,,,,,,,,,8,3,1,1,0,2,2,2,0,,,,0,,,,,,,,,,,,,30,0,1,5,1,1,1,1,2,1,,,0,0,,2,2,1,2,1.67
Public Method,"org.apache.commons.math3.linear.BlockFieldMatrix.copy",,,,,,,,,,,,,,13,7,4,4,0,7,2,2,0,,,,0,,,,,,,,,,,,,5,3,2,3,2,5,3,4,2,1,,,0,1,,2,2,1,2,0.43
Private Method,"org.apache.commons.math3.linear.BlockFieldMatrix.copyBlockPart",,,,,,,,,,,,,,29,14,7,1,0,10,2,2,0,,,,0,,,,,,,,,,,,,11,0,8,15,2,8,5,5,2,1,,,0,1,,2,2,1,2,1.07
Public Static Generic Method,"org.apache.commons.math3.linear.BlockFieldMatrix.createBlocksLayout",,,,,,,,,,,,,,37,20,15,4,0,20,3,3,0,,,,0,,,,,,,,,,,,,5,2,12,15,3,17,13,7,3,1,,,0,2,,3,3,1,3,0.75
TypeVariable,"org.apache.commons.math3.linear.BlockFieldMatrix.createBlocksLayout.T",0,0,0,0,0,,0,,0,0,0,0,0,0,0,0,,,0,,,,0,0,1,,0,0,0,0,2,0,0,,,0,0,0,,0,0,0,,0,0,0,,,0,0,,0,0,0,0,0,0,0.00
Public Method,"org.apache.commons.math3.linear.BlockFieldMatrix.createMatrix",,,,,,,,,,,,,,4,3,1,3,0,2,1,1,0,,,,0,,,,,,,,,,,,,2,0,1,1,1,1,1,1,1,1,,,0,0,,1,1,1,1,0.33
Public Method,"org.apache.commons.math3.linear.BlockFieldMatrix.getColumn",,,,,,,,,,,,,,20,16,12,6,0,17,3,3,0,,,,0,,,,,,,,,,,,,6,2,8,2,3,14,10,7,3,1,,,0,2,,3,3,1,3,0.12
Public Method,"org.apache.commons.math3.linear.BlockFieldMatrix.getColumnDimension",,,,,,,,,,,,,,4,3,1,1,0,2,1,1,0,,,,0,,,,,,,,,,,,,8,0,1,1,1,1,1,1,1,1,,,0,0,,1,1,1,1,0.33
Public Method,"org.apache.commons.math3.linear.BlockFieldMatrix.getColumnMatrix",,,,,,,,,,,,,,26,22,17,6,1,22,4,4,0,,,,0,,,,,,,,,,,,,7,2,10,2,4,18,12,10,4,1,,,0,3,,4,4,1,4,0.09
Public Method,"org.apache.commons.math3.linear.BlockFieldMatrix.getColumnVector",,,,,,,,,,,,,,20,16,12,7,0,17,3,3,0,,,,0,,,,,,,,,,,,,6,2,8,2,3,14,10,7,3,1,,,0,2,,3,3,1,3,0.12
Public Method,"org.apache.commons.math3.linear.BlockFieldMatrix.getData",,,,,,,,,,,,,,27,23,18,7,1,25,4,4,0,,,,0,,,,,,,,,,,,,7,3,10,1,4,21,13,12,4,1,,,0,3,,4,4,1,4,0.04
Public Method,"org.apache.commons.math3.linear.BlockFieldMatrix.getEntry",,,,,,,,,,,,,,12,9,7,4,0,7,1,1,0,,,,0,,,,,,,,,,,,,5,2,5,1,1,6,4,3,1,1,,,0,0,,1,1,1,1,0.11
Public Method,"org.apache.commons.math3.linear.BlockFieldMatrix.getRow",,,,,,,,,,,,,,18,14,11,6,0,14,2,2,0,,,,0,,,,,,,,,,,,,5,2,7,2,2,12,8,6,2,1,,,0,1,,2,2,1,2,0.14
Public Method,"org.apache.commons.math3.linear.BlockFieldMatrix.getRowDimension",,,,,,,,,,,,,,4,3,1,1,0,2,1,1,0,,,,0,,,,,,,,,,,,,8,0,1,1,1,1,1,1,1,1,,,0,0,,1,1,1,1,0.33
Public Method,"org.apache.commons.math3.linear.BlockFieldMatrix.getRowMatrix",,,,,,,,,,,,,,28,24,20,6,0,22,3,3,1,,,,0,,,,,,,,,,,,,6,2,10,2,3,19,11,11,3,1,,,0,2,,3,3,1,3,0.08
Public Method,"org.apache.commons.math3.linear.BlockFieldMatrix.getRowVector",,,,,,,,,,,,,,18,14,11,7,0,14,2,2,0,,,,0,,,,,,,,,,,,,5,2,7,2,2,12,8,6,2,1,,,0,1,,2,2,1,2,0.14
Public Method,"org.apache.commons.math3.linear.BlockFieldMatrix.getSubMatrix",,,,,,,,,,,,,,92,74,65,7,1,40,6,6,3,,,,0,,,,,,,,,,,,,8,6,20,12,6,34,20,20,6,1,,,0,4,,6,6,1,6,0.16
Public Method,"org.apache.commons.math3.linear.BlockFieldMatrix.multiply",,,,,,,,,,,,,,71,49,40,9,1,47,8,8,0,,,,0,,,,,,,,,,,,,9,9,20,13,9,39,25,22,8,1,,,0,6,,8,8,1,8,0.27
Public Method,"org.apache.commons.math3.linear.BlockFieldMatrix.multiply",,,,,,,,,,,,,,58,41,32,12,1,44,8,8,1,,,,0,,,,,,,,,,,,,6,11,17,6,8,36,23,21,8,1,,,0,7,,8,8,1,8,0.15
Public Method,"org.apache.commons.math3.linear.BlockFieldMatrix.multiplyEntry",,,,,,,,,,,,,,13,10,8,4,0,8,1,1,0,,,,0,,,,,,,,,,,,,6,2,6,1,1,7,5,3,1,1,,,0,0,,1,1,1,1,0.10
Public Method,"org.apache.commons.math3.linear.BlockFieldMatrix.operate",,,,,,,,,,,,,,39,35,27,8,1,30,7,7,0,,,,0,,,,,,,,,,,,,8,2,11,2,14,23,14,16,7,1,,,0,4,,7,7,1,7,0.06
Public Method,"org.apache.commons.math3.linear.BlockFieldMatrix.preMultiply",,,,,,,,,,,,,,45,40,32,9,1,35,7,7,0,,,,0,,,,,,,,,,,,,8,3,15,2,14,28,18,17,7,1,,,0,4,,7,7,1,7,0.05
Public Method,"org.apache.commons.math3.linear.BlockFieldMatrix.scalarAdd",,,,,,,,,,,,,,15,11,7,4,0,12,3,3,0,,,,0,,,,,,,,,,,,,8,2,4,2,3,9,6,6,3,1,,,0,2,,3,3,1,3,0.18
Public Method,"org.apache.commons.math3.linear.BlockFieldMatrix.scalarMultiply",,,,,,,,,,,,,,16,11,7,4,0,12,3,3,0,,,,0,,,,,,,,,,,,,6,3,4,2,3,9,6,6,3,1,,,0,2,,3,3,1,3,0.18
Public Method,"org.apache.commons.math3.linear.BlockFieldMatrix.setColumn",,,,,,,,,,,,,,21,18,13,5,1,18,4,4,0,,,,0,,,,,,,,,,,,,8,1,8,2,6,14,10,8,4,1,,,0,2,,4,4,1,4,0.11
Public Method,"org.apache.commons.math3.linear.BlockFieldMatrix.setColumnMatrix",,,,,,,,,,,,,,8,7,4,2,0,4,2,2,1,,,,0,,,,,,,,,,,,,2,0,1,1,2,2,1,3,2,1,,,0,1,,2,2,1,2,0.14
Method,"org.apache.commons.math3.linear.BlockFieldMatrix.setColumnMatrix",,,,,,,,,,,,,,41,27,21,6,1,23,5,6,0,,,,0,,,,,,,,,,,,,8,1,10,13,8,18,12,11,5,1,,,0,3,,5,6,1,5,0.48
Public Method,"org.apache.commons.math3.linear.BlockFieldMatrix.setColumnVector",,,,,,,,,,,,,,8,7,4,3,0,4,2,2,1,,,,0,,,,,,,,,,,,,2,0,1,1,2,2,1,3,2,1,,,0,1,,2,2,1,2,0.14
Public Method,"org.apache.commons.math3.linear.BlockFieldMatrix.setEntry",,,,,,,,,,,,,,12,9,7,4,0,7,1,1,0,,,,0,,,,,,,,,,,,,6,2,5,1,1,6,4,3,1,1,,,0,0,,1,1,1,1,0.11
Public Method,"org.apache.commons.math3.linear.BlockFieldMatrix.setRow",,,,,,,,,,,,,,19,16,12,5,1,15,3,3,0,,,,0,,,,,,,,,,,,,7,1,7,2,4,12,8,7,3,1,,,0,1,,3,3,1,3,0.12
Public Method,"org.apache.commons.math3.linear.BlockFieldMatrix.setRowMatrix",,,,,,,,,,,,,,8,7,4,2,0,4,2,2,1,,,,0,,,,,,,,,,,,,2,0,1,1,2,2,1,3,2,1,,,0,1,,2,2,1,2,0.14
Public Method,"org.apache.commons.math3.linear.BlockFieldMatrix.setRowMatrix",,,,,,,,,,,,,,43,29,24,6,1,23,4,5,1,,,,0,,,,,,,,,,,,,7,1,10,13,6,19,11,12,4,1,,,0,2,,4,5,1,4,0.45
Public Method,"org.apache.commons.math3.linear.BlockFieldMatrix.setRowVector",,,,,,,,,,,,,,8,7,4,3,0,4,2,2,1,,,,0,,,,,,,,,,,,,2,0,1,1,2,2,1,3,2,1,,,0,1,,2,2,1,2,0.14
Public Method,"org.apache.commons.math3.linear.BlockFieldMatrix.setSubMatrix",,,,,,,,,,,,,,48,38,30,9,1,36,7,7,0,,,,0,,,,,,,,,,,,,9,5,18,5,24,28,22,14,7,1,,,0,3,,7,7,1,7,0.13
Public Method,"org.apache.commons.math3.linear.BlockFieldMatrix.subtract",,,,,,,,,,,,,,25,13,9,5,0,14,3,3,0,,,,0,,,,,,,,,,,,,7,3,5,9,3,11,7,7,3,1,,,0,2,,3,3,1,3,0.69
Public Method,"org.apache.commons.math3.linear.BlockFieldMatrix.subtract",,,,,,,,,,,,,,40,28,21,8,1,29,6,6,1,,,,0,,,,,,,,,,,,,7,7,10,5,6,23,14,15,6,1,,,0,5,,6,6,1,6,0.18
Public Static Generic Method,"org.apache.commons.math3.linear.BlockFieldMatrix.toBlocksLayout",,,,,,,,,,,,,,69,34,27,7,1,36,6,6,0,,,,0,,,,,,,,,,,,,4,7,17,28,12,30,21,15,6,1,,,0,3,,6,6,1,6,0.82
TypeVariable,"org.apache.commons.math3.linear.BlockFieldMatrix.toBlocksLayout.T",0,0,0,0,0,,0,,0,0,0,0,0,0,0,0,,,0,,,,0,0,1,,0,0,0,0,2,0,0,,,0,0,0,,0,0,0,,0,0,0,,,0,0,,0,0,0,0,0,0,0.00
Public Method,"org.apache.commons.math3.linear.BlockFieldMatrix.transpose",,,,,,,,,,,,,,37,28,22,6,1,31,5,5,0,,,,0,,,,,,,,,,,,,7,5,14,4,5,26,18,13,5,1,,,0,4,,5,5,1,5,0.14
Public Method,"org.apache.commons.math3.linear.BlockFieldMatrix.walkInOptimizedOrder",,,,,,,,,,,,,,23,22,16,5,1,25,5,5,0,,,,0,,,,,,,,,,,,,7,0,8,1,5,20,12,13,5,1,,,0,4,,5,5,1,5,0.05
Public Method,"org.apache.commons.math3.linear.BlockFieldMatrix.walkInOptimizedOrder",,,,,,,,,,,,,,23,22,16,5,1,25,5,5,0,,,,0,,,,,,,,,,,,,7,0,8,1,5,20,12,13,5,1,,,0,4,,5,5,1,5,0.05
Public Method,"org.apache.commons.math3.linear.BlockFieldMatrix.walkInOptimizedOrder",,,,,,,,,,,,,,27,26,18,8,1,27,5,5,0,,,,0,,,,,,,,,,,,,10,0,12,1,5,22,14,13,5,1,,,0,4,,5,5,1,5,0.04
Public Method,"org.apache.commons.math3.linear.BlockFieldMatrix.walkInOptimizedOrder",,,,,,,,,,,,,,27,26,18,8,1,27,5,5,0,,,,0,,,,,,,,,,,,,10,0,12,1,5,22,14,13,5,1,,,0,4,,5,5,1,5,0.04
Public Method,"org.apache.commons.math3.linear.BlockFieldMatrix.walkInRowOrder",,,,,,,,,,,,,,22,21,15,6,1,24,5,5,0,,,,0,,,,,,,,,,,,,7,0,8,1,5,19,12,12,5,1,,,0,4,,5,5,1,5,0.05
Public Method,"org.apache.commons.math3.linear.BlockFieldMatrix.walkInRowOrder",,,,,,,,,,,,,,22,21,15,6,1,24,5,5,0,,,,0,,,,,,,,,,,,,7,0,8,1,5,19,12,12,5,1,,,0,4,,5,5,1,5,0.05
Public Method,"org.apache.commons.math3.linear.BlockFieldMatrix.walkInRowOrder",,,,,,,,,,,,,,27,26,18,8,1,27,5,5,0,,,,0,,,,,,,,,,,,,10,0,12,1,5,22,14,13,5,1,,,0,4,,5,5,1,5,0.04
Public Method,"org.apache.commons.math3.linear.BlockFieldMatrix.walkInRowOrder",,,,,,,,,,,,,,27,26,18,8,1,27,5,5,0,,,,0,,,,,,,,,,,,,10,0,12,1,5,22,14,13,5,1,,,0,4,,5,5,1,5,0.04
Public Class,"org.apache.commons.math3.linear.BlockFieldMatrixTest",3,1,0,1,21,,0,,54,54,0,8,46,1342,1151,799,,,825,,,,23,1,1,,3,3,19,17,1,0,0,,,38,54,0,,108,391,84,,640,301,524,,,23,23,,3,95,189,192,54,189,0.07
Private Static Class,"org.apache.commons.math3.linear.BlockFieldMatrixTest.GetVisitor",1,1,0,0,1,,0,,3,7,0,0,3,15,15,5,,,10,,,,1,1,2,,1,1,3,3,1,0,0,,,1,3,0,,0,6,0,,6,5,5,,,1,1,,0,0,3,3,3,3,0.00
Public Constructor,"org.apache.commons.math3.linear.BlockFieldMatrixTest.GetVisitor.GetVisitor",,,,,,,,,,,,,,4,4,2,3,0,3,1,1,0,,,,0,,,,,,,,,,,,,2,0,1,0,1,2,1,2,1,1,,,0,0,,1,1,1,1,0.00
Public Method,"org.apache.commons.math3.linear.BlockFieldMatrixTest.GetVisitor.getCount",,,,,,,,,,,,,,3,3,1,1,0,2,1,1,0,,,,0,,,,,,,,,,,,,2,0,1,0,1,1,1,1,1,1,,,0,0,,1,1,1,1,0.00
Public Method,"org.apache.commons.math3.linear.BlockFieldMatrixTest.GetVisitor.visit",,,,,,,,,,,,,,4,4,2,3,0,3,1,1,0,,,,0,,,,,,,,,,,,,3,0,1,0,1,2,1,2,1,1,,,0,0,,1,1,1,1,0.00
Private Static Class,"org.apache.commons.math3.linear.BlockFieldMatrixTest.SetVisitor",1,1,0,0,1,,0,,2,6,0,0,2,9,9,2,,,5,,,,1,1,2,,1,1,3,3,1,0,0,,,0,2,0,,0,4,0,,2,3,2,,,1,1,,0,0,2,2,2,2,0.00
Public Constructor,"org.apache.commons.math3.linear.BlockFieldMatrixTest.SetVisitor.SetVisitor",,,,,,,,,,,,,,3,3,1,2,0,2,1,1,0,,,,0,,,,,,,,,,,,,2,0,1,0,1,1,1,1,1,1,,,0,0,,1,1,1,1,0.00
Public Method,"org.apache.commons.math3.linear.BlockFieldMatrixTest.SetVisitor.visit",,,,,,,,,,,,,,3,3,1,2,0,2,1,1,0,,,,0,,,,,,,,,,,,,2,0,1,0,1,1,1,1,1,1,,,0,0,,1,1,1,1,0.00
Private Method,"org.apache.commons.math3.linear.BlockFieldMatrixTest.checkArrays",,,,,,,,,,,,,,6,6,3,1,0,6,2,2,0,,,,0,,,,,,,,,,,,,9,0,1,0,2,4,2,4,2,1,,,0,1,,2,2,1,2,0.00
Private Method,"org.apache.commons.math3.linear.BlockFieldMatrixTest.checkCopy",,,,,,,,,,,,,,26,26,18,4,1,13,9,9,7,,,,0,,,,,,,,,,,,,11,0,4,0,8,7,2,11,9,1,,,0,2,,9,9,1,9,0.00
Private Method,"org.apache.commons.math3.linear.BlockFieldMatrixTest.checkCopy",,,,,,,,,,,,,,26,26,18,4,1,13,9,9,7,,,,0,,,,,,,,,,,,,9,0,4,0,8,7,2,11,9,1,,,0,2,,9,9,1,9,0.00
Private Method,"org.apache.commons.math3.linear.BlockFieldMatrixTest.checkGetSubMatrix",,,,,,,,,,,,,,28,28,19,4,1,14,10,10,11,,,,0,,,,,,,,,,,,,11,0,3,0,10,7,2,12,10,1,,,0,2,,10,10,1,10,0.00
Private Method,"org.apache.commons.math3.linear.BlockFieldMatrixTest.checkGetSubMatrix",,,,,,,,,,,,,,27,27,18,4,1,14,10,10,11,,,,0,,,,,,,,,,,,,9,0,3,0,10,7,2,12,10,1,,,0,2,,10,10,1,10,0.00
Private Method,"org.apache.commons.math3.linear.BlockFieldMatrixTest.columnToArray",,,,,,,,,,,,,,7,7,4,1,0,7,2,2,0,,,,0,,,,,,,,,,,,,4,0,2,0,2,5,3,4,2,1,,,0,1,,2,2,1,2,0.00
Private Method,"org.apache.commons.math3.linear.BlockFieldMatrixTest.columnToVector",,,,,,,,,,,,,,7,7,4,2,0,7,2,2,0,,,,0,,,,,,,,,,,,,4,0,2,0,2,5,3,4,2,1,,,0,1,,2,2,1,2,0.00
Private Method,"org.apache.commons.math3.linear.BlockFieldMatrixTest.createRandomMatrix",,,,,,,,,,,,,,15,15,9,6,1,14,4,4,0,,,,0,,,,,,,,,,,,,6,0,5,0,4,10,6,8,4,1,,,0,3,,4,4,1,4,0.00
Public Method,"org.apache.commons.math3.linear.BlockFieldMatrixTest.testAdd",,,,,,,,,,,,,,12,11,7,6,0,12,3,3,0,,,,0,,,,,,,,,,,,,3,0,5,1,3,9,7,5,3,1,,,0,2,,3,3,1,3,0.09
Public Method,"org.apache.commons.math3.linear.BlockFieldMatrixTest.testAddFail",,,,,,,,,,,,,,11,9,6,3,0,6,2,2,1,,,,0,,,,,,,,,,,,,2,0,3,2,2,4,3,3,2,1,,,0,1,,2,2,1,2,0.22
Public Method,"org.apache.commons.math3.linear.BlockFieldMatrixTest.testCopyFunctions",,,,,,,,,,,,,,10,9,7,4,0,8,1,1,0,,,,0,,,,,,,,,,,,,1,0,6,1,1,7,6,2,1,1,,,0,0,,1,1,1,1,0.11
Public Method,"org.apache.commons.math3.linear.BlockFieldMatrixTest.testCopySubMatrix",,,,,,,,,,,,,,19,18,16,3,0,17,1,1,0,,,,0,,,,,,,,,,,,,9,1,2,0,1,16,2,15,1,1,,,0,0,,1,1,1,1,0.00
Public Method,"org.apache.commons.math3.linear.BlockFieldMatrixTest.testDimensions",,,,,,,,,,,,,,11,10,8,6,0,9,1,1,0,,,,0,,,,,,,,,,,,,2,0,3,1,1,8,3,6,1,1,,,0,0,,1,1,1,1,0.10
Public Method,"org.apache.commons.math3.linear.BlockFieldMatrixTest.testEqualsAndHashCode",,,,,,,,,,,,,,12,12,10,8,0,11,1,1,0,,,,0,,,,,,,,,,,,,2,0,4,0,1,10,4,7,1,1,,,0,0,,1,1,1,1,0.00
Public Method,"org.apache.commons.math3.linear.BlockFieldMatrixTest.testExamples",,,,,,,,,,,,,,52,44,33,15,0,19,1,1,0,,,,0,,,,,,,,,,,,,0,2,24,6,1,18,11,8,1,1,,,0,0,,1,1,1,1,0.14
Public Method,"org.apache.commons.math3.linear.BlockFieldMatrixTest.testGetColumn",,,,,,,,,,,,,,19,17,13,5,1,12,3,3,2,,,,0,,,,,,,,,,,,,3,0,4,2,4,9,4,8,3,1,,,0,1,,3,3,1,3,0.12
Public Method,"org.apache.commons.math3.linear.BlockFieldMatrixTest.testGetColumnMatrix",,,,,,,,,,,,,,19,17,13,4,1,12,3,3,2,,,,0,,,,,,,,,,,,,3,0,4,2,4,9,4,8,3,1,,,0,1,,3,3,1,3,0.12
Public Method,"org.apache.commons.math3.linear.BlockFieldMatrixTest.testGetColumnVector",,,,,,,,,,,,,,19,17,13,5,1,12,3,3,2,,,,0,,,,,,,,,,,,,3,0,4,2,4,9,4,8,3,1,,,0,1,,3,3,1,3,0.12
Public Method,"org.apache.commons.math3.linear.BlockFieldMatrixTest.testGetEntry",,,,,,,,,,,,,,10,9,6,5,0,6,2,2,1,,,,0,,,,,,,,,,,,,1,0,2,1,2,4,2,4,2,1,,,0,1,,2,2,1,2,0.11
Public Method,"org.apache.commons.math3.linear.BlockFieldMatrixTest.testGetRow",,,,,,,,,,,,,,17,15,11,4,1,10,3,3,2,,,,0,,,,,,,,,,,,,3,0,2,2,4,7,2,8,3,1,,,0,1,,3,3,1,3,0.13
Public Method,"org.apache.commons.math3.linear.BlockFieldMatrixTest.testGetRowMatrix",,,,,,,,,,,,,,19,17,13,4,1,12,3,3,2,,,,0,,,,,,,,,,,,,3,0,4,2,4,9,4,8,3,1,,,0,1,,3,3,1,3,0.12
Public Method,"org.apache.commons.math3.linear.BlockFieldMatrixTest.testGetRowVector",,,,,,,,,,,,,,19,17,13,5,1,12,3,3,2,,,,0,,,,,,,,,,,,,3,0,4,2,4,9,4,8,3,1,,,0,1,,3,3,1,3,0.12
Public Method,"org.apache.commons.math3.linear.BlockFieldMatrixTest.testGetSetColumnLarge",,,,,,,,,,,,,,19,17,12,9,1,16,4,4,1,,,,0,,,,,,,,,,,,,1,2,4,0,4,12,6,10,4,1,,,0,3,,4,4,1,4,0.00
Public Method,"org.apache.commons.math3.linear.BlockFieldMatrixTest.testGetSetColumnMatrixLarge",,,,,,,,,,,,,,20,18,11,8,1,15,4,4,1,,,,0,,,,,,,,,,,,,1,2,6,0,4,11,6,9,4,1,,,0,3,,4,4,1,4,0.00
Public Method,"org.apache.commons.math3.linear.BlockFieldMatrixTest.testGetSetColumnVectorLarge",,,,,,,,,,,,,,18,16,11,8,1,15,4,4,1,,,,0,,,,,,,,,,,,,1,2,4,0,4,11,6,9,4,1,,,0,3,,4,4,1,4,0.00
Public Method,"org.apache.commons.math3.linear.BlockFieldMatrixTest.testGetSetMatrixLarge",,,,,,,,,,,,,,19,18,11,9,1,15,4,7,1,,,,0,,,,,,,,,,,,,1,1,6,0,4,11,6,9,4,1,,,0,3,,4,7,1,4,0.00
Public Method,"org.apache.commons.math3.linear.BlockFieldMatrixTest.testGetSetRowLarge",,,,,,,,,,,,,,19,17,12,9,1,16,4,4,1,,,,0,,,,,,,,,,,,,1,2,4,0,4,12,6,10,4,1,,,0,3,,4,4,1,4,0.00
Public Method,"org.apache.commons.math3.linear.BlockFieldMatrixTest.testGetSetRowMatrixLarge",,,,,,,,,,,,,,20,18,11,8,1,15,4,4,1,,,,0,,,,,,,,,,,,,1,2,6,0,4,11,6,9,4,1,,,0,3,,4,4,1,4,0.00
Public Method,"org.apache.commons.math3.linear.BlockFieldMatrixTest.testGetSetRowVectorLarge",,,,,,,,,,,,,,18,16,11,8,1,15,4,4,1,,,,0,,,,,,,,,,,,,1,2,4,0,4,11,6,9,4,1,,,0,3,,4,4,1,4,0.00
Public Method,"org.apache.commons.math3.linear.BlockFieldMatrixTest.testGetSubMatrix",,,,,,,,,,,,,,18,18,16,3,0,17,1,1,0,,,,0,,,,,,,,,,,,,9,0,2,0,1,16,2,15,1,1,,,0,0,,1,1,1,1,0.00
Public Method,"org.apache.commons.math3.linear.BlockFieldMatrixTest.testGetVectors",,,,,,,,,,,,,,17,15,11,5,1,10,3,3,2,,,,0,,,,,,,,,,,,,3,0,2,2,4,7,2,8,3,1,,,0,1,,3,3,1,3,0.13
Public Method,"org.apache.commons.math3.linear.BlockFieldMatrixTest.testMath209",,,,,,,,,,,,,,13,12,10,5,0,7,1,1,0,,,,0,,,,,,,,,,,,,1,0,4,1,1,6,3,4,1,1,,,0,0,,1,1,1,1,0.08
Public Method,"org.apache.commons.math3.linear.BlockFieldMatrixTest.testMultiply",,,,,,,,,,,,,,18,16,13,4,0,13,2,2,1,,,,0,,,,,,,,,,,,,5,0,5,2,2,11,5,8,2,1,,,0,1,,2,2,1,2,0.12
Public Method,"org.apache.commons.math3.linear.BlockFieldMatrixTest.testMultiply2",,,,,,,,,,,,,,6,6,4,3,0,5,1,1,0,,,,0,,,,,,,,,,,,,3,0,4,0,1,4,4,1,1,1,,,0,0,,1,1,1,1,0.00
Public Method,"org.apache.commons.math3.linear.BlockFieldMatrixTest.testOperate",,,,,,,,,,,,,,13,11,8,7,0,8,2,2,1,,,,0,,,,,,,,,,,,,3,0,2,2,2,6,2,6,2,1,,,0,1,,2,2,1,2,0.18
Public Method,"org.apache.commons.math3.linear.BlockFieldMatrixTest.testOperateLarge",,,,,,,,,,,,,,12,12,9,5,0,12,2,2,0,,,,0,,,,,,,,,,,,,1,0,8,0,2,10,9,3,2,1,,,0,1,,2,2,1,2,0.00
Public Method,"org.apache.commons.math3.linear.BlockFieldMatrixTest.testOperatePremultiplyLarge",,,,,,,,,,,,,,12,12,9,5,0,12,2,2,0,,,,0,,,,,,,,,,,,,1,0,8,0,2,10,9,3,2,1,,,0,1,,2,2,1,2,0.00
Public Method,"org.apache.commons.math3.linear.BlockFieldMatrixTest.testPlusMinus",,,,,,,,,,,,,,12,10,7,7,0,7,2,2,1,,,,0,,,,,,,,,,,,,3,0,3,2,2,5,3,4,2,1,,,0,1,,2,2,1,2,0.20
Public Method,"org.apache.commons.math3.linear.BlockFieldMatrixTest.testPremultiply",,,,,,,,,,,,,,20,18,15,5,0,15,2,2,1,,,,0,,,,,,,,,,,,,7,1,7,1,2,13,7,8,2,1,,,0,1,,2,2,1,2,0.06
Public Method,"org.apache.commons.math3.linear.BlockFieldMatrixTest.testPremultiplyVector",,,,,,,,,,,,,,14,12,9,6,0,8,2,2,1,,,,0,,,,,,,,,,,,,4,0,2,2,2,6,2,6,2,1,,,0,1,,2,2,1,2,0.17
Public Method,"org.apache.commons.math3.linear.BlockFieldMatrixTest.testScalarAdd",,,,,,,,,,,,,,6,5,3,4,0,3,1,1,0,,,,0,,,,,,,,,,,,,2,0,2,1,1,2,2,1,1,1,,,0,0,,1,1,1,1,0.20
Public Method,"org.apache.commons.math3.linear.BlockFieldMatrixTest.testSerial",,,,,,,,,,,,,,4,4,2,3,0,3,1,1,0,,,,0,,,,,,,,,,,,,1,0,2,0,1,2,2,1,1,1,,,0,0,,1,1,1,1,0.00
Public Method,"org.apache.commons.math3.linear.BlockFieldMatrixTest.testSetColumn",,,,,,,,,,,,,,19,17,13,7,1,12,3,3,2,,,,0,,,,,,,,,,,,,2,0,3,2,4,9,3,9,3,1,,,0,1,,3,3,1,3,0.12
Public Method,"org.apache.commons.math3.linear.BlockFieldMatrixTest.testSetColumnMatrix",,,,,,,,,,,,,,19,17,13,6,1,12,3,3,2,,,,0,,,,,,,,,,,,,2,0,3,2,4,9,3,9,3,1,,,0,1,,3,3,1,3,0.12
Public Method,"org.apache.commons.math3.linear.BlockFieldMatrixTest.testSetColumnVector",,,,,,,,,,,,,,19,17,13,9,1,12,3,3,2,,,,0,,,,,,,,,,,,,2,0,3,2,4,9,3,9,3,1,,,0,1,,3,3,1,3,0.12
Public Method,"org.apache.commons.math3.linear.BlockFieldMatrixTest.testSetRow",,,,,,,,,,,,,,18,16,12,6,1,11,3,3,2,,,,0,,,,,,,,,,,,,2,0,2,2,4,8,2,9,3,1,,,0,1,,3,3,1,3,0.12
Public Method,"org.apache.commons.math3.linear.BlockFieldMatrixTest.testSetRowMatrix",,,,,,,,,,,,,,19,17,13,6,1,12,3,3,2,,,,0,,,,,,,,,,,,,2,0,3,2,4,9,3,9,3,1,,,0,1,,3,3,1,3,0.12
Public Method,"org.apache.commons.math3.linear.BlockFieldMatrixTest.testSetRowVector",,,,,,,,,,,,,,19,17,13,10,1,12,3,3,2,,,,0,,,,,,,,,,,,,2,0,3,2,4,9,3,9,3,1,,,0,1,,3,3,1,3,0.12
Public Method,"org.apache.commons.math3.linear.BlockFieldMatrixTest.testSetSubMatrix",,,,,,,,,,,,,,81,62,53,5,2,33,7,7,6,,,,0,,,,,,,,,,,,,3,7,6,12,64,26,4,29,7,1,,,0,1,,7,7,1,7,0.19
Public Method,"org.apache.commons.math3.linear.BlockFieldMatrixTest.testSeveralBlocks",,,,,,,,,,,,,,83,73,48,16,5,93,23,23,0,,,,0,,,,,,,,,,,,,1,10,14,0,104976,70,35,58,23,1,,,0,3,,23,23,1,23,0.00
Public Method,"org.apache.commons.math3.linear.BlockFieldMatrixTest.testToString",,,,,,,,,,,,,,4,4,2,3,0,3,1,1,0,,,,0,,,,,,,,,,,,,1,0,2,0,1,2,2,1,1,1,,,0,0,,1,1,1,1,0.00
Public Method,"org.apache.commons.math3.linear.BlockFieldMatrixTest.testTrace",,,,,,,,,,,,,,12,10,7,5,0,7,2,2,1,,,,0,,,,,,,,,,,,,2,0,2,2,2,5,2,5,2,1,,,0,1,,2,2,1,2,0.20
Public Method,"org.apache.commons.math3.linear.BlockFieldMatrixTest.testTranspose",,,,,,,,,,,,,,10,9,7,6,0,8,1,1,0,,,,0,,,,,,,,,,,,,3,0,5,1,1,7,5,3,1,1,,,0,0,,1,1,1,1,0.11
Public Method,"org.apache.commons.math3.linear.BlockFieldMatrixTest.testWalk",,,,,,,,,,,,,,85,76,66,20,2,83,9,9,0,,,,0,,,,,,,,,,,,,0,9,5,0,256,74,13,70,9,1,,,0,1,,9,9,1,9,0.00
Public Class,"org.apache.commons.math3.linear.BlockRealMatrix",3,1,1,4,12,,2,,52,118,1,3,50,1507,1079,765,,,981,,,,8,1,3,,3,3,25,19,2,0,2,,,5,54,0,,135,455,293,,782,504,477,,,8,8,,7,48,198,200,54,198,0.27
Public Constructor,"org.apache.commons.math3.linear.BlockRealMatrix.BlockRealMatrix",,,,,,,,,,,,,,16,3,1,3,0,2,1,1,0,,,,0,,,,,,,,,,,,,62,0,1,13,1,1,1,1,1,1,,,0,0,,1,1,1,1,4.33
Public Constructor,"org.apache.commons.math3.linear.BlockRealMatrix.BlockRealMatrix",,,,,,,,,,,,,,20,8,6,8,0,7,1,1,0,,,,0,,,,,,,,,,,,,33,2,1,10,1,6,1,6,1,1,,,0,0,,1,1,1,1,1.25
Public Constructor,"org.apache.commons.math3.linear.BlockRealMatrix.BlockRealMatrix",,,,,,,,,,,,,,46,26,18,11,1,21,6,6,1,,,,0,,,,,,,,,,,,,10,3,4,17,12,15,5,16,6,1,,,0,3,,6,6,1,6,0.65
Public Method,"org.apache.commons.math3.linear.BlockRealMatrix.add",,,,,,,,,,,,,,37,28,21,6,1,29,6,6,1,,,,0,,,,,,,,,,,,,7,4,10,5,6,23,14,15,6,1,,,0,5,,6,6,1,6,0.18
Public Method,"org.apache.commons.math3.linear.BlockRealMatrix.add",,,,,,,,,,,,,,26,13,9,3,0,14,3,3,0,,,,0,,,,,,,,,,,,,8,3,5,10,3,11,7,7,3,1,,,0,2,,3,3,1,3,0.77
Public Method,"org.apache.commons.math3.linear.BlockRealMatrix.addToEntry",,,,,,,,,,,,,,9,8,6,3,0,6,1,1,0,,,,0,,,,,,,,,,,,,6,0,5,1,1,5,4,2,1,1,,,0,0,,1,1,1,1,0.12
Private Method,"org.apache.commons.math3.linear.BlockRealMatrix.blockHeight",,,,,,,,,,,,,,8,3,1,1,0,2,2,2,0,,,,0,,,,,,,,,,,,,13,0,1,5,1,1,1,1,2,1,,,0,0,,2,2,1,2,1.67
Private Method,"org.apache.commons.math3.linear.BlockRealMatrix.blockWidth",,,,,,,,,,,,,,8,3,1,1,0,2,2,2,0,,,,0,,,,,,,,,,,,,31,0,1,5,1,1,1,1,2,1,,,0,0,,2,2,1,2,1.67
Public Method,"org.apache.commons.math3.linear.BlockRealMatrix.copy",,,,,,,,,,,,,,12,7,4,3,0,7,2,2,0,,,,0,,,,,,,,,,,,,5,2,2,3,2,5,3,4,2,1,,,0,1,,2,2,1,2,0.43
Private Method,"org.apache.commons.math3.linear.BlockRealMatrix.copyBlockPart",,,,,,,,,,,,,,29,14,7,1,0,10,2,2,0,,,,0,,,,,,,,,,,,,11,0,8,15,2,8,5,5,2,1,,,0,1,,2,2,1,2,1.07
Public Static Method,"org.apache.commons.math3.linear.BlockRealMatrix.createBlocksLayout",,,,,,,,,,,,,,33,19,15,2,0,20,3,3,0,,,,0,,,,,,,,,,,,,5,2,11,12,3,17,13,7,3,1,,,0,2,,3,3,1,3,0.63
Public Method,"org.apache.commons.math3.linear.BlockRealMatrix.createMatrix",,,,,,,,,,,,,,4,3,1,2,0,2,1,1,0,,,,0,,,,,,,,,,,,,2,0,1,1,1,1,1,1,1,1,,,0,0,,1,1,1,1,0.33
Public Method,"org.apache.commons.math3.linear.BlockRealMatrix.getColumn",,,,,,,,,,,,,,20,16,12,4,0,17,3,3,0,,,,0,,,,,,,,,,,,,6,2,8,2,3,14,10,7,3,1,,,0,2,,3,3,1,3,0.12
Public Method,"org.apache.commons.math3.linear.BlockRealMatrix.getColumnDimension",,,,,,,,,,,,,,4,3,1,1,0,2,1,1,0,,,,0,,,,,,,,,,,,,8,0,1,1,1,1,1,1,1,1,,,0,0,,1,1,1,1,0.33
Public Method,"org.apache.commons.math3.linear.BlockRealMatrix.getColumnMatrix",,,,,,,,,,,,,,26,22,17,5,1,22,4,4,0,,,,0,,,,,,,,,,,,,7,2,10,2,4,18,12,10,4,1,,,0,3,,4,4,1,4,0.09
Public Method,"org.apache.commons.math3.linear.BlockRealMatrix.getColumnVector",,,,,,,,,,,,,,20,16,12,5,0,17,3,3,0,,,,0,,,,,,,,,,,,,6,2,8,2,3,14,10,7,3,1,,,0,2,,3,3,1,3,0.12
Public Method,"org.apache.commons.math3.linear.BlockRealMatrix.getData",,,,,,,,,,,,,,26,23,18,5,1,25,4,4,0,,,,0,,,,,,,,,,,,,7,2,10,1,4,21,13,12,4,1,,,0,3,,4,4,1,4,0.04
Public Method,"org.apache.commons.math3.linear.BlockRealMatrix.getEntry",,,,,,,,,,,,,,9,8,6,3,0,6,1,1,0,,,,0,,,,,,,,,,,,,5,0,5,1,1,5,4,2,1,1,,,0,0,,1,1,1,1,0.12
Public Method,"org.apache.commons.math3.linear.BlockRealMatrix.getFrobeniusNorm",,,,,,,,,,,,,,10,9,5,2,0,9,3,3,0,,,,0,,,,,,,,,,,,,3,0,2,1,3,5,4,5,3,1,,,0,2,,3,3,1,3,0.11
Public Method,"org.apache.commons.math3.linear.BlockRealMatrix.getNorm",,,,,,,,,,,,,,24,23,16,6,1,27,6,6,0,,,,0,,,,,,,,,,,,,5,0,7,1,9,21,12,15,6,1,,,0,4,,6,6,1,6,0.04
Public Method,"org.apache.commons.math3.linear.BlockRealMatrix.getRow",,,,,,,,,,,,,,18,14,11,4,0,14,2,2,0,,,,0,,,,,,,,,,,,,5,2,7,2,2,12,8,6,2,1,,,0,1,,2,2,1,2,0.14
Public Method,"org.apache.commons.math3.linear.BlockRealMatrix.getRowDimension",,,,,,,,,,,,,,4,3,1,1,0,2,1,1,0,,,,0,,,,,,,,,,,,,8,0,1,1,1,1,1,1,1,1,,,0,0,,1,1,1,1,0.33
Public Method,"org.apache.commons.math3.linear.BlockRealMatrix.getRowMatrix",,,,,,,,,,,,,,28,24,20,5,0,22,3,3,1,,,,0,,,,,,,,,,,,,6,2,10,2,3,19,11,11,3,1,,,0,2,,3,3,1,3,0.08
Public Method,"org.apache.commons.math3.linear.BlockRealMatrix.getRowVector",,,,,,,,,,,,,,18,14,11,5,0,14,2,2,0,,,,0,,,,,,,,,,,,,5,2,7,2,2,12,8,6,2,1,,,0,1,,2,2,1,2,0.14
Public Method,"org.apache.commons.math3.linear.BlockRealMatrix.getSubMatrix",,,,,,,,,,,,,,92,74,65,6,1,40,6,6,3,,,,0,,,,,,,,,,,,,8,6,20,12,6,34,20,20,6,1,,,0,4,,6,6,1,6,0.16
Public Method,"org.apache.commons.math3.linear.BlockRealMatrix.multiply",,,,,,,,,,,,,,52,40,31,8,1,43,8,8,1,,,,0,,,,,,,,,,,,,6,6,16,6,8,35,22,21,8,1,,,0,7,,8,8,1,8,0.15
Public Method,"org.apache.commons.math3.linear.BlockRealMatrix.multiply",,,,,,,,,,,,,,67,47,38,5,1,46,8,8,0,,,,0,,,,,,,,,,,,,9,7,19,13,9,38,24,22,8,1,,,0,6,,8,8,1,8,0.28
Public Method,"org.apache.commons.math3.linear.BlockRealMatrix.multiplyEntry",,,,,,,,,,,,,,9,8,6,3,0,6,1,1,0,,,,0,,,,,,,,,,,,,5,0,5,1,1,5,4,2,1,1,,,0,0,,1,1,1,1,0.12
Public Method,"org.apache.commons.math3.linear.BlockRealMatrix.operate",,,,,,,,,,,,,,37,33,25,3,1,29,7,7,0,,,,0,,,,,,,,,,,,,8,2,10,2,14,22,13,16,7,1,,,0,4,,7,7,1,7,0.06
Public Method,"org.apache.commons.math3.linear.BlockRealMatrix.preMultiply",,,,,,,,,,,,,,42,38,30,4,1,34,7,7,0,,,,0,,,,,,,,,,,,,8,2,14,2,14,27,17,17,7,1,,,0,4,,7,7,1,7,0.05
Public Method,"org.apache.commons.math3.linear.BlockRealMatrix.scalarAdd",,,,,,,,,,,,,,16,11,7,2,0,12,3,3,0,,,,0,,,,,,,,,,,,,8,3,4,2,3,9,6,6,3,1,,,0,2,,3,3,1,3,0.18
Public Method,"org.apache.commons.math3.linear.BlockRealMatrix.scalarMultiply",,,,,,,,,,,,,,15,11,7,2,0,12,3,3,0,,,,0,,,,,,,,,,,,,6,2,4,2,3,9,6,6,3,1,,,0,2,,3,3,1,3,0.18
Public Method,"org.apache.commons.math3.linear.BlockRealMatrix.setColumn",,,,,,,,,,,,,,21,18,13,5,1,18,4,4,0,,,,0,,,,,,,,,,,,,8,1,8,2,6,14,10,8,4,1,,,0,2,,4,4,1,4,0.11
Public Method,"org.apache.commons.math3.linear.BlockRealMatrix.setColumnMatrix",,,,,,,,,,,,,,8,7,4,2,0,4,2,2,1,,,,0,,,,,,,,,,,,,2,0,1,1,2,2,1,3,2,1,,,0,1,,2,2,1,2,0.14
Method,"org.apache.commons.math3.linear.BlockRealMatrix.setColumnMatrix",,,,,,,,,,,,,,41,27,21,6,1,23,5,6,0,,,,0,,,,,,,,,,,,,8,1,10,13,8,18,12,11,5,1,,,0,3,,5,6,1,5,0.48
Public Method,"org.apache.commons.math3.linear.BlockRealMatrix.setColumnVector",,,,,,,,,,,,,,8,7,4,3,0,4,2,2,1,,,,0,,,,,,,,,,,,,2,0,1,1,2,2,1,3,2,1,,,0,1,,2,2,1,2,0.14
Public Method,"org.apache.commons.math3.linear.BlockRealMatrix.setEntry",,,,,,,,,,,,,,9,8,6,3,0,6,1,1,0,,,,0,,,,,,,,,,,,,6,0,5,1,1,5,4,2,1,1,,,0,0,,1,1,1,1,0.12
Public Method,"org.apache.commons.math3.linear.BlockRealMatrix.setRow",,,,,,,,,,,,,,19,16,12,5,1,15,3,3,0,,,,0,,,,,,,,,,,,,7,1,7,2,4,12,8,7,3,1,,,0,1,,3,3,1,3,0.12
Public Method,"org.apache.commons.math3.linear.BlockRealMatrix.setRowMatrix",,,,,,,,,,,,,,8,7,4,2,0,4,2,2,1,,,,0,,,,,,,,,,,,,2,0,1,1,2,2,1,3,2,1,,,0,1,,2,2,1,2,0.14
Public Method,"org.apache.commons.math3.linear.BlockRealMatrix.setRowMatrix",,,,,,,,,,,,,,43,29,24,6,1,23,4,5,1,,,,0,,,,,,,,,,,,,7,1,10,13,6,19,11,12,4,1,,,0,2,,4,5,1,4,0.45
Public Method,"org.apache.commons.math3.linear.BlockRealMatrix.setRowVector",,,,,,,,,,,,,,8,7,4,3,0,4,2,2,1,,,,0,,,,,,,,,,,,,2,0,1,1,2,2,1,3,2,1,,,0,1,,2,2,1,2,0.14
Public Method,"org.apache.commons.math3.linear.BlockRealMatrix.setSubMatrix",,,,,,,,,,,,,,49,39,30,9,1,36,7,7,0,,,,0,,,,,,,,,,,,,9,5,19,5,24,28,22,14,7,1,,,0,3,,7,7,1,7,0.13
Public Method,"org.apache.commons.math3.linear.BlockRealMatrix.subtract",,,,,,,,,,,,,,37,28,21,6,1,29,6,6,1,,,,0,,,,,,,,,,,,,7,4,10,5,6,23,14,15,6,1,,,0,5,,6,6,1,6,0.18
Public Method,"org.apache.commons.math3.linear.BlockRealMatrix.subtract",,,,,,,,,,,,,,26,13,9,3,0,14,3,3,0,,,,0,,,,,,,,,,,,,7,3,5,10,3,11,7,7,3,1,,,0,2,,3,3,1,3,0.77
Public Static Method,"org.apache.commons.math3.linear.BlockRealMatrix.toBlocksLayout",,,,,,,,,,,,,,63,33,26,4,1,35,6,6,0,,,,0,,,,,,,,,,,,,4,5,16,25,12,29,20,15,6,1,,,0,3,,6,6,1,6,0.76
Public Method,"org.apache.commons.math3.linear.BlockRealMatrix.transpose",,,,,,,,,,,,,,34,28,22,5,1,31,5,5,0,,,,0,,,,,,,,,,,,,7,2,14,4,5,26,18,13,5,1,,,0,4,,5,5,1,5,0.14
Public Method,"org.apache.commons.math3.linear.BlockRealMatrix.walkInOptimizedOrder",,,,,,,,,,,,,,23,22,16,5,1,25,5,5,0,,,,0,,,,,,,,,,,,,7,0,8,1,5,20,12,13,5,1,,,0,4,,5,5,1,5,0.05
Public Method,"org.apache.commons.math3.linear.BlockRealMatrix.walkInOptimizedOrder",,,,,,,,,,,,,,23,22,16,5,1,25,5,5,0,,,,0,,,,,,,,,,,,,7,0,8,1,5,20,12,13,5,1,,,0,4,,5,5,1,5,0.05
Public Method,"org.apache.commons.math3.linear.BlockRealMatrix.walkInOptimizedOrder",,,,,,,,,,,,,,27,26,18,8,1,27,5,5,0,,,,0,,,,,,,,,,,,,10,0,12,1,5,22,14,13,5,1,,,0,4,,5,5,1,5,0.04
Public Method,"org.apache.commons.math3.linear.BlockRealMatrix.walkInOptimizedOrder",,,,,,,,,,,,,,27,26,18,8,1,27,5,5,0,,,,0,,,,,,,,,,,,,10,0,12,1,5,22,14,13,5,1,,,0,4,,5,5,1,5,0.04
Public Method,"org.apache.commons.math3.linear.BlockRealMatrix.walkInRowOrder",,,,,,,,,,,,,,22,21,15,6,1,24,5,5,0,,,,0,,,,,,,,,,,,,7,0,8,1,5,19,12,12,5,1,,,0,4,,5,5,1,5,0.05
Public Method,"org.apache.commons.math3.linear.BlockRealMatrix.walkInRowOrder",,,,,,,,,,,,,,22,21,15,6,1,24,5,5,0,,,,0,,,,,,,,,,,,,7,0,8,1,5,19,12,12,5,1,,,0,4,,5,5,1,5,0.05
Public Method,"org.apache.commons.math3.linear.BlockRealMatrix.walkInRowOrder",,,,,,,,,,,,,,27,26,18,8,1,27,5,5,0,,,,0,,,,,,,,,,,,,10,0,12,1,5,22,14,13,5,1,,,0,4,,5,5,1,5,0.04
Public Method,"org.apache.commons.math3.linear.BlockRealMatrix.walkInRowOrder",,,,,,,,,,,,,,27,26,18,8,1,27,5,5,0,,,,0,,,,,,,,,,,,,10,0,12,1,5,22,14,13,5,1,,,0,4,,5,5,1,5,0.04
Public Class,"org.apache.commons.math3.linear.BlockRealMatrixTest",3,1,0,1,19,,0,,58,58,0,8,48,1248,1052,746,,,836,,,,23,1,1,,3,3,18,16,1,0,0,,,38,58,2,,108,323,89,,650,312,524,,,23,23,,3,94,190,193,58,190,0.08
Private Static Class,"org.apache.commons.math3.linear.BlockRealMatrixTest.GetVisitor",1,1,0,0,0,,0,,2,5,0,0,2,11,11,4,,,7,,,,1,1,2,,1,1,3,3,1,0,0,,,1,2,0,,0,5,0,,4,4,3,,,1,1,,0,0,2,2,2,2,0.00
Public Method,"org.apache.commons.math3.linear.BlockRealMatrixTest.GetVisitor.getCount",,,,,,,,,,,,,,3,3,1,1,0,2,1,1,0,,,,0,,,,,,,,,,,,,2,0,1,0,1,1,1,1,1,1,,,0,0,,1,1,1,1,0.00
Public Method,"org.apache.commons.math3.linear.BlockRealMatrixTest.GetVisitor.visit",,,,,,,,,,,,,,4,4,2,2,0,3,1,1,0,,,,0,,,,,,,,,,,,,3,0,1,0,1,2,1,2,1,1,,,0,0,,1,1,1,1,0.00
Private Static Class,"org.apache.commons.math3.linear.BlockRealMatrixTest.SetVisitor",1,1,0,0,0,,0,,1,4,0,0,1,6,6,1,,,3,,,,1,1,2,,1,1,3,3,1,0,0,,,0,1,0,,0,3,0,,1,2,1,,,1,1,,0,0,1,1,1,1,0.00
Public Method,"org.apache.commons.math3.linear.BlockRealMatrixTest.SetVisitor.visit",,,,,,,,,,,,,,3,3,1,1,0,2,1,1,0,,,,0,,,,,,,,,,,,,2,0,1,0,1,1,1,1,1,1,,,0,0,,1,1,1,1,0.00
Protected Method,"org.apache.commons.math3.linear.BlockRealMatrixTest.assertClose",,,,,,,,,,,,,,4,3,1,3,0,2,1,1,0,,,,0,,,,,,,,,,,,,9,0,1,1,1,1,1,1,1,1,,,0,0,,1,1,1,1,0.33
Protected Method,"org.apache.commons.math3.linear.BlockRealMatrixTest.assertClose",,,,,,,,,,,,,,9,8,4,2,1,7,3,3,0,,,,0,,,,,,,,,,,,,7,0,1,1,4,4,2,5,3,1,,,0,1,,3,3,1,3,0.12
Private Method,"org.apache.commons.math3.linear.BlockRealMatrixTest.checkArrays",,,,,,,,,,,,,,6,6,3,1,0,6,2,2,0,,,,0,,,,,,,,,,,,,11,0,1,0,2,4,2,4,2,1,,,0,1,,2,2,1,2,0.00
Private Method,"org.apache.commons.math3.linear.BlockRealMatrixTest.checkCopy",,,,,,,,,,,,,,26,26,18,4,1,13,9,9,7,,,,0,,,,,,,,,,,,,11,0,4,0,8,7,2,11,9,1,,,0,2,,9,9,1,9,0.00
Private Method,"org.apache.commons.math3.linear.BlockRealMatrixTest.checkCopy",,,,,,,,,,,,,,26,26,18,4,1,13,9,9,7,,,,0,,,,,,,,,,,,,9,0,4,0,8,7,2,11,9,1,,,0,2,,9,9,1,9,0.00
Private Method,"org.apache.commons.math3.linear.BlockRealMatrixTest.checkGetSubMatrix",,,,,,,,,,,,,,23,23,15,4,1,12,8,8,7,,,,0,,,,,,,,,,,,,10,0,3,0,8,6,2,10,8,1,,,0,2,,8,8,1,8,0.00
Private Method,"org.apache.commons.math3.linear.BlockRealMatrixTest.checkGetSubMatrix",,,,,,,,,,,,,,23,23,15,4,1,12,8,8,7,,,,0,,,,,,,,,,,,,8,0,3,0,8,6,2,10,8,1,,,0,2,,8,8,1,8,0.00
Private Method,"org.apache.commons.math3.linear.BlockRealMatrixTest.columnToArray",,,,,,,,,,,,,,7,7,4,1,0,7,2,2,0,,,,0,,,,,,,,,,,,,4,0,2,0,2,5,3,4,2,1,,,0,1,,2,2,1,2,0.00
Private Method,"org.apache.commons.math3.linear.BlockRealMatrixTest.columnToVector",,,,,,,,,,,,,,7,7,4,2,0,7,2,2,0,,,,0,,,,,,,,,,,,,4,0,2,0,2,5,3,4,2,1,,,0,1,,2,2,1,2,0.00
Private Method,"org.apache.commons.math3.linear.BlockRealMatrixTest.createRandomMatrix",,,,,,,,,,,,,,9,9,5,4,0,10,3,3,0,,,,0,,,,,,,,,,,,,6,0,2,0,3,7,4,6,3,1,,,0,2,,3,3,1,3,0.00
Public Method,"org.apache.commons.math3.linear.BlockRealMatrixTest.testAdd",,,,,,,,,,,,,,14,13,9,6,0,12,3,3,0,,,,0,,,,,,,,,,,,,4,0,5,1,3,9,7,5,3,1,,,0,2,,3,3,1,3,0.08
Public Method,"org.apache.commons.math3.linear.BlockRealMatrixTest.testAddFail",,,,,,,,,,,,,,11,9,6,3,0,6,2,2,1,,,,0,,,,,,,,,,,,,2,0,3,2,2,4,3,3,2,1,,,0,1,,2,2,1,2,0.22
Public Method,"org.apache.commons.math3.linear.BlockRealMatrixTest.testCopyFunctions",,,,,,,,,,,,,,10,9,7,4,0,8,1,1,0,,,,0,,,,,,,,,,,,,1,0,6,1,1,7,6,2,1,1,,,0,0,,1,1,1,1,0.11
Public Method,"org.apache.commons.math3.linear.BlockRealMatrixTest.testCopySubMatrix",,,,,,,,,,,,,,19,18,16,3,0,17,1,1,0,,,,0,,,,,,,,,,,,,9,1,2,0,1,16,2,15,1,1,,,0,0,,1,1,1,1,0.00
Public Method,"org.apache.commons.math3.linear.BlockRealMatrixTest.testDimensions",,,,,,,,,,,,,,11,10,8,6,0,9,1,1,0,,,,0,,,,,,,,,,,,,2,0,3,1,1,8,3,6,1,1,,,0,0,,1,1,1,1,0.10
Public Method,"org.apache.commons.math3.linear.BlockRealMatrixTest.testEqualsAndHashCode",,,,,,,,,,,,,,12,12,10,8,0,11,1,1,0,,,,0,,,,,,,,,,,,,2,0,4,0,1,10,4,7,1,1,,,0,0,,1,1,1,1,0.00
Public Method,"org.apache.commons.math3.linear.BlockRealMatrixTest.testExamples",,,,,,,,,,,,,,32,25,23,11,0,24,1,1,0,,,,0,,,,,,,,,,,,,0,1,17,6,1,23,17,7,1,1,,,0,0,,1,1,1,1,0.24
Public Method,"org.apache.commons.math3.linear.BlockRealMatrixTest.testFrobeniusNorm",,,,,,,,,,,,,,7,6,4,4,0,5,1,1,0,,,,0,,,,,,,,,,,,,3,0,3,1,1,4,3,2,1,1,,,0,0,,1,1,1,1,0.17
Public Method,"org.apache.commons.math3.linear.BlockRealMatrixTest.testGetColumn",,,,,,,,,,,,,,19,17,13,5,1,12,3,3,2,,,,0,,,,,,,,,,,,,3,0,4,2,4,9,4,8,3,1,,,0,1,,3,3,1,3,0.12
Public Method,"org.apache.commons.math3.linear.BlockRealMatrixTest.testGetColumnMatrix",,,,,,,,,,,,,,19,17,13,4,1,12,3,3,2,,,,0,,,,,,,,,,,,,3,0,4,2,4,9,4,8,3,1,,,0,1,,3,3,1,3,0.12
Public Method,"org.apache.commons.math3.linear.BlockRealMatrixTest.testGetColumnVector",,,,,,,,,,,,,,19,17,13,5,1,12,3,3,2,,,,0,,,,,,,,,,,,,3,0,4,2,4,9,4,8,3,1,,,0,1,,3,3,1,3,0.12
Public Method,"org.apache.commons.math3.linear.BlockRealMatrixTest.testGetEntry",,,,,,,,,,,,,,10,9,6,4,0,6,2,2,1,,,,0,,,,,,,,,,,,,2,0,2,1,2,4,2,4,2,1,,,0,1,,2,2,1,2,0.11
Public Method,"org.apache.commons.math3.linear.BlockRealMatrixTest.testGetRow",,,,,,,,,,,,,,17,15,11,4,1,10,3,3,2,,,,0,,,,,,,,,,,,,3,0,2,2,4,7,2,8,3,1,,,0,1,,3,3,1,3,0.13
Public Method,"org.apache.commons.math3.linear.BlockRealMatrixTest.testGetRowMatrix",,,,,,,,,,,,,,19,17,13,4,1,12,3,3,2,,,,0,,,,,,,,,,,,,3,0,4,2,4,9,4,8,3,1,,,0,1,,3,3,1,3,0.12
Public Method,"org.apache.commons.math3.linear.BlockRealMatrixTest.testGetRowVector",,,,,,,,,,,,,,19,17,13,5,1,12,3,3,2,,,,0,,,,,,,,,,,,,3,0,4,2,4,9,4,8,3,1,,,0,1,,3,3,1,3,0.12
Public Method,"org.apache.commons.math3.linear.BlockRealMatrixTest.testGetSetColumnLarge",,,,,,,,,,,,,,18,17,12,7,1,16,4,4,1,,,,0,,,,,,,,,,,,,1,1,4,0,4,12,6,10,4,1,,,0,3,,4,4,1,4,0.00
Public Method,"org.apache.commons.math3.linear.BlockRealMatrixTest.testGetSetColumnMatrixLarge",,,,,,,,,,,,,,18,16,11,6,1,15,4,4,1,,,,0,,,,,,,,,,,,,1,2,4,0,4,11,6,9,4,1,,,0,3,,4,4,1,4,0.00
Public Method,"org.apache.commons.math3.linear.BlockRealMatrixTest.testGetSetColumnVectorLarge",,,,,,,,,,,,,,17,16,11,6,1,15,4,4,1,,,,0,,,,,,,,,,,,,1,1,4,0,4,11,6,9,4,1,,,0,3,,4,4,1,4,0.00
Public Method,"org.apache.commons.math3.linear.BlockRealMatrixTest.testGetSetMatrixLarge",,,,,,,,,,,,,,18,16,11,7,1,15,4,7,1,,,,0,,,,,,,,,,,,,1,2,4,0,4,11,6,9,4,1,,,0,3,,4,7,1,4,0.00
Public Method,"org.apache.commons.math3.linear.BlockRealMatrixTest.testGetSetRowLarge",,,,,,,,,,,,,,18,17,12,7,1,16,4,4,1,,,,0,,,,,,,,,,,,,1,1,4,0,4,12,6,10,4,1,,,0,3,,4,4,1,4,0.00
Public Method,"org.apache.commons.math3.linear.BlockRealMatrixTest.testGetSetRowMatrixLarge",,,,,,,,,,,,,,17,16,11,6,1,15,4,4,1,,,,0,,,,,,,,,,,,,1,1,4,0,4,11,6,9,4,1,,,0,3,,4,4,1,4,0.00
Public Method,"org.apache.commons.math3.linear.BlockRealMatrixTest.testGetSetRowVectorLarge",,,,,,,,,,,,,,17,16,11,6,1,15,4,4,1,,,,0,,,,,,,,,,,,,1,1,4,0,4,11,6,9,4,1,,,0,3,,4,4,1,4,0.00
Public Method,"org.apache.commons.math3.linear.BlockRealMatrixTest.testGetSubMatrix",,,,,,,,,,,,,,18,18,16,3,0,17,1,1,0,,,,0,,,,,,,,,,,,,9,0,2,0,1,16,2,15,1,1,,,0,0,,1,1,1,1,0.00
Public Method,"org.apache.commons.math3.linear.BlockRealMatrixTest.testGetVectors",,,,,,,,,,,,,,17,15,11,5,1,10,3,3,2,,,,0,,,,,,,,,,,,,4,0,2,2,4,7,2,8,3,1,,,0,1,,3,3,1,3,0.13
Public Method,"org.apache.commons.math3.linear.BlockRealMatrixTest.testMath209",,,,,,,,,,,,,,11,10,8,4,0,7,1,1,0,,,,0,,,,,,,,,,,,,1,0,4,1,1,6,3,4,1,1,,,0,0,,1,1,1,1,0.10
Public Method,"org.apache.commons.math3.linear.BlockRealMatrixTest.testMultiply",,,,,,,,,,,,,,18,16,13,4,0,13,2,2,1,,,,0,,,,,,,,,,,,,6,0,5,2,2,11,5,8,2,1,,,0,1,,2,2,1,2,0.12
Public Method,"org.apache.commons.math3.linear.BlockRealMatrixTest.testMultiply2",,,,,,,,,,,,,,6,6,4,3,0,5,1,1,0,,,,0,,,,,,,,,,,,,4,0,4,0,1,4,4,1,1,1,,,0,0,,1,1,1,1,0.00
Public Method,"org.apache.commons.math3.linear.BlockRealMatrixTest.testNorm",,,,,,,,,,,,,,7,6,4,3,0,5,1,1,0,,,,0,,,,,,,,,,,,,3,0,3,1,1,4,3,2,1,1,,,0,0,,1,1,1,1,0.17
Public Method,"org.apache.commons.math3.linear.BlockRealMatrixTest.testOperate",,,,,,,,,,,,,,13,11,8,7,0,8,2,2,1,,,,0,,,,,,,,,,,,,4,0,2,2,2,6,2,6,2,1,,,0,1,,2,2,1,2,0.18
Public Method,"org.apache.commons.math3.linear.BlockRealMatrixTest.testOperateLarge",,,,,,,,,,,,,,12,12,9,5,0,12,2,2,0,,,,0,,,,,,,,,,,,,1,0,8,0,2,10,9,3,2,1,,,0,1,,2,2,1,2,0.00
Public Method,"org.apache.commons.math3.linear.BlockRealMatrixTest.testOperatePremultiplyLarge",,,,,,,,,,,,,,12,12,9,5,0,12,2,2,0,,,,0,,,,,,,,,,,,,1,0,8,0,2,10,9,3,2,1,,,0,1,,2,2,1,2,0.00
Public Method,"org.apache.commons.math3.linear.BlockRealMatrixTest.testPlusMinus",,,,,,,,,,,,,,12,10,7,6,0,7,2,2,1,,,,0,,,,,,,,,,,,,4,0,3,2,2,5,3,4,2,1,,,0,1,,2,2,1,2,0.20
Public Method,"org.apache.commons.math3.linear.BlockRealMatrixTest.testPremultiply",,,,,,,,,,,,,,20,18,15,5,0,15,2,2,1,,,,0,,,,,,,,,,,,,8,1,7,1,2,13,7,8,2,1,,,0,1,,2,2,1,2,0.06
Public Method,"org.apache.commons.math3.linear.BlockRealMatrixTest.testPremultiplyVector",,,,,,,,,,,,,,14,12,9,6,0,8,2,2,1,,,,0,,,,,,,,,,,,,5,0,2,2,2,6,2,6,2,1,,,0,1,,2,2,1,2,0.17
Public Method,"org.apache.commons.math3.linear.BlockRealMatrixTest.testScalarAdd",,,,,,,,,,,,,,5,4,2,3,0,3,1,1,0,,,,0,,,,,,,,,,,,,3,0,2,1,1,2,2,1,1,1,,,0,0,,1,1,1,1,0.25
Public Method,"org.apache.commons.math3.linear.BlockRealMatrixTest.testSerial",,,,,,,,,,,,,,4,4,2,3,0,3,1,1,0,,,,0,,,,,,,,,,,,,1,0,2,0,1,2,2,1,1,1,,,0,0,,1,1,1,1,0.00
Public Method,"org.apache.commons.math3.linear.BlockRealMatrixTest.testSetColumn",,,,,,,,,,,,,,19,17,13,7,1,12,3,3,2,,,,0,,,,,,,,,,,,,2,0,3,2,4,9,3,9,3,1,,,0,1,,3,3,1,3,0.12
Public Method,"org.apache.commons.math3.linear.BlockRealMatrixTest.testSetColumnMatrix",,,,,,,,,,,,,,19,17,13,6,1,12,3,3,2,,,,0,,,,,,,,,,,,,2,0,3,2,4,9,3,9,3,1,,,0,1,,3,3,1,3,0.12
Public Method,"org.apache.commons.math3.linear.BlockRealMatrixTest.testSetColumnVector",,,,,,,,,,,,,,19,17,13,8,1,12,3,3,2,,,,0,,,,,,,,,,,,,2,0,3,2,4,9,3,9,3,1,,,0,1,,3,3,1,3,0.12
Public Method,"org.apache.commons.math3.linear.BlockRealMatrixTest.testSetRow",,,,,,,,,,,,,,18,16,12,6,1,11,3,3,2,,,,0,,,,,,,,,,,,,2,0,2,2,4,8,2,9,3,1,,,0,1,,3,3,1,3,0.12
Public Method,"org.apache.commons.math3.linear.BlockRealMatrixTest.testSetRowMatrix",,,,,,,,,,,,,,19,17,13,6,1,12,3,3,2,,,,0,,,,,,,,,,,,,2,0,3,2,4,9,3,9,3,1,,,0,1,,3,3,1,3,0.12
Public Method,"org.apache.commons.math3.linear.BlockRealMatrixTest.testSetRowVector",,,,,,,,,,,,,,19,17,13,9,1,12,3,3,2,,,,0,,,,,,,,,,,,,2,0,3,2,4,9,3,9,3,1,,,0,1,,3,3,1,3,0.12
Public Method,"org.apache.commons.math3.linear.BlockRealMatrixTest.testSetSubMatrix",,,,,,,,,,,,,,70,51,43,4,2,33,7,7,6,,,,0,,,,,,,,,,,,,3,7,6,12,64,26,4,29,7,1,,,0,1,,7,7,1,7,0.24
Public Method,"org.apache.commons.math3.linear.BlockRealMatrixTest.testSeveralBlocks",,,,,,,,,,,,,,82,72,48,11,5,93,23,23,0,,,,0,,,,,,,,,,,,,0,10,13,0,104976,70,35,58,23,1,,,0,3,,23,23,1,23,0.00
Public Method,"org.apache.commons.math3.linear.BlockRealMatrixTest.testToString",,,,,,,,,,,,,,5,5,3,3,0,3,1,1,0,,,,0,,,,,,,,,,,,,1,0,2,0,1,2,2,1,1,1,,,0,0,,1,1,1,1,0.00
Public Method,"org.apache.commons.math3.linear.BlockRealMatrixTest.testTrace",,,,,,,,,,,,,,12,10,7,4,0,7,2,2,1,,,,0,,,,,,,,,,,,,3,0,2,2,2,5,2,5,2,1,,,0,1,,2,2,1,2,0.20
Public Method,"org.apache.commons.math3.linear.BlockRealMatrixTest.testTranspose",,,,,,,,,,,,,,10,9,7,6,0,8,1,1,0,,,,0,,,,,,,,,,,,,4,0,5,1,1,7,5,3,1,1,,,0,0,,1,1,1,1,0.11
Public Method,"org.apache.commons.math3.linear.BlockRealMatrixTest.testWalk",,,,,,,,,,,,,,85,76,66,16,2,83,9,9,0,,,,0,,,,,,,,,,,,,0,9,5,0,256,74,13,70,9,1,,,0,1,,9,9,1,9,0.00
Public Class,"org.apache.commons.math3.linear.CholeskyDecomposition",2,1,1,9,9,,2,,6,6,0,0,6,284,148,90,,,141,,,,9,1,1,,2,2,22,11,1,0,0,,,3,6,0,,30,50,106,,103,65,76,,,9,9,,3,66,17,17,6,17,0.72
Public Constructor,"org.apache.commons.math3.linear.CholeskyDecomposition.CholeskyDecomposition",,,,,,,,,,,,,,22,4,2,2,0,2,1,1,0,,,,0,,,,,,,,,,,,,16,0,1,18,1,1,1,1,1,1,,,0,0,,1,1,1,1,4.50
Public Constructor,"org.apache.commons.math3.linear.CholeskyDecomposition.CholeskyDecomposition",,,,,,,,,,,,,,68,41,28,14,2,38,9,9,0,,,,0,,,,,,,,,,,,,5,8,13,19,56,29,15,23,9,1,,,0,3,,9,9,1,9,0.46
Private Static Class,"org.apache.commons.math3.linear.CholeskyDecomposition.Solver",3,1,1,2,7,,0,,5,5,0,1,4,101,73,46,,,77,,,,10,1,1,,3,3,18,14,2,0,0,,,1,5,0,,13,24,15,,57,36,41,,,10,10,,3,19,19,19,5,19,0.21
Private Constructor,"org.apache.commons.math3.linear.CholeskyDecomposition.Solver.Solver",,,,,,,,,,,,,,7,3,1,2,0,2,1,1,0,,,,0,,,,,,,,,,,,,2,0,1,4,1,1,1,1,1,1,,,0,0,,1,1,1,1,1.33
Public Method,"org.apache.commons.math3.linear.CholeskyDecomposition.Solver.getInverse",,,,,,,,,,,,,,4,3,1,3,0,2,1,1,0,,,,0,,,,,,,,,,,,,2,0,1,1,1,1,1,1,1,1,,,0,0,,1,1,1,1,0.33
Public Method,"org.apache.commons.math3.linear.CholeskyDecomposition.Solver.isNonSingular",,,,,,,,,,,,,,5,3,1,1,0,2,1,1,0,,,,0,,,,,,,,,,,,,0,0,1,2,1,1,1,1,1,1,,,0,0,,1,1,1,1,0.67
Public Method,"org.apache.commons.math3.linear.CholeskyDecomposition.Solver.solve",,,,,,,,,,,,,,30,23,16,5,1,25,6,6,0,,,,0,,,,,,,,,,,,,3,4,6,3,18,19,10,15,6,1,,,0,2,,6,6,1,6,0.13
Public Method,"org.apache.commons.math3.linear.CholeskyDecomposition.Solver.solve",,,,,,,,,,,,,,45,38,27,6,2,44,10,10,0,,,,0,,,,,,,,,,,,,4,4,13,3,98,34,21,23,10,1,,,0,3,,10,10,1,10,0.08
Public Method,"org.apache.commons.math3.linear.CholeskyDecomposition.getDeterminant",,,,,,,,,,,,,,12,8,5,1,0,8,2,2,0,,,,0,,,,,,,,,,,,,3,0,3,4,2,6,4,4,2,1,,,0,1,,2,2,1,2,0.50
Public Method,"org.apache.commons.math3.linear.CholeskyDecomposition.getL",,,,,,,,,,,,,,11,6,3,4,0,4,2,2,0,,,,0,,,,,,,,,,,,,6,0,1,5,2,2,1,3,2,1,,,0,1,,2,2,1,2,0.83
Public Method,"org.apache.commons.math3.linear.CholeskyDecomposition.getLT",,,,,,,,,,,,,,14,6,3,3,0,4,2,2,0,,,,0,,,,,,,,,,,,,7,2,1,6,2,2,1,3,2,1,,,0,1,,2,2,1,2,1.00
Public Method,"org.apache.commons.math3.linear.CholeskyDecomposition.getSolver",,,,,,,,,,,,,,7,3,1,2,0,2,1,1,0,,,,0,,,,,,,,,,,,,4,0,1,4,1,1,1,1,1,1,,,0,0,,1,1,1,1,1.33
Public Class,"org.apache.commons.math3.linear.CholeskyDecompositionTest",1,1,0,1,7,,0,,9,9,0,0,9,116,93,59,,,51,,,,3,1,1,,1,1,9,8,1,0,0,,,1,9,0,,13,42,10,,39,31,20,,,3,3,,2,33,11,11,9,11,0.11
Public Method,"org.apache.commons.math3.linear.CholeskyDecompositionTest.testAEqualLLT",,,,,,,,,,,,,,9,8,6,8,0,7,1,1,0,,,,0,,,,,,,,,,,,,1,0,6,1,1,6,6,1,1,1,,,0,0,,1,1,1,1,0.12
Public Method,"org.apache.commons.math3.linear.CholeskyDecompositionTest.testDimensions",,,,,,,,,,,,,,9,8,5,7,0,6,1,1,0,,,,0,,,,,,,,,,,,,2,0,3,1,1,5,2,4,1,1,,,0,0,,1,1,1,1,0.12
Public Method,"org.apache.commons.math3.linear.CholeskyDecompositionTest.testLLowerTriangular",,,,,,,,,,,,,,10,9,5,7,0,10,3,3,0,,,,0,,,,,,,,,,,,,1,0,3,1,3,7,5,5,3,1,,,0,2,,3,3,1,3,0.11
Public Method,"org.apache.commons.math3.linear.CholeskyDecompositionTest.testLTTransposed",,,,,,,,,,,,,,9,8,6,8,0,7,1,1,0,,,,0,,,,,,,,,,,,,1,0,6,1,1,6,6,1,1,1,,,0,0,,1,1,1,1,0.12
Public Method,"org.apache.commons.math3.linear.CholeskyDecompositionTest.testMath274",,,,,,,,,,,,,,9,8,6,2,0,2,1,1,0,,,,0,,,,,,,,,,,,,0,1,1,0,1,1,1,1,1,1,,,0,0,,1,1,1,1,0.00
Public Method,"org.apache.commons.math3.linear.CholeskyDecompositionTest.testMatricesValues",,,,,,,,,,,,,,22,17,14,9,0,9,1,1,0,,,,0,,,,,,,,,,,,,1,2,7,3,1,8,5,4,1,1,,,0,0,,1,1,1,1,0.18
Public Method,"org.apache.commons.math3.linear.CholeskyDecompositionTest.testNonSquare",,,,,,,,,,,,,,4,3,1,2,0,2,1,1,0,,,,0,,,,,,,,,,,,,0,0,1,1,1,1,1,1,1,1,,,0,0,,1,1,1,1,0.33
Public Method,"org.apache.commons.math3.linear.CholeskyDecompositionTest.testNotPositiveDefinite",,,,,,,,,,,,,,10,9,7,2,0,2,1,1,0,,,,0,,,,,,,,,,,,,0,0,1,1,1,1,1,1,1,1,,,0,0,,1,1,1,1,0.11
Public Method,"org.apache.commons.math3.linear.CholeskyDecompositionTest.testNotSymmetricMatrixException",,,,,,,,,,,,,,6,5,3,3,0,4,1,1,0,,,,0,,,,,,,,,,,,,2,0,2,1,1,3,2,2,1,1,,,0,0,,1,1,1,1,0.20
Public Class,"org.apache.commons.math3.linear.CholeskySolverTest",2,1,1,2,9,,0,,4,4,0,1,3,88,69,47,,,32,,,,4,1,1,,2,2,17,14,1,0,0,,,1,4,0,,10,21,9,,22,14,18,,,4,4,,1,25,9,9,4,9,0.13
Private Method,"org.apache.commons.math3.linear.CholeskySolverTest.getDeterminant",,,,,,,,,,,,,,3,3,1,3,0,2,1,1,0,,,,0,,,,,,,,,,,,,2,0,1,0,1,1,1,1,1,1,,,0,0,,1,1,1,1,0.00
Public Method,"org.apache.commons.math3.linear.CholeskySolverTest.testDeterminant",,,,,,,,,,,,,,4,3,1,3,0,2,1,1,0,,,,0,,,,,,,,,,,,,1,0,1,1,1,1,1,1,1,1,,,0,0,,1,1,1,1,0.33
Public Method,"org.apache.commons.math3.linear.CholeskySolverTest.testSolve",,,,,,,,,,,,,,39,31,25,13,1,14,3,3,0,,,,0,,,,,,,,,,,,,1,4,9,4,4,11,7,7,3,1,,,0,1,,3,3,1,3,0.13
Public Method,"org.apache.commons.math3.linear.CholeskySolverTest.testSolveDimensionErrors",,,,,,,,,,,,,,24,20,14,8,1,12,4,4,3,,,,0,,,,,,,,,,,,,1,0,4,4,8,8,3,9,4,1,,,0,1,,4,4,1,4,0.20
Public Class,"org.apache.commons.math3.linear.ConjugateGradient",3,1,0,7,12,,2,,4,20,0,0,4,202,101,70,,,76,,,,9,4,3,,3,3,31,23,1,0,0,,,2,4,0,,10,36,91,,63,29,47,,,9,11,,2,43,12,14,7,12,0.90
Public Constructor,"org.apache.commons.math3.linear.ConjugateGradient.ConjugateGradient",,,,,,,,,,,,,,15,6,3,4,0,4,1,1,0,,,,0,,,,,,,,,,,,,20,0,2,9,1,3,1,3,1,1,,,0,0,,1,1,1,1,1.50
Public Constructor,"org.apache.commons.math3.linear.ConjugateGradient.ConjugateGradient",,,,,,,,,,,,,,15,6,3,4,0,4,1,1,0,,,,0,,,,,,,,,,,,,3,0,2,9,1,3,1,3,1,1,,,0,0,,1,1,1,1,1.50
Public Method,"org.apache.commons.math3.linear.ConjugateGradient.getCheck",,,,,,,,,,,,,,9,3,1,1,0,2,1,1,0,,,,0,,,,,,,,,,,,,1,0,1,6,1,1,1,1,1,1,,,0,0,,1,1,1,1,2.00
Public Method,"org.apache.commons.math3.linear.ConjugateGradient.solveInPlace",,,,,,,,,,,,,,86,78,61,22,2,61,9,11,5,,,,3,,,,,,,,,,,,,8,2,24,6,68,52,21,40,9,4,,,4,2,,9,11,4,9,0.08
Public Class,"org.apache.commons.math3.linear.ConjugateGradientTest",2,1,2,1,16,,0,,17,17,0,0,17,576,504,360,,,414,,,,6,1,1,,2,2,31,28,1,0,0,,,0,17,0,,51,205,21,,339,228,186,,,6,6,,3,0,39,39,17,39,0.04
Public Method,"org.apache.commons.math3.linear.ConjugateGradientTest.testDimensionMismatchRightHandSide",,,,,,,,,,,,,,8,8,5,4,0,7,1,1,0,,,,0,,,,,,,,,,,,,0,0,5,0,1,6,5,2,1,1,,,0,0,,1,1,1,1,0.00
Public Method,"org.apache.commons.math3.linear.ConjugateGradientTest.testDimensionMismatchSolution",,,,,,,,,,,,,,8,8,5,4,0,7,1,1,0,,,,0,,,,,,,,,,,,,0,0,5,0,1,6,5,2,1,1,,,0,0,,1,1,1,1,0.00
Public Method,"org.apache.commons.math3.linear.ConjugateGradientTest.testEventManagement",,,,,,,,,,,,,,74,61,47,11,0,47,2,2,0,,,,0,,,,,,,,,,,,,0,4,11,9,2,37,16,31,2,1,,,0,1,,2,2,1,2,0.15
Anonymous Class,"org.apache.commons.math3.linear.ConjugateGradientTest.testEventManagement.(Anon_6)",1,1,0,0,5,,0,,5,5,0,1,4,47,40,31,,,26,,,,4,1,1,,1,1,8,7,2,0,0,,,0,5,0,,4,2,3,,18,6,20,,,4,4,,1,0,8,8,5,8,0.07
Private Method,"org.apache.commons.math3.linear.ConjugateGradientTest.testEventManagement.(Anon_6).doTestVectorsAreUnmodifiable",,,,,,,,,,,,,,22,19,14,5,1,12,4,4,3,,,,0,,,,,,,,,,,,,5,0,1,3,8,8,2,10,4,1,,,0,1,,4,4,1,4,0.16
Public Method,"org.apache.commons.math3.linear.ConjugateGradientTest.testEventManagement.(Anon_6).initializationPerformed",,,,,,,,,,,,,,4,4,3,1,0,3,1,1,0,,,,0,,,,,,,,,,,,,1,0,0,0,1,2,1,2,1,1,,,0,0,,1,1,1,1,0.00
Public Method,"org.apache.commons.math3.linear.ConjugateGradientTest.testEventManagement.(Anon_6).iterationPerformed",,,,,,,,,,,,,,6,6,5,3,0,4,1,1,0,,,,0,,,,,,,,,,,,,1,0,0,0,1,3,1,3,1,1,,,0,0,,1,1,1,1,0.00
Public Method,"org.apache.commons.math3.linear.ConjugateGradientTest.testEventManagement.(Anon_6).iterationStarted",,,,,,,,,,,,,,6,6,5,3,0,4,1,1,0,,,,0,,,,,,,,,,,,,1,0,0,0,1,3,1,3,1,1,,,0,0,,1,1,1,1,0.00
Public Method,"org.apache.commons.math3.linear.ConjugateGradientTest.testEventManagement.(Anon_6).terminationPerformed",,,,,,,,,,,,,,4,4,3,1,0,3,1,1,0,,,,0,,,,,,,,,,,,,1,0,0,0,1,2,1,2,1,1,,,0,0,,1,1,1,1,0.00
Public Method,"org.apache.commons.math3.linear.ConjugateGradientTest.testMismatchedOperatorDimensions",,,,,,,,,,,,,,24,21,14,5,0,13,1,1,0,,,,0,,,,,,,,,,,,,0,3,6,0,1,9,8,5,1,1,,,0,0,,1,1,1,1,0.00
Anonymous Class,"org.apache.commons.math3.linear.ConjugateGradientTest.testMismatchedOperatorDimensions.(Anon_3)",1,1,0,0,1,,0,,3,8,0,0,3,16,13,10,,,6,,,,1,1,2,,1,1,3,3,1,0,0,,,0,3,0,,3,1,0,,3,3,3,,,1,1,,0,0,3,3,3,3,0.00
Public Method,"org.apache.commons.math3.linear.ConjugateGradientTest.testMismatchedOperatorDimensions.(Anon_3).getColumnDimension",,,,,,,,,,,,,,3,3,2,1,0,2,1,1,0,,,,0,,,,,,,,,,,,,0,0,0,0,1,1,1,1,1,1,,,0,0,,1,1,1,1,0.00
Public Method,"org.apache.commons.math3.linear.ConjugateGradientTest.testMismatchedOperatorDimensions.(Anon_3).getRowDimension",,,,,,,,,,,,,,3,3,2,1,0,2,1,1,0,,,,0,,,,,,,,,,,,,0,0,0,0,1,1,1,1,1,1,,,0,0,,1,1,1,1,0.00
Public Method,"org.apache.commons.math3.linear.ConjugateGradientTest.testMismatchedOperatorDimensions.(Anon_3).operate",,,,,,,,,,,,,,3,3,2,1,0,2,1,1,0,,,,0,,,,,,,,,,,,,0,0,0,0,1,1,1,1,1,1,,,0,0,,1,1,1,1,0.00
Public Method,"org.apache.commons.math3.linear.ConjugateGradientTest.testNonPositiveDefiniteLinearOperator",,,,,,,,,,,,,,14,14,11,6,0,13,1,1,0,,,,0,,,,,,,,,,,,,0,0,5,0,1,12,5,8,1,1,,,0,0,,1,1,1,1,0.00
Public Method,"org.apache.commons.math3.linear.ConjugateGradientTest.testNonPositiveDefinitePreconditioner",,,,,,,,,,,,,,33,30,23,6,0,22,1,1,0,,,,0,,,,,,,,,,,,,0,3,7,0,1,18,9,13,1,1,,,0,0,,1,1,1,1,0.00
Anonymous Class,"org.apache.commons.math3.linear.ConjugateGradientTest.testNonPositiveDefinitePreconditioner.(Anon_4)",1,1,0,0,2,,0,,3,8,0,0,3,19,16,13,,,9,,,,1,1,2,,1,1,4,4,1,0,0,,,0,3,0,,3,2,0,,6,4,5,,,1,1,,0,0,3,3,3,3,0.00
Public Method,"org.apache.commons.math3.linear.ConjugateGradientTest.testNonPositiveDefinitePreconditioner.(Anon_4).getColumnDimension",,,,,,,,,,,,,,3,3,2,1,0,2,1,1,0,,,,0,,,,,,,,,,,,,0,0,0,0,1,1,1,1,1,1,,,0,0,,1,1,1,1,0.00
Public Method,"org.apache.commons.math3.linear.ConjugateGradientTest.testNonPositiveDefinitePreconditioner.(Anon_4).getRowDimension",,,,,,,,,,,,,,3,3,2,1,0,2,1,1,0,,,,0,,,,,,,,,,,,,0,0,0,0,1,1,1,1,1,1,,,0,0,,1,1,1,1,0.00
Public Method,"org.apache.commons.math3.linear.ConjugateGradientTest.testNonPositiveDefinitePreconditioner.(Anon_4).operate",,,,,,,,,,,,,,6,6,5,4,0,5,1,1,0,,,,0,,,,,,,,,,,,,1,0,1,0,1,4,2,3,1,1,,,0,0,,1,1,1,1,0.00
Public Method,"org.apache.commons.math3.linear.ConjugateGradientTest.testNonSquareOperator",,,,,,,,,,,,,,8,8,5,6,0,7,1,1,0,,,,0,,,,,,,,,,,,,0,0,5,0,1,6,5,2,1,1,,,0,0,,1,1,1,1,0.00
Public Method,"org.apache.commons.math3.linear.ConjugateGradientTest.testNonSquarePreconditioner",,,,,,,,,,,,,,24,21,14,5,0,13,1,1,0,,,,0,,,,,,,,,,,,,0,3,6,0,1,9,8,5,1,1,,,0,0,,1,1,1,1,0.00
Anonymous Class,"org.apache.commons.math3.linear.ConjugateGradientTest.testNonSquarePreconditioner.(Anon_2)",1,1,0,0,1,,0,,3,8,0,0,3,16,13,10,,,6,,,,1,1,2,,1,1,3,3,1,0,0,,,0,3,0,,3,1,0,,3,3,3,,,1,1,,0,0,3,3,3,3,0.00
Public Method,"org.apache.commons.math3.linear.ConjugateGradientTest.testNonSquarePreconditioner.(Anon_2).getColumnDimension",,,,,,,,,,,,,,3,3,2,1,0,2,1,1,0,,,,0,,,,,,,,,,,,,0,0,0,0,1,1,1,1,1,1,,,0,0,,1,1,1,1,0.00
Public Method,"org.apache.commons.math3.linear.ConjugateGradientTest.testNonSquarePreconditioner.(Anon_2).getRowDimension",,,,,,,,,,,,,,3,3,2,1,0,2,1,1,0,,,,0,,,,,,,,,,,,,0,0,0,0,1,1,1,1,1,1,,,0,0,,1,1,1,1,0.00
Public Method,"org.apache.commons.math3.linear.ConjugateGradientTest.testNonSquarePreconditioner.(Anon_2).operate",,,,,,,,,,,,,,3,3,2,1,0,2,1,1,0,,,,0,,,,,,,,,,,,,0,0,0,0,1,1,1,1,1,1,,,0,0,,1,1,1,1,0.00
Public Method,"org.apache.commons.math3.linear.ConjugateGradientTest.testPreconditionedNormOfResidual",,,,,,,,,,,,,,45,40,29,9,0,32,2,2,0,,,,0,,,,,,,,,,,,,0,5,14,0,2,25,19,13,2,1,,,0,1,,2,2,1,2,0.00
Anonymous Class,"org.apache.commons.math3.linear.ConjugateGradientTest.testPreconditionedNormOfResidual.(Anon_8)",1,1,0,0,6,,0,,5,5,0,1,4,29,24,18,,,16,,,,1,1,1,,1,1,4,4,2,0,0,,,0,5,0,,5,6,0,,11,10,6,,,1,1,,0,0,5,5,5,5,0.00
Private Method,"org.apache.commons.math3.linear.ConjugateGradientTest.testPreconditionedNormOfResidual.(Anon_8).doTestNormOfResidual",,,,,,,,,,,,,,11,11,9,8,0,8,1,1,0,,,,0,,,,,,,,,,,,,5,0,5,0,1,7,6,2,1,1,,,0,0,,1,1,1,1,0.00
Public Method,"org.apache.commons.math3.linear.ConjugateGradientTest.testPreconditionedNormOfResidual.(Anon_8).initializationPerformed",,,,,,,,,,,,,,3,3,2,1,0,2,1,1,0,,,,0,,,,,,,,,,,,,1,0,0,0,1,1,1,1,1,1,,,0,0,,1,1,1,1,0.00
Public Method,"org.apache.commons.math3.linear.ConjugateGradientTest.testPreconditionedNormOfResidual.(Anon_8).iterationPerformed",,,,,,,,,,,,,,3,3,2,1,0,2,1,1,0,,,,0,,,,,,,,,,,,,1,0,0,0,1,1,1,1,1,1,,,0,0,,1,1,1,1,0.00
Public Method,"org.apache.commons.math3.linear.ConjugateGradientTest.testPreconditionedNormOfResidual.(Anon_8).iterationStarted",,,,,,,,,,,,,,3,3,2,1,0,2,1,1,0,,,,0,,,,,,,,,,,,,1,0,0,0,1,1,1,1,1,1,,,0,0,,1,1,1,1,0.00
Public Method,"org.apache.commons.math3.linear.ConjugateGradientTest.testPreconditionedNormOfResidual.(Anon_8).terminationPerformed",,,,,,,,,,,,,,3,3,2,1,0,2,1,1,0,,,,0,,,,,,,,,,,,,1,0,0,0,1,1,1,1,1,1,,,0,0,,1,1,1,1,0.00
Public Method,"org.apache.commons.math3.linear.ConjugateGradientTest.testPreconditionedResidual",,,,,,,,,,,,,,59,50,37,15,1,41,4,4,1,,,,0,,,,,,,,,,,,,0,6,20,3,4,33,24,17,4,1,,,0,3,,4,4,1,4,0.06
Anonymous Class,"org.apache.commons.math3.linear.ConjugateGradientTest.testPreconditionedResidual.(Anon_5)",1,1,0,0,4,,0,,4,4,0,0,4,22,15,10,,,10,,,,1,1,1,,1,1,4,3,2,0,0,,,0,4,0,,4,3,3,,6,6,4,,,1,1,,0,0,4,4,4,4,0.20
Public Method,"org.apache.commons.math3.linear.ConjugateGradientTest.testPreconditionedResidual.(Anon_5).initializationPerformed",,,,,,,,,,,,,,3,2,1,0,0,1,1,1,0,,,,0,,,,,,,,,,,,,0,0,0,1,1,0,1,0,1,1,,,0,0,,1,1,1,1,0.50
Public Method,"org.apache.commons.math3.linear.ConjugateGradientTest.testPreconditionedResidual.(Anon_5).iterationPerformed",,,,,,,,,,,,,,8,8,6,3,0,7,1,1,0,,,,0,,,,,,,,,,,,,1,0,2,0,1,6,3,4,1,1,,,0,0,,1,1,1,1,0.00
Public Method,"org.apache.commons.math3.linear.ConjugateGradientTest.testPreconditionedResidual.(Anon_5).iterationStarted",,,,,,,,,,,,,,3,2,1,0,0,1,1,1,0,,,,0,,,,,,,,,,,,,0,0,0,1,1,0,1,0,1,1,,,0,0,,1,1,1,1,0.50
Public Method,"org.apache.commons.math3.linear.ConjugateGradientTest.testPreconditionedResidual.(Anon_5).terminationPerformed",,,,,,,,,,,,,,3,2,1,0,0,1,1,1,0,,,,0,,,,,,,,,,,,,0,0,0,1,1,0,1,0,1,1,,,0,0,,1,1,1,1,0.50
Public Method,"org.apache.commons.math3.linear.ConjugateGradientTest.testPreconditionedSolution",,,,,,,,,,,,,,22,22,17,13,0,23,3,3,0,,,,0,,,,,,,,,,,,,0,0,13,0,3,20,15,8,3,1,,,0,2,,3,3,1,3,0.00
Public Method,"org.apache.commons.math3.linear.ConjugateGradientTest.testPreconditionedSolution2",,,,,,,,,,,,,,44,44,34,16,1,44,6,6,1,,,,0,,,,,,,,,,,,,0,0,20,0,12,38,23,21,6,1,,,0,3,,6,6,1,6,0.00
Public Method,"org.apache.commons.math3.linear.ConjugateGradientTest.testUnpreconditionedInPlaceSolutionWithInitialGuess",,,,,,,,,,,,,,24,24,19,13,0,25,3,3,0,,,,0,,,,,,,,,,,,,0,0,13,0,3,22,15,10,3,1,,,0,2,,3,3,1,3,0.00
Public Method,"org.apache.commons.math3.linear.ConjugateGradientTest.testUnpreconditionedNormOfResidual",,,,,,,,,,,,,,44,39,28,8,0,31,2,2,0,,,,0,,,,,,,,,,,,,0,5,13,0,2,24,18,13,2,1,,,0,1,,2,2,1,2,0.00
Anonymous Class,"org.apache.commons.math3.linear.ConjugateGradientTest.testUnpreconditionedNormOfResidual.(Anon_7)",1,1,0,0,6,,0,,5,5,0,1,4,29,24,18,,,16,,,,1,1,1,,1,1,4,4,2,0,0,,,0,5,0,,5,6,0,,11,10,6,,,1,1,,0,0,5,5,5,5,0.00
Private Method,"org.apache.commons.math3.linear.ConjugateGradientTest.testUnpreconditionedNormOfResidual.(Anon_7).doTestNormOfResidual",,,,,,,,,,,,,,11,11,9,8,0,8,1,1,0,,,,0,,,,,,,,,,,,,5,0,5,0,1,7,6,2,1,1,,,0,0,,1,1,1,1,0.00
Public Method,"org.apache.commons.math3.linear.ConjugateGradientTest.testUnpreconditionedNormOfResidual.(Anon_7).initializationPerformed",,,,,,,,,,,,,,3,3,2,1,0,2,1,1,0,,,,0,,,,,,,,,,,,,1,0,0,0,1,1,1,1,1,1,,,0,0,,1,1,1,1,0.00
Public Method,"org.apache.commons.math3.linear.ConjugateGradientTest.testUnpreconditionedNormOfResidual.(Anon_7).iterationPerformed",,,,,,,,,,,,,,3,3,2,1,0,2,1,1,0,,,,0,,,,,,,,,,,,,1,0,0,0,1,1,1,1,1,1,,,0,0,,1,1,1,1,0.00
Public Method,"org.apache.commons.math3.linear.ConjugateGradientTest.testUnpreconditionedNormOfResidual.(Anon_7).iterationStarted",,,,,,,,,,,,,,3,3,2,1,0,2,1,1,0,,,,0,,,,,,,,,,,,,1,0,0,0,1,1,1,1,1,1,,,0,0,,1,1,1,1,0.00
Public Method,"org.apache.commons.math3.linear.ConjugateGradientTest.testUnpreconditionedNormOfResidual.(Anon_7).terminationPerformed",,,,,,,,,,,,,,3,3,2,1,0,2,1,1,0,,,,0,,,,,,,,,,,,,1,0,0,0,1,1,1,1,1,1,,,0,0,,1,1,1,1,0.00
Public Method,"org.apache.commons.math3.linear.ConjugateGradientTest.testUnpreconditionedResidual",,,,,,,,,,,,,,63,49,36,14,1,40,4,4,1,,,,0,,,,,,,,,,,,,0,5,19,9,4,32,23,17,4,1,,,0,3,,4,4,1,4,0.18
Anonymous Class,"org.apache.commons.math3.linear.ConjugateGradientTest.testUnpreconditionedResidual.(Anon_1)",1,1,0,0,4,,0,,4,4,0,0,4,22,15,10,,,10,,,,1,1,1,,1,1,4,3,2,0,0,,,0,4,0,,4,3,3,,6,6,4,,,1,1,,0,0,4,4,4,4,0.20
Public Method,"org.apache.commons.math3.linear.ConjugateGradientTest.testUnpreconditionedResidual.(Anon_1).initializationPerformed",,,,,,,,,,,,,,3,2,1,0,0,1,1,1,0,,,,0,,,,,,,,,,,,,0,0,0,1,1,0,1,0,1,1,,,0,0,,1,1,1,1,0.50
Public Method,"org.apache.commons.math3.linear.ConjugateGradientTest.testUnpreconditionedResidual.(Anon_1).iterationPerformed",,,,,,,,,,,,,,8,8,6,3,0,7,1,1,0,,,,0,,,,,,,,,,,,,1,0,2,0,1,6,3,4,1,1,,,0,0,,1,1,1,1,0.00
Public Method,"org.apache.commons.math3.linear.ConjugateGradientTest.testUnpreconditionedResidual.(Anon_1).iterationStarted",,,,,,,,,,,,,,3,2,1,0,0,1,1,1,0,,,,0,,,,,,,,,,,,,0,0,0,1,1,0,1,0,1,1,,,0,0,,1,1,1,1,0.50
Public Method,"org.apache.commons.math3.linear.ConjugateGradientTest.testUnpreconditionedResidual.(Anon_1).terminationPerformed",,,,,,,,,,,,,,3,2,1,0,0,1,1,1,0,,,,0,,,,,,,,,,,,,0,0,0,1,1,0,1,0,1,1,,,0,0,,1,1,1,1,0.50
Public Method,"org.apache.commons.math3.linear.ConjugateGradientTest.testUnpreconditionedSolution",,,,,,,,,,,,,,21,21,16,12,0,22,3,3,0,,,,0,,,,,,,,,,,,,0,0,12,0,3,19,14,8,3,1,,,0,2,,3,3,1,3,0.00
Public Method,"org.apache.commons.math3.linear.ConjugateGradientTest.testUnpreconditionedSolutionWithInitialGuess",,,,,,,,,,,,,,25,25,20,14,0,26,3,3,0,,,,0,,,,,,,,,,,,,0,0,13,0,3,23,15,11,3,1,,,0,2,,3,3,1,3,0.00
Public Interface,"org.apache.commons.math3.linear.DecompositionSolver",0,0,0,0,2,,0,,4,4,4,0,0,39,6,0,,,5,,,,0,0,0,,0,0,0,0,0,5,0,,,0,4,0,,4,5,29,,4,5,0,,,0,0,,0,0,0,0,0,0,4.83
Abstract Method,"org.apache.commons.math3.linear.DecompositionSolver.getInverse",,,,,,,,,,,,,,6,1,0,1,0,1,0,0,0,,,,0,,,,,,,,,,,,,16,0,1,5,0,1,1,0,0,0,,,0,0,,0,0,0,0,5.00
Abstract Method,"org.apache.commons.math3.linear.DecompositionSolver.isNonSingular",,,,,,,,,,,,,,5,1,0,1,0,1,0,0,0,,,,0,,,,,,,,,,,,,7,0,1,4,0,1,1,0,0,0,,,0,0,,0,0,0,0,4.00
Abstract Method,"org.apache.commons.math3.linear.DecompositionSolver.solve",,,,,,,,,,,,,,11,1,0,1,0,1,0,0,0,,,,0,,,,,,,,,,,,,19,0,1,10,0,1,1,0,0,0,,,0,0,,0,0,0,0,10.00
Abstract Method,"org.apache.commons.math3.linear.DecompositionSolver.solve",,,,,,,,,,,,,,11,1,0,1,0,1,0,0,0,,,,0,,,,,,,,,,,,,16,0,1,10,0,1,1,0,0,0,,,0,0,,0,0,0,0,10.00
Public Generic Class,"org.apache.commons.math3.linear.DefaultFieldMatrixChangingVisitor",1,1,0,1,0,,0,,4,4,0,0,4,38,16,3,,,9,,,,1,1,1,,1,1,4,3,2,3,0,,,1,4,0,,4,8,18,,4,6,3,,,1,1,,0,50,4,4,4,4,1.12
Public Constructor,"org.apache.commons.math3.linear.DefaultFieldMatrixChangingVisitor.DefaultFieldMatrixChangingVisitor",,,,,,,,,,,,,,6,3,1,2,0,2,1,1,0,,,,0,,,,,,,,,,,,,3,0,1,3,1,1,1,1,1,1,,,0,0,,1,1,1,1,1.00
TypeVariable,"org.apache.commons.math3.linear.DefaultFieldMatrixChangingVisitor.T",0,0,0,0,0,,0,,0,0,0,0,0,0,0,0,,,0,,,,0,0,1,,0,0,0,0,2,0,0,,,0,0,0,,0,0,0,,0,0,0,,,0,0,,0,0,0,0,0,0,0.00
Public Method,"org.apache.commons.math3.linear.DefaultFieldMatrixChangingVisitor.end",,,,,,,,,,,,,,4,3,1,1,0,2,1,1,0,,,,0,,,,,,,,,,,,,1,0,1,1,1,1,1,1,1,1,,,0,0,,1,1,1,1,0.33
Public Method,"org.apache.commons.math3.linear.DefaultFieldMatrixChangingVisitor.start",,,,,,,,,,,,,,4,3,0,0,0,1,1,1,0,,,,0,,,,,,,,,,,,,0,0,2,1,1,0,1,0,1,1,,,0,0,,1,1,1,1,0.33
Public Method,"org.apache.commons.math3.linear.DefaultFieldMatrixChangingVisitor.visit",,,,,,,,,,,,,,4,3,1,1,0,2,1,1,0,,,,0,,,,,,,,,,,,,1,0,1,1,1,1,1,1,1,1,,,0,0,,1,1,1,1,0.33
Public Generic Class,"org.apache.commons.math3.linear.DefaultFieldMatrixPreservingVisitor",1,1,0,1,0,,0,,4,4,0,0,4,36,14,2,,,8,,,,1,1,1,,1,1,4,2,2,6,0,,,1,4,0,,4,8,18,,3,6,2,,,1,1,,0,50,4,4,4,4,1.29
Public Constructor,"org.apache.commons.math3.linear.DefaultFieldMatrixPreservingVisitor.DefaultFieldMatrixPreservingVisitor",,,,,,,,,,,,,,6,3,1,2,0,2,1,1,0,,,,0,,,,,,,,,,,,,5,0,1,3,1,1,1,1,1,1,,,0,0,,1,1,1,1,1.00
TypeVariable,"org.apache.commons.math3.linear.DefaultFieldMatrixPreservingVisitor.T",0,0,0,0,0,,0,,0,0,0,0,0,0,0,0,,,0,,,,0,0,1,,0,0,0,0,2,0,0,,,0,0,0,,0,0,0,,0,0,0,,,0,0,,0,0,0,0,0,0,0.00
Public Method,"org.apache.commons.math3.linear.DefaultFieldMatrixPreservingVisitor.end",,,,,,,,,,,,,,4,3,1,1,0,2,1,1,0,,,,0,,,,,,,,,,,,,1,0,1,1,1,1,1,1,1,1,,,0,0,,1,1,1,1,0.33
Public Method,"org.apache.commons.math3.linear.DefaultFieldMatrixPreservingVisitor.start",,,,,,,,,,,,,,4,3,0,0,0,1,1,1,0,,,,0,,,,,,,,,,,,,0,0,2,1,1,0,1,0,1,1,,,0,0,,1,1,1,1,0.33
Public Method,"org.apache.commons.math3.linear.DefaultFieldMatrixPreservingVisitor.visit",,,,,,,,,,,,,,2,1,0,0,0,1,1,1,0,,,,0,,,,,,,,,,,,,0,0,1,1,1,0,1,0,1,1,,,0,0,,1,1,1,1,1.00
Public Class,"org.apache.commons.math3.linear.DefaultIterativeLinearSolverEvent",1,1,0,7,2,,1,,7,15,0,0,7,124,47,18,,,30,,,,2,1,4,,1,1,12,5,1,0,0,,,4,7,0,,12,21,65,,21,13,17,,,2,2,,1,62,8,8,7,8,1.38
Public Constructor,"org.apache.commons.math3.linear.DefaultIterativeLinearSolverEvent.DefaultIterativeLinearSolverEvent",,,,,,,,,,,,,,28,9,5,6,0,6,1,1,0,,,,0,,,,,,,,,,,,,7,0,3,19,1,5,1,5,1,1,,,0,0,,1,1,1,1,2.11
Public Constructor,"org.apache.commons.math3.linear.DefaultIterativeLinearSolverEvent.DefaultIterativeLinearSolverEvent",,,,,,,,,,,,,,26,8,5,6,0,6,1,1,0,,,,0,,,,,,,,,,,,,6,0,2,18,1,5,1,5,1,1,,,0,0,,1,1,1,1,2.25
Public Method,"org.apache.commons.math3.linear.DefaultIterativeLinearSolverEvent.getNormOfResidual",,,,,,,,,,,,,,4,3,1,1,0,2,1,1,0,,,,0,,,,,,,,,,,,,1,0,1,1,1,1,1,1,1,1,,,0,0,,1,1,1,1,0.33
Public Method,"org.apache.commons.math3.linear.DefaultIterativeLinearSolverEvent.getResidual",,,,,,,,,,,,,,12,6,3,2,0,4,2,2,1,,,,0,,,,,,,,,,,,,1,0,1,6,2,2,1,3,2,1,,,0,1,,2,2,1,2,1.00
Public Method,"org.apache.commons.math3.linear.DefaultIterativeLinearSolverEvent.getRightHandSideVector",,,,,,,,,,,,,,4,3,1,1,0,2,1,1,0,,,,0,,,,,,,,,,,,,1,0,1,1,1,1,1,1,1,1,,,0,0,,1,1,1,1,0.33
Public Method,"org.apache.commons.math3.linear.DefaultIterativeLinearSolverEvent.getSolution",,,,,,,,,,,,,,4,3,1,1,0,2,1,1,0,,,,0,,,,,,,,,,,,,1,0,1,1,1,1,1,1,1,1,,,0,0,,1,1,1,1,0.33
Public Method,"org.apache.commons.math3.linear.DefaultIterativeLinearSolverEvent.providesResidual",,,,,,,,,,,,,,11,3,1,1,0,2,1,1,0,,,,0,,,,,,,,,,,,,1,0,1,8,1,1,1,1,1,1,,,0,0,,1,1,1,1,2.67
Public Class,"org.apache.commons.math3.linear.DefaultRealMatrixChangingVisitor",1,1,0,1,0,,0,,3,3,0,0,3,26,11,2,,,6,,,,1,1,1,,1,1,4,3,2,7,0,,,0,3,0,,2,5,13,,2,4,2,,,1,1,,0,0,3,3,3,3,1.18
Public Method,"org.apache.commons.math3.linear.DefaultRealMatrixChangingVisitor.end",,,,,,,,,,,,,,4,3,1,1,0,2,1,1,0,,,,0,,,,,,,,,,,,,0,0,1,1,1,1,1,1,1,1,,,0,0,,1,1,1,1,0.33
Public Method,"org.apache.commons.math3.linear.DefaultRealMatrixChangingVisitor.start",,,,,,,,,,,,,,4,3,0,0,0,1,1,1,0,,,,0,,,,,,,,,,,,,0,0,2,1,1,0,1,0,1,1,,,0,0,,1,1,1,1,0.33
Public Method,"org.apache.commons.math3.linear.DefaultRealMatrixChangingVisitor.visit",,,,,,,,,,,,,,4,3,1,1,0,2,1,1,0,,,,0,,,,,,,,,,,,,1,0,1,1,1,1,1,1,1,1,,,0,0,,1,1,1,1,0.33
Public Class,"org.apache.commons.math3.linear.DefaultRealMatrixPreservingVisitor",1,1,0,1,0,,0,,3,3,0,0,3,24,9,1,,,5,,,,1,1,1,,1,1,3,2,2,7,0,,,0,3,0,,2,5,13,,1,4,1,,,1,1,,0,0,3,3,3,3,1.44
Public Method,"org.apache.commons.math3.linear.DefaultRealMatrixPreservingVisitor.end",,,,,,,,,,,,,,4,3,1,1,0,2,1,1,0,,,,0,,,,,,,,,,,,,0,0,1,1,1,1,1,1,1,1,,,0,0,,1,1,1,1,0.33
Public Method,"org.apache.commons.math3.linear.DefaultRealMatrixPreservingVisitor.start",,,,,,,,,,,,,,4,3,0,0,0,1,1,1,0,,,,0,,,,,,,,,,,,,0,0,2,1,1,0,1,0,1,1,,,0,0,,1,1,1,1,0.33
Public Method,"org.apache.commons.math3.linear.DefaultRealMatrixPreservingVisitor.visit",,,,,,,,,,,,,,2,1,0,0,0,1,1,1,0,,,,0,,,,,,,,,,,,,0,0,1,1,1,0,1,0,1,1,,,0,0,,1,1,1,1,1.00
Public Class,"org.apache.commons.math3.linear.EigenDecomposition",5,1,1,9,15,,0,,18,18,0,6,12,864,530,366,,,474,,,,33,9,1,,5,5,34,23,1,0,0,,,11,18,0,,63,131,271,,352,166,308,,,33,34,,6,81,98,101,29,98,0.51
Public Constructor,"org.apache.commons.math3.linear.EigenDecomposition.EigenDecomposition",,,,,,,,,,,,,,18,10,6,8,0,6,2,2,1,,,,0,,,,,,,,,,,,,25,0,3,8,2,4,2,4,2,1,,,0,1,,2,2,1,2,0.80
Public Constructor,"org.apache.commons.math3.linear.EigenDecomposition.EigenDecomposition",,,,,,,,,,,,,,22,12,8,6,0,11,2,2,0,,,,0,,,,,,,,,,,,,7,0,4,10,2,9,4,7,2,1,,,0,1,,2,2,1,2,0.83
Private Static Class,"org.apache.commons.math3.linear.EigenDecomposition.Solver",4,1,2,6,8,,0,,5,5,0,1,4,141,90,56,,,86,,,,8,3,1,,4,4,25,17,2,0,0,,,3,5,0,,15,28,36,,63,37,49,,,8,8,,3,26,22,23,7,22,0.40
Private Constructor,"org.apache.commons.math3.linear.EigenDecomposition.Solver.Solver",,,,,,,,,,,,,,14,7,3,4,0,4,1,1,0,,,,0,,,,,,,,,,,,,4,0,3,7,1,3,1,3,1,1,,,0,0,,1,1,1,1,1.00
Public Method,"org.apache.commons.math3.linear.EigenDecomposition.Solver.getInverse",,,,,,,,,,,,,,27,19,13,5,1,20,5,5,0,,,,0,,,,,,,,,,,,,3,2,6,6,8,15,9,11,5,1,,,0,3,,5,5,1,5,0.32
Public Method,"org.apache.commons.math3.linear.EigenDecomposition.Solver.isNonSingular",,,,,,,,,,,,,,14,9,5,1,0,7,3,4,3,,,,3,,,,,,,,,,,,,6,0,1,5,3,4,2,5,3,3,,,3,2,,3,4,3,3,0.56
Public Method,"org.apache.commons.math3.linear.EigenDecomposition.Solver.solve",,,,,,,,,,,,,,35,19,13,8,1,18,5,5,0,,,,0,,,,,,,,,,,,,4,3,6,13,12,13,8,10,5,1,,,0,2,,5,5,1,5,0.68
Public Method,"org.apache.commons.math3.linear.EigenDecomposition.Solver.solve",,,,,,,,,,,,,,37,31,22,10,2,33,8,8,0,,,,0,,,,,,,,,,,,,4,5,8,1,44,25,13,20,8,1,,,0,3,,8,8,1,8,0.03
Private Method,"org.apache.commons.math3.linear.EigenDecomposition.cdiv",,,,,,,,,,,,,,13,4,1,3,0,2,1,1,0,,,,0,,,,,,,,,,,,,5,0,2,9,1,1,1,1,1,1,,,0,0,,1,1,1,1,2.25
Private Method,"org.apache.commons.math3.linear.EigenDecomposition.findEigenVectors",,,,,,,,,,,,,,156,141,106,8,7,132,33,34,8,,,,6,,,,,,,,,,,,,10,4,20,11,4752000,100,31,101,33,9,,,8,5,,33,34,9,33,0.08
Private Method,"org.apache.commons.math3.linear.EigenDecomposition.findEigenVectorsFromSchur",,,,,,,,,,,,,,189,155,123,14,4,138,32,33,10,,,,0,,,,,,,,,,,,,7,17,35,17,13683,106,46,92,32,1,,,0,6,,32,33,1,32,0.11
Public Method,"org.apache.commons.math3.linear.EigenDecomposition.getD",,,,,,,,,,,,,,26,13,8,5,1,11,5,5,1,,,,0,,,,,,,,,,,,,10,1,1,12,5,6,2,9,5,1,,,0,3,,5,5,1,5,0.92
Public Method,"org.apache.commons.math3.linear.EigenDecomposition.getDeterminant",,,,,,,,,,,,,,12,7,4,1,0,6,2,2,0,,,,0,,,,,,,,,,,,,1,0,2,5,2,3,3,3,2,1,,,0,1,,2,2,1,2,0.71
Public Method,"org.apache.commons.math3.linear.EigenDecomposition.getEigenvector",,,,,,,,,,,,,,10,3,1,2,0,2,1,1,0,,,,0,,,,,,,,,,,,,6,0,1,7,1,1,1,1,1,1,,,0,0,,1,1,1,1,2.33
Public Method,"org.apache.commons.math3.linear.EigenDecomposition.getImagEigenvalue",,,,,,,,,,,,,,15,3,1,1,0,2,1,1,0,,,,0,,,,,,,,,,,,,2,0,1,12,1,1,1,1,1,1,,,0,0,,1,1,1,1,4.00
Public Method,"org.apache.commons.math3.linear.EigenDecomposition.getImagEigenvalues",,,,,,,,,,,,,,14,3,1,2,0,2,1,1,0,,,,0,,,,,,,,,,,,,1,0,1,11,1,1,1,1,1,1,,,0,0,,1,1,1,1,3.67
Public Method,"org.apache.commons.math3.linear.EigenDecomposition.getRealEigenvalue",,,,,,,,,,,,,,15,3,1,1,0,2,1,1,0,,,,0,,,,,,,,,,,,,10,0,1,12,1,1,1,1,1,1,,,0,0,,1,1,1,1,4.00
Public Method,"org.apache.commons.math3.linear.EigenDecomposition.getRealEigenvalues",,,,,,,,,,,,,,12,3,1,2,0,2,1,1,0,,,,0,,,,,,,,,,,,,8,0,1,9,1,1,1,1,1,1,,,0,0,,1,1,1,1,3.00
Public Method,"org.apache.commons.math3.linear.EigenDecomposition.getSolver",,,,,,,,,,,,,,9,3,1,2,0,2,1,1,0,,,,0,,,,,,,,,,,,,7,0,1,6,1,1,1,1,1,1,,,0,0,,1,1,1,1,2.00
Public Method,"org.apache.commons.math3.linear.EigenDecomposition.getV",,,,,,,,,,,,,,23,10,6,4,0,9,3,3,0,,,,0,,,,,,,,,,,,,10,2,2,11,3,6,3,6,3,1,,,0,2,,3,3,1,3,1.10
Public Method,"org.apache.commons.math3.linear.EigenDecomposition.getVT",,,,,,,,,,,,,,23,10,6,4,0,9,3,3,0,,,,0,,,,,,,,,,,,,6,2,2,11,3,6,3,6,3,1,,,0,2,,3,3,1,3,1.10
Private Method,"org.apache.commons.math3.linear.EigenDecomposition.isSymmetric",,,,,,,,,,,,,,30,20,13,7,1,17,5,5,5,,,,5,,,,,,,,,,,,,4,0,7,10,5,12,8,9,5,4,,,5,4,,5,5,4,5,0.50
Private Method,"org.apache.commons.math3.linear.EigenDecomposition.transformToSchur",,,,,,,,,,,,,,30,22,18,9,0,19,3,4,1,,,,0,,,,,,,,,,,,,5,2,6,6,3,16,7,12,3,1,,,0,2,,3,4,1,3,0.27
Private Method,"org.apache.commons.math3.linear.EigenDecomposition.transformToTridiagonal",,,,,,,,,,,,,,11,5,3,6,0,4,1,1,0,,,,0,,,,,,,,,,,,,3,0,1,6,1,3,1,3,1,1,,,0,0,,1,1,1,1,1.20
Public Class,"org.apache.commons.math3.linear.EigenDecompositionTest",1,1,1,1,11,,0,,29,32,1,3,26,611,490,313,,,311,,,,9,1,1,,1,2,17,14,1,0,3,,,2,32,2,,69,233,52,,250,155,156,,,9,9,,4,84,60,65,32,60,0.11
Protected Method,"org.apache.commons.math3.linear.EigenDecompositionTest.checkEigenValues",,,,,,,,,,,,,,13,8,4,3,0,7,2,2,0,,,,0,,,,,,,,,,,,,7,0,3,5,2,5,3,4,2,1,,,0,1,,2,2,1,2,0.62
Protected Method,"org.apache.commons.math3.linear.EigenDecompositionTest.checkEigenVector",,,,,,,,,,,,,,9,4,1,3,0,2,1,1,0,,,,0,,,,,,,,,,,,,6,0,2,5,1,1,1,1,1,1,,,0,0,,1,1,1,1,1.25
Private Method,"org.apache.commons.math3.linear.EigenDecompositionTest.checkUnsymmetricMatrix",,,,,,,,,,,,,,17,12,10,12,0,10,1,1,0,,,,0,,,,,,,,,,,,,4,4,8,1,1,9,8,2,1,1,,,0,0,,1,1,1,1,0.08
Public Static Method,"org.apache.commons.math3.linear.EigenDecompositionTest.createDiagonalMatrix",,,,,,,,,,,,,,8,8,4,3,0,7,2,2,0,,,,0,,,,,,,,,,,,,6,0,3,0,2,5,3,4,2,1,,,0,1,,2,2,1,2,0.00
Public Static Method,"org.apache.commons.math3.linear.EigenDecompositionTest.createOrthogonalMatrix",,,,,,,,,,,,,,42,31,22,4,2,35,9,9,0,,,,0,,,,,,,,,,,,,4,8,7,3,41,26,14,21,9,1,,,0,4,,9,9,1,9,0.10
Static Method,"org.apache.commons.math3.linear.EigenDecompositionTest.createTestMatrix",,,,,,,,,,,,,,6,6,4,5,0,5,1,1,0,,,,0,,,,,,,,,,,,,9,0,4,0,1,4,4,1,1,1,,,0,0,,1,1,1,1,0.00
Private Method,"org.apache.commons.math3.linear.EigenDecompositionTest.isIncludedColumn",,,,,,,,,,,,,,29,24,17,6,1,17,5,9,0,,,,0,,,,,,,,,,,,,4,0,8,5,6,12,7,10,5,1,,,0,3,,5,9,1,5,0.21
Private Method,"org.apache.commons.math3.linear.EigenDecompositionTest.isIncludedValue",,,,,,,,,,,,,,16,12,7,2,0,8,3,4,0,,,,0,,,,,,,,,,,,,5,0,4,4,3,5,3,5,3,1,,,0,2,,3,4,1,3,0.33
Public Method,"org.apache.commons.math3.linear.EigenDecompositionTest.setUp",,,,,,,,,,,,,,6,6,4,3,0,3,1,1,0,,,,0,,,,,,,,,,,,,1,0,1,0,1,2,1,2,1,1,,,0,0,,1,1,1,1,0.00
Public Method,"org.apache.commons.math3.linear.EigenDecompositionTest.tearDown",,,,,,,,,,,,,,4,4,2,2,0,3,1,1,0,,,,0,,,,,,,,,,,,,0,0,1,0,1,2,1,2,1,1,,,0,0,,1,1,1,1,0.00
Public Method,"org.apache.commons.math3.linear.EigenDecompositionTest.testAEqualVDVt",,,,,,,,,,,,,,10,9,6,8,0,8,1,1,0,,,,0,,,,,,,,,,,,,2,0,6,1,1,7,6,2,1,1,,,0,0,,1,1,1,1,0.11
Public Method,"org.apache.commons.math3.linear.EigenDecompositionTest.testBigMatrix",,,,,,,,,,,,,,17,16,11,6,1,16,3,3,0,,,,0,,,,,,,,,,,,,2,0,5,1,4,13,7,9,3,1,,,0,1,,3,3,1,3,0.06
Public Method,"org.apache.commons.math3.linear.EigenDecompositionTest.testDiagonal",,,,,,,,,,,,,,11,10,7,4,0,9,1,1,0,,,,0,,,,,,,,,,,,,2,0,4,1,1,8,4,5,1,1,,,0,0,,1,1,1,1,0.10
Public Method,"org.apache.commons.math3.linear.EigenDecompositionTest.testDimension1",,,,,,,,,,,,,,7,7,3,4,0,5,1,1,0,,,,0,,,,,,,,,,,,,1,0,4,0,1,4,3,2,1,1,,,0,0,,1,1,1,1,0.00
Public Method,"org.apache.commons.math3.linear.EigenDecompositionTest.testDimension2",,,,,,,,,,,,,,11,11,7,4,0,6,1,1,0,,,,0,,,,,,,,,,,,,1,0,4,0,1,5,3,3,1,1,,,0,0,,1,1,1,1,0.00
Public Method,"org.apache.commons.math3.linear.EigenDecompositionTest.testDimension3",,,,,,,,,,,,,,13,13,9,4,0,7,1,1,0,,,,0,,,,,,,,,,,,,1,0,4,0,1,6,3,4,1,1,,,0,0,,1,1,1,1,0.00
Public Method,"org.apache.commons.math3.linear.EigenDecompositionTest.testDimension3MultipleRoot",,,,,,,,,,,,,,13,13,9,4,0,7,1,1,0,,,,0,,,,,,,,,,,,,1,0,4,0,1,6,3,4,1,1,,,0,0,,1,1,1,1,0.00
Public Method,"org.apache.commons.math3.linear.EigenDecompositionTest.testDimension4WithSplit",,,,,,,,,,,,,,15,15,11,4,0,8,1,1,0,,,,0,,,,,,,,,,,,,1,0,4,0,1,7,3,5,1,1,,,0,0,,1,1,1,1,0.00
Public Method,"org.apache.commons.math3.linear.EigenDecompositionTest.testDimension4WithoutSplit",,,,,,,,,,,,,,15,15,11,4,0,8,1,1,0,,,,0,,,,,,,,,,,,,1,0,4,0,1,7,3,5,1,1,,,0,0,,1,1,1,1,0.00
Public Method,"org.apache.commons.math3.linear.EigenDecompositionTest.testDimensions",,,,,,,,,,,,,,12,11,8,7,0,10,1,1,0,,,,0,,,,,,,,,,,,,2,0,3,1,1,9,3,7,1,1,,,0,0,,1,1,1,1,0.09
Public Method,"org.apache.commons.math3.linear.EigenDecompositionTest.testDistinctEigenvalues",,,,,,,,,,,,,,16,13,10,4,0,8,1,1,0,,,,0,,,,,,,,,,,,,1,0,4,3,1,7,3,5,1,1,,,0,0,,1,1,1,1,0.23
Public Method,"org.apache.commons.math3.linear.EigenDecompositionTest.testEigenvalues",,,,,,,,,,,,,,10,9,5,3,0,9,2,2,0,,,,0,,,,,,,,,,,,,4,0,3,1,2,7,4,5,2,1,,,0,1,,2,2,1,2,0.11
Public Method,"org.apache.commons.math3.linear.EigenDecompositionTest.testEigenvectors",,,,,,,,,,,,,,11,10,6,9,0,10,2,2,0,,,,0,,,,,,,,,,,,,2,0,5,1,2,8,6,4,2,1,,,0,1,,2,2,1,2,0.10
Public Method,"org.apache.commons.math3.linear.EigenDecompositionTest.testMath308",,,,,,,,,,,,,,34,27,15,7,0,13,2,2,0,,,,0,,,,,,,,,,,,,2,5,18,2,2,11,8,5,2,1,,,0,1,,2,2,1,2,0.07
Public Method,"org.apache.commons.math3.linear.EigenDecompositionTest.testMathpbx02",,,,,,,,,,,,,,47,39,26,9,0,15,3,3,1,,,,0,,,,,,,,,,,,,2,5,24,3,3,12,8,7,3,1,,,0,2,,3,3,1,3,0.08
Public Method,"org.apache.commons.math3.linear.EigenDecompositionTest.testMathpbx03",,,,,,,,,,,,,,45,36,23,9,0,15,3,3,1,,,,0,,,,,,,,,,,,,2,6,24,3,3,12,8,7,3,1,,,0,2,,3,3,1,3,0.08
Public Method,"org.apache.commons.math3.linear.EigenDecompositionTest.testRepeatedEigenvalue",,,,,,,,,,,,,,14,11,8,4,0,6,1,1,0,,,,0,,,,,,,,,,,,,1,0,4,3,1,5,3,3,1,1,,,0,0,,1,1,1,1,0.27
Public Method,"org.apache.commons.math3.linear.EigenDecompositionTest.testSymmetric",,,,,,,,,,,,,,19,14,11,9,0,9,1,1,0,,,,0,,,,,,,,,,,,,1,4,8,1,1,8,7,2,1,1,,,0,0,,1,1,1,1,0.07
Public Method,"org.apache.commons.math3.linear.EigenDecompositionTest.testTridiagonal",,,,,,,,,,,,,,25,23,16,9,1,19,4,4,1,,,,0,,,,,,,,,,,,,2,1,7,1,6,15,8,11,4,1,,,0,2,,4,4,1,4,0.04
Public Method,"org.apache.commons.math3.linear.EigenDecompositionTest.testUnsymmetric",,,,,,,,,,,,,,27,23,19,2,0,7,1,1,0,,,,0,,,,,,,,,,,,,0,2,15,2,1,6,4,3,1,1,,,0,0,,1,1,1,1,0.09
Public Method,"org.apache.commons.math3.linear.EigenDecompositionTest.testVOrthogonal",,,,,,,,,,,,,,7,6,4,9,0,5,1,1,0,,,,0,,,,,,,,,,,,,2,0,4,1,1,4,4,1,1,1,,,0,0,,1,1,1,1,0.17
Public Method,"org.apache.commons.math3.linear.EigenDecompositionTest.testZeroDivide",,,,,,,,,,,,,,19,16,13,5,0,11,1,1,0,,,,0,,,,,,,,,,,,,1,0,7,3,1,10,6,5,1,1,,,0,0,,1,1,1,1,0.19
Public Class,"org.apache.commons.math3.linear.EigenSolverTest",2,1,1,2,12,,0,,4,4,0,0,4,112,93,68,,,47,,,,4,1,1,,2,2,25,21,1,0,0,,,0,4,0,,8,35,11,,36,25,22,,,4,4,,1,0,10,10,4,10,0.12
Public Method,"org.apache.commons.math3.linear.EigenSolverTest.testInvertible",,,,,,,,,,,,,,12,11,7,12,0,8,1,1,0,,,,0,,,,,,,,,,,,,1,0,8,1,1,7,6,2,1,1,,,0,0,,1,1,1,1,0.09
Public Method,"org.apache.commons.math3.linear.EigenSolverTest.testNonInvertible",,,,,,,,,,,,,,14,12,8,7,0,8,2,2,1,,,,0,,,,,,,,,,,,,1,0,5,2,2,6,4,4,2,1,,,0,1,,2,2,1,2,0.17
Public Method,"org.apache.commons.math3.linear.EigenSolverTest.testSolve",,,,,,,,,,,,,,48,41,36,13,1,16,3,3,0,,,,0,,,,,,,,,,,,,1,3,11,4,4,13,9,7,3,1,,,0,1,,3,3,1,3,0.10
Public Method,"org.apache.commons.math3.linear.EigenSolverTest.testSolveDimensionErrors",,,,,,,,,,,,,,28,23,17,9,1,14,4,4,3,,,,0,,,,,,,,,,,,,1,1,6,4,8,10,5,9,4,1,,,0,1,,4,4,1,4,0.17
Public Generic Interface,"org.apache.commons.math3.linear.FieldDecompositionSolver",0,0,0,0,2,,0,,4,4,4,0,0,39,6,0,,,5,,,,0,0,0,,0,0,0,0,0,1,0,,,0,4,0,,4,5,29,,4,5,0,,,0,0,,0,0,0,0,0,0,4.83
TypeVariable,"org.apache.commons.math3.linear.FieldDecompositionSolver.T",0,0,0,0,0,,0,,0,0,0,0,0,0,0,0,,,0,,,,0,0,1,,0,0,0,0,2,0,0,,,0,0,0,,0,0,0,,0,0,0,,,0,0,,0,0,0,0,0,0,0.00
Abstract Method,"org.apache.commons.math3.linear.FieldDecompositionSolver.getInverse",,,,,,,,,,,,,,6,1,0,1,0,1,0,0,0,,,,0,,,,,,,,,,,,,6,0,1,5,0,1,1,0,0,0,,,0,0,,0,0,0,0,5.00
Abstract Method,"org.apache.commons.math3.linear.FieldDecompositionSolver.isNonSingular",,,,,,,,,,,,,,5,1,0,1,0,1,0,0,0,,,,0,,,,,,,,,,,,,3,0,1,4,0,1,1,0,0,0,,,0,0,,0,0,0,0,4.00
Abstract Method,"org.apache.commons.math3.linear.FieldDecompositionSolver.solve",,,,,,,,,,,,,,11,1,0,1,0,1,0,0,0,,,,0,,,,,,,,,,,,,4,0,1,10,0,1,1,0,0,0,,,0,0,,0,0,0,0,10.00
Abstract Method,"org.apache.commons.math3.linear.FieldDecompositionSolver.solve",,,,,,,,,,,,,,11,1,0,1,0,1,0,0,0,,,,0,,,,,,,,,,,,,7,0,1,10,0,1,1,0,0,0,,,0,0,,0,0,0,0,10.00
Public Generic Class,"org.apache.commons.math3.linear.FieldLUDecomposition",4,1,1,6,8,,0,,7,7,0,0,7,428,258,163,,,254,,,,13,3,1,,4,4,24,16,1,0,0,,,8,7,0,,55,72,118,,190,101,153,,,13,13,,3,42,30,33,9,30,0.46
Public Constructor,"org.apache.commons.math3.linear.FieldLUDecomposition.FieldLUDecomposition",,,,,,,,,,,,,,86,62,48,20,3,64,13,13,2,,,,2,,,,,,,,,,,,,26,11,10,14,424,51,18,46,13,3,,,2,3,,13,13,3,13,0.23
Private Static Generic Class,"org.apache.commons.math3.linear.FieldLUDecomposition.Solver",5,1,3,5,9,,0,,6,6,0,1,5,192,131,82,,,131,,,,12,1,1,,5,5,28,20,2,0,0,,,4,6,0,,28,40,35,,97,55,76,,,12,12,,3,20,33,33,6,33,0.27
Private Constructor,"org.apache.commons.math3.linear.FieldLUDecomposition.Solver.Solver",,,,,,,,,,,,,,14,7,4,5,0,5,1,1,0,,,,0,,,,,,,,,,,,,5,0,2,7,1,4,1,4,1,1,,,0,0,,1,1,1,1,1.00
TypeVariable,"org.apache.commons.math3.linear.FieldLUDecomposition.Solver.T",0,0,0,0,0,,0,,0,0,0,0,0,0,0,0,,,0,,,,0,0,1,,0,0,0,0,2,0,0,,,0,0,0,,0,0,0,,0,0,0,,,0,0,,0,0,0,0,0,0,0.00
Public Method,"org.apache.commons.math3.linear.FieldLUDecomposition.Solver.getInverse",,,,,,,,,,,,,,10,9,6,5,0,9,2,2,0,,,,0,,,,,,,,,,,,,3,0,4,1,2,7,5,4,2,1,,,0,1,,2,2,1,2,0.11
Public Method,"org.apache.commons.math3.linear.FieldLUDecomposition.Solver.isNonSingular",,,,,,,,,,,,,,4,3,1,1,0,2,1,1,0,,,,0,,,,,,,,,,,,,1,0,1,1,1,1,1,1,1,1,,,0,0,,1,1,1,1,0.33
Public Method,"org.apache.commons.math3.linear.FieldLUDecomposition.Solver.solve",,,,,,,,,,,,,,43,32,21,12,2,31,9,9,1,,,,0,,,,,,,,,,,,,6,7,6,5,73,22,10,21,9,1,,,0,3,,9,9,1,9,0.16
Public Method,"org.apache.commons.math3.linear.FieldLUDecomposition.Solver.solve",,,,,,,,,,,,,,46,30,20,11,2,30,8,8,0,,,,0,,,,,,,,,,,,,7,5,8,11,72,22,11,19,8,1,,,0,2,,8,8,1,8,0.37
Public Method,"org.apache.commons.math3.linear.FieldLUDecomposition.Solver.solve",,,,,,,,,,,,,,54,44,30,12,3,49,12,12,0,,,,0,,,,,,,,,,,,,7,6,14,5,336,37,22,27,12,1,,,0,3,,12,12,1,12,0.11
TypeVariable,"org.apache.commons.math3.linear.FieldLUDecomposition.T",0,0,0,0,0,,0,,0,0,0,0,0,0,0,0,,,0,,,,0,0,1,,0,0,0,0,2,0,0,,,0,0,0,,0,0,0,,0,0,0,,,0,0,,0,0,0,0,0,0,0.00
Public Method,"org.apache.commons.math3.linear.FieldLUDecomposition.getDeterminant",,,,,,,,,,,,,,16,12,8,5,0,10,4,4,1,,,,0,,,,,,,,,,,,,7,0,3,4,3,7,4,6,4,1,,,0,2,,4,4,1,4,0.33
Public Method,"org.apache.commons.math3.linear.FieldLUDecomposition.getL",,,,,,,,,,,,,,19,14,9,5,1,14,4,5,0,,,,0,,,,,,,,,,,,,11,0,3,5,4,10,5,9,4,1,,,0,3,,4,5,1,4,0.36
Public Method,"org.apache.commons.math3.linear.FieldLUDecomposition.getP",,,,,,,,,,,,,,19,10,6,5,0,9,3,4,0,,,,0,,,,,,,,,,,,,10,0,2,9,3,6,3,6,3,1,,,0,2,,3,4,1,3,0.90
Public Method,"org.apache.commons.math3.linear.FieldLUDecomposition.getPivot",,,,,,,,,,,,,,8,3,1,2,0,2,1,1,0,,,,0,,,,,,,,,,,,,3,0,1,5,1,1,1,1,1,1,,,0,0,,1,1,1,1,1.67
Public Method,"org.apache.commons.math3.linear.FieldLUDecomposition.getSolver",,,,,,,,,,,,,,7,3,1,2,0,2,1,1,0,,,,0,,,,,,,,,,,,,17,0,1,4,1,1,1,1,1,1,,,0,0,,1,1,1,1,1.33
Public Method,"org.apache.commons.math3.linear.FieldLUDecomposition.getU",,,,,,,,,,,,,,18,13,8,4,1,13,4,5,0,,,,0,,,,,,,,,,,,,11,0,3,5,4,9,5,8,4,1,,,0,3,,4,5,1,4,0.38
Public Class,"org.apache.commons.math3.linear.FieldLUDecompositionTest",2,1,1,1,9,,0,,9,9,0,0,9,277,235,176,,,168,,,,10,1,1,,2,2,25,22,1,0,0,,,5,9,0,,26,97,17,,141,69,99,,,10,10,,3,71,26,26,9,26,0.07
Public Method,"org.apache.commons.math3.linear.FieldLUDecompositionTest.testDimensions",,,,,,,,,,,,,,13,11,8,9,0,9,1,1,0,,,,0,,,,,,,,,,,,,2,1,4,1,1,8,3,6,1,1,,,0,0,,1,1,1,1,0.09
Public Method,"org.apache.commons.math3.linear.FieldLUDecompositionTest.testLLowerTriangular",,,,,,,,,,,,,,11,10,6,8,0,11,3,3,0,,,,0,,,,,,,,,,,,,3,0,3,1,3,8,5,6,3,1,,,0,2,,3,3,1,3,0.10
Public Method,"org.apache.commons.math3.linear.FieldLUDecompositionTest.testMatricesValues1",,,,,,,,,,,,,,39,33,29,11,0,20,2,2,0,,,,0,,,,,,,,,,,,,2,3,14,3,2,18,11,9,2,1,,,0,1,,2,2,1,2,0.09
Public Method,"org.apache.commons.math3.linear.FieldLUDecompositionTest.testMatricesValues2",,,,,,,,,,,,,,38,33,29,11,0,20,2,2,0,,,,0,,,,,,,,,,,,,2,2,14,3,2,18,11,9,2,1,,,0,1,,2,2,1,2,0.09
Public Method,"org.apache.commons.math3.linear.FieldLUDecompositionTest.testNonSquare",,,,,,,,,,,,,,14,11,8,3,0,4,2,2,1,,,,0,,,,,,,,,,,,,1,0,1,3,2,2,1,3,2,1,,,0,1,,2,2,1,2,0.27
Public Method,"org.apache.commons.math3.linear.FieldLUDecompositionTest.testPAEqualLU",,,,,,,,,,,,,,41,35,32,15,0,35,2,2,0,,,,0,,,,,,,,,,,,,5,5,6,1,2,33,7,28,2,1,,,0,1,,2,2,1,2,0.03
Public Method,"org.apache.commons.math3.linear.FieldLUDecompositionTest.testPPermutation",,,,,,,,,,,,,,53,48,38,14,2,46,10,10,4,,,,0,,,,,,,,,,,,,3,4,14,1,50,36,18,28,10,1,,,0,3,,10,10,1,10,0.02
Public Method,"org.apache.commons.math3.linear.FieldLUDecompositionTest.testSingular",,,,,,,,,,,,,,10,9,6,7,0,7,1,1,0,,,,0,,,,,,,,,,,,,3,0,3,1,1,6,2,5,1,1,,,0,0,,1,1,1,1,0.11
Public Method,"org.apache.commons.math3.linear.FieldLUDecompositionTest.testUUpperTriangular",,,,,,,,,,,,,,10,9,5,7,0,10,3,3,0,,,,0,,,,,,,,,,,,,2,0,3,1,3,7,5,5,3,1,,,0,2,,3,3,1,3,0.11
Public Class,"org.apache.commons.math3.linear.FieldLUSolverTest",2,1,0,1,11,,0,,6,7,0,1,6,152,128,81,,,84,,,,7,1,1,,2,2,16,14,1,0,1,,,4,7,0,,11,50,14,,64,35,49,,,7,7,,2,64,19,19,7,19,0.11
Public Static Method,"org.apache.commons.math3.linear.FieldLUSolverTest.createFractionMatrix",,,,,,,,,,,,,,13,13,8,5,0,13,3,3,0,,,,0,,,,,,,,,,,,,7,0,4,0,3,10,6,7,3,1,,,0,2,,3,3,1,3,0.00
Private Method,"org.apache.commons.math3.linear.FieldLUSolverTest.getDeterminant",,,,,,,,,,,,,,3,3,1,4,0,2,1,1,0,,,,0,,,,,,,,,,,,,2,0,1,0,1,1,1,1,1,1,,,0,0,,1,1,1,1,0.00
Public Method,"org.apache.commons.math3.linear.FieldLUSolverTest.testDeterminant",,,,,,,,,,,,,,7,6,4,3,0,5,1,1,0,,,,0,,,,,,,,,,,,,4,0,1,1,1,4,1,4,1,1,,,0,0,,1,1,1,1,0.17
Public Method,"org.apache.commons.math3.linear.FieldLUSolverTest.testSingular",,,,,,,,,,,,,,13,12,9,6,0,8,1,1,0,,,,0,,,,,,,,,,,,,3,0,2,1,1,7,2,6,1,1,,,0,0,,1,1,1,1,0.08
Public Method,"org.apache.commons.math3.linear.FieldLUSolverTest.testSolve",,,,,,,,,,,,,,42,35,25,15,1,31,7,7,0,,,,0,,,,,,,,,,,,,1,3,10,4,27,24,14,17,7,1,,,0,2,,7,7,1,7,0.11
Public Method,"org.apache.commons.math3.linear.FieldLUSolverTest.testSolveDimensionErrors",,,,,,,,,,,,,,19,16,11,7,1,10,3,3,2,,,,0,,,,,,,,,,,,,1,0,3,3,4,7,3,7,3,1,,,0,1,,3,3,1,3,0.19
Public Method,"org.apache.commons.math3.linear.FieldLUSolverTest.testSolveSingularityErrors",,,,,,,,,,,,,,19,16,11,7,1,10,3,3,2,,,,0,,,,,,,,,,,,,1,0,3,3,4,7,3,7,3,1,,,0,1,,3,3,1,3,0.19
Public Generic Interface,"org.apache.commons.math3.linear.FieldMatrix",0,0,0,0,4,,0,,50,53,50,0,0,747,59,0,,,51,,,,0,0,1,,0,0,0,0,1,1,0,,,0,50,0,,49,58,639,,50,51,0,,,0,0,,0,0,0,0,0,0,10.83
TypeVariable,"org.apache.commons.math3.linear.FieldMatrix.T",0,0,0,0,0,,0,,0,0,0,0,0,0,0,0,,,0,,,,0,0,1,,0,0,0,0,2,0,0,,,0,0,0,,0,0,0,,0,0,0,,,0,0,,0,0,0,0,0,0,0.00
Abstract Method,"org.apache.commons.math3.linear.FieldMatrix.add",,,,,,,,,,,,,,9,1,0,1,0,1,0,0,0,,,,0,,,,,,,,,,,,,4,0,1,8,0,1,1,0,0,0,,,0,0,,0,0,0,0,8.00
Abstract Method,"org.apache.commons.math3.linear.FieldMatrix.addToEntry",,,,,,,,,,,,,,12,1,0,0,0,1,0,0,0,,,,0,,,,,,,,,,,,,0,0,1,11,0,1,1,0,0,0,,,0,0,,0,0,0,0,11.00
Abstract Method,"org.apache.commons.math3.linear.FieldMatrix.copy",,,,,,,,,,,,,,6,1,0,1,0,1,0,0,0,,,,0,,,,,,,,,,,,,1,0,1,5,0,1,1,0,0,0,,,0,0,,0,0,0,0,5.00
Abstract Method,"org.apache.commons.math3.linear.FieldMatrix.copySubMatrix",,,,,,,,,,,,,,16,2,0,0,0,1,0,0,0,,,,0,,,,,,,,,,,,,2,0,2,14,0,1,1,0,0,0,,,0,0,,0,0,0,0,7.00
Abstract Method,"org.apache.commons.math3.linear.FieldMatrix.copySubMatrix",,,,,,,,,,,,,,13,1,0,0,0,1,0,0,0,,,,0,,,,,,,,,,,,,2,0,1,12,0,1,1,0,0,0,,,0,0,,0,0,0,0,12.00
Abstract Method,"org.apache.commons.math3.linear.FieldMatrix.createMatrix",,,,,,,,,,,,,,12,1,0,1,0,1,0,0,0,,,,0,,,,,,,,,,,,,0,0,1,11,0,1,1,0,0,0,,,0,0,,0,0,0,0,11.00
Abstract Method,"org.apache.commons.math3.linear.FieldMatrix.getColumn",,,,,,,,,,,,,,9,1,0,1,0,1,0,0,0,,,,0,,,,,,,,,,,,,10,0,1,8,0,1,1,0,0,0,,,0,0,,0,0,0,0,8.00
Abstract Method,"org.apache.commons.math3.linear.FieldMatrix.getColumnMatrix",,,,,,,,,,,,,,10,1,0,1,0,1,0,0,0,,,,0,,,,,,,,,,,,,6,0,1,9,0,1,1,0,0,0,,,0,0,,0,0,0,0,9.00
Abstract Method,"org.apache.commons.math3.linear.FieldMatrix.getColumnVector",,,,,,,,,,,,,,10,1,0,1,0,1,0,0,0,,,,0,,,,,,,,,,,,,9,0,1,9,0,1,1,0,0,0,,,0,0,,0,0,0,0,9.00
Abstract Method,"org.apache.commons.math3.linear.FieldMatrix.getData",,,,,,,,,,,,,,6,1,0,1,0,1,0,0,0,,,,0,,,,,,,,,,,,,5,0,1,5,0,1,1,0,0,0,,,0,0,,0,0,0,0,5.00
Abstract Method,"org.apache.commons.math3.linear.FieldMatrix.getEntry",,,,,,,,,,,,,,10,1,0,1,0,1,0,0,0,,,,0,,,,,,,,,,,,,40,0,1,9,0,1,1,0,0,0,,,0,0,,0,0,0,0,9.00
Abstract Method,"org.apache.commons.math3.linear.FieldMatrix.getField",,,,,,,,,,,,,,6,1,0,1,0,1,0,0,0,,,,0,,,,,,,,,,,,,2,0,1,5,0,1,1,0,0,0,,,0,0,,0,0,0,0,5.00
Abstract Method,"org.apache.commons.math3.linear.FieldMatrix.getRow",,,,,,,,,,,,,,9,1,0,1,0,1,0,0,0,,,,0,,,,,,,,,,,,,9,0,1,8,0,1,1,0,0,0,,,0,0,,0,0,0,0,8.00
Abstract Method,"org.apache.commons.math3.linear.FieldMatrix.getRowMatrix",,,,,,,,,,,,,,10,1,0,1,0,1,0,0,0,,,,0,,,,,,,,,,,,,8,0,1,9,0,1,1,0,0,0,,,0,0,,0,0,0,0,9.00
Abstract Method,"org.apache.commons.math3.linear.FieldMatrix.getRowVector",,,,,,,,,,,,,,10,1,0,1,0,1,0,0,0,,,,0,,,,,,,,,,,,,6,0,1,9,0,1,1,0,0,0,,,0,0,,0,0,0,0,9.00
Abstract Method,"org.apache.commons.math3.linear.FieldMatrix.getSubMatrix",,,,,,,,,,,,,,14,1,0,1,0,1,0,0,0,,,,0,,,,,,,,,,,,,5,0,1,13,0,1,1,0,0,0,,,0,0,,0,0,0,0,13.00
Abstract Method,"org.apache.commons.math3.linear.FieldMatrix.getSubMatrix",,,,,,,,,,,,,,12,1,0,1,0,1,0,0,0,,,,0,,,,,,,,,,,,,3,0,1,11,0,1,1,0,0,0,,,0,0,,0,0,0,0,11.00
Abstract Method,"org.apache.commons.math3.linear.FieldMatrix.getTrace",,,,,,,,,,,,,,9,1,0,1,0,1,0,0,0,,,,0,,,,,,,,,,,,,3,0,1,8,0,1,1,0,0,0,,,0,0,,0,0,0,0,8.00
Abstract Method,"org.apache.commons.math3.linear.FieldMatrix.multiply",,,,,,,,,,,,,,9,1,0,1,0,1,0,0,0,,,,0,,,,,,,,,,,,,14,0,1,8,0,1,1,0,0,0,,,0,0,,0,0,0,0,8.00
Abstract Method,"org.apache.commons.math3.linear.FieldMatrix.multiplyEntry",,,,,,,,,,,,,,12,1,0,0,0,1,0,0,0,,,,0,,,,,,,,,,,,,0,0,1,11,0,1,1,0,0,0,,,0,0,,0,0,0,0,11.00
Abstract Method,"org.apache.commons.math3.linear.FieldMatrix.operate",,,,,,,,,,,,,,8,1,0,1,0,1,0,0,0,,,,0,,,,,,,,,,,,,7,0,1,7,0,1,1,0,0,0,,,0,0,,0,0,0,0,7.00
Abstract Method,"org.apache.commons.math3.linear.FieldMatrix.operate",,,,,,,,,,,,,,8,1,0,1,0,1,0,0,0,,,,0,,,,,,,,,,,,,3,0,1,7,0,1,1,0,0,0,,,0,0,,0,0,0,0,7.00
Abstract Method,"org.apache.commons.math3.linear.FieldMatrix.power",,,,,,,,,,,,,,10,1,0,1,0,1,0,0,0,,,,0,,,,,,,,,,,,,2,0,1,9,0,1,1,0,0,0,,,0,0,,0,0,0,0,9.00
Abstract Method,"org.apache.commons.math3.linear.FieldMatrix.preMultiply",,,,,,,,,,,,,,10,1,0,1,0,1,0,0,0,,,,0,,,,,,,,,,,,,3,0,1,9,0,1,1,0,0,0,,,0,0,,0,0,0,0,9.00
Abstract Method,"org.apache.commons.math3.linear.FieldMatrix.preMultiply",,,,,,,,,,,,,,8,1,0,1,0,1,0,0,0,,,,0,,,,,,,,,,,,,4,0,1,7,0,1,1,0,0,0,,,0,0,,0,0,0,0,7.00
Abstract Method,"org.apache.commons.math3.linear.FieldMatrix.preMultiply",,,,,,,,,,,,,,8,1,0,1,0,1,0,0,0,,,,0,,,,,,,,,,,,,0,0,1,7,0,1,1,0,0,0,,,0,0,,0,0,0,0,7.00
Abstract Method,"org.apache.commons.math3.linear.FieldMatrix.scalarAdd",,,,,,,,,,,,,,7,1,0,1,0,1,0,0,0,,,,0,,,,,,,,,,,,,3,0,1,6,0,1,1,0,0,0,,,0,0,,0,0,0,0,6.00
Abstract Method,"org.apache.commons.math3.linear.FieldMatrix.scalarMultiply",,,,,,,,,,,,,,7,1,0,1,0,1,0,0,0,,,,0,,,,,,,,,,,,,0,0,1,6,0,1,1,0,0,0,,,0,0,,0,0,0,0,6.00
Abstract Method,"org.apache.commons.math3.linear.FieldMatrix.setColumn",,,,,,,,,,,,,,12,1,0,0,0,1,0,0,0,,,,0,,,,,,,,,,,,,3,0,1,11,0,1,1,0,0,0,,,0,0,,0,0,0,0,11.00
Abstract Method,"org.apache.commons.math3.linear.FieldMatrix.setColumnMatrix",,,,,,,,,,,,,,13,1,0,0,0,1,0,0,0,,,,0,,,,,,,,,,,,,3,0,1,12,0,1,1,0,0,0,,,0,0,,0,0,0,0,12.00
Abstract Method,"org.apache.commons.math3.linear.FieldMatrix.setColumnVector",,,,,,,,,,,,,,13,1,0,0,0,1,0,0,0,,,,0,,,,,,,,,,,,,3,0,1,12,0,1,1,0,0,0,,,0,0,,0,0,0,0,12.00
Abstract Method,"org.apache.commons.math3.linear.FieldMatrix.setEntry",,,,,,,,,,,,,,11,1,0,0,0,1,0,0,0,,,,0,,,,,,,,,,,,,22,0,1,10,0,1,1,0,0,0,,,0,0,,0,0,0,0,10.00
Abstract Method,"org.apache.commons.math3.linear.FieldMatrix.setRow",,,,,,,,,,,,,,13,1,0,0,0,1,0,0,0,,,,0,,,,,,,,,,,,,3,0,1,12,0,1,1,0,0,0,,,0,0,,0,0,0,0,12.00
Abstract Method,"org.apache.commons.math3.linear.FieldMatrix.setRowMatrix",,,,,,,,,,,,,,13,1,0,0,0,1,0,0,0,,,,0,,,,,,,,,,,,,3,0,1,12,0,1,1,0,0,0,,,0,0,,0,0,0,0,12.00
Abstract Method,"org.apache.commons.math3.linear.FieldMatrix.setRowVector",,,,,,,,,,,,,,13,1,0,0,0,1,0,0,0,,,,0,,,,,,,,,,,,,3,0,1,12,0,1,1,0,0,0,,,0,0,,0,0,0,0,12.00
Abstract Method,"org.apache.commons.math3.linear.FieldMatrix.setSubMatrix",,,,,,,,,,,,,,33,1,0,0,0,1,0,0,0,,,,0,,,,,,,,,,,,,1,0,1,32,0,1,1,0,0,0,,,0,0,,0,0,0,0,32.00
Abstract Method,"org.apache.commons.math3.linear.FieldMatrix.subtract",,,,,,,,,,,,,,9,1,0,1,0,1,0,0,0,,,,0,,,,,,,,,,,,,1,0,1,8,0,1,1,0,0,0,,,0,0,,0,0,0,0,8.00
Abstract Method,"org.apache.commons.math3.linear.FieldMatrix.transpose",,,,,,,,,,,,,,6,1,0,1,0,1,0,0,0,,,,0,,,,,,,,,,,,,5,0,1,5,0,1,1,0,0,0,,,0,0,,0,0,0,0,5.00
Abstract Method,"org.apache.commons.math3.linear.FieldMatrix.walkInColumnOrder",,,,,,,,,,,,,,21,1,0,1,0,1,0,0,0,,,,0,,,,,,,,,,,,,2,0,1,20,0,1,1,0,0,0,,,0,0,,0,0,0,0,20.00
Abstract Method,"org.apache.commons.math3.linear.FieldMatrix.walkInColumnOrder",,,,,,,,,,,,,,21,1,0,1,0,1,0,0,0,,,,0,,,,,,,,,,,,,2,0,1,20,0,1,1,0,0,0,,,0,0,,0,0,0,0,20.00
Abstract Method,"org.apache.commons.math3.linear.FieldMatrix.walkInColumnOrder",,,,,,,,,,,,,,28,2,0,1,0,1,0,0,0,,,,0,,,,,,,,,,,,,2,0,2,26,0,1,1,0,0,0,,,0,0,,0,0,0,0,13.00
Abstract Method,"org.apache.commons.math3.linear.FieldMatrix.walkInColumnOrder",,,,,,,,,,,,,,28,2,0,1,0,1,0,0,0,,,,0,,,,,,,,,,,,,2,0,2,26,0,1,1,0,0,0,,,0,0,,0,0,0,0,13.00
Abstract Method,"org.apache.commons.math3.linear.FieldMatrix.walkInOptimizedOrder",,,,,,,,,,,,,,20,1,0,1,0,1,0,0,0,,,,0,,,,,,,,,,,,,3,0,1,19,0,1,1,0,0,0,,,0,0,,0,0,0,0,19.00
Abstract Method,"org.apache.commons.math3.linear.FieldMatrix.walkInOptimizedOrder",,,,,,,,,,,,,,20,1,0,1,0,1,0,0,0,,,,0,,,,,,,,,,,,,4,0,1,19,0,1,1,0,0,0,,,0,0,,0,0,0,0,19.00
Abstract Method,"org.apache.commons.math3.linear.FieldMatrix.walkInOptimizedOrder",,,,,,,,,,,,,,27,2,0,1,0,1,0,0,0,,,,0,,,,,,,,,,,,,2,0,2,25,0,1,1,0,0,0,,,0,0,,0,0,0,0,12.50
Abstract Method,"org.apache.commons.math3.linear.FieldMatrix.walkInOptimizedOrder",,,,,,,,,,,,,,27,2,0,1,0,1,0,0,0,,,,0,,,,,,,,,,,,,2,0,2,25,0,1,1,0,0,0,,,0,0,,0,0,0,0,12.50
Abstract Method,"org.apache.commons.math3.linear.FieldMatrix.walkInRowOrder",,,,,,,,,,,,,,21,1,0,1,0,1,0,0,0,,,,0,,,,,,,,,,,,,2,0,1,20,0,1,1,0,0,0,,,0,0,,0,0,0,0,20.00
Abstract Method,"org.apache.commons.math3.linear.FieldMatrix.walkInRowOrder",,,,,,,,,,,,,,21,1,0,1,0,1,0,0,0,,,,0,,,,,,,,,,,,,2,0,1,20,0,1,1,0,0,0,,,0,0,,0,0,0,0,20.00
Abstract Method,"org.apache.commons.math3.linear.FieldMatrix.walkInRowOrder",,,,,,,,,,,,,,28,2,0,1,0,1,0,0,0,,,,0,,,,,,,,,,,,,2,0,2,26,0,1,1,0,0,0,,,0,0,,0,0,0,0,13.00
Abstract Method,"org.apache.commons.math3.linear.FieldMatrix.walkInRowOrder",,,,,,,,,,,,,,28,2,0,1,0,1,0,0,0,,,,0,,,,,,,,,,,,,2,0,2,26,0,1,1,0,0,0,,,0,0,,0,0,0,0,13.00
Public Generic Interface,"org.apache.commons.math3.linear.FieldMatrixChangingVisitor",0,0,0,0,0,,0,,3,3,3,0,0,30,6,0,,,4,,,,0,0,0,,0,0,0,0,0,1,0,,,0,3,0,,2,5,22,,3,4,0,,,0,0,,0,0,0,0,0,0,3.67
TypeVariable,"org.apache.commons.math3.linear.FieldMatrixChangingVisitor.T",0,0,0,0,0,,0,,0,0,0,0,0,0,0,0,,,0,,,,0,0,1,,0,0,0,0,2,0,0,,,0,0,0,,0,0,0,,0,0,0,,,0,0,,0,0,0,0,0,0,0.00
Abstract Method,"org.apache.commons.math3.linear.FieldMatrixChangingVisitor.end",,,,,,,,,,,,,,6,1,0,1,0,1,0,0,0,,,,0,,,,,,,,,,,,,12,0,1,5,0,1,1,0,0,0,,,0,0,,0,0,0,0,5.00
Abstract Method,"org.apache.commons.math3.linear.FieldMatrixChangingVisitor.start",,,,,,,,,,,,,,12,2,0,0,0,1,0,0,0,,,,0,,,,,,,,,,,,,12,0,2,10,0,1,1,0,0,0,,,0,0,,0,0,0,0,5.00
Abstract Method,"org.apache.commons.math3.linear.FieldMatrixChangingVisitor.visit",,,,,,,,,,,,,,8,1,0,1,0,1,0,0,0,,,,0,,,,,,,,,,,,,12,0,1,7,0,1,1,0,0,0,,,0,0,,0,0,0,0,7.00
Public Class,"org.apache.commons.math3.linear.FieldMatrixImplTest",3,1,0,1,23,,0,,46,46,0,7,37,1112,938,680,,,663,,,,10,1,1,,3,3,20,18,1,0,0,,,38,46,2,,84,270,91,,516,219,444,,,10,10,,3,94,151,151,46,151,0.10
Private Static Class,"org.apache.commons.math3.linear.FieldMatrixImplTest.GetVisitor",1,1,0,0,1,,0,,3,7,0,0,3,15,15,5,,,10,,,,1,1,2,,1,1,3,3,1,0,0,,,1,3,0,,0,6,0,,6,5,5,,,1,1,,0,0,3,3,3,3,0.00
Public Constructor,"org.apache.commons.math3.linear.FieldMatrixImplTest.GetVisitor.GetVisitor",,,,,,,,,,,,,,4,4,2,3,0,3,1,1,0,,,,0,,,,,,,,,,,,,2,0,1,0,1,2,1,2,1,1,,,0,0,,1,1,1,1,0.00
Public Method,"org.apache.commons.math3.linear.FieldMatrixImplTest.GetVisitor.getCount",,,,,,,,,,,,,,3,3,1,1,0,2,1,1,0,,,,0,,,,,,,,,,,,,2,0,1,0,1,1,1,1,1,1,,,0,0,,1,1,1,1,0.00
Public Method,"org.apache.commons.math3.linear.FieldMatrixImplTest.GetVisitor.visit",,,,,,,,,,,,,,4,4,2,3,0,3,1,1,0,,,,0,,,,,,,,,,,,,3,0,1,0,1,2,1,2,1,1,,,0,0,,1,1,1,1,0.00
Private Static Class,"org.apache.commons.math3.linear.FieldMatrixImplTest.SetVisitor",1,1,0,0,1,,0,,2,6,0,0,2,9,9,2,,,5,,,,1,1,2,,1,1,3,3,1,0,0,,,0,2,0,,0,4,0,,2,3,2,,,1,1,,0,0,2,2,2,2,0.00
Public Constructor,"org.apache.commons.math3.linear.FieldMatrixImplTest.SetVisitor.SetVisitor",,,,,,,,,,,,,,3,3,1,2,0,2,1,1,0,,,,0,,,,,,,,,,,,,2,0,1,0,1,1,1,1,1,1,,,0,0,,1,1,1,1,0.00
Public Method,"org.apache.commons.math3.linear.FieldMatrixImplTest.SetVisitor.visit",,,,,,,,,,,,,,3,3,1,2,0,2,1,1,0,,,,0,,,,,,,,,,,,,2,0,1,0,1,1,1,1,1,1,,,0,0,,1,1,1,1,0.00
Private Method,"org.apache.commons.math3.linear.FieldMatrixImplTest.checkArrays",,,,,,,,,,,,,,6,6,3,1,0,6,2,2,0,,,,0,,,,,,,,,,,,,7,0,1,0,2,4,2,4,2,1,,,0,1,,2,2,1,2,0.00
Private Method,"org.apache.commons.math3.linear.FieldMatrixImplTest.checkCopy",,,,,,,,,,,,,,26,26,18,4,1,13,9,9,7,,,,0,,,,,,,,,,,,,11,0,4,0,8,7,2,11,9,1,,,0,2,,9,9,1,9,0.00
Private Method,"org.apache.commons.math3.linear.FieldMatrixImplTest.checkCopy",,,,,,,,,,,,,,26,26,18,4,1,13,9,9,7,,,,0,,,,,,,,,,,,,9,0,4,0,8,7,2,11,9,1,,,0,2,,9,9,1,9,0.00
Private Method,"org.apache.commons.math3.linear.FieldMatrixImplTest.checkGetSubMatrix",,,,,,,,,,,,,,28,28,19,4,1,14,10,10,11,,,,0,,,,,,,,,,,,,11,0,3,0,10,7,2,12,10,1,,,0,2,,10,10,1,10,0.00
Private Method,"org.apache.commons.math3.linear.FieldMatrixImplTest.checkGetSubMatrix",,,,,,,,,,,,,,28,28,19,4,1,14,10,10,11,,,,0,,,,,,,,,,,,,9,0,3,0,10,7,2,12,10,1,,,0,2,,10,10,1,10,0.00
Private Method,"org.apache.commons.math3.linear.FieldMatrixImplTest.columnToArray",,,,,,,,,,,,,,7,7,4,1,0,7,2,2,0,,,,0,,,,,,,,,,,,,4,0,2,0,2,5,3,4,2,1,,,0,1,,2,2,1,2,0.00
Private Method,"org.apache.commons.math3.linear.FieldMatrixImplTest.columnToVector",,,,,,,,,,,,,,7,7,4,2,0,7,2,2,0,,,,0,,,,,,,,,,,,,4,0,2,0,2,5,3,4,2,1,,,0,1,,2,2,1,2,0.00
Protected Method,"org.apache.commons.math3.linear.FieldMatrixImplTest.permuteRows",,,,,,,,,,,,,,19,18,12,8,1,16,5,5,0,,,,0,,,,,,,,,,,,,3,0,4,1,12,11,6,10,5,1,,,0,2,,5,5,1,5,0.06
Protected Method,"org.apache.commons.math3.linear.FieldMatrixImplTest.splitLU",,,,,,,,,,,,,,35,34,22,8,2,26,10,10,2,,,,0,,,,,,,,,,,,,6,0,4,1,160,16,4,22,10,1,,,0,3,,10,10,1,10,0.03
Public Method,"org.apache.commons.math3.linear.FieldMatrixImplTest.testAdd",,,,,,,,,,,,,,12,11,7,6,0,12,3,3,0,,,,0,,,,,,,,,,,,,3,0,5,1,3,9,7,5,3,1,,,0,2,,3,3,1,3,0.09
Public Method,"org.apache.commons.math3.linear.FieldMatrixImplTest.testAddFail",,,,,,,,,,,,,,11,9,6,3,0,6,2,2,1,,,,0,,,,,,,,,,,,,2,0,3,2,2,4,3,3,2,1,,,0,1,,2,2,1,2,0.22
Public Method,"org.apache.commons.math3.linear.FieldMatrixImplTest.testCopyFunctions",,,,,,,,,,,,,,9,8,6,4,0,7,1,1,0,,,,0,,,,,,,,,,,,,1,0,5,1,1,6,5,2,1,1,,,0,0,,1,1,1,1,0.12
Public Method,"org.apache.commons.math3.linear.FieldMatrixImplTest.testCopySubMatrix",,,,,,,,,,,,,,19,18,16,3,0,17,1,1,0,,,,0,,,,,,,,,,,,,9,1,2,0,1,16,2,15,1,1,,,0,0,,1,1,1,1,0.00
Public Method,"org.apache.commons.math3.linear.FieldMatrixImplTest.testDimensions",,,,,,,,,,,,,,11,10,8,6,0,9,1,1,0,,,,0,,,,,,,,,,,,,2,0,3,1,1,8,3,6,1,1,,,0,0,,1,1,1,1,0.10
Public Method,"org.apache.commons.math3.linear.FieldMatrixImplTest.testEqualsAndHashCode",,,,,,,,,,,,,,12,12,10,8,0,11,1,1,0,,,,0,,,,,,,,,,,,,2,0,4,0,1,10,4,7,1,1,,,0,0,,1,1,1,1,0.00
Public Method,"org.apache.commons.math3.linear.FieldMatrixImplTest.testExamples",,,,,,,,,,,,,,49,41,30,15,0,19,1,1,0,,,,0,,,,,,,,,,,,,0,2,24,6,1,18,11,8,1,1,,,0,0,,1,1,1,1,0.15
Public Method,"org.apache.commons.math3.linear.FieldMatrixImplTest.testGetColumn",,,,,,,,,,,,,,19,17,13,5,1,12,3,3,2,,,,0,,,,,,,,,,,,,3,0,4,2,4,9,4,8,3,1,,,0,1,,3,3,1,3,0.12
Public Method,"org.apache.commons.math3.linear.FieldMatrixImplTest.testGetColumnMatrix",,,,,,,,,,,,,,21,19,15,4,1,12,3,3,2,,,,0,,,,,,,,,,,,,3,0,4,2,4,9,4,8,3,1,,,0,1,,3,3,1,3,0.11
Public Method,"org.apache.commons.math3.linear.FieldMatrixImplTest.testGetColumnVector",,,,,,,,,,,,,,19,17,13,5,1,12,3,3,2,,,,0,,,,,,,,,,,,,3,0,4,2,4,9,4,8,3,1,,,0,1,,3,3,1,3,0.12
Public Method,"org.apache.commons.math3.linear.FieldMatrixImplTest.testGetEntry",,,,,,,,,,,,,,10,9,6,5,0,6,2,2,1,,,,0,,,,,,,,,,,,,1,0,2,1,2,4,2,4,2,1,,,0,1,,2,2,1,2,0.11
Public Method,"org.apache.commons.math3.linear.FieldMatrixImplTest.testGetRow",,,,,,,,,,,,,,17,15,11,4,1,10,3,3,2,,,,0,,,,,,,,,,,,,3,0,2,2,4,7,2,8,3,1,,,0,1,,3,3,1,3,0.13
Public Method,"org.apache.commons.math3.linear.FieldMatrixImplTest.testGetRowMatrix",,,,,,,,,,,,,,21,19,15,4,1,12,3,3,2,,,,0,,,,,,,,,,,,,3,0,4,2,4,9,4,8,3,1,,,0,1,,3,3,1,3,0.11
Public Method,"org.apache.commons.math3.linear.FieldMatrixImplTest.testGetRowVector",,,,,,,,,,,,,,19,17,13,5,1,12,3,3,2,,,,0,,,,,,,,,,,,,3,0,4,2,4,9,4,8,3,1,,,0,1,,3,3,1,3,0.12
Public Method,"org.apache.commons.math3.linear.FieldMatrixImplTest.testGetSubMatrix",,,,,,,,,,,,,,18,18,16,3,0,17,1,1,0,,,,0,,,,,,,,,,,,,9,0,2,0,1,16,2,15,1,1,,,0,0,,1,1,1,1,0.00
Public Method,"org.apache.commons.math3.linear.FieldMatrixImplTest.testGetVectors",,,,,,,,,,,,,,17,15,11,5,1,10,3,3,2,,,,0,,,,,,,,,,,,,3,0,2,2,4,7,2,8,3,1,,,0,1,,3,3,1,3,0.13
Public Method,"org.apache.commons.math3.linear.FieldMatrixImplTest.testMath209",,,,,,,,,,,,,,11,10,8,5,0,7,1,1,0,,,,0,,,,,,,,,,,,,1,0,4,1,1,6,3,4,1,1,,,0,0,,1,1,1,1,0.10
Public Method,"org.apache.commons.math3.linear.FieldMatrixImplTest.testMultiply",,,,,,,,,,,,,,18,16,13,4,0,13,2,2,1,,,,0,,,,,,,,,,,,,5,0,5,2,2,11,5,8,2,1,,,0,1,,2,2,1,2,0.12
Public Method,"org.apache.commons.math3.linear.FieldMatrixImplTest.testMultiply2",,,,,,,,,,,,,,6,6,4,3,0,5,1,1,0,,,,0,,,,,,,,,,,,,3,0,4,0,1,4,4,1,1,1,,,0,0,,1,1,1,1,0.00
Public Method,"org.apache.commons.math3.linear.FieldMatrixImplTest.testOperate",,,,,,,,,,,,,,13,11,8,7,0,8,2,2,1,,,,0,,,,,,,,,,,,,3,0,2,2,2,6,2,6,2,1,,,0,1,,2,2,1,2,0.18
Public Method,"org.apache.commons.math3.linear.FieldMatrixImplTest.testPlusMinus",,,,,,,,,,,,,,12,10,7,7,0,7,2,2,1,,,,0,,,,,,,,,,,,,3,0,3,2,2,5,3,4,2,1,,,0,1,,2,2,1,2,0.20
Public Method,"org.apache.commons.math3.linear.FieldMatrixImplTest.testPower",,,,,,,,,,,,,,44,34,29,6,1,30,4,4,2,,,,0,,,,,,,,,,,,,5,7,9,3,8,26,10,20,4,1,,,0,1,,4,4,1,4,0.09
Public Method,"org.apache.commons.math3.linear.FieldMatrixImplTest.testPremultiply",,,,,,,,,,,,,,20,18,15,5,0,15,2,2,1,,,,0,,,,,,,,,,,,,7,1,7,1,2,13,7,8,2,1,,,0,1,,2,2,1,2,0.06
Public Method,"org.apache.commons.math3.linear.FieldMatrixImplTest.testPremultiplyVector",,,,,,,,,,,,,,14,12,9,6,0,8,2,2,1,,,,0,,,,,,,,,,,,,4,0,2,2,2,6,2,6,2,1,,,0,1,,2,2,1,2,0.17
Public Method,"org.apache.commons.math3.linear.FieldMatrixImplTest.testScalarAdd",,,,,,,,,,,,,,5,4,2,4,0,3,1,1,0,,,,0,,,,,,,,,,,,,2,0,2,1,1,2,2,1,1,1,,,0,0,,1,1,1,1,0.25
Public Method,"org.apache.commons.math3.linear.FieldMatrixImplTest.testSerial",,,,,,,,,,,,,,4,4,2,3,0,3,1,1,0,,,,0,,,,,,,,,,,,,1,0,2,0,1,2,2,1,1,1,,,0,0,,1,1,1,1,0.00
Public Method,"org.apache.commons.math3.linear.FieldMatrixImplTest.testSetColumn",,,,,,,,,,,,,,19,17,13,7,1,12,3,3,2,,,,0,,,,,,,,,,,,,2,0,3,2,4,9,3,9,3,1,,,0,1,,3,3,1,3,0.12
Public Method,"org.apache.commons.math3.linear.FieldMatrixImplTest.testSetColumnMatrix",,,,,,,,,,,,,,19,17,13,6,1,12,3,3,2,,,,0,,,,,,,,,,,,,2,0,3,2,4,9,3,9,3,1,,,0,1,,3,3,1,3,0.12
Public Method,"org.apache.commons.math3.linear.FieldMatrixImplTest.testSetColumnVector",,,,,,,,,,,,,,19,17,13,9,1,12,3,3,2,,,,0,,,,,,,,,,,,,2,0,3,2,4,9,3,9,3,1,,,0,1,,3,3,1,3,0.12
Public Method,"org.apache.commons.math3.linear.FieldMatrixImplTest.testSetRow",,,,,,,,,,,,,,18,16,12,6,1,11,3,3,2,,,,0,,,,,,,,,,,,,2,0,2,2,4,8,2,9,3,1,,,0,1,,3,3,1,3,0.12
Public Method,"org.apache.commons.math3.linear.FieldMatrixImplTest.testSetRowMatrix",,,,,,,,,,,,,,19,17,13,6,1,12,3,3,2,,,,0,,,,,,,,,,,,,2,0,3,2,4,9,3,9,3,1,,,0,1,,3,3,1,3,0.12
Public Method,"org.apache.commons.math3.linear.FieldMatrixImplTest.testSetRowVector",,,,,,,,,,,,,,19,17,13,10,1,12,3,3,2,,,,0,,,,,,,,,,,,,2,0,3,2,4,9,3,9,3,1,,,0,1,,3,3,1,3,0.12
Public Method,"org.apache.commons.math3.linear.FieldMatrixImplTest.testSetSubMatrix",,,,,,,,,,,,,,88,68,58,7,2,36,9,9,8,,,,0,,,,,,,,,,,,,3,7,5,13,256,27,4,32,9,1,,,0,1,,9,9,1,9,0.19
Public Method,"org.apache.commons.math3.linear.FieldMatrixImplTest.testToString",,,,,,,,,,,,,,6,6,4,5,0,5,1,1,0,,,,0,,,,,,,,,,,,,1,0,2,0,1,4,2,3,1,1,,,0,0,,1,1,1,1,0.00
Public Method,"org.apache.commons.math3.linear.FieldMatrixImplTest.testTrace",,,,,,,,,,,,,,12,10,7,5,0,7,2,2,1,,,,0,,,,,,,,,,,,,2,0,2,2,2,5,2,5,2,1,,,0,1,,2,2,1,2,0.20
Public Method,"org.apache.commons.math3.linear.FieldMatrixImplTest.testTranspose",,,,,,,,,,,,,,10,9,7,6,0,8,1,1,0,,,,0,,,,,,,,,,,,,3,0,5,1,1,7,5,3,1,1,,,0,0,,1,1,1,1,0.11
Public Method,"org.apache.commons.math3.linear.FieldMatrixImplTest.testWalk",,,,,,,,,,,,,,85,77,66,20,2,83,9,9,0,,,,0,,,,,,,,,,,,,0,8,6,0,256,74,13,70,9,1,,,0,1,,9,9,1,9,0.00
Public Generic Interface,"org.apache.commons.math3.linear.FieldMatrixPreservingVisitor",0,0,0,0,0,,0,,3,3,3,0,0,29,6,0,,,4,,,,0,0,0,,0,0,0,0,0,1,0,,,0,3,0,,2,5,21,,3,4,0,,,0,0,,0,0,0,0,0,0,3.50
TypeVariable,"org.apache.commons.math3.linear.FieldMatrixPreservingVisitor.T",0,0,0,0,0,,0,,0,0,0,0,0,0,0,0,,,0,,,,0,0,1,,0,0,0,0,2,0,0,,,0,0,0,,0,0,0,,0,0,0,,,0,0,,0,0,0,0,0,0,0.00
Abstract Method,"org.apache.commons.math3.linear.FieldMatrixPreservingVisitor.end",,,,,,,,,,,,,,6,1,0,1,0,1,0,0,0,,,,0,,,,,,,,,,,,,12,0,1,5,0,1,1,0,0,0,,,0,0,,0,0,0,0,5.00
Abstract Method,"org.apache.commons.math3.linear.FieldMatrixPreservingVisitor.start",,,,,,,,,,,,,,12,2,0,0,0,1,0,0,0,,,,0,,,,,,,,,,,,,12,0,2,10,0,1,1,0,0,0,,,0,0,,0,0,0,0,5.00
Abstract Method,"org.apache.commons.math3.linear.FieldMatrixPreservingVisitor.visit",,,,,,,,,,,,,,7,1,0,0,0,1,0,0,0,,,,0,,,,,,,,,,,,,12,0,1,6,0,1,1,0,0,0,,,0,0,,0,0,0,0,6.00
Public Generic Interface,"org.apache.commons.math3.linear.FieldVector",0,0,0,0,2,,0,,29,29,29,0,0,226,35,0,,,30,,,,0,0,0,,0,0,0,0,0,3,0,,,0,29,0,,30,34,161,,29,30,0,,,0,0,,0,0,0,0,0,0,4.60
TypeVariable,"org.apache.commons.math3.linear.FieldVector.T",0,0,0,0,0,,0,,0,0,0,0,0,0,0,0,,,0,,,,0,0,1,,0,0,0,0,2,0,0,,,0,0,0,,0,0,0,,0,0,0,,,0,0,,0,0,0,0,0,0,0.00
Abstract Method,"org.apache.commons.math3.linear.FieldVector.add",,,,,,,,,,,,,,8,2,0,1,0,1,0,0,0,,,,0,,,,,,,,,,,,,0,0,2,6,0,1,1,0,0,0,,,0,0,,0,0,0,0,3.00
Abstract Method,"org.apache.commons.math3.linear.FieldVector.append",,,,,,,,,,,,,,6,1,0,1,0,1,0,0,0,,,,0,,,,,,,,,,,,,0,0,1,5,0,1,1,0,0,0,,,0,0,,0,0,0,0,5.00
Abstract Method,"org.apache.commons.math3.linear.FieldVector.append",,,,,,,,,,,,,,6,1,0,1,0,1,0,0,0,,,,0,,,,,,,,,,,,,0,0,1,5,0,1,1,0,0,0,,,0,0,,0,0,0,0,5.00
Abstract Method,"org.apache.commons.math3.linear.FieldVector.copy",,,,,,,,,,,,,,5,1,0,1,0,1,0,0,0,,,,0,,,,,,,,,,,,,0,0,1,4,0,1,1,0,0,0,,,0,0,,0,0,0,0,4.00
Abstract Method,"org.apache.commons.math3.linear.FieldVector.dotProduct",,,,,,,,,,,,,,8,2,0,1,0,1,0,0,0,,,,0,,,,,,,,,,,,,2,0,2,6,0,1,1,0,0,0,,,0,0,,0,0,0,0,3.00
Abstract Method,"org.apache.commons.math3.linear.FieldVector.ebeDivide",,,,,,,,,,,,,,7,1,0,1,0,1,0,0,0,,,,0,,,,,,,,,,,,,0,0,1,6,0,1,1,0,0,0,,,0,0,,0,0,0,0,6.00
Abstract Method,"org.apache.commons.math3.linear.FieldVector.ebeMultiply",,,,,,,,,,,,,,7,1,0,1,0,1,0,0,0,,,,0,,,,,,,,,,,,,0,0,1,6,0,1,1,0,0,0,,,0,0,,0,0,0,0,6.00
Abstract Method,"org.apache.commons.math3.linear.FieldVector.getData",,,,,,,,,,,,,,5,1,0,1,0,1,0,0,0,,,,0,,,,,,,,,,,,,8,0,1,4,0,1,1,0,0,0,,,0,0,,0,0,0,0,4.00
Abstract Method,"org.apache.commons.math3.linear.FieldVector.getDimension",,,,,,,,,,,,,,5,1,0,1,0,1,0,0,0,,,,0,,,,,,,,,,,,,22,0,1,4,0,1,1,0,0,0,,,0,0,,0,0,0,0,4.00
Abstract Method,"org.apache.commons.math3.linear.FieldVector.getEntry",,,,,,,,,,,,,,10,1,0,1,0,1,0,0,0,,,,0,,,,,,,,,,,,,26,0,1,9,0,1,1,0,0,0,,,0,0,,0,0,0,0,9.00
Abstract Method,"org.apache.commons.math3.linear.FieldVector.getField",,,,,,,,,,,,,,5,1,0,1,0,1,0,0,0,,,,0,,,,,,,,,,,,,1,0,1,4,0,1,1,0,0,0,,,0,0,,0,0,0,0,4.00
Abstract Method,"org.apache.commons.math3.linear.FieldVector.getSubVector",,,,,,,,,,,,,,9,1,0,1,0,1,0,0,0,,,,0,,,,,,,,,,,,,0,0,1,8,0,1,1,0,0,0,,,0,0,,0,0,0,0,8.00
Abstract Method,"org.apache.commons.math3.linear.FieldVector.mapAdd",,,,,,,,,,,,,,6,1,0,1,0,1,0,0,0,,,,0,,,,,,,,,,,,,0,0,1,5,0,1,1,0,0,0,,,0,0,,0,0,0,0,5.00
Abstract Method,"org.apache.commons.math3.linear.FieldVector.mapAddToSelf",,,,,,,,,,,,,,7,1,0,1,0,1,0,0,0,,,,0,,,,,,,,,,,,,3,0,1,6,0,1,1,0,0,0,,,0,0,,0,0,0,0,6.00
Abstract Method,"org.apache.commons.math3.linear.FieldVector.mapDivide",,,,,,,,,,,,,,6,1,0,1,0,1,0,0,0,,,,0,,,,,,,,,,,,,0,0,1,5,0,1,1,0,0,0,,,0,0,,0,0,0,0,5.00
Abstract Method,"org.apache.commons.math3.linear.FieldVector.mapDivideToSelf",,,,,,,,,,,,,,7,1,0,1,0,1,0,0,0,,,,0,,,,,,,,,,,,,3,0,1,6,0,1,1,0,0,0,,,0,0,,0,0,0,0,6.00
Abstract Method,"org.apache.commons.math3.linear.FieldVector.mapInv",,,,,,,,,,,,,,5,1,0,1,0,1,0,0,0,,,,0,,,,,,,,,,,,,0,0,1,4,0,1,1,0,0,0,,,0,0,,0,0,0,0,4.00
Abstract Method,"org.apache.commons.math3.linear.FieldVector.mapInvToSelf",,,,,,,,,,,,,,6,1,0,1,0,1,0,0,0,,,,0,,,,,,,,,,,,,3,0,1,5,0,1,1,0,0,0,,,0,0,,0,0,0,0,5.00
Abstract Method,"org.apache.commons.math3.linear.FieldVector.mapMultiply",,,,,,,,,,,,,,6,1,0,1,0,1,0,0,0,,,,0,,,,,,,,,,,,,2,0,1,5,0,1,1,0,0,0,,,0,0,,0,0,0,0,5.00
Abstract Method,"org.apache.commons.math3.linear.FieldVector.mapMultiplyToSelf",,,,,,,,,,,,,,7,1,0,1,0,1,0,0,0,,,,0,,,,,,,,,,,,,3,0,1,6,0,1,1,0,0,0,,,0,0,,0,0,0,0,6.00
Abstract Method,"org.apache.commons.math3.linear.FieldVector.mapSubtract",,,,,,,,,,,,,,6,1,0,1,0,1,0,0,0,,,,0,,,,,,,,,,,,,0,0,1,5,0,1,1,0,0,0,,,0,0,,0,0,0,0,5.00
Abstract Method,"org.apache.commons.math3.linear.FieldVector.mapSubtractToSelf",,,,,,,,,,,,,,7,1,0,1,0,1,0,0,0,,,,0,,,,,,,,,,,,,3,0,1,6,0,1,1,0,0,0,,,0,0,,0,0,0,0,6.00
Abstract Method,"org.apache.commons.math3.linear.FieldVector.outerProduct",,,,,,,,,,,,,,6,1,0,1,0,1,0,0,0,,,,0,,,,,,,,,,,,,0,0,1,5,0,1,1,0,0,0,,,0,0,,0,0,0,0,5.00
Abstract Method,"org.apache.commons.math3.linear.FieldVector.projection",,,,,,,,,,,,,,7,2,0,1,0,1,0,0,0,,,,0,,,,,,,,,,,,,0,0,2,5,0,1,1,0,0,0,,,0,0,,0,0,0,0,2.50
Abstract Method,"org.apache.commons.math3.linear.FieldVector.set",,,,,,,,,,,,,,5,1,0,0,0,1,0,0,0,,,,0,,,,,,,,,,,,,0,0,1,4,0,1,1,0,0,0,,,0,0,,0,0,0,0,4.00
Abstract Method,"org.apache.commons.math3.linear.FieldVector.setEntry",,,,,,,,,,,,,,9,1,0,0,0,1,0,0,0,,,,0,,,,,,,,,,,,,2,0,1,8,0,1,1,0,0,0,,,0,0,,0,0,0,0,8.00
Abstract Method,"org.apache.commons.math3.linear.FieldVector.setSubVector",,,,,,,,,,,,,,8,1,0,0,0,1,0,0,0,,,,0,,,,,,,,,,,,,0,0,1,7,0,1,1,0,0,0,,,0,0,,0,0,0,0,7.00
Abstract Method,"org.apache.commons.math3.linear.FieldVector.subtract",,,,,,,,,,,,,,8,2,0,1,0,1,0,0,0,,,,0,,,,,,,,,,,,,0,0,2,6,0,1,1,0,0,0,,,0,0,,0,0,0,0,3.00
Abstract Method,"org.apache.commons.math3.linear.FieldVector.toArray",,,,,,,,,,,,,,7,1,0,1,0,1,0,0,0,,,,0,,,,,,,,,,,,,4,0,1,6,0,1,1,0,0,0,,,0,0,,0,0,0,0,6.00
Public Class,"org.apache.commons.math3.linear.FrenchRealVectorFormatTest",1,1,0,0,0,,0,,2,35,0,0,0,12,10,2,,,5,,,,1,1,2,,1,1,3,3,1,0,0,,,0,2,2,,2,5,0,,2,3,2,,,1,1,,0,0,2,2,2,2,0.00
Protected Method,"org.apache.commons.math3.linear.FrenchRealVectorFormatTest.getDecimalCharacter",,,,,,,,,,,,,,3,3,1,1,0,2,1,1,0,,,,0,,,,,,,,,,,,,0,0,1,0,1,1,1,1,1,1,,,0,0,,1,1,1,1,0.00
Protected Method,"org.apache.commons.math3.linear.FrenchRealVectorFormatTest.getLocale",,,,,,,,,,,,,,3,3,1,1,0,2,1,1,0,,,,0,,,,,,,,,,,,,1,0,1,0,1,1,1,1,1,1,,,0,0,,1,1,1,1,0.00
Class,"org.apache.commons.math3.linear.HessenbergTransformer",5,1,3,7,6,,0,,6,6,1,1,4,211,118,74,,,121,,,,12,1,1,,5,5,29,18,1,0,0,,,5,6,0,,25,26,68,,89,44,77,,,12,12,,5,53,33,33,6,33,0.58
Public Constructor,"org.apache.commons.math3.linear.HessenbergTransformer.HessenbergTransformer",,,,,,,,,,,,,,22,13,10,12,0,10,2,2,0,,,,0,,,,,,,,,,,,,8,2,2,7,2,8,2,8,2,1,,,0,1,,2,2,1,2,0.54
Public Method,"org.apache.commons.math3.linear.HessenbergTransformer.getH",,,,,,,,,,,,,,26,16,10,3,1,15,5,5,0,,,,0,,,,,,,,,,,,,7,2,3,8,6,10,5,10,5,1,,,0,3,,5,5,1,5,0.50
Method,"org.apache.commons.math3.linear.HessenbergTransformer.getHouseholderVectorsRef",,,,,,,,,,,,,,10,3,1,1,0,2,1,1,0,,,,0,,,,,,,,,,,,,1,0,1,7,1,1,1,1,1,1,,,0,0,,1,1,1,1,2.33
Public Method,"org.apache.commons.math3.linear.HessenbergTransformer.getP",,,,,,,,,,,,,,45,31,20,4,2,35,11,11,0,,,,0,,,,,,,,,,,,,9,7,5,7,37,25,12,23,11,1,,,0,5,,11,11,1,11,0.23
Public Method,"org.apache.commons.math3.linear.HessenbergTransformer.getPT",,,,,,,,,,,,,,14,6,3,4,0,4,2,2,0,,,,0,,,,,,,,,,,,,3,1,1,7,2,2,1,3,2,1,,,0,1,,2,2,1,2,1.17
Private Method,"org.apache.commons.math3.linear.HessenbergTransformer.transform",,,,,,,,,,,,,,57,42,30,5,2,49,12,12,0,,,,0,,,,,,,,,,,,,4,7,8,8,103,38,17,32,12,1,,,0,4,,12,12,1,12,0.19
Public Class,"org.apache.commons.math3.linear.HessenbergTransformerTest",1,1,0,0,5,,0,,11,11,0,4,7,138,115,73,,,55,,,,4,1,1,,1,1,8,8,1,0,0,,,3,11,0,,19,50,4,,39,29,26,,,4,4,,3,66,15,15,11,15,0.03
Private Method,"org.apache.commons.math3.linear.HessenbergTransformerTest.checkAEqualPHPt",,,,,,,,,,,,,,8,8,6,8,0,7,1,1,0,,,,0,,,,,,,,,,,,,2,0,6,0,1,6,6,1,1,1,,,0,0,,1,1,1,1,0.00
Private Method,"org.apache.commons.math3.linear.HessenbergTransformerTest.checkHessenbergForm",,,,,,,,,,,,,,11,11,6,4,1,11,4,4,0,,,,0,,,,,,,,,,,,,2,0,3,0,4,7,5,6,4,1,,,0,3,,4,4,1,4,0.00
Private Method,"org.apache.commons.math3.linear.HessenbergTransformerTest.checkMatricesValues",,,,,,,,,,,,,,16,10,7,8,0,8,1,1,0,,,,0,,,,,,,,,,,,,5,4,5,2,1,7,4,4,1,1,,,0,0,,1,1,1,1,0.20
Private Method,"org.apache.commons.math3.linear.HessenbergTransformerTest.checkOrthogonal",,,,,,,,,,,,,,5,5,3,7,0,4,1,1,0,,,,0,,,,,,,,,,,,,3,0,3,0,1,3,3,1,1,1,,,0,0,,1,1,1,1,0.00
Public Method,"org.apache.commons.math3.linear.HessenbergTransformerTest.testAEqualPHPt",,,,,,,,,,,,,,5,5,3,2,0,4,1,1,0,,,,0,,,,,,,,,,,,,3,0,1,0,1,3,1,3,1,1,,,0,0,,1,1,1,1,0.00
Public Method,"org.apache.commons.math3.linear.HessenbergTransformerTest.testHessenbergForm",,,,,,,,,,,,,,4,4,2,4,0,3,1,1,0,,,,0,,,,,,,,,,,,,2,0,1,0,1,2,1,2,1,1,,,0,0,,1,1,1,1,0.00
Public Method,"org.apache.commons.math3.linear.HessenbergTransformerTest.testMatricesValues3",,,,,,,,,,,,,,13,13,11,1,0,2,1,1,0,,,,0,,,,,,,,,,,,,1,0,1,0,1,1,1,1,1,1,,,0,0,,1,1,1,1,0.00
Public Method,"org.apache.commons.math3.linear.HessenbergTransformerTest.testMatricesValues5",,,,,,,,,,,,,,17,17,15,1,0,2,1,1,0,,,,0,,,,,,,,,,,,,1,0,1,0,1,1,1,1,1,1,,,0,0,,1,1,1,1,0.00
Public Method,"org.apache.commons.math3.linear.HessenbergTransformerTest.testNonSquare",,,,,,,,,,,,,,8,7,4,3,0,4,2,2,1,,,,0,,,,,,,,,,,,,0,0,1,1,2,2,1,3,2,1,,,0,1,,2,2,1,2,0.14
Public Method,"org.apache.commons.math3.linear.HessenbergTransformerTest.testPOrthogonal",,,,,,,,,,,,,,4,4,2,4,0,3,1,1,0,,,,0,,,,,,,,,,,,,2,0,1,0,1,2,1,2,1,1,,,0,0,,1,1,1,1,0.00
Public Method,"org.apache.commons.math3.linear.HessenbergTransformerTest.testPTOrthogonal",,,,,,,,,,,,,,4,4,2,4,0,3,1,1,0,,,,0,,,,,,,,,,,,,2,0,1,0,1,2,1,2,1,1,,,0,0,,1,1,1,1,0.00
Public Class,"org.apache.commons.math3.linear.HilbertMatrix",2,1,0,2,3,,0,,4,9,0,0,4,55,37,18,,,27,,,,5,1,2,,2,2,10,7,1,0,0,,,1,4,0,,5,15,13,,18,13,14,,,5,5,,3,0,8,8,4,8,0.35
Public Constructor,"org.apache.commons.math3.linear.HilbertMatrix.HilbertMatrix",,,,,,,,,,,,,,8,3,1,2,0,2,1,1,0,,,,0,,,,,,,,,,,,,17,0,1,5,1,1,1,1,1,1,,,0,0,,1,1,1,1,1.67
Public Method,"org.apache.commons.math3.linear.HilbertMatrix.getColumnDimension",,,,,,,,,,,,,,4,3,1,1,0,2,1,1,0,,,,0,,,,,,,,,,,,,1,0,1,1,1,1,1,1,1,1,,,0,0,,1,1,1,1,0.33
Public Method,"org.apache.commons.math3.linear.HilbertMatrix.getRowDimension",,,,,,,,,,,,,,4,3,1,1,0,2,1,1,0,,,,0,,,,,,,,,,,,,1,0,1,1,1,1,1,1,1,1,,,0,0,,1,1,1,1,0.33
Public Method,"org.apache.commons.math3.linear.HilbertMatrix.operate",,,,,,,,,,,,,,25,21,15,5,1,19,5,5,1,,,,0,,,,,,,,,,,,,2,0,6,4,8,14,8,11,5,1,,,0,3,,5,5,1,5,0.19
Public Class,"org.apache.commons.math3.linear.IllConditionedOperatorException",1,1,0,6,1,,1,,1,5,0,0,1,22,7,2,,,4,,,,1,1,3,,1,1,9,3,1,0,0,,,0,1,0,,1,4,14,,2,3,1,,,1,1,,0,100,1,1,1,1,2.00
Public Constructor,"org.apache.commons.math3.linear.IllConditionedOperatorException.IllConditionedOperatorException",,,,,,,,,,,,,,9,3,1,2,0,2,1,1,0,,,,0,,,,,,,,,,,,,3,0,1,6,1,1,1,1,1,1,,,0,0,,1,1,1,1,2.00
Public Class,"org.apache.commons.math3.linear.InverseHilbertMatrix",2,1,0,3,4,,0,,5,10,0,0,5,79,49,28,,,38,,,,5,1,2,,2,2,12,8,1,0,0,,,1,5,0,,6,19,24,,28,17,21,,,5,5,,3,0,10,10,5,10,0.49
Public Constructor,"org.apache.commons.math3.linear.InverseHilbertMatrix.InverseHilbertMatrix",,,,,,,,,,,,,,8,3,1,2,0,2,1,1,0,,,,0,,,,,,,,,,,,,9,0,1,5,1,1,1,1,1,1,,,0,0,,1,1,1,1,1.67
Public Method,"org.apache.commons.math3.linear.InverseHilbertMatrix.getColumnDimension",,,,,,,,,,,,,,4,3,1,1,0,2,1,1,0,,,,0,,,,,,,,,,,,,1,0,1,1,1,1,1,1,1,1,,,0,0,,1,1,1,1,0.33
Public Method,"org.apache.commons.math3.linear.InverseHilbertMatrix.getEntry",,,,,,,,,,,,,,19,11,9,3,0,10,2,2,0,,,,0,,,,,,,,,,,,,12,0,3,8,1,9,3,7,2,1,,,0,0,,2,2,1,2,0.73
Public Method,"org.apache.commons.math3.linear.InverseHilbertMatrix.getRowDimension",,,,,,,,,,,,,,4,3,1,1,0,2,1,1,0,,,,0,,,,,,,,,,,,,1,0,1,1,1,1,1,1,1,1,,,0,0,,1,1,1,1,0.33
Public Method,"org.apache.commons.math3.linear.InverseHilbertMatrix.operate",,,,,,,,,,,,,,26,22,16,6,1,20,5,5,1,,,,0,,,,,,,,,,,,,2,0,7,4,8,15,9,11,5,1,,,0,3,,5,5,1,5,0.18
Public Abstract Class,"org.apache.commons.math3.linear.IterativeLinearSolver",1,1,0,10,9,,0,,6,7,0,0,6,150,51,22,,,28,,,,4,1,1,,1,1,18,7,1,1,1,,,1,7,1,,8,20,91,,18,10,18,,,4,4,,1,50,9,9,6,9,1.78
Public Constructor,"org.apache.commons.math3.linear.IterativeLinearSolver.IterativeLinearSolver",,,,,,,,,,,,,,8,3,1,3,0,2,1,1,0,,,,0,,,,,,,,,,,,,2,0,1,5,1,1,1,1,1,1,,,0,0,,1,1,1,1,1.67
Public Constructor,"org.apache.commons.math3.linear.IterativeLinearSolver.IterativeLinearSolver",,,,,,,,,,,,,,11,5,2,3,0,3,1,1,0,,,,0,,,,,,,,,,,,,2,0,2,6,1,2,1,2,1,1,,,0,0,,1,1,1,1,1.20
Protected Static Method,"org.apache.commons.math3.linear.IterativeLinearSolver.checkParameters",,,,,,,,,,,,,,34,20,12,6,1,10,4,4,0,,,,0,,,,,,,,,,,,,4,0,4,14,8,6,1,9,4,1,,,0,1,,4,4,1,4,0.70
Public Method,"org.apache.commons.math3.linear.IterativeLinearSolver.getIterationManager",,,,,,,,,,,,,,8,3,1,1,0,2,1,1,0,,,,0,,,,,,,,,,,,,14,0,1,5,1,1,1,1,1,1,,,0,0,,1,1,1,1,1.67
Public Method,"org.apache.commons.math3.linear.IterativeLinearSolver.solve",,,,,,,,,,,,,,23,6,2,4,0,3,1,1,0,,,,0,,,,,,,,,,,,,11,0,3,17,1,2,1,2,1,1,,,0,0,,1,1,1,1,2.83
Public Method,"org.apache.commons.math3.linear.IterativeLinearSolver.solve",,,,,,,,,,,,,,24,8,4,6,0,5,1,1,0,,,,0,,,,,,,,,,,,,11,0,4,16,1,4,2,3,1,1,,,0,0,,1,1,1,1,2.00
Public Abstract Method,"org.apache.commons.math3.linear.IterativeLinearSolver.solveInPlace",,,,,,,,,,,,,,21,3,0,1,0,1,0,0,0,,,,0,,,,,,,,,,,,,4,0,3,18,0,1,1,0,0,0,,,0,0,,0,0,0,0,6.00
Public Abstract Class,"org.apache.commons.math3.linear.IterativeLinearSolverEvent",1,1,0,11,2,,1,,6,8,0,0,6,95,16,4,,,11,,,,1,1,3,,1,1,14,3,1,1,0,,,0,6,0,,6,9,73,,7,8,3,,,1,1,,0,100,3,3,3,3,4.56
Public Constructor,"org.apache.commons.math3.linear.IterativeLinearSolverEvent.IterativeLinearSolverEvent",,,,,,,,,,,,,,11,3,1,2,0,2,1,1,0,,,,0,,,,,,,,,,,,,4,0,1,8,1,1,1,1,1,1,,,0,0,,1,1,1,1,2.67
Public Abstract Method,"org.apache.commons.math3.linear.IterativeLinearSolverEvent.getNormOfResidual",,,,,,,,,,,,,,16,1,0,1,0,1,0,0,0,,,,0,,,,,,,,,,,,,4,0,1,15,0,1,1,0,0,0,,,0,0,,0,0,0,0,15.00
Public Method,"org.apache.commons.math3.linear.IterativeLinearSolverEvent.getResidual",,,,,,,,,,,,,,22,3,1,2,0,2,1,1,0,,,,0,,,,,,,,,,,,,3,0,1,19,1,1,1,1,1,1,,,0,0,,1,1,1,1,6.33
Public Abstract Method,"org.apache.commons.math3.linear.IterativeLinearSolverEvent.getRightHandSideVector",,,,,,,,,,,,,,9,1,0,1,0,1,0,0,0,,,,0,,,,,,,,,,,,,5,0,1,8,0,1,1,0,0,0,,,0,0,,0,0,0,0,8.00
Public Abstract Method,"org.apache.commons.math3.linear.IterativeLinearSolverEvent.getSolution",,,,,,,,,,,,,,9,1,0,1,0,1,0,0,0,,,,0,,,,,,,,,,,,,8,0,1,8,0,1,1,0,0,0,,,0,0,,0,0,0,0,8.00
Public Method,"org.apache.commons.math3.linear.IterativeLinearSolverEvent.providesResidual",,,,,,,,,,,,,,10,3,1,1,0,2,1,1,0,,,,0,,,,,,,,,,,,,0,0,1,7,1,1,1,1,1,1,,,0,0,,1,1,1,1,2.33
Public Class,"org.apache.commons.math3.linear.JacobiPreconditioner",1,1,0,5,5,,0,,5,11,0,0,6,110,57,31,,,38,,,,5,1,2,,1,1,14,8,1,0,1,,,1,6,0,,9,17,44,,24,18,20,,,5,5,,2,16,10,10,6,10,0.77
Public Constructor,"org.apache.commons.math3.linear.JacobiPreconditioner.JacobiPreconditioner",,,,,,,,,,,,,,11,3,1,3,0,2,1,1,0,,,,0,,,,,,,,,,,,,3,0,1,8,1,1,1,1,1,1,,,0,0,,1,1,1,1,2.67
Public Static Method,"org.apache.commons.math3.linear.JacobiPreconditioner.create",,,,,,,,,,,,,,35,22,15,11,1,19,5,5,1,,,,0,,,,,,,,,,,,,8,0,6,13,8,14,7,12,5,1,,,0,2,,5,5,1,5,0.59
Public Method,"org.apache.commons.math3.linear.JacobiPreconditioner.getColumnDimension",,,,,,,,,,,,,,4,3,1,2,0,2,1,1,0,,,,0,,,,,,,,,,,,,1,0,1,1,1,1,1,1,1,1,,,0,0,,1,1,1,1,0.33
Public Method,"org.apache.commons.math3.linear.JacobiPreconditioner.getRowDimension",,,,,,,,,,,,,,4,3,1,2,0,2,1,1,0,,,,0,,,,,,,,,,,,,1,0,1,1,1,1,1,1,1,1,,,0,0,,1,1,1,1,0.33
Public Method,"org.apache.commons.math3.linear.JacobiPreconditioner.operate",,,,,,,,,,,,,,5,3,1,2,0,2,1,1,0,,,,0,,,,,,,,,,,,,2,0,1,2,1,1,1,1,1,1,,,0,0,,1,1,1,1,0.67
Public Method,"org.apache.commons.math3.linear.JacobiPreconditioner.sqrt",,,,,,,,,,,,,,29,17,12,2,0,9,1,1,0,,,,0,,,,,,,,,,,,,2,2,2,10,1,5,5,4,1,1,,,0,0,,1,1,1,1,0.59
Anonymous Class,"org.apache.commons.math3.linear.JacobiPreconditioner.sqrt.(Anon_1)",1,1,0,1,2,,0,,3,8,0,0,3,18,13,10,,,6,,,,1,1,2,,1,1,4,3,1,0,0,,,0,3,0,,2,0,3,,3,3,3,,,1,1,,0,0,3,3,3,3,0.23
Public Method,"org.apache.commons.math3.linear.JacobiPreconditioner.sqrt.(Anon_1).getColumnDimension",,,,,,,,,,,,,,4,3,2,2,0,2,1,1,0,,,,0,,,,,,,,,,,,,0,0,0,1,1,1,1,1,1,1,,,0,0,,1,1,1,1,0.33
Public Method,"org.apache.commons.math3.linear.JacobiPreconditioner.sqrt.(Anon_1).getRowDimension",,,,,,,,,,,,,,4,3,2,2,0,2,1,1,0,,,,0,,,,,,,,,,,,,0,0,0,1,1,1,1,1,1,1,,,0,0,,1,1,1,1,0.33
Public Method,"org.apache.commons.math3.linear.JacobiPreconditioner.sqrt.(Anon_1).operate",,,,,,,,,,,,,,4,3,2,2,0,2,1,1,0,,,,0,,,,,,,,,,,,,1,0,0,1,1,1,1,1,1,1,,,0,0,,1,1,1,1,0.33
Public Class,"org.apache.commons.math3.linear.LUDecomposition",3,1,1,7,7,,1,,8,8,0,0,8,364,217,137,,,216,,,,13,3,1,,3,4,23,15,1,0,0,,,7,8,0,,37,61,111,,161,89,127,,,13,13,,3,57,31,34,10,31,0.51
Public Constructor,"org.apache.commons.math3.linear.LUDecomposition.LUDecomposition",,,,,,,,,,,,,,11,3,1,2,0,2,1,1,0,,,,0,,,,,,,,,,,,,29,0,1,8,1,1,1,1,1,1,,,0,0,,1,1,1,1,2.67
Public Constructor,"org.apache.commons.math3.linear.LUDecomposition.LUDecomposition",,,,,,,,,,,,,,87,63,49,14,3,65,13,13,2,,,,2,,,,,,,,,,,,,7,9,13,16,424,52,21,44,13,3,,,2,3,,13,13,3,13,0.25
Private Static Class,"org.apache.commons.math3.linear.LUDecomposition.Solver",4,1,2,3,8,,0,,5,5,0,1,4,125,86,53,,,90,,,,12,1,1,,4,4,21,16,2,0,0,,,3,5,0,,19,25,20,,66,39,51,,,12,12,,3,26,23,23,5,23,0.23
Private Constructor,"org.apache.commons.math3.linear.LUDecomposition.Solver.Solver",,,,,,,,,,,,,,11,5,3,4,0,4,1,1,0,,,,0,,,,,,,,,,,,,4,0,1,6,1,3,1,3,1,1,,,0,0,,1,1,1,1,1.20
Public Method,"org.apache.commons.math3.linear.LUDecomposition.Solver.getInverse",,,,,,,,,,,,,,4,3,1,3,0,2,1,1,0,,,,0,,,,,,,,,,,,,2,0,1,1,1,1,1,1,1,1,,,0,0,,1,1,1,1,0.33
Public Method,"org.apache.commons.math3.linear.LUDecomposition.Solver.isNonSingular",,,,,,,,,,,,,,4,3,1,1,0,2,1,1,0,,,,0,,,,,,,,,,,,,1,0,1,1,1,1,1,1,1,1,,,0,0,,1,1,1,1,0.33
Public Method,"org.apache.commons.math3.linear.LUDecomposition.Solver.solve",,,,,,,,,,,,,,36,27,18,6,2,29,8,8,0,,,,0,,,,,,,,,,,,,5,5,5,4,72,21,10,19,8,1,,,0,2,,8,8,1,8,0.15
Public Method,"org.apache.commons.math3.linear.LUDecomposition.Solver.solve",,,,,,,,,,,,,,53,43,30,7,3,49,12,12,0,,,,0,,,,,,,,,,,,,6,6,13,4,336,37,22,27,12,1,,,0,3,,12,12,1,12,0.09
Public Method,"org.apache.commons.math3.linear.LUDecomposition.getDeterminant",,,,,,,,,,,,,,16,12,8,1,0,10,4,4,1,,,,0,,,,,,,,,,,,,6,0,3,4,3,7,4,6,4,1,,,0,2,,4,4,1,4,0.33
Public Method,"org.apache.commons.math3.linear.LUDecomposition.getL",,,,,,,,,,,,,,19,14,9,4,1,14,4,5,0,,,,0,,,,,,,,,,,,,10,0,3,5,4,10,5,9,4,1,,,0,3,,4,5,1,4,0.36
Public Method,"org.apache.commons.math3.linear.LUDecomposition.getP",,,,,,,,,,,,,,19,10,6,4,0,9,3,4,0,,,,0,,,,,,,,,,,,,9,0,2,9,3,6,3,6,3,1,,,0,2,,3,4,1,3,0.90
Public Method,"org.apache.commons.math3.linear.LUDecomposition.getPivot",,,,,,,,,,,,,,8,3,1,2,0,2,1,1,0,,,,0,,,,,,,,,,,,,3,0,1,5,1,1,1,1,1,1,,,0,0,,1,1,1,1,1.67
Public Method,"org.apache.commons.math3.linear.LUDecomposition.getSolver",,,,,,,,,,,,,,8,3,1,2,0,2,1,1,0,,,,0,,,,,,,,,,,,,23,0,1,5,1,1,1,1,1,1,,,0,0,,1,1,1,1,1.67
Public Method,"org.apache.commons.math3.linear.LUDecomposition.getU",,,,,,,,,,,,,,18,13,8,4,1,13,4,5,0,,,,0,,,,,,,,,,,,,10,0,3,5,4,9,5,8,4,1,,,0,3,,4,5,1,4,0.38
Public Class,"org.apache.commons.math3.linear.LUDecompositionTest",2,1,1,1,6,,2,,9,9,0,0,9,269,227,172,,,165,,,,9,1,1,,2,2,24,21,1,0,0,,,5,9,0,,27,98,16,,140,70,95,,,9,9,,3,73,24,24,9,24,0.07
Public Method,"org.apache.commons.math3.linear.LUDecompositionTest.testDimensions",,,,,,,,,,,,,,12,10,8,8,0,9,1,1,0,,,,0,,,,,,,,,,,,,2,1,3,1,1,8,3,6,1,1,,,0,0,,1,1,1,1,0.10
Public Method,"org.apache.commons.math3.linear.LUDecompositionTest.testLLowerTriangular",,,,,,,,,,,,,,11,10,6,7,0,11,3,3,0,,,,0,,,,,,,,,,,,,2,0,3,1,3,8,5,6,3,1,,,0,2,,3,3,1,3,0.10
Public Method,"org.apache.commons.math3.linear.LUDecompositionTest.testMatricesValues1",,,,,,,,,,,,,,39,33,29,10,0,20,2,2,0,,,,0,,,,,,,,,,,,,2,3,14,3,2,18,11,9,2,1,,,0,1,,2,2,1,2,0.09
Public Method,"org.apache.commons.math3.linear.LUDecompositionTest.testMatricesValues2",,,,,,,,,,,,,,38,33,29,10,0,20,2,2,0,,,,0,,,,,,,,,,,,,2,2,14,3,2,18,11,9,2,1,,,0,1,,2,2,1,2,0.09
Public Method,"org.apache.commons.math3.linear.LUDecompositionTest.testNonSquare",,,,,,,,,,,,,,9,7,4,3,0,4,2,2,1,,,,0,,,,,,,,,,,,,0,0,1,2,2,2,1,3,2,1,,,0,1,,2,2,1,2,0.29
Public Method,"org.apache.commons.math3.linear.LUDecompositionTest.testPAEqualLU",,,,,,,,,,,,,,41,35,33,14,0,34,1,1,0,,,,0,,,,,,,,,,,,,5,5,7,1,1,33,7,27,1,1,,,0,0,,1,1,1,1,0.03
Public Method,"org.apache.commons.math3.linear.LUDecompositionTest.testPPermutation",,,,,,,,,,,,,,48,43,35,12,1,42,9,9,4,,,,0,,,,,,,,,,,,,2,4,13,1,25,33,17,25,9,1,,,0,3,,9,9,1,9,0.02
Public Method,"org.apache.commons.math3.linear.LUDecompositionTest.testSingular",,,,,,,,,,,,,,10,9,6,6,0,7,1,1,0,,,,0,,,,,,,,,,,,,3,0,3,1,1,6,2,5,1,1,,,0,0,,1,1,1,1,0.11
Public Method,"org.apache.commons.math3.linear.LUDecompositionTest.testUUpperTriangular",,,,,,,,,,,,,,10,9,5,6,0,10,3,3,0,,,,0,,,,,,,,,,,,,2,0,3,1,3,7,5,5,3,1,,,0,2,,3,3,1,3,0.11
Public Class,"org.apache.commons.math3.linear.LUSolverTest",2,1,0,2,10,,0,,7,7,0,1,6,145,118,75,,,61,,,,4,1,1,,2,2,15,12,1,0,0,,,4,7,0,,11,52,17,,45,24,37,,,4,4,,1,64,15,15,7,15,0.14
Private Method,"org.apache.commons.math3.linear.LUSolverTest.getDeterminant",,,,,,,,,,,,,,3,3,1,3,0,2,1,1,0,,,,0,,,,,,,,,,,,,2,0,1,0,1,1,1,1,1,1,,,0,0,,1,1,1,1,0.00
Public Method,"org.apache.commons.math3.linear.LUSolverTest.testDeterminant",,,,,,,,,,,,,,7,6,4,3,0,5,1,1,0,,,,0,,,,,,,,,,,,,4,0,1,1,1,4,1,4,1,1,,,0,0,,1,1,1,1,0.17
Public Method,"org.apache.commons.math3.linear.LUSolverTest.testSingular",,,,,,,,,,,,,,10,9,6,6,0,7,1,1,0,,,,0,,,,,,,,,,,,,3,0,3,1,1,6,2,5,1,1,,,0,0,,1,1,1,1,0.11
Public Method,"org.apache.commons.math3.linear.LUSolverTest.testSolve",,,,,,,,,,,,,,30,23,17,13,1,14,3,3,0,,,,0,,,,,,,,,,,,,1,3,9,4,4,11,7,7,3,1,,,0,1,,3,3,1,3,0.17
Public Method,"org.apache.commons.math3.linear.LUSolverTest.testSolveDimensionErrors",,,,,,,,,,,,,,24,20,14,8,1,12,4,4,3,,,,0,,,,,,,,,,,,,1,0,4,4,8,8,3,9,4,1,,,0,1,,4,4,1,4,0.20
Public Method,"org.apache.commons.math3.linear.LUSolverTest.testSolveSingularityErrors",,,,,,,,,,,,,,24,20,14,8,1,12,4,4,3,,,,0,,,,,,,,,,,,,1,0,4,4,8,8,3,9,4,1,,,0,1,,4,4,1,4,0.20
Public Method,"org.apache.commons.math3.linear.LUSolverTest.testThreshold",,,,,,,,,,,,,,10,9,7,6,0,4,1,1,0,,,,0,,,,,,,,,,,,,0,0,3,1,1,3,2,2,1,1,,,0,0,,1,1,1,1,0.11
Public Class,"org.apache.commons.math3.linear.MatrixDimensionMismatchException",1,1,0,4,1,,1,,5,15,0,0,5,53,23,8,,,12,,,,1,1,4,,1,1,8,4,1,0,0,,,0,5,0,,2,10,28,,6,7,5,,,1,1,,0,100,5,5,5,5,1.22
Public Constructor,"org.apache.commons.math3.linear.MatrixDimensionMismatchException.MatrixDimensionMismatchException",,,,,,,,,,,,,,16,8,3,2,0,2,1,1,0,,,,0,,,,,,,,,,,,,35,0,4,8,1,1,1,1,1,1,,,0,0,,1,1,1,1,1.00
Public Method,"org.apache.commons.math3.linear.MatrixDimensionMismatchException.getExpectedColumnDimension",,,,,,,,,,,,,,6,3,1,2,0,2,1,1,0,,,,0,,,,,,,,,,,,,1,0,1,3,1,1,1,1,1,1,,,0,0,,1,1,1,1,1.00
Public Method,"org.apache.commons.math3.linear.MatrixDimensionMismatchException.getExpectedRowDimension",,,,,,,,,,,,,,6,3,1,2,0,2,1,1,0,,,,0,,,,,,,,,,,,,1,0,1,3,1,1,1,1,1,1,,,0,0,,1,1,1,1,1.00
Public Method,"org.apache.commons.math3.linear.MatrixDimensionMismatchException.getWrongColumnDimension",,,,,,,,,,,,,,6,3,1,2,0,2,1,1,0,,,,0,,,,,,,,,,,,,1,0,1,3,1,1,1,1,1,1,,,0,0,,1,1,1,1,1.00
Public Method,"org.apache.commons.math3.linear.MatrixDimensionMismatchException.getWrongRowDimension",,,,,,,,,,,,,,6,3,1,2,0,2,1,1,0,,,,0,,,,,,,,,,,,,1,0,1,3,1,1,1,1,1,1,,,0,0,,1,1,1,1,1.00
Public Class,"org.apache.commons.math3.linear.MatrixDimensionMismatchExceptionTest",1,1,0,0,1,,0,,1,1,0,0,1,16,11,5,,,7,,,,1,1,1,,1,1,8,8,1,0,0,,,0,1,0,,0,5,5,,5,3,4,,,1,1,,0,0,1,1,1,1,0.45
Public Method,"org.apache.commons.math3.linear.MatrixDimensionMismatchExceptionTest.testAccessors",,,,,,,,,,,,,,8,8,5,6,0,6,1,1,0,,,,0,,,,,,,,,,,,,0,0,3,0,1,5,2,4,1,1,,,0,0,,1,1,1,1,0.00
Public Class,"org.apache.commons.math3.linear.MatrixUtils",2,1,0,12,27,,0,,1,31,0,1,30,849,380,213,,,267,,,,8,1,1,,2,3,23,10,1,0,30,,,0,31,0,,53,115,416,,173,104,163,,,8,10,,3,0,91,101,31,91,1.09
Private Static Class,"org.apache.commons.math3.linear.MatrixUtils.BigFractionMatrixConverter",1,1,0,2,2,,0,,4,8,1,0,3,31,18,4,,,10,,,,1,1,2,,1,1,5,3,1,0,0,,,1,4,0,,3,9,10,,5,6,4,,,1,1,,0,25,4,4,4,4,0.56
Public Constructor,"org.apache.commons.math3.linear.MatrixUtils.BigFractionMatrixConverter.BigFractionMatrixConverter",,,,,,,,,,,,,,4,3,1,2,0,2,1,1,0,,,,0,,,,,,,,,,,,,2,0,1,1,1,1,1,1,1,1,,,0,0,,1,1,1,1,0.33
Method,"org.apache.commons.math3.linear.MatrixUtils.BigFractionMatrixConverter.getConvertedMatrix",,,,,,,,,,,,,,8,3,1,2,0,2,1,1,0,,,,0,,,,,,,,,,,,,2,0,1,5,1,1,1,1,1,1,,,0,0,,1,1,1,1,1.67
Public Method,"org.apache.commons.math3.linear.MatrixUtils.BigFractionMatrixConverter.start",,,,,,,,,,,,,,5,4,1,1,0,2,1,1,0,,,,0,,,,,,,,,,,,,2,0,2,1,1,1,1,1,1,1,,,0,0,,1,1,1,1,0.25
Public Method,"org.apache.commons.math3.linear.MatrixUtils.BigFractionMatrixConverter.visit",,,,,,,,,,,,,,4,3,1,2,0,2,1,1,0,,,,0,,,,,,,,,,,,,3,0,1,1,1,1,1,1,1,1,,,0,0,,1,1,1,1,0.33
Private Static Class,"org.apache.commons.math3.linear.MatrixUtils.FractionMatrixConverter",1,1,0,2,2,,0,,4,8,1,0,3,32,18,4,,,10,,,,1,1,2,,1,1,5,3,1,0,0,,,1,4,0,,4,9,10,,5,6,4,,,1,1,,0,25,4,4,4,4,0.56
Public Constructor,"org.apache.commons.math3.linear.MatrixUtils.FractionMatrixConverter.FractionMatrixConverter",,,,,,,,,,,,,,4,3,1,2,0,2,1,1,0,,,,0,,,,,,,,,,,,,2,0,1,1,1,1,1,1,1,1,,,0,0,,1,1,1,1,0.33
Method,"org.apache.commons.math3.linear.MatrixUtils.FractionMatrixConverter.getConvertedMatrix",,,,,,,,,,,,,,8,3,1,2,0,2,1,1,0,,,,0,,,,,,,,,,,,,2,0,1,5,1,1,1,1,1,1,,,0,0,,1,1,1,1,1.67
Public Method,"org.apache.commons.math3.linear.MatrixUtils.FractionMatrixConverter.start",,,,,,,,,,,,,,5,4,1,1,0,2,1,1,0,,,,0,,,,,,,,,,,,,2,0,2,1,1,1,1,1,1,1,,,0,0,,1,1,1,1,0.25
Public Method,"org.apache.commons.math3.linear.MatrixUtils.FractionMatrixConverter.visit",,,,,,,,,,,,,,4,3,1,2,0,2,1,1,0,,,,0,,,,,,,,,,,,,3,0,1,1,1,1,1,1,1,1,,,0,0,,1,1,1,1,0.33
Private Constructor,"org.apache.commons.math3.linear.MatrixUtils.MatrixUtils",,,,,,,,,,,,,,6,3,1,1,0,2,1,1,0,,,,0,,,,,,,,,,,,,0,0,1,3,1,1,1,1,1,1,,,0,0,,1,1,1,1,1.00
Public Static Method,"org.apache.commons.math3.linear.MatrixUtils.bigFractionMatrixToRealMatrix",,,,,,,,,,,,,,11,5,3,4,0,4,1,1,0,,,,0,,,,,,,,,,,,,3,0,2,6,1,3,2,2,1,1,,,0,0,,1,1,1,1,1.20
Public Static Method,"org.apache.commons.math3.linear.MatrixUtils.checkAdditionCompatible",,,,,,,,,,,,,,14,7,4,3,0,3,2,3,0,,,,0,,,,,,,,,,,,,9,0,1,7,2,1,1,2,2,1,,,0,1,,2,3,1,2,1.00
Public Static Method,"org.apache.commons.math3.linear.MatrixUtils.checkColumnIndex",,,,,,,,,,,,,,13,6,3,2,0,3,2,3,0,,,,0,,,,,,,,,,,,,21,0,1,7,2,1,1,2,2,1,,,0,1,,2,3,1,2,1.17
Public Static Method,"org.apache.commons.math3.linear.MatrixUtils.checkMatrixIndex",,,,,,,,,,,,,,14,5,2,2,0,3,1,1,0,,,,0,,,,,,,,,,,,,13,0,2,9,1,2,1,2,1,1,,,0,0,,1,1,1,1,1.80
Public Static Method,"org.apache.commons.math3.linear.MatrixUtils.checkMultiplicationCompatible",,,,,,,,,,,,,,13,6,3,3,0,3,2,2,0,,,,0,,,,,,,,,,,,,8,0,1,7,2,1,1,2,2,1,,,0,1,,2,2,1,2,1.17
Public Static Method,"org.apache.commons.math3.linear.MatrixUtils.checkRowIndex",,,,,,,,,,,,,,14,7,4,2,0,3,2,3,0,,,,0,,,,,,,,,,,,,21,0,1,7,2,1,1,2,2,1,,,0,1,,2,3,1,2,1.00
Public Static Method,"org.apache.commons.math3.linear.MatrixUtils.checkSubMatrixIndex",,,,,,,,,,,,,,32,16,10,3,1,9,3,3,0,,,,0,,,,,,,,,,,,,23,3,3,13,4,6,1,8,3,1,,,0,1,,3,3,1,3,0.81
Public Static Method,"org.apache.commons.math3.linear.MatrixUtils.checkSubMatrixIndex",,,,,,,,,,,,,,36,22,12,4,2,15,7,7,0,,,,0,,,,,,,,,,,,,8,1,3,13,64,6,3,12,7,1,,,0,1,,7,7,1,7,0.59
Public Static Method,"org.apache.commons.math3.linear.MatrixUtils.checkSubtractionCompatible",,,,,,,,,,,,,,14,7,4,3,0,3,2,3,0,,,,0,,,,,,,,,,,,,6,0,1,7,2,1,1,2,2,1,,,0,1,,2,3,1,2,1.00
Public Static Generic Method,"org.apache.commons.math3.linear.MatrixUtils.createColumnFieldMatrix",,,,,,,,,,,,,,24,14,9,6,1,12,4,4,0,,,,0,,,,,,,,,,,,,4,0,3,10,8,8,4,8,4,1,,,0,1,,4,4,1,4,0.71
TypeVariable,"org.apache.commons.math3.linear.MatrixUtils.createColumnFieldMatrix.T",0,0,0,0,0,,0,,0,0,0,0,0,0,0,0,,,0,,,,0,0,1,,0,0,0,0,2,0,0,,,0,0,0,,0,0,0,,0,0,0,,,0,0,,0,0,0,0,0,0,0.00
Public Static Method,"org.apache.commons.math3.linear.MatrixUtils.createColumnRealMatrix",,,,,,,,,,,,,,20,11,7,4,1,10,3,3,0,,,,0,,,,,,,,,,,,,4,0,3,9,4,7,4,6,3,1,,,0,1,,3,3,1,3,0.82
Public Static Generic Method,"org.apache.commons.math3.linear.MatrixUtils.createFieldDiagonalMatrix",,,,,,,,,,,,,,17,8,4,4,0,7,2,2,0,,,,0,,,,,,,,,,,,,2,0,3,9,2,5,3,4,2,1,,,0,1,,2,2,1,2,1.12
TypeVariable,"org.apache.commons.math3.linear.MatrixUtils.createFieldDiagonalMatrix.T",0,0,0,0,0,,0,,0,0,0,0,0,0,0,0,,,0,,,,0,0,1,,0,0,0,0,2,0,0,,,0,0,0,,0,0,0,,0,0,0,,,0,0,,0,0,0,0,0,0,0.00
Public Static Generic Method,"org.apache.commons.math3.linear.MatrixUtils.createFieldIdentityMatrix",,,,,,,,,,,,,,22,12,8,7,0,11,2,2,0,,,,0,,,,,,,,,,,,,4,0,6,10,2,9,6,5,2,1,,,0,1,,2,2,1,2,0.83
TypeVariable,"org.apache.commons.math3.linear.MatrixUtils.createFieldIdentityMatrix.T",0,0,0,0,0,,0,,0,0,0,0,0,0,0,0,,,0,,,,0,0,1,,0,0,0,0,2,0,0,,,0,0,0,,0,0,0,,0,0,0,,,0,0,,0,0,0,0,0,0,0.00
Public Static Generic Method,"org.apache.commons.math3.linear.MatrixUtils.createFieldMatrix",,,,,,,,,,,,,,27,8,5,4,0,4,3,4,0,,,,0,,,,,,,,,,,,,3,0,1,19,2,2,1,3,3,1,,,0,1,,3,4,1,3,2.38
Public Static Generic Method,"org.apache.commons.math3.linear.MatrixUtils.createFieldMatrix",,,,,,,,,,,,,,21,6,2,3,0,2,2,2,0,,,,0,,,,,,,,,,,,,6,0,3,15,1,1,1,1,2,1,,,0,0,,2,2,1,2,2.50
TypeVariable,"org.apache.commons.math3.linear.MatrixUtils.createFieldMatrix.T",0,0,0,0,0,,0,,0,0,0,0,0,0,0,0,,,0,,,,0,0,1,,0,0,0,0,2,0,0,,,0,0,0,,0,0,0,,0,0,0,,,0,0,,0,0,0,0,0,0,0.00
TypeVariable,"org.apache.commons.math3.linear.MatrixUtils.createFieldMatrix.T",0,0,0,0,0,,0,,0,0,0,0,0,0,0,0,,,0,,,,0,0,1,,0,0,0,0,2,0,0,,,0,0,0,,0,0,0,,0,0,0,,,0,0,,0,0,0,0,0,0,0.00
Public Static Generic Method,"org.apache.commons.math3.linear.MatrixUtils.createFieldVector",,,,,,,,,,,,,,19,9,5,5,1,6,3,3,0,,,,0,,,,,,,,,,,,,3,0,1,10,4,3,1,5,3,1,,,0,1,,3,3,1,3,1.11
TypeVariable,"org.apache.commons.math3.linear.MatrixUtils.createFieldVector.T",0,0,0,0,0,,0,,0,0,0,0,0,0,0,0,,,0,,,,0,0,1,,0,0,0,0,2,0,0,,,0,0,0,,0,0,0,,0,0,0,,,0,0,,0,0,0,0,0,0,0.00
Public Static Method,"org.apache.commons.math3.linear.MatrixUtils.createRealDiagonalMatrix",,,,,,,,,,,,,,15,7,4,3,0,7,2,2,0,,,,0,,,,,,,,,,,,,4,0,2,8,2,5,3,4,2,1,,,0,1,,2,2,1,2,1.14
Public Static Method,"org.apache.commons.math3.linear.MatrixUtils.createRealIdentityMatrix",,,,,,,,,,,,,,15,7,4,3,0,7,2,2,0,,,,0,,,,,,,,,,,,,21,0,2,8,2,5,3,4,2,1,,,0,1,,2,2,1,2,1.14
Public Static Method,"org.apache.commons.math3.linear.MatrixUtils.createRealMatrix",,,,,,,,,,,,,,17,4,2,3,0,2,2,2,0,,,,0,,,,,,,,,,,,,18,0,1,13,1,1,1,1,2,1,,,0,0,,2,2,1,2,3.25
Public Static Method,"org.apache.commons.math3.linear.MatrixUtils.createRealMatrix",,,,,,,,,,,,,,27,8,5,4,0,4,3,4,0,,,,0,,,,,,,,,,,,,114,0,1,19,2,2,1,3,3,1,,,0,1,,3,4,1,3,2.38
Public Static Method,"org.apache.commons.math3.linear.MatrixUtils.createRealVector",,,,,,,,,,,,,,14,6,3,3,0,4,2,2,0,,,,0,,,,,,,,,,,,,2,0,1,8,2,2,1,3,2,1,,,0,1,,2,2,1,2,1.33
Public Static Generic Method,"org.apache.commons.math3.linear.MatrixUtils.createRowFieldMatrix",,,,,,,,,,,,,,24,14,9,6,1,12,4,4,0,,,,0,,,,,,,,,,,,,4,0,3,10,8,8,4,8,4,1,,,0,1,,4,4,1,4,0.71
TypeVariable,"org.apache.commons.math3.linear.MatrixUtils.createRowFieldMatrix.T",0,0,0,0,0,,0,,0,0,0,0,0,0,0,0,,,0,,,,0,0,1,,0,0,0,0,2,0,0,,,0,0,0,,0,0,0,,0,0,0,,,0,0,,0,0,0,0,0,0,0.00
Public Static Method,"org.apache.commons.math3.linear.MatrixUtils.createRowRealMatrix",,,,,,,,,,,,,,20,11,7,4,1,10,3,3,0,,,,0,,,,,,,,,,,,,3,0,3,9,4,7,4,6,3,1,,,0,1,,3,3,1,3,0.82
Public Static Method,"org.apache.commons.math3.linear.MatrixUtils.deserializeRealMatrix",,,,,,,,,,,,,,53,29,20,8,1,23,5,5,3,,,,0,,,,,,,,,,,,,6,4,13,20,5,19,11,12,5,1,,,0,3,,5,5,1,5,0.69
Public Static Method,"org.apache.commons.math3.linear.MatrixUtils.deserializeRealVector",,,,,,,,,,,,,,50,25,17,8,1,18,4,4,3,,,,0,,,,,,,,,,,,,7,5,11,20,4,15,8,10,4,1,,,0,2,,4,4,1,4,0.80
Public Static Method,"org.apache.commons.math3.linear.MatrixUtils.fractionMatrixToRealMatrix",,,,,,,,,,,,,,10,5,3,4,0,4,1,1,0,,,,0,,,,,,,,,,,,,2,0,2,5,1,3,2,2,1,1,,,0,0,,1,1,1,1,1.00
Public Static Method,"org.apache.commons.math3.linear.MatrixUtils.serializeRealMatrix",,,,,,,,,,,,,,53,13,7,5,0,12,3,3,0,,,,0,,,,,,,,,,,,,3,0,5,40,3,9,5,7,3,1,,,0,2,,3,3,1,3,3.08
Public Static Method,"org.apache.commons.math3.linear.MatrixUtils.serializeRealVector",,,,,,,,,,,,,,49,9,4,4,0,7,2,2,0,,,,0,,,,,,,,,,,,,4,0,4,40,2,5,3,4,2,1,,,0,1,,2,2,1,2,4.44
Public Static Method,"org.apache.commons.math3.linear.MatrixUtils.solveLowerTriangularSystem",,,,,,,,,,,,,,39,24,17,9,1,18,8,10,0,,,,0,,,,,,,,,,,,,7,0,4,15,20,12,6,12,8,1,,,0,2,,8,10,1,8,0.62
Public Static Method,"org.apache.commons.math3.linear.MatrixUtils.solveUpperTriangularSystem",,,,,,,,,,,,,,39,24,17,9,1,18,8,10,0,,,,0,,,,,,,,,,,,,7,0,4,15,20,12,6,12,8,1,,,0,2,,8,10,1,8,0.62
Public Class,"org.apache.commons.math3.linear.MatrixUtilsTest",2,1,0,2,18,,0,,14,16,0,0,14,297,248,163,,,157,,,,4,1,1,,2,2,14,12,1,0,2,,,19,16,2,,19,82,44,,113,59,98,,,4,4,,3,94,43,43,16,43,0.18
Public Static Method,"org.apache.commons.math3.linear.MatrixUtilsTest.asFraction",,,,,,,,,,,,,,16,16,11,4,1,15,4,4,1,,,,0,,,,,,,,,,,,,6,0,4,0,4,11,6,9,4,1,,,0,3,,4,4,1,4,0.00
Public Static Method,"org.apache.commons.math3.linear.MatrixUtilsTest.asFraction",,,,,,,,,,,,,,11,11,7,4,0,9,3,3,1,,,,0,,,,,,,,,,,,,5,0,2,0,3,6,3,6,3,1,,,0,2,,3,3,1,3,0.00
Protected Method,"org.apache.commons.math3.linear.MatrixUtilsTest.checkIdentityFieldMatrix",,,,,,,,,,,,,,14,11,6,4,1,10,4,4,1,,,,0,,,,,,,,,,,,,4,0,1,3,4,6,3,7,4,1,,,0,3,,4,4,1,4,0.27
Protected Method,"org.apache.commons.math3.linear.MatrixUtilsTest.checkIdentityMatrix",,,,,,,,,,,,,,14,11,6,4,1,10,4,4,1,,,,0,,,,,,,,,,,,,2,0,1,3,4,6,3,7,4,1,,,0,3,,4,4,1,4,0.27
Public Method,"org.apache.commons.math3.linear.MatrixUtilsTest.testBigFractionConverter",,,,,,,,,,,,,,11,11,7,7,0,6,1,1,0,,,,0,,,,,,,,,,,,,1,0,9,0,1,5,5,1,1,1,,,0,0,,1,1,1,1,0.00
Public Method,"org.apache.commons.math3.linear.MatrixUtilsTest.testCreateColumnFieldMatrix",,,,,,,,,,,,,,19,16,12,6,1,9,3,3,2,,,,0,,,,,,,,,,,,,4,1,1,4,4,6,1,8,3,1,,,0,1,,3,3,1,3,0.25
Public Method,"org.apache.commons.math3.linear.MatrixUtilsTest.testCreateColumnRealMatrix",,,,,,,,,,,,,,16,14,10,4,1,8,3,3,2,,,,0,,,,,,,,,,,,,2,0,1,4,4,5,1,7,3,1,,,0,1,,3,3,1,3,0.29
Public Method,"org.apache.commons.math3.linear.MatrixUtilsTest.testCreateIdentityMatrix",,,,,,,,,,,,,,11,10,7,3,0,7,2,2,1,,,,0,,,,,,,,,,,,,0,0,1,1,2,5,1,6,2,1,,,0,1,,2,2,1,2,0.10
Public Method,"org.apache.commons.math3.linear.MatrixUtilsTest.testCreateRealMatrix",,,,,,,,,,,,,,22,19,14,4,1,11,4,4,3,,,,0,,,,,,,,,,,,,1,0,1,6,8,7,1,10,4,1,,,0,1,,4,4,1,4,0.32
Public Method,"org.apache.commons.math3.linear.MatrixUtilsTest.testCreateRowFieldMatrix",,,,,,,,,,,,,,18,16,12,6,1,9,3,3,2,,,,0,,,,,,,,,,,,,4,0,1,4,4,6,1,8,3,1,,,0,1,,3,3,1,3,0.25
Public Method,"org.apache.commons.math3.linear.MatrixUtilsTest.testCreateRowRealMatrix",,,,,,,,,,,,,,16,14,10,4,1,8,3,3,2,,,,0,,,,,,,,,,,,,2,0,1,4,4,5,1,7,3,1,,,0,1,,3,3,1,3,0.29
Public Method,"org.apache.commons.math3.linear.MatrixUtilsTest.testFractionConverter",,,,,,,,,,,,,,11,11,7,7,0,6,1,1,0,,,,0,,,,,,,,,,,,,1,0,9,0,1,5,5,1,1,1,,,0,0,,1,1,1,1,0.00
Public Method,"org.apache.commons.math3.linear.MatrixUtilsTest.testSolveLowerTriangularSystem",,,,,,,,,,,,,,8,8,6,5,0,5,1,1,0,,,,0,,,,,,,,,,,,,0,0,4,0,1,4,3,2,1,1,,,0,0,,1,1,1,1,0.00
Public Method,"org.apache.commons.math3.linear.MatrixUtilsTest.testSolveUpperTriangularSystem",,,,,,,,,,,,,,8,8,6,5,0,5,1,1,0,,,,0,,,,,,,,,,,,,0,0,4,0,1,4,3,2,1,1,,,0,0,,1,1,1,1,0.00
Public Method,"org.apache.commons.math3.linear.MatrixUtilsTest.testcreateFieldIdentityMatrix",,,,,,,,,,,,,,11,10,7,5,0,7,2,2,1,,,,0,,,,,,,,,,,,,0,0,1,1,2,5,1,6,2,1,,,0,1,,2,2,1,2,0.10
Public Method,"org.apache.commons.math3.linear.MatrixUtilsTest.testcreateFieldMatrix",,,,,,,,,,,,,,24,21,16,7,1,12,4,4,3,,,,0,,,,,,,,,,,,,2,0,1,6,8,8,1,11,4,1,,,0,1,,4,4,1,4,0.29
Public Class,"org.apache.commons.math3.linear.NonPositiveDefiniteMatrixException",1,1,0,4,2,,1,,4,14,0,0,4,52,24,10,,,17,,,,1,1,5,,1,1,9,4,1,0,0,,,2,4,0,,3,11,25,,12,9,8,,,1,1,,0,58,4,4,4,4,1.04
Public Constructor,"org.apache.commons.math3.linear.NonPositiveDefiniteMatrixException.NonPositiveDefiniteMatrixException",,,,,,,,,,,,,,18,10,6,6,0,7,1,1,0,,,,0,,,,,,,,,,,,,7,1,4,7,1,6,2,5,1,1,,,0,0,,1,1,1,1,0.70
Public Method,"org.apache.commons.math3.linear.NonPositiveDefiniteMatrixException.getColumn",,,,,,,,,,,,,,6,3,1,1,0,2,1,1,0,,,,0,,,,,,,,,,,,,1,0,1,3,1,1,1,1,1,1,,,0,0,,1,1,1,1,1.00
Public Method,"org.apache.commons.math3.linear.NonPositiveDefiniteMatrixException.getRow",,,,,,,,,,,,,,6,3,1,1,0,2,1,1,0,,,,0,,,,,,,,,,,,,1,0,1,3,1,1,1,1,1,1,,,0,0,,1,1,1,1,1.00
Public Method,"org.apache.commons.math3.linear.NonPositiveDefiniteMatrixException.getThreshold",,,,,,,,,,,,,,6,3,1,1,0,2,1,1,0,,,,0,,,,,,,,,,,,,1,0,1,3,1,1,1,1,1,1,,,0,0,,1,1,1,1,1.00
Public Class,"org.apache.commons.math3.linear.NonPositiveDefiniteOperatorException",1,1,0,1,1,,1,,1,5,0,0,1,22,7,2,,,4,,,,1,1,3,,1,1,4,3,1,0,0,,,0,1,0,,1,4,14,,2,3,1,,,1,1,,0,100,1,1,1,1,2.00
Public Constructor,"org.apache.commons.math3.linear.NonPositiveDefiniteOperatorException.NonPositiveDefiniteOperatorException",,,,,,,,,,,,,,4,3,1,2,0,2,1,1,0,,,,0,,,,,,,,,,,,,3,0,1,1,1,1,1,1,1,1,,,0,0,,1,1,1,1,0.33
Public Class,"org.apache.commons.math3.linear.NonSelfAdjointOperatorException",1,1,0,1,1,,1,,1,5,0,0,1,25,7,2,,,4,,,,1,1,3,,1,1,4,3,1,0,0,,,0,1,0,,1,4,17,,2,3,1,,,1,1,,0,100,1,1,1,1,2.43
Public Constructor,"org.apache.commons.math3.linear.NonSelfAdjointOperatorException.NonSelfAdjointOperatorException",,,,,,,,,,,,,,4,3,1,2,0,2,1,1,0,,,,0,,,,,,,,,,,,,2,0,1,1,1,1,1,1,1,1,,,0,0,,1,1,1,1,0.33
Public Class,"org.apache.commons.math3.linear.NonSquareMatrixException",1,1,0,6,1,,1,,1,10,0,0,1,21,7,2,,,4,,,,1,1,5,,1,1,10,4,1,0,0,,,0,1,0,,1,4,13,,2,3,1,,,1,1,,0,100,1,1,1,1,1.86
Public Constructor,"org.apache.commons.math3.linear.NonSquareMatrixException.NonSquareMatrixException",,,,,,,,,,,,,,10,4,1,2,0,2,1,1,0,,,,0,,,,,,,,,,,,,19,0,2,6,1,1,1,1,1,1,,,0,0,,1,1,1,1,1.50
Public Class,"org.apache.commons.math3.linear.NonSquareOperatorException",1,1,0,6,1,,1,,1,10,0,0,1,20,6,2,,,4,,,,1,1,5,,1,1,9,3,1,0,0,,,0,1,0,,1,3,13,,2,3,1,,,1,1,,0,100,1,1,1,1,2.17
Public Constructor,"org.apache.commons.math3.linear.NonSquareOperatorException.NonSquareOperatorException",,,,,,,,,,,,,,9,3,1,2,0,2,1,1,0,,,,0,,,,,,,,,,,,,6,0,1,6,1,1,1,1,1,1,,,0,0,,1,1,1,1,2.00
Public Class,"org.apache.commons.math3.linear.NonSymmetricMatrixException",1,1,0,4,1,,1,,4,8,0,0,4,51,23,8,,,16,,,,1,1,3,,1,1,8,4,1,0,0,,,3,4,0,,2,11,26,,11,9,7,,,1,1,,0,62,4,4,4,4,1.13
Public Constructor,"org.apache.commons.math3.linear.NonSymmetricMatrixException.NonSymmetricMatrixException",,,,,,,,,,,,,,15,8,4,5,0,5,1,1,0,,,,0,,,,,,,,,,,,,6,0,3,7,1,4,1,4,1,1,,,0,0,,1,1,1,1,0.88
Public Method,"org.apache.commons.math3.linear.NonSymmetricMatrixException.getColumn",,,,,,,,,,,,,,6,3,1,1,0,2,1,1,0,,,,0,,,,,,,,,,,,,1,0,1,3,1,1,1,1,1,1,,,0,0,,1,1,1,1,1.00
Public Method,"org.apache.commons.math3.linear.NonSymmetricMatrixException.getRow",,,,,,,,,,,,,,6,3,1,1,0,2,1,1,0,,,,0,,,,,,,,,,,,,1,0,1,3,1,1,1,1,1,1,,,0,0,,1,1,1,1,1.00
Public Method,"org.apache.commons.math3.linear.NonSymmetricMatrixException.getThreshold",,,,,,,,,,,,,,6,3,1,1,0,2,1,1,0,,,,0,,,,,,,,,,,,,1,0,1,3,1,1,1,1,1,1,,,0,0,,1,1,1,1,1.00
Public Class,"org.apache.commons.math3.linear.OpenMapRealMatrix",1,1,0,3,5,,1,,16,80,0,1,15,254,159,96,,,118,,,,5,1,3,,1,1,13,8,3,0,0,,,3,16,0,,29,60,66,,91,54,64,,,5,5,,4,64,30,30,16,30,0.42
Public Constructor,"org.apache.commons.math3.linear.OpenMapRealMatrix.OpenMapRealMatrix",,,,,,,,,,,,,,17,11,8,7,0,9,2,2,0,,,,0,,,,,,,,,,,,,9,0,3,6,2,7,3,6,2,1,,,0,1,,2,2,1,2,0.55
Public Constructor,"org.apache.commons.math3.linear.OpenMapRealMatrix.OpenMapRealMatrix",,,,,,,,,,,,,,10,5,3,5,0,4,1,1,0,,,,0,,,,,,,,,,,,,7,0,1,5,1,3,1,3,1,1,,,0,0,,1,1,1,1,1.00
Public Method,"org.apache.commons.math3.linear.OpenMapRealMatrix.add",,,,,,,,,,,,,,24,11,8,10,0,10,2,2,0,,,,0,,,,,,,,,,,,,5,4,4,9,2,9,5,5,2,1,,,0,1,,2,2,1,2,0.82
Public Method,"org.apache.commons.math3.linear.OpenMapRealMatrix.addToEntry",,,,,,,,,,,,,,12,11,8,6,0,8,2,2,1,,,,0,,,,,,,,,,,,,4,0,3,1,2,6,3,5,2,1,,,0,1,,2,2,1,2,0.09
Private Method,"org.apache.commons.math3.linear.OpenMapRealMatrix.computeKey",,,,,,,,,,,,,,9,3,1,1,0,2,1,1,0,,,,0,,,,,,,,,,,,,8,0,1,6,1,1,1,1,1,1,,,0,0,,1,1,1,1,2.00
Public Method,"org.apache.commons.math3.linear.OpenMapRealMatrix.copy",,,,,,,,,,,,,,4,3,1,2,0,2,1,1,0,,,,0,,,,,,,,,,,,,2,0,1,1,1,1,1,1,1,1,,,0,0,,1,1,1,1,0.33
Public Method,"org.apache.commons.math3.linear.OpenMapRealMatrix.createMatrix",,,,,,,,,,,,,,4,3,1,2,0,2,1,1,0,,,,0,,,,,,,,,,,,,2,0,1,1,1,1,1,1,1,1,,,0,0,,1,1,1,1,0.33
Public Method,"org.apache.commons.math3.linear.OpenMapRealMatrix.getColumnDimension",,,,,,,,,,,,,,4,3,1,1,0,2,1,1,0,,,,0,,,,,,,,,,,,,4,0,1,1,1,1,1,1,1,1,,,0,0,,1,1,1,1,0.33
Public Method,"org.apache.commons.math3.linear.OpenMapRealMatrix.getEntry",,,,,,,,,,,,,,6,5,3,5,0,4,1,1,0,,,,0,,,,,,,,,,,,,6,0,1,1,1,3,1,3,1,1,,,0,0,,1,1,1,1,0.20
Public Method,"org.apache.commons.math3.linear.OpenMapRealMatrix.getRowDimension",,,,,,,,,,,,,,4,3,1,1,0,2,1,1,0,,,,0,,,,,,,,,,,,,3,0,1,1,1,1,1,1,1,1,,,0,0,,1,1,1,1,0.33
Public Method,"org.apache.commons.math3.linear.OpenMapRealMatrix.multiply",,,,,,,,,,,,,,38,26,19,14,1,22,5,5,1,,,,0,,,,,,,,,,,,,6,2,11,10,5,18,12,10,5,1,,,0,4,,5,5,1,5,0.38
Public Method,"org.apache.commons.math3.linear.OpenMapRealMatrix.multiply",,,,,,,,,,,,,,25,20,15,12,1,18,4,4,1,,,,0,,,,,,,,,,,,,5,3,7,2,4,15,9,9,4,1,,,0,3,,4,4,1,4,0.10
Public Method,"org.apache.commons.math3.linear.OpenMapRealMatrix.multiplyEntry",,,,,,,,,,,,,,12,11,8,6,0,8,2,2,1,,,,0,,,,,,,,,,,,,4,0,3,1,2,6,3,5,2,1,,,0,1,,2,2,1,2,0.09
Public Method,"org.apache.commons.math3.linear.OpenMapRealMatrix.setEntry",,,,,,,,,,,,,,10,9,6,5,0,6,2,2,1,,,,0,,,,,,,,,,,,,7,0,1,1,2,4,1,5,2,1,,,0,1,,2,2,1,2,0.11
Public Method,"org.apache.commons.math3.linear.OpenMapRealMatrix.subtract",,,,,,,,,,,,,,22,11,8,10,0,10,2,2,0,,,,0,,,,,,,,,,,,,5,2,4,9,2,9,5,5,2,1,,,0,1,,2,2,1,2,0.82
Public Method,"org.apache.commons.math3.linear.OpenMapRealMatrix.subtract",,,,,,,,,,,,,,8,7,4,3,0,4,2,2,1,,,,0,,,,,,,,,,,,,1,0,1,1,2,2,1,3,2,1,,,0,1,,2,2,1,2,0.14
Public Class,"org.apache.commons.math3.linear.OpenMapRealMatrixTest",1,1,0,0,2,,0,,1,1,0,0,1,6,5,1,,,3,,,,1,1,1,,1,1,3,3,1,0,0,,,0,1,0,,1,3,0,,1,2,1,,,1,1,,0,0,1,1,1,1,0.00
Public Method,"org.apache.commons.math3.linear.OpenMapRealMatrixTest.testMath679",,,,,,,,,,,,,,3,3,1,1,0,2,1,1,0,,,,0,,,,,,,,,,,,,0,0,1,0,1,1,1,1,1,1,,,0,0,,1,1,1,1,0.00
Public Class,"org.apache.commons.math3.linear.OpenMapRealVector",2,1,0,3,5,,2,,50,101,0,2,46,791,506,288,,,361,,,,9,9,3,,2,2,12,8,2,0,0,,,3,50,2,,61,160,224,,243,135,226,,,9,9,,3,76,112,113,62,112,0.44
Protected Class,"org.apache.commons.math3.linear.OpenMapRealVector.OpenMapEntry",1,1,0,2,3,,0,,4,9,0,0,3,37,18,4,,,10,,,,1,1,2,,1,1,5,3,1,0,0,,,1,4,1,,5,9,14,,5,6,4,,,1,1,,0,0,4,4,4,4,0.78
Protected Constructor,"org.apache.commons.math3.linear.OpenMapRealVector.OpenMapEntry.OpenMapEntry",,,,,,,,,,,,,,8,3,1,2,0,2,1,1,0,,,,0,,,,,,,,,,,,,2,0,1,5,1,1,1,1,1,1,,,0,0,,1,1,1,1,1.67
Public Method,"org.apache.commons.math3.linear.OpenMapRealVector.OpenMapEntry.getIndex",,,,,,,,,,,,,,4,3,1,2,0,2,1,1,0,,,,0,,,,,,,,,,,,,1,0,1,1,1,1,1,1,1,1,,,0,0,,1,1,1,1,0.33
Public Method,"org.apache.commons.math3.linear.OpenMapRealVector.OpenMapEntry.getValue",,,,,,,,,,,,,,4,3,1,2,0,2,1,1,0,,,,0,,,,,,,,,,,,,1,0,1,1,1,1,1,1,1,1,,,0,0,,1,1,1,1,0.33
Public Method,"org.apache.commons.math3.linear.OpenMapRealVector.OpenMapEntry.setValue",,,,,,,,,,,,,,4,3,1,2,0,2,1,1,0,,,,0,,,,,,,,,,,,,3,0,1,1,1,1,1,1,1,1,,,0,0,,1,1,1,1,0.33
Public Constructor,"org.apache.commons.math3.linear.OpenMapRealVector.OpenMapRealVector",,,,,,,,,,,,,,11,3,1,2,0,2,1,1,0,,,,0,,,,,,,,,,,,,2,0,1,8,1,1,1,1,1,1,,,0,0,,1,1,1,1,2.67
Public Constructor,"org.apache.commons.math3.linear.OpenMapRealVector.OpenMapRealVector",,,,,,,,,,,,,,8,3,1,2,0,2,1,1,0,,,,0,,,,,,,,,,,,,4,0,1,5,1,1,1,1,1,1,,,0,0,,1,1,1,1,1.67
Public Constructor,"org.apache.commons.math3.linear.OpenMapRealVector.OpenMapRealVector",,,,,,,,,,,,,,11,5,3,5,0,4,1,1,0,,,,0,,,,,,,,,,,,,8,0,1,6,1,3,1,3,1,1,,,0,0,,1,1,1,1,1.20
Protected Constructor,"org.apache.commons.math3.linear.OpenMapRealVector.OpenMapRealVector",,,,,,,,,,,,,,11,5,3,6,0,4,1,1,0,,,,0,,,,,,,,,,,,,7,0,1,6,1,3,1,3,1,1,,,0,0,,1,1,1,1,1.20
Public Constructor,"org.apache.commons.math3.linear.OpenMapRealVector.OpenMapRealVector",,,,,,,,,,,,,,9,3,1,2,0,2,1,1,0,,,,0,,,,,,,,,,,,,3,0,1,6,1,1,1,1,1,1,,,0,0,,1,1,1,1,2.00
Public Constructor,"org.apache.commons.math3.linear.OpenMapRealVector.OpenMapRealVector",,,,,,,,,,,,,,13,5,3,5,0,4,1,1,0,,,,0,,,,,,,,,,,,,4,0,1,8,1,3,1,3,1,1,,,0,0,,1,1,1,1,1.60
Public Constructor,"org.apache.commons.math3.linear.OpenMapRealVector.OpenMapRealVector",,,,,,,,,,,,,,9,3,1,2,0,2,1,1,0,,,,0,,,,,,,,,,,,,13,0,1,6,1,1,1,1,1,1,,,0,0,,1,1,1,1,2.00
Public Constructor,"org.apache.commons.math3.linear.OpenMapRealVector.OpenMapRealVector",,,,,,,,,,,,,,18,11,7,7,0,10,3,3,0,,,,0,,,,,,,,,,,,,5,0,2,7,3,7,3,7,3,1,,,0,2,,3,3,1,3,0.64
Public Constructor,"org.apache.commons.math3.linear.OpenMapRealVector.OpenMapRealVector",,,,,,,,,,,,,,9,3,1,2,0,2,1,1,0,,,,0,,,,,,,,,,,,,3,0,1,6,1,1,1,1,1,1,,,0,0,,1,1,1,1,2.00
Public Constructor,"org.apache.commons.math3.linear.OpenMapRealVector.OpenMapRealVector",,,,,,,,,,,,,,18,11,7,8,0,10,3,3,0,,,,0,,,,,,,,,,,,,5,0,2,7,3,7,3,7,3,1,,,0,2,,3,3,1,3,0.64
Public Constructor,"org.apache.commons.math3.linear.OpenMapRealVector.OpenMapRealVector",,,,,,,,,,,,,,10,5,3,7,0,4,1,1,0,,,,0,,,,,,,,,,,,,6,0,1,5,1,3,1,3,1,1,,,0,0,,1,1,1,1,1.00
Public Constructor,"org.apache.commons.math3.linear.OpenMapRealVector.OpenMapRealVector",,,,,,,,,,,,,,16,11,7,9,0,10,3,3,0,,,,0,,,,,,,,,,,,,5,0,2,5,3,7,3,7,3,1,,,0,2,,3,3,1,3,0.45
Protected Class,"org.apache.commons.math3.linear.OpenMapRealVector.OpenMapSparseIterator",1,1,0,1,4,,0,,4,4,0,0,3,33,18,6,,,13,,,,1,1,1,,1,1,4,3,2,0,0,,,2,4,1,,4,7,11,,8,7,6,,,1,1,,0,37,4,4,4,4,0.61
Protected Constructor,"org.apache.commons.math3.linear.OpenMapRealVector.OpenMapSparseIterator.OpenMapSparseIterator",,,,,,,,,,,,,,5,4,2,5,0,3,1,1,0,,,,0,,,,,,,,,,,,,3,0,1,1,1,2,1,2,1,1,,,0,0,,1,1,1,1,0.25
Public Method,"org.apache.commons.math3.linear.OpenMapRealVector.OpenMapSparseIterator.hasNext",,,,,,,,,,,,,,4,3,1,2,0,2,1,1,0,,,,0,,,,,,,,,,,,,1,0,1,1,1,1,1,1,1,1,,,0,0,,1,1,1,1,0.33
Public Method,"org.apache.commons.math3.linear.OpenMapRealVector.OpenMapSparseIterator.next",,,,,,,,,,,,,,5,4,2,2,0,3,1,1,0,,,,0,,,,,,,,,,,,,2,0,1,1,1,2,1,2,1,1,,,0,0,,1,1,1,1,0.25
Public Method,"org.apache.commons.math3.linear.OpenMapRealVector.OpenMapSparseIterator.remove",,,,,,,,,,,,,,4,3,1,0,0,2,1,1,0,,,,0,,,,,,,,,,,,,0,0,1,1,1,1,1,1,1,1,,,0,0,,1,1,1,1,0.33
Public Method,"org.apache.commons.math3.linear.OpenMapRealVector.add",,,,,,,,,,,,,,9,8,5,5,0,5,2,2,1,,,,0,,,,,,,,,,,,,2,0,1,1,2,3,1,4,2,1,,,0,1,,2,2,1,2,0.12
Public Method,"org.apache.commons.math3.linear.OpenMapRealVector.add",,,,,,,,,,,,,,26,17,13,14,0,13,6,6,1,,,,0,,,,,,,,,,,,,4,0,6,9,3,10,6,7,6,1,,,0,2,,6,6,1,6,0.53
Public Method,"org.apache.commons.math3.linear.OpenMapRealVector.append",,,,,,,,,,,,,,14,9,6,9,0,7,2,2,0,,,,0,,,,,,,,,,,,,5,0,3,5,2,5,3,4,2,1,,,0,1,,2,2,1,2,0.56
Public Method,"org.apache.commons.math3.linear.OpenMapRealVector.append",,,,,,,,,,,,,,12,11,7,6,0,9,3,3,1,,,,0,,,,,,,,,,,,,3,0,2,1,3,6,3,6,3,1,,,0,2,,3,3,1,3,0.09
Public Method,"org.apache.commons.math3.linear.OpenMapRealVector.append",,,,,,,,,,,,,,6,5,3,3,0,4,1,1,0,,,,0,,,,,,,,,,,,,3,0,2,1,1,3,2,2,1,1,,,0,0,,1,1,1,1,0.20
Public Method,"org.apache.commons.math3.linear.OpenMapRealVector.copy",,,,,,,,,,,,,,7,3,1,2,0,2,1,1,0,,,,0,,,,,,,,,,,,,7,0,1,4,1,1,1,1,1,1,,,0,0,,1,1,1,1,1.33
Public Method,"org.apache.commons.math3.linear.OpenMapRealVector.dotProduct",,,,,,,,,,,,,,21,12,9,10,0,10,4,4,0,,,,0,,,,,,,,,,,,,4,0,5,9,2,8,5,5,4,1,,,0,1,,4,4,1,4,0.75
Public Method,"org.apache.commons.math3.linear.OpenMapRealVector.dotProduct",,,,,,,,,,,,,,8,7,4,3,0,4,2,2,1,,,,0,,,,,,,,,,,,,3,0,1,1,2,2,1,3,2,1,,,0,1,,2,2,1,2,0.14
Public Method,"org.apache.commons.math3.linear.OpenMapRealVector.ebeDivide",,,,,,,,,,,,,,11,10,7,11,0,8,2,2,0,,,,0,,,,,,,,,,,,,3,0,3,1,2,6,3,5,2,1,,,0,1,,2,2,1,2,0.10
Public Method,"org.apache.commons.math3.linear.OpenMapRealVector.ebeMultiply",,,,,,,,,,,,,,11,10,7,11,0,8,2,2,0,,,,0,,,,,,,,,,,,,3,0,3,1,2,6,3,5,2,1,,,0,1,,2,2,1,2,0.10
Public Method,"org.apache.commons.math3.linear.OpenMapRealVector.equals",,,,,,,,,,,,,,39,33,23,9,1,23,9,9,10,,,,10,,,,,,,,,,,,,4,0,5,6,11,14,5,18,9,9,,,10,2,,9,9,9,9,0.18
Public Method,"org.apache.commons.math3.linear.OpenMapRealVector.getDimension",,,,,,,,,,,,,,4,3,1,1,0,2,1,1,0,,,,0,,,,,,,,,,,,,9,0,1,1,1,1,1,1,1,1,,,0,0,,1,1,1,1,0.33
Public Method,"org.apache.commons.math3.linear.OpenMapRealVector.getDistance",,,,,,,,,,,,,,29,21,15,10,1,17,4,4,0,,,,0,,,,,,,,,,,,,4,0,7,8,6,13,7,10,4,1,,,0,2,,4,4,1,4,0.38
Public Method,"org.apache.commons.math3.linear.OpenMapRealVector.getDistance",,,,,,,,,,,,,,9,8,5,5,0,5,2,2,1,,,,0,,,,,,,,,,,,,2,0,1,1,2,3,1,4,2,1,,,0,1,,2,2,1,2,0.12
Private Method,"org.apache.commons.math3.linear.OpenMapRealVector.getEntries",,,,,,,,,,,,,,8,3,1,1,0,2,1,1,0,,,,0,,,,,,,,,,,,,7,0,1,5,1,1,1,1,1,1,,,0,0,,1,1,1,1,1.67
Public Method,"org.apache.commons.math3.linear.OpenMapRealVector.getEntry",,,,,,,,,,,,,,5,4,2,3,0,3,1,1,0,,,,0,,,,,,,,,,,,,6,0,1,1,1,2,1,2,1,1,,,0,0,,1,1,1,1,0.25
Public Method,"org.apache.commons.math3.linear.OpenMapRealVector.getL1Distance",,,,,,,,,,,,,,28,19,14,12,1,15,4,4,0,,,,0,,,,,,,,,,,,,4,0,6,9,6,11,6,9,4,1,,,0,2,,4,4,1,4,0.47
Public Method,"org.apache.commons.math3.linear.OpenMapRealVector.getL1Distance",,,,,,,,,,,,,,9,8,5,5,0,5,2,2,1,,,,0,,,,,,,,,,,,,2,0,1,1,2,3,1,4,2,1,,,0,1,,2,2,1,2,0.12
Private Method,"org.apache.commons.math3.linear.OpenMapRealVector.getLInfDistance",,,,,,,,,,,,,,28,22,15,10,1,16,6,6,0,,,,0,,,,,,,,,,,,,4,0,5,6,12,10,5,11,6,1,,,0,3,,6,6,1,6,0.27
Public Method,"org.apache.commons.math3.linear.OpenMapRealVector.getLInfDistance",,,,,,,,,,,,,,9,8,5,5,0,5,2,2,1,,,,0,,,,,,,,,,,,,2,0,1,1,2,3,1,4,2,1,,,0,1,,2,2,1,2,0.12
Public Method,"org.apache.commons.math3.linear.OpenMapRealVector.getSparsity",,,,,,,,,,,,,,8,3,1,3,0,2,1,1,0,,,,0,,,,,,,,,,,,,1,0,1,5,1,1,1,1,1,1,,,0,0,,1,1,1,1,1.67
Public Method,"org.apache.commons.math3.linear.OpenMapRealVector.getSubVector",,,,,,,,,,,,,,16,15,11,9,0,12,3,4,0,,,,0,,,,,,,,,,,,,4,0,5,1,3,9,5,7,3,1,,,0,2,,3,4,1,3,0.07
Public Method,"org.apache.commons.math3.linear.OpenMapRealVector.hashCode",,,,,,,,,,,,,,21,15,11,6,0,13,2,2,0,,,,0,,,,,,,,,,,,,3,0,5,6,2,11,5,8,2,1,,,0,1,,2,2,1,2,0.40
Protected Method,"org.apache.commons.math3.linear.OpenMapRealVector.isDefaultValue",,,,,,,,,,,,,,11,3,1,2,0,2,1,1,0,,,,0,,,,,,,,,,,,,7,0,1,8,1,1,1,1,1,1,,,0,0,,1,1,1,1,2.67
Public Method,"org.apache.commons.math3.linear.OpenMapRealVector.isInfinite",,,,,,,,,,,,,,16,15,10,7,1,11,4,4,3,,,,3,,,,,,,,,,,,,2,0,4,1,4,7,4,7,4,3,,,3,2,,4,4,3,4,0.07
Public Method,"org.apache.commons.math3.linear.OpenMapRealVector.isNaN",,,,,,,,,,,,,,11,10,6,6,0,7,3,3,3,,,,3,,,,,,,,,,,,,2,0,2,1,3,4,2,5,3,3,,,3,2,,3,3,3,3,0.10
Public Method,"org.apache.commons.math3.linear.OpenMapRealVector.mapAdd",,,,,,,,,,,,,,4,3,1,3,0,2,1,1,0,,,,0,,,,,,,,,,,,,2,0,1,1,1,1,1,1,1,1,,,0,0,,1,1,1,1,0.33
Public Method,"org.apache.commons.math3.linear.OpenMapRealVector.mapAddToSelf",,,,,,,,,,,,,,7,6,3,3,0,6,2,2,0,,,,0,,,,,,,,,,,,,3,0,1,1,2,4,2,4,2,1,,,0,1,,2,2,1,2,0.17
Public Method,"org.apache.commons.math3.linear.OpenMapRealVector.projection",,,,,,,,,,,,,,5,4,2,6,0,3,1,1,0,,,,0,,,,,,,,,,,,,2,0,1,1,1,2,1,2,1,1,,,0,0,,1,1,1,1,0.25
Public Method,"org.apache.commons.math3.linear.OpenMapRealVector.set",,,,,,,,,,,,,,6,5,2,1,0,5,2,2,0,,,,0,,,,,,,,,,,,,3,0,1,1,2,3,2,3,2,1,,,0,1,,2,2,1,2,0.20
Public Method,"org.apache.commons.math3.linear.OpenMapRealVector.setEntry",,,,,,,,,,,,,,9,8,5,5,0,6,3,3,1,,,,0,,,,,,,,,,,,,12,0,1,1,3,3,1,5,3,1,,,0,1,,3,3,1,3,0.12
Public Method,"org.apache.commons.math3.linear.OpenMapRealVector.setSubVector",,,,,,,,,,,,,,8,7,4,4,0,7,2,2,0,,,,0,,,,,,,,,,,,,3,0,1,1,2,5,2,5,2,1,,,0,1,,2,2,1,2,0.14
Public Method,"org.apache.commons.math3.linear.OpenMapRealVector.sparseIterator",,,,,,,,,,,,,,4,3,1,2,0,2,1,1,0,,,,0,,,,,,,,,,,,,0,0,1,1,1,1,1,1,1,1,,,0,0,,1,1,1,1,0.33
Public Method,"org.apache.commons.math3.linear.OpenMapRealVector.subtract",,,,,,,,,,,,,,23,15,11,13,0,11,3,3,1,,,,0,,,,,,,,,,,,,4,0,4,8,3,8,4,7,3,1,,,0,2,,3,3,1,3,0.53
Public Method,"org.apache.commons.math3.linear.OpenMapRealVector.subtract",,,,,,,,,,,,,,9,8,5,5,0,5,2,2,1,,,,0,,,,,,,,,,,,,2,0,1,1,2,3,1,4,2,1,,,0,1,,2,2,1,2,0.12
Public Method,"org.apache.commons.math3.linear.OpenMapRealVector.toArray",,,,,,,,,,,,,,10,9,6,6,0,7,2,2,0,,,,0,,,,,,,,,,,,,3,0,3,1,2,5,3,4,2,1,,,0,1,,2,2,1,2,0.11
Public Method,"org.apache.commons.math3.linear.OpenMapRealVector.unitVector",,,,,,,,,,,,,,6,5,3,3,0,4,1,1,0,,,,0,,,,,,,,,,,,,1,0,2,1,1,3,2,2,1,1,,,0,0,,1,1,1,1,0.20
Public Method,"org.apache.commons.math3.linear.OpenMapRealVector.unitize",,,,,,,,,,,,,,12,11,7,9,1,8,3,3,0,,,,0,,,,,,,,,,,,,4,0,3,1,4,5,3,5,3,1,,,0,1,,3,3,1,3,0.09
Public Abstract Class,"org.apache.commons.math3.linear.PreconditionedIterativeLinearSolver",1,1,0,8,9,,0,,8,16,0,0,8,191,68,22,,,30,,,,4,1,2,,1,1,15,7,1,2,1,,,0,9,1,,9,36,114,,18,12,18,,,4,4,,2,0,11,11,8,11,1.68
Public Constructor,"org.apache.commons.math3.linear.PreconditionedIterativeLinearSolver.PreconditionedIterativeLinearSolver",,,,,,,,,,,,,,8,3,1,2,0,2,1,1,0,,,,0,,,,,,,,,,,,,3,0,1,5,1,1,1,1,1,1,,,0,0,,1,1,1,1,1.67
Public Constructor,"org.apache.commons.math3.linear.PreconditionedIterativeLinearSolver.PreconditionedIterativeLinearSolver",,,,,,,,,,,,,,10,4,1,2,0,2,1,1,0,,,,0,,,,,,,,,,,,,3,0,2,6,1,1,1,1,1,1,,,0,0,,1,1,1,1,1.50
Protected Static Method,"org.apache.commons.math3.linear.PreconditionedIterativeLinearSolver.checkParameters",,,,,,,,,,,,,,33,16,8,5,1,7,4,4,0,,,,0,,,,,,,,,,,,,6,0,4,17,5,3,1,6,4,1,,,0,2,,4,4,1,4,1.06
Public Method,"org.apache.commons.math3.linear.PreconditionedIterativeLinearSolver.solve",,,,,,,,,,,,,,25,7,3,5,0,4,1,1,0,,,,0,,,,,,,,,,,,,16,0,4,18,1,3,2,2,1,1,,,0,0,,1,1,1,1,2.57
Public Method,"org.apache.commons.math3.linear.PreconditionedIterativeLinearSolver.solve",,,,,,,,,,,,,,9,8,4,6,0,5,1,1,0,,,,0,,,,,,,,,,,,,3,0,4,1,1,4,2,3,1,1,,,0,0,,1,1,1,1,0.12
Public Method,"org.apache.commons.math3.linear.PreconditionedIterativeLinearSolver.solve",,,,,,,,,,,,,,26,7,2,4,0,3,1,1,0,,,,0,,,,,,,,,,,,,4,0,4,19,1,2,1,2,1,1,,,0,0,,1,1,1,1,2.71
Public Method,"org.apache.commons.math3.linear.PreconditionedIterativeLinearSolver.solve",,,,,,,,,,,,,,8,7,2,4,0,3,1,1,0,,,,0,,,,,,,,,,,,,3,0,4,1,1,2,1,2,1,1,,,0,0,,1,1,1,1,0.14
Public Abstract Method,"org.apache.commons.math3.linear.PreconditionedIterativeLinearSolver.solveInPlace",,,,,,,,,,,,,,24,4,0,1,0,1,0,0,0,,,,0,,,,,,,,,,,,,5,0,4,20,0,1,1,0,0,0,,,0,0,,0,0,0,0,5.00
Public Method,"org.apache.commons.math3.linear.PreconditionedIterativeLinearSolver.solveInPlace",,,,,,,,,,,,,,7,6,1,2,0,2,1,1,0,,,,0,,,,,,,,,,,,,3,0,4,1,1,1,1,1,1,1,,,0,0,,1,1,1,1,0.17
Public Class,"org.apache.commons.math3.linear.QRDecomposition",4,1,2,12,6,,0,,7,7,0,0,7,427,235,152,,,237,,,,8,1,1,,4,4,29,15,1,0,0,,,7,7,0,,46,80,147,,180,108,129,,,8,8,,5,59,28,28,7,28,0.63
Public Constructor,"org.apache.commons.math3.linear.QRDecomposition.QRDecomposition",,,,,,,,,,,,,,11,3,1,2,0,2,1,1,0,,,,0,,,,,,,,,,,,,18,0,1,8,1,1,1,1,1,1,,,0,0,,1,1,1,1,2.67
Public Constructor,"org.apache.commons.math3.linear.QRDecomposition.QRDecomposition",,,,,,,,,,,,,,83,36,27,14,1,38,8,8,0,,,,0,,,,,,,,,,,,,5,8,10,40,13,31,14,24,8,1,,,0,4,,8,8,1,8,1.11
Private Static Class,"org.apache.commons.math3.linear.QRDecomposition.Solver",5,1,3,3,9,,0,,5,5,0,1,4,166,121,82,,,124,,,,14,3,1,,5,5,29,23,2,0,0,,,3,5,0,,20,45,25,,95,60,64,,,14,14,,4,33,27,27,7,27,0.21
Private Constructor,"org.apache.commons.math3.linear.QRDecomposition.Solver.Solver",,,,,,,,,,,,,,14,7,3,4,0,4,1,1,0,,,,0,,,,,,,,,,,,,4,0,3,7,1,3,1,3,1,1,,,0,0,,1,1,1,1,1.00
Public Method,"org.apache.commons.math3.linear.QRDecomposition.Solver.getInverse",,,,,,,,,,,,,,4,3,1,3,0,2,1,1,0,,,,0,,,,,,,,,,,,,2,0,1,1,1,1,1,1,1,1,,,0,0,,1,1,1,1,0.33
Public Method,"org.apache.commons.math3.linear.QRDecomposition.Solver.isNonSingular",,,,,,,,,,,,,,9,8,4,2,0,6,3,3,3,,,,3,,,,,,,,,,,,,4,0,1,1,3,2,2,4,3,3,,,3,2,,3,3,3,3,0.12
Public Method,"org.apache.commons.math3.linear.QRDecomposition.Solver.solve",,,,,,,,,,,,,,42,33,24,8,2,35,8,8,0,,,,0,,,,,,,,,,,,,4,6,9,3,60,27,14,21,8,1,,,0,2,,8,8,1,8,0.09
Public Method,"org.apache.commons.math3.linear.QRDecomposition.Solver.solve",,,,,,,,,,,,,,78,65,50,11,3,73,14,14,0,,,,0,,,,,,,,,,,,,6,9,27,4,536,59,38,35,14,1,,,0,4,,14,14,1,14,0.06
Public Method,"org.apache.commons.math3.linear.QRDecomposition.getH",,,,,,,,,,,,,,24,14,9,4,1,14,4,4,0,,,,0,,,,,,,,,,,,,6,2,4,8,4,10,6,8,4,1,,,0,3,,4,4,1,4,0.57
Public Method,"org.apache.commons.math3.linear.QRDecomposition.getQ",,,,,,,,,,,,,,11,6,3,4,0,4,2,2,0,,,,0,,,,,,,,,,,,,6,0,1,5,2,2,1,3,2,1,,,0,1,,2,2,1,2,0.83
Public Method,"org.apache.commons.math3.linear.QRDecomposition.getQT",,,,,,,,,,,,,,45,28,19,4,1,30,8,8,0,,,,0,,,,,,,,,,,,,7,5,6,12,15,22,11,19,8,1,,,0,5,,8,8,1,8,0.43
Public Method,"org.apache.commons.math3.linear.QRDecomposition.getR",,,,,,,,,,,,,,26,15,10,4,1,15,4,4,0,,,,0,,,,,,,,,,,,,10,3,4,8,4,11,6,9,4,1,,,0,3,,4,4,1,4,0.53
Public Method,"org.apache.commons.math3.linear.QRDecomposition.getSolver",,,,,,,,,,,,,,7,3,1,2,0,2,1,1,0,,,,0,,,,,,,,,,,,,14,0,1,4,1,1,1,1,1,1,,,0,0,,1,1,1,1,1.33
Public Class,"org.apache.commons.math3.linear.QRDecompositionTest",1,1,2,0,7,,2,,13,13,0,6,7,237,179,133,,,120,,,,1,1,1,,1,1,14,11,1,0,0,,,4,13,0,,50,81,8,,101,59,61,,,1,1,,0,70,13,13,13,13,0.04
Private Method,"org.apache.commons.math3.linear.QRDecompositionTest.checkAEqualQR",,,,,,,,,,,,,,5,5,3,7,0,4,1,1,0,,,,0,,,,,,,,,,,,,3,0,3,0,1,3,3,1,1,1,,,0,0,,1,1,1,1,0.00
Private Method,"org.apache.commons.math3.linear.QRDecompositionTest.checkDimension",,,,,,,,,,,,,,9,9,7,6,0,8,1,1,0,,,,0,,,,,,,,,,,,,2,0,4,0,1,7,4,4,1,1,,,0,0,,1,1,1,1,0.00
Private Method,"org.apache.commons.math3.linear.QRDecompositionTest.checkQOrthogonal",,,,,,,,,,,,,,6,6,4,9,0,5,1,1,0,,,,0,,,,,,,,,,,,,3,0,4,0,1,4,4,1,1,1,,,0,0,,1,1,1,1,0.00
Private Method,"org.apache.commons.math3.linear.QRDecompositionTest.checkTrapezoidal",,,,,,,,,,,,,,10,10,6,1,0,5,1,1,0,,,,0,,,,,,,,,,,,,2,0,1,0,1,2,2,3,1,1,,,0,0,,1,1,1,1,0.00
Anonymous Class,"org.apache.commons.math3.linear.QRDecompositionTest.checkTrapezoidal.(Anon_2)",2,1,0,0,1,,0,,1,4,0,0,1,7,7,5,,,3,,,,2,1,2,,2,2,5,5,1,0,0,,,0,1,0,,0,0,0,,1,1,2,,,2,2,,1,0,2,2,1,2,0.00
Public Method,"org.apache.commons.math3.linear.QRDecompositionTest.checkTrapezoidal.(Anon_2).visit",,,,,,,,,,,,,,5,5,3,1,0,3,2,2,0,,,,0,,,,,,,,,,,,,4,0,0,0,2,1,1,2,2,1,,,0,1,,2,2,1,2,0.00
Private Method,"org.apache.commons.math3.linear.QRDecompositionTest.checkUpperTriangular",,,,,,,,,,,,,,10,10,6,1,0,5,1,1,0,,,,0,,,,,,,,,,,,,2,0,1,0,1,2,2,3,1,1,,,0,0,,1,1,1,1,0.00
Anonymous Class,"org.apache.commons.math3.linear.QRDecompositionTest.checkUpperTriangular.(Anon_1)",2,1,0,0,1,,0,,1,4,0,0,1,7,7,5,,,3,,,,2,1,2,,2,2,5,5,1,0,0,,,0,1,0,,0,0,0,,1,1,2,,,2,2,,1,0,2,2,1,2,0.00
Public Method,"org.apache.commons.math3.linear.QRDecompositionTest.checkUpperTriangular.(Anon_1).visit",,,,,,,,,,,,,,5,5,3,1,0,3,2,2,0,,,,0,,,,,,,,,,,,,4,0,0,0,2,1,1,2,2,1,,,0,1,,2,2,1,2,0.00
Private Method,"org.apache.commons.math3.linear.QRDecompositionTest.createTestMatrix",,,,,,,,,,,,,,10,10,7,3,0,6,1,1,0,,,,0,,,,,,,,,,,,,7,0,2,0,1,4,3,3,1,1,,,0,0,,1,1,1,1,0.00
Anonymous Class,"org.apache.commons.math3.linear.QRDecompositionTest.createTestMatrix.(Anon_3)",1,1,0,0,1,,0,,1,4,0,0,1,5,5,4,,,2,,,,1,1,2,,1,1,3,3,1,0,0,,,0,1,0,,0,0,0,,1,1,1,,,1,1,,0,0,1,1,1,1,0.00
Public Method,"org.apache.commons.math3.linear.QRDecompositionTest.createTestMatrix.(Anon_3).visit",,,,,,,,,,,,,,3,3,2,2,0,2,1,1,0,,,,0,,,,,,,,,,,,,1,0,0,0,1,1,1,1,1,1,,,0,0,,1,1,1,1,0.00
Public Method,"org.apache.commons.math3.linear.QRDecompositionTest.testAEqualQR",,,,,,,,,,,,,,18,11,9,3,0,10,1,1,0,,,,0,,,,,,,,,,,,,5,6,4,1,1,9,4,6,1,1,,,0,0,,1,1,1,1,0.09
Public Method,"org.apache.commons.math3.linear.QRDecompositionTest.testDimensions",,,,,,,,,,,,,,15,10,8,3,0,9,1,1,0,,,,0,,,,,,,,,,,,,4,4,4,1,1,8,4,5,1,1,,,0,0,,1,1,1,1,0.10
Public Method,"org.apache.commons.math3.linear.QRDecompositionTest.testHTrapezoidal",,,,,,,,,,,,,,24,17,15,5,0,16,1,1,0,,,,0,,,,,,,,,,,,,5,6,5,1,1,15,5,11,1,1,,,0,0,,1,1,1,1,0.06
Public Method,"org.apache.commons.math3.linear.QRDecompositionTest.testMatricesValues",,,,,,,,,,,,,,36,30,27,11,0,16,1,1,0,,,,0,,,,,,,,,,,,,1,3,13,3,1,15,9,7,1,1,,,0,0,,1,1,1,1,0.10
Public Method,"org.apache.commons.math3.linear.QRDecompositionTest.testNonInvertible",,,,,,,,,,,,,,6,5,2,4,0,3,1,1,0,,,,0,,,,,,,,,,,,,1,1,4,0,1,2,3,0,1,1,,,0,0,,1,1,1,1,0.00
Public Method,"org.apache.commons.math3.linear.QRDecompositionTest.testQOrthogonal",,,,,,,,,,,,,,18,11,9,3,0,10,1,1,0,,,,0,,,,,,,,,,,,,5,6,4,1,1,9,4,6,1,1,,,0,0,,1,1,1,1,0.09
Public Method,"org.apache.commons.math3.linear.QRDecompositionTest.testRUpperTriangular",,,,,,,,,,,,,,24,17,15,5,0,16,1,1,0,,,,0,,,,,,,,,,,,,5,6,5,1,1,15,5,11,1,1,,,0,0,,1,1,1,1,0.06
Public Class,"org.apache.commons.math3.linear.QRSolverTest",1,1,1,2,11,,0,,7,7,0,1,6,170,132,89,,,80,,,,3,1,1,,1,1,18,14,1,0,0,,,4,7,0,,23,72,15,,64,46,34,,,3,3,,1,75,13,13,7,13,0.11
Private Method,"org.apache.commons.math3.linear.QRSolverTest.createTestMatrix",,,,,,,,,,,,,,10,10,7,3,0,6,1,1,0,,,,0,,,,,,,,,,,,,4,0,2,0,1,4,3,3,1,1,,,0,0,,1,1,1,1,0.00
Anonymous Class,"org.apache.commons.math3.linear.QRSolverTest.createTestMatrix.(Anon_2)",1,1,0,0,1,,0,,1,4,0,0,1,5,5,4,,,2,,,,1,1,2,,1,1,3,3,1,0,0,,,0,1,0,,0,0,0,,1,1,1,,,1,1,,0,0,1,1,1,1,0.00
Public Method,"org.apache.commons.math3.linear.QRSolverTest.createTestMatrix.(Anon_2).visit",,,,,,,,,,,,,,3,3,2,2,0,2,1,1,0,,,,0,,,,,,,,,,,,,1,0,0,0,1,1,1,1,1,1,,,0,0,,1,1,1,1,0.00
Public Method,"org.apache.commons.math3.linear.QRSolverTest.testOverdetermined",,,,,,,,,,,,,,22,17,14,9,0,13,1,1,0,,,,0,,,,,,,,,,,,,1,3,9,2,1,11,10,3,1,1,,,0,0,,1,1,1,1,0.12
Anonymous Class,"org.apache.commons.math3.linear.QRSolverTest.testOverdetermined.(Anon_1)",1,1,0,0,1,,0,,1,4,0,0,1,5,5,4,,,2,,,,1,1,2,,1,1,3,3,1,0,0,,,0,1,0,,0,0,0,,1,1,1,,,1,1,,0,0,1,1,1,1,0.00
Public Method,"org.apache.commons.math3.linear.QRSolverTest.testOverdetermined.(Anon_1).visit",,,,,,,,,,,,,,3,3,2,2,0,2,1,1,0,,,,0,,,,,,,,,,,,,1,0,0,0,1,1,1,1,1,1,,,0,0,,1,1,1,1,0.00
Public Method,"org.apache.commons.math3.linear.QRSolverTest.testRank",,,,,,,,,,,,,,16,11,8,6,0,9,1,1,0,,,,0,,,,,,,,,,,,,4,4,3,1,1,8,2,7,1,1,,,0,0,,1,1,1,1,0.09
Public Method,"org.apache.commons.math3.linear.QRSolverTest.testSolve",,,,,,,,,,,,,,32,24,18,13,1,19,3,3,0,,,,0,,,,,,,,,,,,,1,4,14,4,4,16,12,7,3,1,,,0,1,,3,3,1,3,0.17
Public Method,"org.apache.commons.math3.linear.QRSolverTest.testSolveDimensionErrors",,,,,,,,,,,,,,18,15,10,7,1,9,3,3,2,,,,0,,,,,,,,,,,,,1,0,4,3,4,6,3,6,3,1,,,0,1,,3,3,1,3,0.20
Public Method,"org.apache.commons.math3.linear.QRSolverTest.testSolveRankErrors",,,,,,,,,,,,,,18,15,10,7,1,9,3,3,2,,,,0,,,,,,,,,,,,,1,0,4,3,4,6,3,6,3,1,,,0,1,,3,3,1,3,0.20
Public Method,"org.apache.commons.math3.linear.QRSolverTest.testUnderdetermined",,,,,,,,,,,,,,15,11,9,11,0,10,1,1,0,,,,0,,,,,,,,,,,,,1,2,8,2,1,9,8,2,1,1,,,0,0,,1,1,1,1,0.18
Public Abstract Class,"org.apache.commons.math3.linear.RealLinearOperator",1,1,0,11,2,,0,,5,5,0,0,5,88,12,2,,,8,,,,1,1,1,,1,1,15,3,1,14,0,,,0,5,0,,4,7,72,,5,6,2,,,1,1,,0,0,2,2,2,2,6.00
Public Abstract Method,"org.apache.commons.math3.linear.RealLinearOperator.getColumnDimension",,,,,,,,,,,,,,6,1,0,1,0,1,0,0,0,,,,0,,,,,,,,,,,,,10,0,1,5,0,1,1,0,0,0,,,0,0,,0,0,0,0,5.00
Public Abstract Method,"org.apache.commons.math3.linear.RealLinearOperator.getRowDimension",,,,,,,,,,,,,,6,1,0,1,0,1,0,0,0,,,,0,,,,,,,,,,,,,4,0,1,5,0,1,1,0,0,0,,,0,0,,0,0,0,0,5.00
Public Method,"org.apache.commons.math3.linear.RealLinearOperator.isTransposable",,,,,,,,,,,,,,12,3,1,1,0,2,1,1,0,,,,0,,,,,,,,,,,,,0,0,1,9,1,1,1,1,1,1,,,0,0,,1,1,1,1,3.00
Public Abstract Method,"org.apache.commons.math3.linear.RealLinearOperator.operate",,,,,,,,,,,,,,9,1,0,1,0,1,0,0,0,,,,0,,,,,,,,,,,,,12,0,1,8,0,1,1,0,0,0,,,0,0,,0,0,0,0,8.00
Public Method,"org.apache.commons.math3.linear.RealLinearOperator.operateTranspose",,,,,,,,,,,,,,18,4,1,1,0,2,1,1,0,,,,0,,,,,,,,,,,,,0,0,2,14,1,1,1,1,1,1,,,0,0,,1,1,1,1,3.50
Public Interface,"org.apache.commons.math3.linear.RealMatrix",0,0,0,0,7,,0,,51,54,51,0,0,752,61,0,,,52,,,,0,0,1,,0,0,0,0,1,2,0,,,0,51,0,,49,60,642,,51,52,0,,,0,0,,0,0,0,0,0,0,10.52
Abstract Method,"org.apache.commons.math3.linear.RealMatrix.add",,,,,,,,,,,,,,8,1,0,1,0,1,0,0,0,,,,0,,,,,,,,,,,,,11,0,1,7,0,1,1,0,0,0,,,0,0,,0,0,0,0,7.00
Abstract Method,"org.apache.commons.math3.linear.RealMatrix.addToEntry",,,,,,,,,,,,,,12,1,0,0,0,1,0,0,0,,,,0,,,,,,,,,,,,,0,0,1,11,0,1,1,0,0,0,,,0,0,,0,0,0,0,11.00
Abstract Method,"org.apache.commons.math3.linear.RealMatrix.copy",,,,,,,,,,,,,,6,1,0,1,0,1,0,0,0,,,,0,,,,,,,,,,,,,9,0,1,5,0,1,1,0,0,0,,,0,0,,0,0,0,0,5.00
Abstract Method,"org.apache.commons.math3.linear.RealMatrix.copySubMatrix",,,,,,,,,,,,,,16,2,0,0,0,1,0,0,0,,,,0,,,,,,,,,,,,,3,0,2,14,0,1,1,0,0,0,,,0,0,,0,0,0,0,7.00
Abstract Method,"org.apache.commons.math3.linear.RealMatrix.copySubMatrix",,,,,,,,,,,,,,13,1,0,0,0,1,0,0,0,,,,0,,,,,,,,,,,,,2,0,1,12,0,1,1,0,0,0,,,0,0,,0,0,0,0,12.00
Abstract Method,"org.apache.commons.math3.linear.RealMatrix.createMatrix",,,,,,,,,,,,,,12,1,0,1,0,1,0,0,0,,,,0,,,,,,,,,,,,,0,0,1,11,0,1,1,0,0,0,,,0,0,,0,0,0,0,11.00
Abstract Method,"org.apache.commons.math3.linear.RealMatrix.getColumn",,,,,,,,,,,,,,10,1,0,1,0,1,0,0,0,,,,0,,,,,,,,,,,,,27,0,1,9,0,1,1,0,0,0,,,0,0,,0,0,0,0,9.00
Abstract Method,"org.apache.commons.math3.linear.RealMatrix.getColumnMatrix",,,,,,,,,,,,,,10,1,0,1,0,1,0,0,0,,,,0,,,,,,,,,,,,,8,0,1,9,0,1,1,0,0,0,,,0,0,,0,0,0,0,9.00
Abstract Method,"org.apache.commons.math3.linear.RealMatrix.getColumnVector",,,,,,,,,,,,,,10,1,0,1,0,1,0,0,0,,,,0,,,,,,,,,,,,,19,0,1,9,0,1,1,0,0,0,,,0,0,,0,0,0,0,9.00
Abstract Method,"org.apache.commons.math3.linear.RealMatrix.getData",,,,,,,,,,,,,,6,1,0,1,0,1,0,0,0,,,,0,,,,,,,,,,,,,32,0,1,5,0,1,1,0,0,0,,,0,0,,0,0,0,0,5.00
Abstract Method,"org.apache.commons.math3.linear.RealMatrix.getEntry",,,,,,,,,,,,,,11,1,0,1,0,1,0,0,0,,,,0,,,,,,,,,,,,,91,0,1,10,0,1,1,0,0,0,,,0,0,,0,0,0,0,10.00
Abstract Method,"org.apache.commons.math3.linear.RealMatrix.getFrobeniusNorm",,,,,,,,,,,,,,7,1,0,1,0,1,0,0,0,,,,0,,,,,,,,,,,,,2,0,1,6,0,1,1,0,0,0,,,0,0,,0,0,0,0,6.00
Abstract Method,"org.apache.commons.math3.linear.RealMatrix.getNorm",,,,,,,,,,,,,,7,1,0,1,0,1,0,0,0,,,,0,,,,,,,,,,,,,50,0,1,6,0,1,1,0,0,0,,,0,0,,0,0,0,0,6.00
Abstract Method,"org.apache.commons.math3.linear.RealMatrix.getRow",,,,,,,,,,,,,,10,1,0,1,0,1,0,0,0,,,,0,,,,,,,,,,,,,13,0,1,9,0,1,1,0,0,0,,,0,0,,0,0,0,0,9.00
Abstract Method,"org.apache.commons.math3.linear.RealMatrix.getRowMatrix",,,,,,,,,,,,,,10,1,0,1,0,1,0,0,0,,,,0,,,,,,,,,,,,,8,0,1,9,0,1,1,0,0,0,,,0,0,,0,0,0,0,9.00
Abstract Method,"org.apache.commons.math3.linear.RealMatrix.getRowVector",,,,,,,,,,,,,,10,1,0,1,0,1,0,0,0,,,,0,,,,,,,,,,,,,7,0,1,9,0,1,1,0,0,0,,,0,0,,0,0,0,0,9.00
Abstract Method,"org.apache.commons.math3.linear.RealMatrix.getSubMatrix",,,,,,,,,,,,,,14,1,0,1,0,1,0,0,0,,,,0,,,,,,,,,,,,,7,0,1,13,0,1,1,0,0,0,,,0,0,,0,0,0,0,13.00
Abstract Method,"org.apache.commons.math3.linear.RealMatrix.getSubMatrix",,,,,,,,,,,,,,12,1,0,1,0,1,0,0,0,,,,0,,,,,,,,,,,,,3,0,1,11,0,1,1,0,0,0,,,0,0,,0,0,0,0,11.00
Abstract Method,"org.apache.commons.math3.linear.RealMatrix.getTrace",,,,,,,,,,,,,,9,1,0,1,0,1,0,0,0,,,,0,,,,,,,,,,,,,3,0,1,8,0,1,1,0,0,0,,,0,0,,0,0,0,0,8.00
Abstract Method,"org.apache.commons.math3.linear.RealMatrix.multiply",,,,,,,,,,,,,,9,1,0,1,0,1,0,0,0,,,,0,,,,,,,,,,,,,54,0,1,8,0,1,1,0,0,0,,,0,0,,0,0,0,0,8.00
Abstract Method,"org.apache.commons.math3.linear.RealMatrix.multiplyEntry",,,,,,,,,,,,,,12,1,0,0,0,1,0,0,0,,,,0,,,,,,,,,,,,,0,0,1,11,0,1,1,0,0,0,,,0,0,,0,0,0,0,11.00
Abstract Method,"org.apache.commons.math3.linear.RealMatrix.operate",,,,,,,,,,,,,,8,1,0,1,0,1,0,0,0,,,,0,,,,,,,,,,,,,15,0,1,7,0,1,1,0,0,0,,,0,0,,0,0,0,0,7.00
Abstract Method,"org.apache.commons.math3.linear.RealMatrix.operate",,,,,,,,,,,,,,8,1,0,1,0,1,0,0,0,,,,0,,,,,,,,,,,,,15,0,1,7,0,1,1,0,0,0,,,0,0,,0,0,0,0,7.00
Abstract Method,"org.apache.commons.math3.linear.RealMatrix.power",,,,,,,,,,,,,,9,1,0,1,0,1,0,0,0,,,,0,,,,,,,,,,,,,1,0,1,8,0,1,1,0,0,0,,,0,0,,0,0,0,0,8.00
Abstract Method,"org.apache.commons.math3.linear.RealMatrix.preMultiply",,,,,,,,,,,,,,8,1,0,1,0,1,0,0,0,,,,0,,,,,,,,,,,,,3,0,1,7,0,1,1,0,0,0,,,0,0,,0,0,0,0,7.00
Abstract Method,"org.apache.commons.math3.linear.RealMatrix.preMultiply",,,,,,,,,,,,,,8,1,0,1,0,1,0,0,0,,,,0,,,,,,,,,,,,,4,0,1,7,0,1,1,0,0,0,,,0,0,,0,0,0,0,7.00
Abstract Method,"org.apache.commons.math3.linear.RealMatrix.preMultiply",,,,,,,,,,,,,,8,1,0,1,0,1,0,0,0,,,,0,,,,,,,,,,,,,0,0,1,7,0,1,1,0,0,0,,,0,0,,0,0,0,0,7.00
Abstract Method,"org.apache.commons.math3.linear.RealMatrix.scalarAdd",,,,,,,,,,,,,,7,1,0,1,0,1,0,0,0,,,,0,,,,,,,,,,,,,4,0,1,6,0,1,1,0,0,0,,,0,0,,0,0,0,0,6.00
Abstract Method,"org.apache.commons.math3.linear.RealMatrix.scalarMultiply",,,,,,,,,,,,,,7,1,0,1,0,1,0,0,0,,,,0,,,,,,,,,,,,,8,0,1,6,0,1,1,0,0,0,,,0,0,,0,0,0,0,6.00
Abstract Method,"org.apache.commons.math3.linear.RealMatrix.setColumn",,,,,,,,,,,,,,13,1,0,0,0,1,0,0,0,,,,0,,,,,,,,,,,,,5,0,1,12,0,1,1,0,0,0,,,0,0,,0,0,0,0,12.00
Abstract Method,"org.apache.commons.math3.linear.RealMatrix.setColumnMatrix",,,,,,,,,,,,,,13,1,0,0,0,1,0,0,0,,,,0,,,,,,,,,,,,,4,0,1,12,0,1,1,0,0,0,,,0,0,,0,0,0,0,12.00
Abstract Method,"org.apache.commons.math3.linear.RealMatrix.setColumnVector",,,,,,,,,,,,,,13,1,0,0,0,1,0,0,0,,,,0,,,,,,,,,,,,,4,0,1,12,0,1,1,0,0,0,,,0,0,,0,0,0,0,12.00
Abstract Method,"org.apache.commons.math3.linear.RealMatrix.setEntry",,,,,,,,,,,,,,12,1,0,0,0,1,0,0,0,,,,0,,,,,,,,,,,,,35,0,1,11,0,1,1,0,0,0,,,0,0,,0,0,0,0,11.00
Abstract Method,"org.apache.commons.math3.linear.RealMatrix.setRow",,,,,,,,,,,,,,13,1,0,0,0,1,0,0,0,,,,0,,,,,,,,,,,,,3,0,1,12,0,1,1,0,0,0,,,0,0,,0,0,0,0,12.00
Abstract Method,"org.apache.commons.math3.linear.RealMatrix.setRowMatrix",,,,,,,,,,,,,,13,1,0,0,0,1,0,0,0,,,,0,,,,,,,,,,,,,3,0,1,12,0,1,1,0,0,0,,,0,0,,0,0,0,0,12.00
Abstract Method,"org.apache.commons.math3.linear.RealMatrix.setRowVector",,,,,,,,,,,,,,13,1,0,0,0,1,0,0,0,,,,0,,,,,,,,,,,,,5,0,1,12,0,1,1,0,0,0,,,0,0,,0,0,0,0,12.00
Abstract Method,"org.apache.commons.math3.linear.RealMatrix.setSubMatrix",,,,,,,,,,,,,,30,2,0,0,0,1,0,0,0,,,,0,,,,,,,,,,,,,1,0,2,28,0,1,1,0,0,0,,,0,0,,0,0,0,0,14.00
Abstract Method,"org.apache.commons.math3.linear.RealMatrix.subtract",,,,,,,,,,,,,,8,1,0,1,0,1,0,0,0,,,,0,,,,,,,,,,,,,53,0,1,7,0,1,1,0,0,0,,,0,0,,0,0,0,0,7.00
Abstract Method,"org.apache.commons.math3.linear.RealMatrix.transpose",,,,,,,,,,,,,,6,1,0,1,0,1,0,0,0,,,,0,,,,,,,,,,,,,48,0,1,5,0,1,1,0,0,0,,,0,0,,0,0,0,0,5.00
Abstract Method,"org.apache.commons.math3.linear.RealMatrix.walkInColumnOrder",,,,,,,,,,,,,,21,1,0,1,0,1,0,0,0,,,,0,,,,,,,,,,,,,2,0,1,20,0,1,1,0,0,0,,,0,0,,0,0,0,0,20.00
Abstract Method,"org.apache.commons.math3.linear.RealMatrix.walkInColumnOrder",,,,,,,,,,,,,,21,1,0,1,0,1,0,0,0,,,,0,,,,,,,,,,,,,2,0,1,20,0,1,1,0,0,0,,,0,0,,0,0,0,0,20.00
Abstract Method,"org.apache.commons.math3.linear.RealMatrix.walkInColumnOrder",,,,,,,,,,,,,,28,2,0,1,0,1,0,0,0,,,,0,,,,,,,,,,,,,2,0,2,26,0,1,1,0,0,0,,,0,0,,0,0,0,0,13.00
Abstract Method,"org.apache.commons.math3.linear.RealMatrix.walkInColumnOrder",,,,,,,,,,,,,,28,2,0,1,0,1,0,0,0,,,,0,,,,,,,,,,,,,2,0,2,26,0,1,1,0,0,0,,,0,0,,0,0,0,0,13.00
Abstract Method,"org.apache.commons.math3.linear.RealMatrix.walkInOptimizedOrder",,,,,,,,,,,,,,20,1,0,1,0,1,0,0,0,,,,0,,,,,,,,,,,,,7,0,1,19,0,1,1,0,0,0,,,0,0,,0,0,0,0,19.00
Abstract Method,"org.apache.commons.math3.linear.RealMatrix.walkInOptimizedOrder",,,,,,,,,,,,,,20,1,0,1,0,1,0,0,0,,,,0,,,,,,,,,,,,,4,0,1,19,0,1,1,0,0,0,,,0,0,,0,0,0,0,19.00
Abstract Method,"org.apache.commons.math3.linear.RealMatrix.walkInOptimizedOrder",,,,,,,,,,,,,,27,2,0,1,0,1,0,0,0,,,,0,,,,,,,,,,,,,2,0,2,25,0,1,1,0,0,0,,,0,0,,0,0,0,0,12.50
Abstract Method,"org.apache.commons.math3.linear.RealMatrix.walkInOptimizedOrder",,,,,,,,,,,,,,27,2,0,1,0,1,0,0,0,,,,0,,,,,,,,,,,,,3,0,2,25,0,1,1,0,0,0,,,0,0,,0,0,0,0,12.50
Abstract Method,"org.apache.commons.math3.linear.RealMatrix.walkInRowOrder",,,,,,,,,,,,,,21,1,0,1,0,1,0,0,0,,,,0,,,,,,,,,,,,,2,0,1,20,0,1,1,0,0,0,,,0,0,,0,0,0,0,20.00
Abstract Method,"org.apache.commons.math3.linear.RealMatrix.walkInRowOrder",,,,,,,,,,,,,,21,1,0,1,0,1,0,0,0,,,,0,,,,,,,,,,,,,2,0,1,20,0,1,1,0,0,0,,,0,0,,0,0,0,0,20.00
Abstract Method,"org.apache.commons.math3.linear.RealMatrix.walkInRowOrder",,,,,,,,,,,,,,28,2,0,1,0,1,0,0,0,,,,0,,,,,,,,,,,,,2,0,2,26,0,1,1,0,0,0,,,0,0,,0,0,0,0,13.00
Abstract Method,"org.apache.commons.math3.linear.RealMatrix.walkInRowOrder",,,,,,,,,,,,,,28,2,0,1,0,1,0,0,0,,,,0,,,,,,,,,,,,,2,0,2,26,0,1,1,0,0,0,,,0,0,,0,0,0,0,13.00
Public Interface,"org.apache.commons.math3.linear.RealMatrixChangingVisitor",0,0,0,0,0,,0,,3,3,3,0,0,30,6,0,,,4,,,,0,0,0,,0,0,0,0,0,1,0,,,0,3,0,,2,5,22,,3,4,0,,,0,0,,0,0,0,0,0,0,3.67
Abstract Method,"org.apache.commons.math3.linear.RealMatrixChangingVisitor.end",,,,,,,,,,,,,,6,1,0,1,0,1,0,0,0,,,,0,,,,,,,,,,,,,12,0,1,5,0,1,1,0,0,0,,,0,0,,0,0,0,0,5.00
Abstract Method,"org.apache.commons.math3.linear.RealMatrixChangingVisitor.start",,,,,,,,,,,,,,12,2,0,0,0,1,0,0,0,,,,0,,,,,,,,,,,,,12,0,2,10,0,1,1,0,0,0,,,0,0,,0,0,0,0,5.00
Abstract Method,"org.apache.commons.math3.linear.RealMatrixChangingVisitor.visit",,,,,,,,,,,,,,8,1,0,1,0,1,0,0,0,,,,0,,,,,,,,,,,,,12,0,1,7,0,1,1,0,0,0,,,0,0,,0,0,0,0,7.00
Public Interface,"org.apache.commons.math3.linear.RealMatrixPreservingVisitor",0,0,0,0,0,,0,,3,3,3,0,0,29,6,0,,,4,,,,0,0,0,,0,0,0,0,0,4,0,,,0,3,0,,2,5,21,,3,4,0,,,0,0,,0,0,0,0,0,0,3.50
Abstract Method,"org.apache.commons.math3.linear.RealMatrixPreservingVisitor.end",,,,,,,,,,,,,,6,1,0,1,0,1,0,0,0,,,,0,,,,,,,,,,,,,12,0,1,5,0,1,1,0,0,0,,,0,0,,0,0,0,0,5.00
Abstract Method,"org.apache.commons.math3.linear.RealMatrixPreservingVisitor.start",,,,,,,,,,,,,,12,2,0,0,0,1,0,0,0,,,,0,,,,,,,,,,,,,12,0,2,10,0,1,1,0,0,0,,,0,0,,0,0,0,0,5.00
Abstract Method,"org.apache.commons.math3.linear.RealMatrixPreservingVisitor.visit",,,,,,,,,,,,,,7,1,0,0,0,1,0,0,0,,,,0,,,,,,,,,,,,,12,0,1,6,0,1,1,0,0,0,,,0,0,,0,0,0,0,6.00
Public Abstract Class,"org.apache.commons.math3.linear.RealVector",1,1,1,10,16,,0,,50,51,0,0,48,1239,549,346,,,362,,,,4,1,1,,1,1,24,12,1,6,1,,,0,51,3,,122,130,568,,228,191,171,,,4,5,,2,0,65,68,38,65,1.03
Protected Class,"org.apache.commons.math3.linear.RealVector.Entry",1,1,0,4,1,,0,,5,5,0,0,5,48,18,5,,,12,,,,1,1,1,,1,1,7,3,1,3,0,,,1,5,0,,5,7,25,,6,7,5,,,1,1,,0,60,5,5,5,5,1.39
Public Constructor,"org.apache.commons.math3.linear.RealVector.Entry.Entry",,,,,,,,,,,,,,4,3,1,2,0,2,1,1,0,,,,0,,,,,,,,,,,,,1,0,1,1,1,1,1,1,1,1,,,0,0,,1,1,1,1,0.33
Public Method,"org.apache.commons.math3.linear.RealVector.Entry.getIndex",,,,,,,,,,,,,,8,3,1,1,0,2,1,1,0,,,,0,,,,,,,,,,,,,21,0,1,5,1,1,1,1,1,1,,,0,0,,1,1,1,1,1.67
Public Method,"org.apache.commons.math3.linear.RealVector.Entry.getValue",,,,,,,,,,,,,,8,3,1,3,0,2,1,1,0,,,,0,,,,,,,,,,,,,22,0,1,5,1,1,1,1,1,1,,,0,0,,1,1,1,1,1.67
Public Method,"org.apache.commons.math3.linear.RealVector.Entry.setIndex",,,,,,,,,,,,,,8,3,1,1,0,2,1,1,0,,,,0,,,,,,,,,,,,,10,0,1,5,1,1,1,1,1,1,,,0,0,,1,1,1,1,1.67
Public Method,"org.apache.commons.math3.linear.RealVector.Entry.setValue",,,,,,,,,,,,,,8,3,1,2,0,2,1,1,0,,,,0,,,,,,,,,,,,,5,0,1,5,1,1,1,1,1,1,,,0,0,,1,1,1,1,1.67
Protected Class,"org.apache.commons.math3.linear.RealVector.SparseEntryIterator",2,1,0,1,3,,0,,5,5,0,0,3,69,39,20,,,28,,,,4,1,1,,2,2,8,6,2,0,0,,,3,5,2,,5,10,25,,18,10,18,,,4,5,,1,53,10,11,5,10,0.64
Protected Constructor,"org.apache.commons.math3.linear.RealVector.SparseEntryIterator.SparseEntryIterator",,,,,,,,,,,,,,9,8,5,8,0,6,2,2,0,,,,0,,,,,,,,,,,,,2,0,1,1,2,4,1,5,2,1,,,0,1,,2,2,1,2,0.12
Protected Method,"org.apache.commons.math3.linear.RealVector.SparseEntryIterator.advance",,,,,,,,,,,,,,16,11,7,3,0,7,4,5,1,,,,0,,,,,,,,,,,,,4,0,1,5,3,4,1,6,4,1,,,0,1,,4,5,1,4,0.45
Public Method,"org.apache.commons.math3.linear.RealVector.SparseEntryIterator.hasNext",,,,,,,,,,,,,,4,3,1,2,0,2,1,1,0,,,,0,,,,,,,,,,,,,1,0,1,1,1,1,1,1,1,1,,,0,0,,1,1,1,1,0.33
Public Method,"org.apache.commons.math3.linear.RealVector.SparseEntryIterator.next",,,,,,,,,,,,,,10,9,6,4,0,7,2,2,0,,,,0,,,,,,,,,,,,,2,0,2,1,2,5,2,5,2,1,,,0,1,,2,2,1,2,0.11
Public Method,"org.apache.commons.math3.linear.RealVector.SparseEntryIterator.remove",,,,,,,,,,,,,,4,3,1,1,0,2,1,1,0,,,,0,,,,,,,,,,,,,0,0,1,1,1,1,1,1,1,1,,,0,0,,1,1,1,1,0.33
Public Method,"org.apache.commons.math3.linear.RealVector.add",,,,,,,,,,,,,,19,10,7,9,0,8,2,2,0,,,,0,,,,,,,,,,,,,11,0,5,9,2,6,5,3,2,1,,,0,1,,2,2,1,2,0.90
Public Method,"org.apache.commons.math3.linear.RealVector.addToEntry",,,,,,,,,,,,,,12,3,1,2,0,2,1,1,0,,,,0,,,,,,,,,,,,,4,0,1,9,1,1,1,1,1,1,,,0,0,,1,1,1,1,3.00
Public Abstract Method,"org.apache.commons.math3.linear.RealVector.append",,,,,,,,,,,,,,7,1,0,1,0,1,0,0,0,,,,0,,,,,,,,,,,,,1,0,1,6,0,1,1,0,0,0,,,0,0,,0,0,0,0,6.00
Public Abstract Method,"org.apache.commons.math3.linear.RealVector.append",,,,,,,,,,,,,,7,1,0,1,0,1,0,0,0,,,,0,,,,,,,,,,,,,1,0,1,6,0,1,1,0,0,0,,,0,0,,0,0,0,0,6.00
Protected Method,"org.apache.commons.math3.linear.RealVector.checkIndex",,,,,,,,,,,,,,13,7,4,2,0,3,2,3,0,,,,0,,,,,,,,,,,,,10,0,1,6,2,1,1,2,2,1,,,0,1,,2,3,1,2,0.86
Protected Method,"org.apache.commons.math3.linear.RealVector.checkVectorDimensions",,,,,,,,,,,,,,13,6,3,2,0,4,2,2,0,,,,0,,,,,,,,,,,,,14,0,2,7,2,2,2,2,2,1,,,0,1,,2,2,1,2,1.17
Protected Method,"org.apache.commons.math3.linear.RealVector.checkVectorDimensions",,,,,,,,,,,,,,10,3,1,2,0,2,1,1,0,,,,0,,,,,,,,,,,,,6,0,1,7,1,1,1,1,1,1,,,0,0,,1,1,1,1,2.33
Public Method,"org.apache.commons.math3.linear.RealVector.combine",,,,,,,,,,,,,,16,3,1,3,0,2,1,1,0,,,,0,,,,,,,,,,,,,11,0,1,13,1,1,1,1,1,1,,,0,0,,1,1,1,1,4.33
Public Method,"org.apache.commons.math3.linear.RealVector.combineToSelf",,,,,,,,,,,,,,21,9,6,5,0,9,2,2,0,,,,0,,,,,,,,,,,,,12,0,3,12,2,7,4,5,2,1,,,0,1,,2,2,1,2,1.33
Public Abstract Method,"org.apache.commons.math3.linear.RealVector.copy",,,,,,,,,,,,,,6,1,0,1,0,1,0,0,0,,,,0,,,,,,,,,,,,,25,0,1,5,0,1,1,0,0,0,,,0,0,,0,0,0,0,5.00
Public Method,"org.apache.commons.math3.linear.RealVector.cosine",,,,,,,,,,,,,,17,9,6,4,0,6,2,3,0,,,,0,,,,,,,,,,,,,7,1,3,7,2,4,3,3,2,1,,,0,1,,2,3,1,2,0.78
Public Method,"org.apache.commons.math3.linear.RealVector.dotProduct",,,,,,,,,,,,,,18,10,7,8,0,8,2,2,0,,,,0,,,,,,,,,,,,,18,0,4,8,2,6,4,4,2,1,,,0,1,,2,2,1,2,0.80
Public Abstract Method,"org.apache.commons.math3.linear.RealVector.ebeDivide",,,,,,,,,,,,,,9,1,0,1,0,1,0,0,0,,,,0,,,,,,,,,,,,,4,0,1,8,0,1,1,0,0,0,,,0,0,,0,0,0,0,8.00
Public Abstract Method,"org.apache.commons.math3.linear.RealVector.ebeMultiply",,,,,,,,,,,,,,9,1,0,1,0,1,0,0,0,,,,0,,,,,,,,,,,,,3,0,1,8,0,1,1,0,0,0,,,0,0,,0,0,0,0,8.00
Public Abstract Method,"org.apache.commons.math3.linear.RealVector.getDimension",,,,,,,,,,,,,,6,1,0,1,0,1,0,0,0,,,,0,,,,,,,,,,,,,64,0,1,5,0,1,1,0,0,0,,,0,0,,0,0,0,0,5.00
Public Method,"org.apache.commons.math3.linear.RealVector.getDistance",,,,,,,,,,,,,,25,11,8,9,0,9,2,2,0,,,,0,,,,,,,,,,,,,4,0,5,14,2,7,5,4,2,1,,,0,1,,2,2,1,2,1.27
Public Abstract Method,"org.apache.commons.math3.linear.RealVector.getEntry",,,,,,,,,,,,,,10,1,0,1,0,1,0,0,0,,,,0,,,,,,,,,,,,,81,0,1,9,0,1,1,0,0,0,,,0,0,,0,0,0,0,9.00
Public Method,"org.apache.commons.math3.linear.RealVector.getL1Distance",,,,,,,,,,,,,,21,10,7,9,0,8,2,2,0,,,,0,,,,,,,,,,,,,3,0,4,11,2,6,4,4,2,1,,,0,1,,2,2,1,2,1.10
Public Method,"org.apache.commons.math3.linear.RealVector.getL1Norm",,,,,,,,,,,,,,19,9,6,6,0,7,2,2,0,,,,0,,,,,,,,,,,,,2,0,4,10,2,5,4,3,2,1,,,0,1,,2,2,1,2,1.11
Public Method,"org.apache.commons.math3.linear.RealVector.getLInfDistance",,,,,,,,,,,,,,24,10,7,10,0,8,2,2,0,,,,0,,,,,,,,,,,,,3,0,4,14,2,6,4,4,2,1,,,0,1,,2,2,1,2,1.40
Public Method,"org.apache.commons.math3.linear.RealVector.getLInfNorm",,,,,,,,,,,,,,19,9,6,7,0,7,2,2,0,,,,0,,,,,,,,,,,,,2,0,4,10,2,5,4,3,2,1,,,0,1,,2,2,1,2,1.11
Public Method,"org.apache.commons.math3.linear.RealVector.getMaxIndex",,,,,,,,,,,,,,19,13,9,6,0,10,3,3,0,,,,0,,,,,,,,,,,,,2,0,5,6,3,7,5,5,3,1,,,0,2,,3,3,1,3,0.46
Public Method,"org.apache.commons.math3.linear.RealVector.getMaxValue",,,,,,,,,,,,,,10,4,2,3,0,3,2,2,0,,,,0,,,,,,,,,,,,,1,0,2,6,1,2,2,1,2,1,,,0,0,,2,2,1,2,1.50
Public Method,"org.apache.commons.math3.linear.RealVector.getMinIndex",,,,,,,,,,,,,,19,13,9,6,0,10,3,3,0,,,,0,,,,,,,,,,,,,2,0,5,6,3,7,5,5,3,1,,,0,2,,3,3,1,3,0.46
Public Method,"org.apache.commons.math3.linear.RealVector.getMinValue",,,,,,,,,,,,,,10,4,2,3,0,3,2,2,0,,,,0,,,,,,,,,,,,,1,0,2,6,1,2,2,1,2,1,,,0,0,,2,2,1,2,1.50
Public Method,"org.apache.commons.math3.linear.RealVector.getNorm",,,,,,,,,,,,,,20,10,7,6,0,8,2,2,0,,,,0,,,,,,,,,,,,,22,0,5,10,2,6,5,3,2,1,,,0,1,,2,2,1,2,1.00
Public Abstract Method,"org.apache.commons.math3.linear.RealVector.getSubVector",,,,,,,,,,,,,,10,1,0,1,0,1,0,0,0,,,,0,,,,,,,,,,,,,2,0,1,9,0,1,1,0,0,0,,,0,0,,0,0,0,0,9.00
Public Abstract Method,"org.apache.commons.math3.linear.RealVector.isInfinite",,,,,,,,,,,,,,7,1,0,1,0,1,0,0,0,,,,0,,,,,,,,,,,,,1,0,1,6,0,1,1,0,0,0,,,0,0,,0,0,0,0,6.00
Public Abstract Method,"org.apache.commons.math3.linear.RealVector.isNaN",,,,,,,,,,,,,,7,1,0,1,0,1,0,0,0,,,,0,,,,,,,,,,,,,2,0,1,6,0,1,1,0,0,0,,,0,0,,0,0,0,0,6.00
Public Method,"org.apache.commons.math3.linear.RealVector.iterator",,,,,,,,,,,,,,37,17,12,2,0,12,1,1,0,,,,0,,,,,,,,,,,,,10,5,2,15,1,8,7,5,1,1,,,0,0,,1,1,1,1,0.88
Anonymous Class,"org.apache.commons.math3.linear.RealVector.iterator.(Anon_1)",1,1,0,1,3,,0,,3,3,0,0,3,23,13,10,,,9,,,,1,1,2,,1,1,4,3,1,0,0,,,2,3,0,,5,0,5,,6,5,4,,,1,1,,0,50,3,3,3,3,0.38
Public Method,"org.apache.commons.math3.linear.RealVector.iterator.(Anon_1).hasNext",,,,,,,,,,,,,,4,3,2,1,0,2,1,1,0,,,,0,,,,,,,,,,,,,1,0,0,1,1,1,1,1,1,1,,,0,0,,1,1,1,1,0.33
Public Method,"org.apache.commons.math3.linear.RealVector.iterator.(Anon_1).next",,,,,,,,,,,,,,5,4,3,3,0,3,1,1,0,,,,0,,,,,,,,,,,,,2,0,0,1,1,2,1,2,1,1,,,0,0,,1,1,1,1,0.25
Public Method,"org.apache.commons.math3.linear.RealVector.iterator.(Anon_1).remove",,,,,,,,,,,,,,4,3,2,1,0,2,1,1,0,,,,0,,,,,,,,,,,,,0,0,0,1,1,1,1,1,1,1,,,0,0,,1,1,1,1,0.33
Public Method,"org.apache.commons.math3.linear.RealVector.map",,,,,,,,,,,,,,13,3,1,3,0,2,1,1,0,,,,0,,,,,,,,,,,,,4,0,1,10,1,1,1,1,1,1,,,0,0,,1,1,1,1,3.33
Public Method,"org.apache.commons.math3.linear.RealVector.mapAdd",,,,,,,,,,,,,,10,3,1,3,0,2,1,1,0,,,,0,,,,,,,,,,,,,3,0,1,7,1,1,1,1,1,1,,,0,0,,1,1,1,1,2.33
Public Method,"org.apache.commons.math3.linear.RealVector.mapAddToSelf",,,,,,,,,,,,,,13,6,3,3,0,4,2,2,1,,,,0,,,,,,,,,,,,,5,0,1,7,2,2,1,3,2,1,,,0,1,,2,2,1,2,1.17
Public Method,"org.apache.commons.math3.linear.RealVector.mapDivide",,,,,,,,,,,,,,10,3,1,3,0,2,1,1,0,,,,0,,,,,,,,,,,,,7,0,1,7,1,1,1,1,1,1,,,0,0,,1,1,1,1,2.33
Public Method,"org.apache.commons.math3.linear.RealVector.mapDivideToSelf",,,,,,,,,,,,,,10,3,1,3,0,2,1,1,0,,,,0,,,,,,,,,,,,,5,0,1,7,1,1,1,1,1,1,,,0,0,,1,1,1,1,2.33
Public Method,"org.apache.commons.math3.linear.RealVector.mapMultiply",,,,,,,,,,,,,,10,3,1,3,0,2,1,1,0,,,,0,,,,,,,,,,,,,12,0,1,7,1,1,1,1,1,1,,,0,0,,1,1,1,1,2.33
Public Method,"org.apache.commons.math3.linear.RealVector.mapMultiplyToSelf",,,,,,,,,,,,,,10,3,1,3,0,2,1,1,0,,,,0,,,,,,,,,,,,,6,0,1,7,1,1,1,1,1,1,,,0,0,,1,1,1,1,2.33
Public Method,"org.apache.commons.math3.linear.RealVector.mapSubtract",,,,,,,,,,,,,,10,3,1,3,0,2,1,1,0,,,,0,,,,,,,,,,,,,4,0,1,7,1,1,1,1,1,1,,,0,0,,1,1,1,1,2.33
Public Method,"org.apache.commons.math3.linear.RealVector.mapSubtractToSelf",,,,,,,,,,,,,,10,3,1,2,0,2,1,1,0,,,,0,,,,,,,,,,,,,4,0,1,7,1,1,1,1,1,1,,,0,0,,1,1,1,1,2.33
Public Method,"org.apache.commons.math3.linear.RealVector.mapToSelf",,,,,,,,,,,,,,21,8,5,8,0,6,3,3,0,,,,0,,,,,,,,,,,,,7,0,3,13,2,4,3,3,3,1,,,0,1,,3,3,1,3,1.62
Public Method,"org.apache.commons.math3.linear.RealVector.outerProduct",,,,,,,,,,,,,,29,21,15,10,1,13,4,5,1,,,,0,,,,,,,,,,,,,4,2,6,6,6,9,6,7,4,1,,,0,2,,4,5,1,4,0.29
Public Abstract Method,"org.apache.commons.math3.linear.RealVector.projection",,,,,,,,,,,,,,9,1,0,1,0,1,0,0,0,,,,0,,,,,,,,,,,,,1,0,1,8,0,1,1,0,0,0,,,0,0,,0,0,0,0,8.00
Public Method,"org.apache.commons.math3.linear.RealVector.set",,,,,,,,,,,,,,12,7,4,4,0,5,2,2,0,,,,0,,,,,,,,,,,,,24,0,3,5,2,3,3,2,2,1,,,0,1,,2,2,1,2,0.71
Public Abstract Method,"org.apache.commons.math3.linear.RealVector.setEntry",,,,,,,,,,,,,,10,1,0,0,0,1,0,0,0,,,,0,,,,,,,,,,,,,40,0,1,9,0,1,1,0,0,0,,,0,0,,0,0,0,0,9.00
Public Abstract Method,"org.apache.commons.math3.linear.RealVector.setSubVector",,,,,,,,,,,,,,9,1,0,0,0,1,0,0,0,,,,0,,,,,,,,,,,,,6,0,1,8,0,1,1,0,0,0,,,0,0,,0,0,0,0,8.00
Public Method,"org.apache.commons.math3.linear.RealVector.sparseIterator",,,,,,,,,,,,,,18,3,1,2,0,2,1,1,0,,,,0,,,,,,,,,,,,,14,0,1,15,1,1,1,1,1,1,,,0,0,,1,1,1,1,5.00
Public Method,"org.apache.commons.math3.linear.RealVector.subtract",,,,,,,,,,,,,,19,10,7,9,0,8,2,2,0,,,,0,,,,,,,,,,,,,24,0,5,9,2,6,5,3,2,1,,,0,1,,2,2,1,2,0.90
Public Method,"org.apache.commons.math3.linear.RealVector.toArray",,,,,,,,,,,,,,15,8,5,3,0,8,2,2,0,,,,0,,,,,,,,,,,,,32,0,3,7,2,6,4,4,2,1,,,0,1,,2,2,1,2,0.88
Public Method,"org.apache.commons.math3.linear.RealVector.unitVector",,,,,,,,,,,,,,12,5,3,3,0,4,1,1,0,,,,0,,,,,,,,,,,,,1,0,2,7,1,3,2,2,1,1,,,0,0,,1,1,1,1,1.40
Public Method,"org.apache.commons.math3.linear.RealVector.unitize",,,,,,,,,,,,,,10,3,1,2,0,2,1,1,0,,,,0,,,,,,,,,,,,,1,0,1,7,1,1,1,1,1,1,,,0,0,,1,1,1,1,2.33
Public Static Method,"org.apache.commons.math3.linear.RealVector.unmodifiableRealVector",,,,,,,,,,,,,,344,212,158,1,0,111,1,1,0,,,,0,,,,,,,,,,,,,9,51,3,81,1,58,57,54,1,1,,,0,0,,1,1,1,1,0.38
Anonymous Class,"org.apache.commons.math3.linear.RealVector.unmodifiableRealVector.(Anon_2)",1,1,0,1,3,,0,,43,94,0,0,43,323,209,157,,,109,,,,1,1,2,,1,1,4,3,1,0,0,,,0,43,0,,51,2,63,,57,56,53,,,1,1,,0,0,43,43,43,43,0.30
Class,"org.apache.commons.math3.linear.RealVector.unmodifiableRealVector.(Anon_2).UnmodifiableEntry",1,1,0,1,2,,0,,2,7,0,0,2,14,10,7,,,5,,,,1,1,2,,1,1,4,3,1,0,0,,,0,2,0,,1,0,3,,2,3,2,,,1,1,,0,0,2,2,2,2,0.30
Public Method,"org.apache.commons.math3.linear.RealVector.unmodifiableRealVector.(Anon_2).UnmodifiableEntry.getValue",,,,,,,,,,,,,,4,3,2,3,0,2,1,1,0,,,,0,,,,,,,,,,,,,1,0,0,1,1,1,1,1,1,1,,,0,0,,1,1,1,1,0.33
Public Method,"org.apache.commons.math3.linear.RealVector.unmodifiableRealVector.(Anon_2).UnmodifiableEntry.setValue",,,,,,,,,,,,,,4,3,2,1,0,2,1,1,0,,,,0,,,,,,,,,,,,,0,0,0,1,1,1,1,1,1,1,,,0,0,,1,1,1,1,0.33
Public Method,"org.apache.commons.math3.linear.RealVector.unmodifiableRealVector.(Anon_2).add",,,,,,,,,,,,,,4,3,2,2,0,2,1,1,0,,,,0,,,,,,,,,,,,,2,0,0,1,1,1,1,1,1,1,,,0,0,,1,1,1,1,0.33
Public Method,"org.apache.commons.math3.linear.RealVector.unmodifiableRealVector.(Anon_2).addToEntry",,,,,,,,,,,,,,4,3,2,1,0,2,1,1,0,,,,0,,,,,,,,,,,,,0,0,0,1,1,1,1,1,1,1,,,0,0,,1,1,1,1,0.33
Public Method,"org.apache.commons.math3.linear.RealVector.unmodifiableRealVector.(Anon_2).append",,,,,,,,,,,,,,4,3,2,2,0,2,1,1,0,,,,0,,,,,,,,,,,,,2,0,0,1,1,1,1,1,1,1,,,0,0,,1,1,1,1,0.33
Public Method,"org.apache.commons.math3.linear.RealVector.unmodifiableRealVector.(Anon_2).append",,,,,,,,,,,,,,4,3,2,2,0,2,1,1,0,,,,0,,,,,,,,,,,,,2,0,0,1,1,1,1,1,1,1,,,0,0,,1,1,1,1,0.33
Public Method,"org.apache.commons.math3.linear.RealVector.unmodifiableRealVector.(Anon_2).combine",,,,,,,,,,,,,,4,3,2,2,0,2,1,1,0,,,,0,,,,,,,,,,,,,4,0,0,1,1,1,1,1,1,1,,,0,0,,1,1,1,1,0.33
Public Method,"org.apache.commons.math3.linear.RealVector.unmodifiableRealVector.(Anon_2).combineToSelf",,,,,,,,,,,,,,4,3,2,2,0,2,1,1,0,,,,0,,,,,,,,,,,,,0,0,0,1,1,1,1,1,1,1,,,0,0,,1,1,1,1,0.33
Public Method,"org.apache.commons.math3.linear.RealVector.unmodifiableRealVector.(Anon_2).copy",,,,,,,,,,,,,,4,3,2,2,0,2,1,1,0,,,,0,,,,,,,,,,,,,1,0,0,1,1,1,1,1,1,1,,,0,0,,1,1,1,1,0.33
Public Method,"org.apache.commons.math3.linear.RealVector.unmodifiableRealVector.(Anon_2).cosine",,,,,,,,,,,,,,4,3,2,2,0,2,1,1,0,,,,0,,,,,,,,,,,,,2,0,0,1,1,1,1,1,1,1,,,0,0,,1,1,1,1,0.33
Public Method,"org.apache.commons.math3.linear.RealVector.unmodifiableRealVector.(Anon_2).dotProduct",,,,,,,,,,,,,,4,3,2,2,0,2,1,1,0,,,,0,,,,,,,,,,,,,2,0,0,1,1,1,1,1,1,1,,,0,0,,1,1,1,1,0.33
Public Method,"org.apache.commons.math3.linear.RealVector.unmodifiableRealVector.(Anon_2).ebeDivide",,,,,,,,,,,,,,4,3,2,2,0,2,1,1,0,,,,0,,,,,,,,,,,,,2,0,0,1,1,1,1,1,1,1,,,0,0,,1,1,1,1,0.33
Public Method,"org.apache.commons.math3.linear.RealVector.unmodifiableRealVector.(Anon_2).ebeMultiply",,,,,,,,,,,,,,4,3,2,2,0,2,1,1,0,,,,0,,,,,,,,,,,,,2,0,0,1,1,1,1,1,1,1,,,0,0,,1,1,1,1,0.33
Public Method,"org.apache.commons.math3.linear.RealVector.unmodifiableRealVector.(Anon_2).getDimension",,,,,,,,,,,,,,4,3,2,2,0,2,1,1,0,,,,0,,,,,,,,,,,,,1,0,0,1,1,1,1,1,1,1,,,0,0,,1,1,1,1,0.33
Public Method,"org.apache.commons.math3.linear.RealVector.unmodifiableRealVector.(Anon_2).getDistance",,,,,,,,,,,,,,4,3,2,2,0,2,1,1,0,,,,0,,,,,,,,,,,,,2,0,0,1,1,1,1,1,1,1,,,0,0,,1,1,1,1,0.33
Public Method,"org.apache.commons.math3.linear.RealVector.unmodifiableRealVector.(Anon_2).getEntry",,,,,,,,,,,,,,4,3,2,2,0,2,1,1,0,,,,0,,,,,,,,,,,,,2,0,0,1,1,1,1,1,1,1,,,0,0,,1,1,1,1,0.33
Public Method,"org.apache.commons.math3.linear.RealVector.unmodifiableRealVector.(Anon_2).getL1Distance",,,,,,,,,,,,,,4,3,2,2,0,2,1,1,0,,,,0,,,,,,,,,,,,,2,0,0,1,1,1,1,1,1,1,,,0,0,,1,1,1,1,0.33
Public Method,"org.apache.commons.math3.linear.RealVector.unmodifiableRealVector.(Anon_2).getL1Norm",,,,,,,,,,,,,,4,3,2,2,0,2,1,1,0,,,,0,,,,,,,,,,,,,1,0,0,1,1,1,1,1,1,1,,,0,0,,1,1,1,1,0.33
Public Method,"org.apache.commons.math3.linear.RealVector.unmodifiableRealVector.(Anon_2).getLInfDistance",,,,,,,,,,,,,,4,3,2,2,0,2,1,1,0,,,,0,,,,,,,,,,,,,2,0,0,1,1,1,1,1,1,1,,,0,0,,1,1,1,1,0.33
Public Method,"org.apache.commons.math3.linear.RealVector.unmodifiableRealVector.(Anon_2).getLInfNorm",,,,,,,,,,,,,,4,3,2,2,0,2,1,1,0,,,,0,,,,,,,,,,,,,1,0,0,1,1,1,1,1,1,1,,,0,0,,1,1,1,1,0.33
Public Method,"org.apache.commons.math3.linear.RealVector.unmodifiableRealVector.(Anon_2).getNorm",,,,,,,,,,,,,,4,3,2,2,0,2,1,1,0,,,,0,,,,,,,,,,,,,1,0,0,1,1,1,1,1,1,1,,,0,0,,1,1,1,1,0.33
Public Method,"org.apache.commons.math3.linear.RealVector.unmodifiableRealVector.(Anon_2).getSubVector",,,,,,,,,,,,,,4,3,2,2,0,2,1,1,0,,,,0,,,,,,,,,,,,,3,0,0,1,1,1,1,1,1,1,,,0,0,,1,1,1,1,0.33
Public Method,"org.apache.commons.math3.linear.RealVector.unmodifiableRealVector.(Anon_2).isInfinite",,,,,,,,,,,,,,4,3,2,2,0,2,1,1,0,,,,0,,,,,,,,,,,,,1,0,0,1,1,1,1,1,1,1,,,0,0,,1,1,1,1,0.33
Public Method,"org.apache.commons.math3.linear.RealVector.unmodifiableRealVector.(Anon_2).isNaN",,,,,,,,,,,,,,4,3,2,2,0,2,1,1,0,,,,0,,,,,,,,,,,,,1,0,0,1,1,1,1,1,1,1,,,0,0,,1,1,1,1,0.33
Public Method,"org.apache.commons.math3.linear.RealVector.unmodifiableRealVector.(Anon_2).iterator",,,,,,,,,,,,,,24,16,12,2,0,11,1,1,0,,,,0,,,,,,,,,,,,,1,3,1,5,1,7,6,5,1,1,,,0,0,,1,1,1,1,0.31
Anonymous Class,"org.apache.commons.math3.linear.RealVector.unmodifiableRealVector.(Anon_2).iterator.(Anon_3)",1,1,0,1,4,,0,,3,3,0,0,3,19,12,9,,,8,,,,1,1,2,,1,1,4,3,1,0,0,,,1,3,0,,3,0,4,,5,4,4,,,1,1,,0,66,3,3,3,3,0.33
Public Method,"org.apache.commons.math3.linear.RealVector.unmodifiableRealVector.(Anon_2).iterator.(Anon_3).hasNext",,,,,,,,,,,,,,4,3,2,2,0,2,1,1,0,,,,0,,,,,,,,,,,,,0,0,0,1,1,1,1,1,1,1,,,0,0,,1,1,1,1,0.33
Public Method,"org.apache.commons.math3.linear.RealVector.unmodifiableRealVector.(Anon_2).iterator.(Anon_3).next",,,,,,,,,,,,,,5,4,3,4,0,3,1,1,0,,,,0,,,,,,,,,,,,,1,0,0,1,1,2,1,2,1,1,,,0,0,,1,1,1,1,0.25
Public Method,"org.apache.commons.math3.linear.RealVector.unmodifiableRealVector.(Anon_2).iterator.(Anon_3).remove",,,,,,,,,,,,,,4,3,2,1,0,2,1,1,0,,,,0,,,,,,,,,,,,,0,0,0,1,1,1,1,1,1,1,,,0,0,,1,1,1,1,0.33
Public Method,"org.apache.commons.math3.linear.RealVector.unmodifiableRealVector.(Anon_2).map",,,,,,,,,,,,,,4,3,2,2,0,2,1,1,0,,,,0,,,,,,,,,,,,,2,0,0,1,1,1,1,1,1,1,,,0,0,,1,1,1,1,0.33
Public Method,"org.apache.commons.math3.linear.RealVector.unmodifiableRealVector.(Anon_2).mapAdd",,,,,,,,,,,,,,4,3,2,2,0,2,1,1,0,,,,0,,,,,,,,,,,,,2,0,0,1,1,1,1,1,1,1,,,0,0,,1,1,1,1,0.33
Public Method,"org.apache.commons.math3.linear.RealVector.unmodifiableRealVector.(Anon_2).mapAddToSelf",,,,,,,,,,,,,,4,3,2,2,0,2,1,1,0,,,,0,,,,,,,,,,,,,0,0,0,1,1,1,1,1,1,1,,,0,0,,1,1,1,1,0.33
Public Method,"org.apache.commons.math3.linear.RealVector.unmodifiableRealVector.(Anon_2).mapDivide",,,,,,,,,,,,,,4,3,2,2,0,2,1,1,0,,,,0,,,,,,,,,,,,,2,0,0,1,1,1,1,1,1,1,,,0,0,,1,1,1,1,0.33
Public Method,"org.apache.commons.math3.linear.RealVector.unmodifiableRealVector.(Anon_2).mapDivideToSelf",,,,,,,,,,,,,,4,3,2,2,0,2,1,1,0,,,,0,,,,,,,,,,,,,0,0,0,1,1,1,1,1,1,1,,,0,0,,1,1,1,1,0.33
Public Method,"org.apache.commons.math3.linear.RealVector.unmodifiableRealVector.(Anon_2).mapMultiply",,,,,,,,,,,,,,4,3,2,2,0,2,1,1,0,,,,0,,,,,,,,,,,,,2,0,0,1,1,1,1,1,1,1,,,0,0,,1,1,1,1,0.33
Public Method,"org.apache.commons.math3.linear.RealVector.unmodifiableRealVector.(Anon_2).mapMultiplyToSelf",,,,,,,,,,,,,,4,3,2,2,0,2,1,1,0,,,,0,,,,,,,,,,,,,0,0,0,1,1,1,1,1,1,1,,,0,0,,1,1,1,1,0.33
Public Method,"org.apache.commons.math3.linear.RealVector.unmodifiableRealVector.(Anon_2).mapSubtract",,,,,,,,,,,,,,4,3,2,2,0,2,1,1,0,,,,0,,,,,,,,,,,,,2,0,0,1,1,1,1,1,1,1,,,0,0,,1,1,1,1,0.33
Public Method,"org.apache.commons.math3.linear.RealVector.unmodifiableRealVector.(Anon_2).mapSubtractToSelf",,,,,,,,,,,,,,4,3,2,2,0,2,1,1,0,,,,0,,,,,,,,,,,,,0,0,0,1,1,1,1,1,1,1,,,0,0,,1,1,1,1,0.33
Public Method,"org.apache.commons.math3.linear.RealVector.unmodifiableRealVector.(Anon_2).mapToSelf",,,,,,,,,,,,,,4,3,2,2,0,2,1,1,0,,,,0,,,,,,,,,,,,,0,0,0,1,1,1,1,1,1,1,,,0,0,,1,1,1,1,0.33
Public Method,"org.apache.commons.math3.linear.RealVector.unmodifiableRealVector.(Anon_2).outerProduct",,,,,,,,,,,,,,4,3,2,2,0,2,1,1,0,,,,0,,,,,,,,,,,,,2,0,0,1,1,1,1,1,1,1,,,0,0,,1,1,1,1,0.33
Public Method,"org.apache.commons.math3.linear.RealVector.unmodifiableRealVector.(Anon_2).projection",,,,,,,,,,,,,,4,3,2,2,0,2,1,1,0,,,,0,,,,,,,,,,,,,2,0,0,1,1,1,1,1,1,1,,,0,0,,1,1,1,1,0.33
Public Method,"org.apache.commons.math3.linear.RealVector.unmodifiableRealVector.(Anon_2).set",,,,,,,,,,,,,,4,3,2,1,0,2,1,1,0,,,,0,,,,,,,,,,,,,0,0,0,1,1,1,1,1,1,1,,,0,0,,1,1,1,1,0.33
Public Method,"org.apache.commons.math3.linear.RealVector.unmodifiableRealVector.(Anon_2).setEntry",,,,,,,,,,,,,,4,3,2,1,0,2,1,1,0,,,,0,,,,,,,,,,,,,0,0,0,1,1,1,1,1,1,1,,,0,0,,1,1,1,1,0.33
Public Method,"org.apache.commons.math3.linear.RealVector.unmodifiableRealVector.(Anon_2).setSubVector",,,,,,,,,,,,,,4,3,2,1,0,2,1,1,0,,,,0,,,,,,,,,,,,,0,0,0,1,1,1,1,1,1,1,,,0,0,,1,1,1,1,0.33
Public Method,"org.apache.commons.math3.linear.RealVector.unmodifiableRealVector.(Anon_2).sparseIterator",,,,,,,,,,,,,,25,16,12,2,0,11,1,1,0,,,,0,,,,,,,,,,,,,1,4,1,5,1,7,6,5,1,1,,,0,0,,1,1,1,1,0.31
Anonymous Class,"org.apache.commons.math3.linear.RealVector.unmodifiableRealVector.(Anon_2).sparseIterator.(Anon_4)",1,1,0,1,4,,0,,3,3,0,0,3,19,12,9,,,8,,,,1,1,2,,1,1,4,3,1,0,0,,,1,3,0,,3,0,4,,5,4,4,,,1,1,,0,66,3,3,3,3,0.33
Public Method,"org.apache.commons.math3.linear.RealVector.unmodifiableRealVector.(Anon_2).sparseIterator.(Anon_4).hasNext",,,,,,,,,,,,,,4,3,2,2,0,2,1,1,0,,,,0,,,,,,,,,,,,,0,0,0,1,1,1,1,1,1,1,,,0,0,,1,1,1,1,0.33
Public Method,"org.apache.commons.math3.linear.RealVector.unmodifiableRealVector.(Anon_2).sparseIterator.(Anon_4).next",,,,,,,,,,,,,,5,4,3,4,0,3,1,1,0,,,,0,,,,,,,,,,,,,1,0,0,1,1,2,1,2,1,1,,,0,0,,1,1,1,1,0.25
Public Method,"org.apache.commons.math3.linear.RealVector.unmodifiableRealVector.(Anon_2).sparseIterator.(Anon_4).remove",,,,,,,,,,,,,,4,3,2,1,0,2,1,1,0,,,,0,,,,,,,,,,,,,0,0,0,1,1,1,1,1,1,1,,,0,0,,1,1,1,1,0.33
Public Method,"org.apache.commons.math3.linear.RealVector.unmodifiableRealVector.(Anon_2).subtract",,,,,,,,,,,,,,4,3,2,2,0,2,1,1,0,,,,0,,,,,,,,,,,,,2,0,0,1,1,1,1,1,1,1,,,0,0,,1,1,1,1,0.33
Public Method,"org.apache.commons.math3.linear.RealVector.unmodifiableRealVector.(Anon_2).toArray",,,,,,,,,,,,,,4,3,2,2,0,2,1,1,0,,,,0,,,,,,,,,,,,,1,0,0,1,1,1,1,1,1,1,,,0,0,,1,1,1,1,0.33
Public Method,"org.apache.commons.math3.linear.RealVector.unmodifiableRealVector.(Anon_2).unitVector",,,,,,,,,,,,,,4,3,2,2,0,2,1,1,0,,,,0,,,,,,,,,,,,,1,0,0,1,1,1,1,1,1,1,,,0,0,,1,1,1,1,0.33
Public Method,"org.apache.commons.math3.linear.RealVector.unmodifiableRealVector.(Anon_2).unitize",,,,,,,,,,,,,,4,3,2,1,0,2,1,1,0,,,,0,,,,,,,,,,,,,0,0,0,1,1,1,1,1,1,1,,,0,0,,1,1,1,1,0.33
Public Class,"org.apache.commons.math3.linear.RealVectorFormat",1,1,0,6,4,,3,,12,15,0,0,15,260,117,64,,,87,,,,9,6,1,,1,1,13,7,1,0,3,,,7,15,0,,28,35,115,,61,35,52,,,9,9,,3,83,26,26,20,26,0.98
Public Constructor,"org.apache.commons.math3.linear.RealVectorFormat.RealVectorFormat",,,,,,,,,,,,,,18,10,7,9,0,8,1,1,0,,,,0,,,,,,,,,,,,,8,0,2,8,1,7,1,7,1,1,,,0,0,,1,1,1,1,0.80
Public Constructor,"org.apache.commons.math3.linear.RealVectorFormat.RealVectorFormat",,,,,,,,,,,,,,7,3,1,2,0,2,1,1,0,,,,0,,,,,,,,,,,,,6,0,1,4,1,1,1,1,1,1,,,0,0,,1,1,1,1,1.33
Public Constructor,"org.apache.commons.math3.linear.RealVectorFormat.RealVectorFormat",,,,,,,,,,,,,,9,4,2,3,0,2,1,1,0,,,,0,,,,,,,,,,,,,7,0,1,5,1,1,1,1,1,1,,,0,0,,1,1,1,1,1.25
Public Constructor,"org.apache.commons.math3.linear.RealVectorFormat.RealVectorFormat",,,,,,,,,,,,,,11,5,2,3,0,2,1,1,0,,,,0,,,,,,,,,,,,,3,0,2,6,1,1,1,1,1,1,,,0,0,,1,1,1,1,1.20
Public Method,"org.apache.commons.math3.linear.RealVectorFormat.format",,,,,,,,,,,,,,9,3,1,3,0,2,1,1,0,,,,0,,,,,,,,,,,,,13,0,1,6,1,1,1,1,1,1,,,0,0,,1,1,1,1,2.00
Public Method,"org.apache.commons.math3.linear.RealVectorFormat.format",,,,,,,,,,,,,,30,14,9,7,0,12,3,3,0,,,,0,,,,,,,,,,,,,8,5,2,11,3,9,2,10,3,1,,,0,2,,3,3,1,3,0.79
Public Static Method,"org.apache.commons.math3.linear.RealVectorFormat.getAvailableLocales",,,,,,,,,,,,,,8,3,1,2,0,2,1,1,0,,,,0,,,,,,,,,,,,,0,0,1,5,1,1,1,1,1,1,,,0,0,,1,1,1,1,1.67
Public Method,"org.apache.commons.math3.linear.RealVectorFormat.getFormat",,,,,,,,,,,,,,7,3,1,1,0,2,1,1,0,,,,0,,,,,,,,,,,,,2,0,1,4,1,1,1,1,1,1,,,0,0,,1,1,1,1,1.33
Public Static Method,"org.apache.commons.math3.linear.RealVectorFormat.getInstance",,,,,,,,,,,,,,8,3,1,3,0,2,1,1,0,,,,0,,,,,,,,,,,,,3,0,1,5,1,1,1,1,1,1,,,0,0,,1,1,1,1,1.67
Public Static Method,"org.apache.commons.math3.linear.RealVectorFormat.getInstance",,,,,,,,,,,,,,7,3,1,3,0,2,1,1,0,,,,0,,,,,,,,,,,,,0,0,1,4,1,1,1,1,1,1,,,0,0,,1,1,1,1,1.33
Public Method,"org.apache.commons.math3.linear.RealVectorFormat.getPrefix",,,,,,,,,,,,,,7,3,1,1,0,2,1,1,0,,,,0,,,,,,,,,,,,,1,0,1,4,1,1,1,1,1,1,,,0,0,,1,1,1,1,1.33
Public Method,"org.apache.commons.math3.linear.RealVectorFormat.getSeparator",,,,,,,,,,,,,,7,3,1,1,0,2,1,1,0,,,,0,,,,,,,,,,,,,1,0,1,4,1,1,1,1,1,1,,,0,0,,1,1,1,1,1.33
Public Method,"org.apache.commons.math3.linear.RealVectorFormat.getSuffix",,,,,,,,,,,,,,7,3,1,1,0,2,1,1,0,,,,0,,,,,,,,,,,,,1,0,1,4,1,1,1,1,1,1,,,0,0,,1,1,1,1,1.33
Public Method,"org.apache.commons.math3.linear.RealVectorFormat.parse",,,,,,,,,,,,,,55,35,25,12,1,28,9,9,7,,,,7,,,,,,,,,,,,,12,7,5,13,25,20,7,21,9,6,,,7,3,,9,9,6,9,0.37
Public Method,"org.apache.commons.math3.linear.RealVectorFormat.parse",,,,,,,,,,,,,,18,10,7,5,0,6,2,2,0,,,,0,,,,,,,,,,,,,16,0,3,8,2,4,3,3,2,1,,,0,1,,2,2,1,2,0.80
Public Abstract Class,"org.apache.commons.math3.linear.RealVectorFormatAbstractTest",1,1,0,0,3,,0,,33,33,0,0,31,327,290,179,,,162,,,,2,1,1,,1,1,8,8,1,2,0,,,2,33,2,,36,164,1,,129,118,44,,,2,2,,1,56,32,32,31,32,0.00
Public Constructor,"org.apache.commons.math3.linear.RealVectorFormatAbstractTest.RealVectorFormatAbstractTest",,,,,,,,,,,,,,6,6,4,8,0,5,1,1,0,,,,0,,,,,,,,,,,,,0,0,2,0,1,4,2,3,1,1,,,0,0,,1,1,1,1,0.00
Protected Abstract Method,"org.apache.commons.math3.linear.RealVectorFormatAbstractTest.getDecimalCharacter",,,,,,,,,,,,,,1,1,0,1,0,1,0,0,0,,,,0,,,,,,,,,,,,,14,0,1,0,0,1,1,0,0,0,,,0,0,,0,0,0,0,0.00
Protected Abstract Method,"org.apache.commons.math3.linear.RealVectorFormatAbstractTest.getLocale",,,,,,,,,,,,,,1,1,0,1,0,1,0,0,0,,,,0,,,,,,,,,,,,,2,0,1,0,0,1,1,0,0,0,,,0,0,,0,0,0,0,0.00
Public Method,"org.apache.commons.math3.linear.RealVectorFormatAbstractTest.tesNegativeInfinity",,,,,,,,,,,,,,8,8,6,3,0,5,1,1,0,,,,0,,,,,,,,,,,,,1,0,5,0,1,4,4,1,1,1,,,0,0,,1,1,1,1,0.00
Public Method,"org.apache.commons.math3.linear.RealVectorFormatAbstractTest.testConstructorSingleFormat",,,,,,,,,,,,,,6,6,4,5,0,5,1,1,0,,,,0,,,,,,,,,,,,,0,0,3,0,1,4,3,2,1,1,,,0,0,,1,1,1,1,0.00
Public Method,"org.apache.commons.math3.linear.RealVectorFormatAbstractTest.testDefaultFormatRealVectorImpl",,,,,,,,,,,,,,15,13,10,8,0,8,1,1,0,,,,0,,,,,,,,,,,,,0,2,6,0,1,7,5,3,1,1,,,0,0,,1,1,1,1,0.00
Public Method,"org.apache.commons.math3.linear.RealVectorFormatAbstractTest.testForgottenPrefix",,,,,,,,,,,,,,6,6,4,5,0,5,1,1,0,,,,0,,,,,,,,,,,,,0,0,3,0,1,4,3,2,1,1,,,0,0,,1,1,1,1,0.00
Public Method,"org.apache.commons.math3.linear.RealVectorFormatAbstractTest.testForgottenSeparator",,,,,,,,,,,,,,6,6,4,5,0,5,1,1,0,,,,0,,,,,,,,,,,,,0,0,3,0,1,4,3,2,1,1,,,0,0,,1,1,1,1,0.00
Public Method,"org.apache.commons.math3.linear.RealVectorFormatAbstractTest.testForgottenSuffix",,,,,,,,,,,,,,6,6,4,5,0,5,1,1,0,,,,0,,,,,,,,,,,,,0,0,3,0,1,4,3,2,1,1,,,0,0,,1,1,1,1,0.00
Public Method,"org.apache.commons.math3.linear.RealVectorFormatAbstractTest.testNan",,,,,,,,,,,,,,6,6,4,3,0,5,1,1,0,,,,0,,,,,,,,,,,,,1,0,4,0,1,4,4,1,1,1,,,0,0,,1,1,1,1,0.00
Public Method,"org.apache.commons.math3.linear.RealVectorFormatAbstractTest.testNegativeX",,,,,,,,,,,,,,10,10,7,4,0,5,1,1,0,,,,0,,,,,,,,,,,,,1,0,5,0,1,4,4,1,1,1,,,0,0,,1,1,1,1,0.00
Public Method,"org.apache.commons.math3.linear.RealVectorFormatAbstractTest.testNegativeY",,,,,,,,,,,,,,10,10,7,4,0,5,1,1,0,,,,0,,,,,,,,,,,,,1,0,5,0,1,4,4,1,1,1,,,0,0,,1,1,1,1,0.00
Public Method,"org.apache.commons.math3.linear.RealVectorFormatAbstractTest.testNegativeZ",,,,,,,,,,,,,,10,10,7,4,0,5,1,1,0,,,,0,,,,,,,,,,,,,1,0,5,0,1,4,4,1,1,1,,,0,0,,1,1,1,1,0.00
Public Method,"org.apache.commons.math3.linear.RealVectorFormatAbstractTest.testNonDefaultSetting",,,,,,,,,,,,,,6,6,4,3,0,5,1,1,0,,,,0,,,,,,,,,,,,,1,0,4,0,1,4,4,1,1,1,,,0,0,,1,1,1,1,0.00
Public Method,"org.apache.commons.math3.linear.RealVectorFormatAbstractTest.testParseIgnoredWhitespace",,,,,,,,,,,,,,11,11,9,5,0,10,1,1,0,,,,0,,,,,,,,,,,,,1,0,6,0,1,9,6,4,1,1,,,0,0,,1,1,1,1,0.00
Public Method,"org.apache.commons.math3.linear.RealVectorFormatAbstractTest.testParseManyComponents",,,,,,,,,,,,,,4,4,2,3,0,3,1,1,0,,,,0,,,,,,,,,,,,,1,0,2,0,1,2,2,1,1,1,,,0,0,,1,1,1,1,0.00
Public Method,"org.apache.commons.math3.linear.RealVectorFormatAbstractTest.testParseNan",,,,,,,,,,,,,,5,5,3,3,0,4,1,1,0,,,,0,,,,,,,,,,,,,1,0,3,0,1,3,3,1,1,1,,,0,0,,1,1,1,1,0.00
Public Method,"org.apache.commons.math3.linear.RealVectorFormatAbstractTest.testParseNegativeAll",,,,,,,,,,,,,,10,10,7,4,0,5,1,1,0,,,,0,,,,,,,,,,,,,1,0,5,0,1,4,4,1,1,1,,,0,0,,1,1,1,1,0.00
Public Method,"org.apache.commons.math3.linear.RealVectorFormatAbstractTest.testParseNegativeInfinity",,,,,,,,,,,,,,7,7,5,3,0,4,1,1,0,,,,0,,,,,,,,,,,,,1,0,3,0,1,3,3,1,1,1,,,0,0,,1,1,1,1,0.00
Public Method,"org.apache.commons.math3.linear.RealVectorFormatAbstractTest.testParseNegativeX",,,,,,,,,,,,,,10,10,7,4,0,5,1,1,0,,,,0,,,,,,,,,,,,,1,0,5,0,1,4,4,1,1,1,,,0,0,,1,1,1,1,0.00
Public Method,"org.apache.commons.math3.linear.RealVectorFormatAbstractTest.testParseNegativeY",,,,,,,,,,,,,,10,10,7,4,0,5,1,1,0,,,,0,,,,,,,,,,,,,1,0,5,0,1,4,4,1,1,1,,,0,0,,1,1,1,1,0.00
Public Method,"org.apache.commons.math3.linear.RealVectorFormatAbstractTest.testParseNegativeZ",,,,,,,,,,,,,,10,10,7,4,0,5,1,1,0,,,,0,,,,,,,,,,,,,1,0,5,0,1,4,4,1,1,1,,,0,0,,1,1,1,1,0.00
Public Method,"org.apache.commons.math3.linear.RealVectorFormatAbstractTest.testParseNoComponents",,,,,,,,,,,,,,8,7,4,2,0,4,2,2,1,,,,0,,,,,,,,,,,,,1,0,1,1,2,2,1,3,2,1,,,0,1,,2,2,1,2,0.14
Public Method,"org.apache.commons.math3.linear.RealVectorFormatAbstractTest.testParseNonDefaultSetting",,,,,,,,,,,,,,10,10,7,4,0,5,1,1,0,,,,0,,,,,,,,,,,,,1,0,5,0,1,4,4,1,1,1,,,0,0,,1,1,1,1,0.00
Public Method,"org.apache.commons.math3.linear.RealVectorFormatAbstractTest.testParsePositiveInfinity",,,,,,,,,,,,,,7,7,5,3,0,4,1,1,0,,,,0,,,,,,,,,,,,,1,0,3,0,1,3,3,1,1,1,,,0,0,,1,1,1,1,0.00
Public Method,"org.apache.commons.math3.linear.RealVectorFormatAbstractTest.testParseSimpleNoDecimals",,,,,,,,,,,,,,6,6,4,3,0,5,1,1,0,,,,0,,,,,,,,,,,,,1,0,4,0,1,4,4,1,1,1,,,0,0,,1,1,1,1,0.00
Public Method,"org.apache.commons.math3.linear.RealVectorFormatAbstractTest.testParseSimpleWithDecimals",,,,,,,,,,,,,,10,10,7,4,0,5,1,1,0,,,,0,,,,,,,,,,,,,1,0,5,0,1,4,4,1,1,1,,,0,0,,1,1,1,1,0.00
Public Method,"org.apache.commons.math3.linear.RealVectorFormatAbstractTest.testParseSimpleWithDecimalsTrunc",,,,,,,,,,,,,,10,10,7,4,0,5,1,1,0,,,,0,,,,,,,,,,,,,1,0,5,0,1,4,4,1,1,1,,,0,0,,1,1,1,1,0.00
Public Method,"org.apache.commons.math3.linear.RealVectorFormatAbstractTest.testParseZeroX",,,,,,,,,,,,,,10,10,7,4,0,5,1,1,0,,,,0,,,,,,,,,,,,,1,0,5,0,1,4,4,1,1,1,,,0,0,,1,1,1,1,0.00
Public Method,"org.apache.commons.math3.linear.RealVectorFormatAbstractTest.testPositiveInfinity",,,,,,,,,,,,,,8,8,6,3,0,5,1,1,0,,,,0,,,,,,,,,,,,,1,0,5,0,1,4,4,1,1,1,,,0,0,,1,1,1,1,0.00
Public Method,"org.apache.commons.math3.linear.RealVectorFormatAbstractTest.testSimpleNoDecimals",,,,,,,,,,,,,,6,6,4,3,0,5,1,1,0,,,,0,,,,,,,,,,,,,1,0,4,0,1,4,4,1,1,1,,,0,0,,1,1,1,1,0.00
Public Method,"org.apache.commons.math3.linear.RealVectorFormatAbstractTest.testSimpleWithDecimals",,,,,,,,,,,,,,10,10,7,4,0,5,1,1,0,,,,0,,,,,,,,,,,,,1,0,5,0,1,4,4,1,1,1,,,0,0,,1,1,1,1,0.00
Public Method,"org.apache.commons.math3.linear.RealVectorFormatAbstractTest.testSimpleWithDecimalsTrunc",,,,,,,,,,,,,,10,10,7,4,0,5,1,1,0,,,,0,,,,,,,,,,,,,1,0,5,0,1,4,4,1,1,1,,,0,0,,1,1,1,1,0.00
Public Class,"org.apache.commons.math3.linear.RealVectorFormatTest",1,1,0,0,0,,0,,2,35,0,0,0,12,10,2,,,5,,,,1,1,2,,1,1,3,3,1,0,0,,,0,2,2,,2,5,0,,2,3,2,,,1,1,,0,0,2,2,2,2,0.00
Protected Method,"org.apache.commons.math3.linear.RealVectorFormatTest.getDecimalCharacter",,,,,,,,,,,,,,3,3,1,1,0,2,1,1,0,,,,0,,,,,,,,,,,,,0,0,1,0,1,1,1,1,1,1,,,0,0,,1,1,1,1,0.00
Protected Method,"org.apache.commons.math3.linear.RealVectorFormatTest.getLocale",,,,,,,,,,,,,,3,3,1,1,0,2,1,1,0,,,,0,,,,,,,,,,,,,1,0,1,0,1,1,1,1,1,1,,,0,0,,1,1,1,1,0.00
Public Class,"org.apache.commons.math3.linear.RealVectorTest",2,1,0,0,5,,0,,9,9,0,0,9,306,265,135,,,207,,,,4,1,1,,2,2,14,14,1,0,0,,,2,9,0,,38,128,3,,151,111,96,,,4,5,,2,83,22,25,9,22,0.01
Private Static Class,"org.apache.commons.math3.linear.RealVectorTest.TestVectorImpl",1,1,0,0,1,,0,,28,79,2,0,26,150,123,38,,,76,,,,2,1,2,,1,1,3,3,1,0,0,,,1,28,0,,27,56,0,,43,36,40,,,2,2,,1,64,32,32,28,32,0.00
Constructor,"org.apache.commons.math3.linear.RealVectorTest.TestVectorImpl.TestVectorImpl",,,,,,,,,,,,,,3,3,1,2,0,2,1,1,0,,,,0,,,,,,,,,,,,,10,0,1,0,1,1,1,1,1,1,,,0,0,,1,1,1,1,0.00
Public Method,"org.apache.commons.math3.linear.RealVectorTest.TestVectorImpl.add",,,,,,,,,,,,,,4,4,2,3,0,3,1,1,0,,,,0,,,,,,,,,,,,,1,0,2,0,1,2,2,1,1,1,,,0,0,,1,1,1,1,0.00
Public Method,"org.apache.commons.math3.linear.RealVectorTest.TestVectorImpl.append",,,,,,,,,,,,,,3,3,1,2,0,2,1,1,0,,,,0,,,,,,,,,,,,,0,0,1,0,1,1,1,1,1,1,,,0,0,,1,1,1,1,0.00
Public Method,"org.apache.commons.math3.linear.RealVectorTest.TestVectorImpl.append",,,,,,,,,,,,,,3,3,1,2,0,2,1,1,0,,,,0,,,,,,,,,,,,,0,0,1,0,1,1,1,1,1,1,,,0,0,,1,1,1,1,0.00
Public Method,"org.apache.commons.math3.linear.RealVectorTest.TestVectorImpl.append",,,,,,,,,,,,,,3,3,1,2,0,2,1,1,0,,,,0,,,,,,,,,,,,,0,0,1,0,1,1,1,1,1,1,,,0,0,,1,1,1,1,0.00
Public Method,"org.apache.commons.math3.linear.RealVectorTest.TestVectorImpl.copy",,,,,,,,,,,,,,3,3,1,3,0,2,1,1,0,,,,0,,,,,,,,,,,,,1,0,1,0,1,1,1,1,1,1,,,0,0,,1,1,1,1,0.00
Public Method,"org.apache.commons.math3.linear.RealVectorTest.TestVectorImpl.dotProduct",,,,,,,,,,,,,,3,3,1,2,0,2,1,1,0,,,,0,,,,,,,,,,,,,0,0,1,0,1,1,1,1,1,1,,,0,0,,1,1,1,1,0.00
Public Method,"org.apache.commons.math3.linear.RealVectorTest.TestVectorImpl.ebeDivide",,,,,,,,,,,,,,3,3,1,2,0,2,1,1,0,,,,0,,,,,,,,,,,,,0,0,1,0,1,1,1,1,1,1,,,0,0,,1,1,1,1,0.00
Public Method,"org.apache.commons.math3.linear.RealVectorTest.TestVectorImpl.ebeMultiply",,,,,,,,,,,,,,3,3,1,2,0,2,1,1,0,,,,0,,,,,,,,,,,,,0,0,1,0,1,1,1,1,1,1,,,0,0,,1,1,1,1,0.00
Public Method,"org.apache.commons.math3.linear.RealVectorTest.TestVectorImpl.getDimension",,,,,,,,,,,,,,3,3,1,1,0,2,1,1,0,,,,0,,,,,,,,,,,,,2,0,1,0,1,1,1,1,1,1,,,0,0,,1,1,1,1,0.00
Public Method,"org.apache.commons.math3.linear.RealVectorTest.TestVectorImpl.getEntry",,,,,,,,,,,,,,3,3,1,1,0,2,1,1,0,,,,0,,,,,,,,,,,,,2,0,1,0,1,1,1,1,1,1,,,0,0,,1,1,1,1,0.00
Public Method,"org.apache.commons.math3.linear.RealVectorTest.TestVectorImpl.getL1Norm",,,,,,,,,,,,,,3,3,1,2,0,2,1,1,0,,,,0,,,,,,,,,,,,,0,0,1,0,1,1,1,1,1,1,,,0,0,,1,1,1,1,0.00
Public Method,"org.apache.commons.math3.linear.RealVectorTest.TestVectorImpl.getLInfNorm",,,,,,,,,,,,,,3,3,1,2,0,2,1,1,0,,,,0,,,,,,,,,,,,,0,0,1,0,1,1,1,1,1,1,,,0,0,,1,1,1,1,0.00
Public Method,"org.apache.commons.math3.linear.RealVectorTest.TestVectorImpl.getNorm",,,,,,,,,,,,,,3,3,1,2,0,2,1,1,0,,,,0,,,,,,,,,,,,,0,0,1,0,1,1,1,1,1,1,,,0,0,,1,1,1,1,0.00
Public Method,"org.apache.commons.math3.linear.RealVectorTest.TestVectorImpl.getSubVector",,,,,,,,,,,,,,3,3,1,2,0,2,1,1,0,,,,0,,,,,,,,,,,,,0,0,1,0,1,1,1,1,1,1,,,0,0,,1,1,1,1,0.00
Public Method,"org.apache.commons.math3.linear.RealVectorTest.TestVectorImpl.isInfinite",,,,,,,,,,,,,,3,3,1,2,0,2,1,1,0,,,,0,,,,,,,,,,,,,0,0,1,0,1,1,1,1,1,1,,,0,0,,1,1,1,1,0.00
Public Method,"org.apache.commons.math3.linear.RealVectorTest.TestVectorImpl.isNaN",,,,,,,,,,,,,,3,3,1,2,0,2,1,1,0,,,,0,,,,,,,,,,,,,0,0,1,0,1,1,1,1,1,1,,,0,0,,1,1,1,1,0.00
Public Method,"org.apache.commons.math3.linear.RealVectorTest.TestVectorImpl.mapAddToSelf",,,,,,,,,,,,,,6,6,3,2,0,6,2,2,0,,,,0,,,,,,,,,,,,,3,0,1,0,2,4,2,4,2,1,,,0,1,,2,2,1,2,0.00
Public Method,"org.apache.commons.math3.linear.RealVectorTest.TestVectorImpl.mapDivideToSelf",,,,,,,,,,,,,,6,6,3,2,0,6,2,2,0,,,,0,,,,,,,,,,,,,3,0,1,0,2,4,2,4,2,1,,,0,1,,2,2,1,2,0.00
Public Method,"org.apache.commons.math3.linear.RealVectorTest.TestVectorImpl.mapMultiplyToSelf",,,,,,,,,,,,,,6,6,3,2,0,6,2,2,0,,,,0,,,,,,,,,,,,,3,0,1,0,2,4,2,4,2,1,,,0,1,,2,2,1,2,0.00
Public Method,"org.apache.commons.math3.linear.RealVectorTest.TestVectorImpl.mapSubtractToSelf",,,,,,,,,,,,,,6,6,3,2,0,6,2,2,0,,,,0,,,,,,,,,,,,,3,0,1,0,2,4,2,4,2,1,,,0,1,,2,2,1,2,0.00
Public Method,"org.apache.commons.math3.linear.RealVectorTest.TestVectorImpl.projection",,,,,,,,,,,,,,3,3,1,2,0,2,1,1,0,,,,0,,,,,,,,,,,,,0,0,1,0,1,1,1,1,1,1,,,0,0,,1,1,1,1,0.00
Public Method,"org.apache.commons.math3.linear.RealVectorTest.TestVectorImpl.setEntry",,,,,,,,,,,,,,3,3,1,1,0,2,1,1,0,,,,0,,,,,,,,,,,,,2,0,1,0,1,1,1,1,1,1,,,0,0,,1,1,1,1,0.00
Public Method,"org.apache.commons.math3.linear.RealVectorTest.TestVectorImpl.setSubVector",,,,,,,,,,,,,,3,3,1,1,0,2,1,1,0,,,,0,,,,,,,,,,,,,0,0,1,0,1,1,1,1,1,1,,,0,0,,1,1,1,1,0.00
Public Method,"org.apache.commons.math3.linear.RealVectorTest.TestVectorImpl.setSubVector",,,,,,,,,,,,,,3,3,1,1,0,2,1,1,0,,,,0,,,,,,,,,,,,,0,0,1,0,1,1,1,1,1,1,,,0,0,,1,1,1,1,0.00
Public Method,"org.apache.commons.math3.linear.RealVectorTest.TestVectorImpl.subtract",,,,,,,,,,,,,,4,4,2,4,0,3,1,1,0,,,,0,,,,,,,,,,,,,1,0,2,0,1,2,2,1,1,1,,,0,0,,1,1,1,1,0.00
Public Method,"org.apache.commons.math3.linear.RealVectorTest.TestVectorImpl.toArray",,,,,,,,,,,,,,1,1,1,1,0,2,1,1,0,,,,0,,,,,,,,,,,,,1,0,1,0,1,1,1,1,1,1,,,0,0,,1,1,1,1,0.00
Method,"org.apache.commons.math3.linear.RealVectorTest.TestVectorImpl.unsupported",,,,,,,,,,,,,,3,3,1,1,0,2,1,1,0,,,,0,,,,,,,,,,,,,15,0,1,0,1,1,1,1,1,1,,,0,0,,1,1,1,1,0.00
Public Method,"org.apache.commons.math3.linear.RealVectorTest.testAddToEntry",,,,,,,,,,,,,,11,11,7,6,1,12,3,3,0,,,,0,,,,,,,,,,,,,0,0,4,0,4,9,6,6,3,1,,,0,1,,3,3,1,3,0.00
Public Method,"org.apache.commons.math3.linear.RealVectorTest.testClone",,,,,,,,,,,,,,11,11,9,7,0,13,2,2,0,,,,0,,,,,,,,,,,,,1,0,4,0,2,11,5,8,2,1,,,0,1,,2,2,1,2,0.00
Public Method,"org.apache.commons.math3.linear.RealVectorTest.testCombine",,,,,,,,,,,,,,29,29,23,8,1,27,4,4,1,,,,0,,,,,,,,,,,,,0,0,13,0,6,23,15,12,4,1,,,0,2,,4,4,1,4,0.00
Public Method,"org.apache.commons.math3.linear.RealVectorTest.testCombinePrecondition",,,,,,,,,,,,,,9,9,7,2,0,8,1,1,0,,,,0,,,,,,,,,,,,,0,0,6,0,1,7,6,2,1,1,,,0,0,,1,1,1,1,0.00
Public Method,"org.apache.commons.math3.linear.RealVectorTest.testCombineToSelf",,,,,,,,,,,,,,28,28,22,8,1,26,4,4,1,,,,0,,,,,,,,,,,,,0,0,12,0,6,22,14,12,4,1,,,0,2,,4,4,1,4,0.00
Public Method,"org.apache.commons.math3.linear.RealVectorTest.testCombineToSelfPrecondition",,,,,,,,,,,,,,9,9,7,2,0,8,1,1,0,,,,0,,,,,,,,,,,,,0,0,6,0,1,7,6,2,1,1,,,0,0,,1,1,1,1,0.00
Public Method,"org.apache.commons.math3.linear.RealVectorTest.testIterator",,,,,,,,,,,,,,8,8,4,7,0,8,2,3,0,,,,0,,,,,,,,,,,,,1,0,4,0,2,6,5,3,2,1,,,0,1,,2,3,1,2,0.00
Public Method,"org.apache.commons.math3.linear.RealVectorTest.testMap",,,,,,,,,,,,,,10,10,7,5,0,12,2,2,0,,,,0,,,,,,,,,,,,,2,0,5,0,2,9,7,5,2,1,,,0,1,,2,2,1,2,0.00
Anonymous Class,"org.apache.commons.math3.linear.RealVectorTest.testMap.(Anon_1)",1,1,0,0,0,,0,,1,1,0,0,1,0,0,0,,,2,,,,1,1,1,,1,1,0,0,2,0,0,,,0,1,0,,0,0,0,,1,1,1,,,1,1,,0,0,1,1,1,1,0.00
Public Method,"org.apache.commons.math3.linear.RealVectorTest.testMap.(Anon_1).value",,,,,,,,,,,,,,0,0,0,1,0,2,1,1,0,,,,0,,,,,,,,,,,,,1,0,0,0,1,1,1,1,1,1,,,0,0,,1,1,1,1,0.00
Public Method,"org.apache.commons.math3.linear.RealVectorTest.testSparseIterator",,,,,,,,,,,,,,15,14,9,7,1,14,3,5,0,,,,0,,,,,,,,,,,,,1,1,6,0,4,12,8,6,3,1,,,0,1,,3,5,1,3,0.00
Public Class,"org.apache.commons.math3.linear.RectangularCholeskyDecomposition",5,1,5,11,5,,0,,3,3,0,0,3,153,74,50,,,70,,,,14,1,1,,5,5,39,23,1,0,0,,,2,3,0,,21,23,58,,54,30,40,,,14,14,,4,33,16,16,3,16,0.78
Public Constructor,"org.apache.commons.math3.linear.RectangularCholeskyDecomposition.RectangularCholeskyDecomposition",,,,,,,,,,,,,,99,64,48,9,3,63,14,14,1,,,,0,,,,,,,,,,,,,5,15,18,20,330,50,25,38,14,1,,,0,4,,14,14,1,14,0.31
Public Method,"org.apache.commons.math3.linear.RectangularCholeskyDecomposition.getRank",,,,,,,,,,,,,,10,3,1,1,0,2,1,1,0,,,,0,,,,,,,,,,,,,3,0,1,7,1,1,1,1,1,1,,,0,0,,1,1,1,1,2.33
Public Method,"org.apache.commons.math3.linear.RectangularCholeskyDecomposition.getRootMatrix",,,,,,,,,,,,,,9,3,1,1,0,2,1,1,0,,,,0,,,,,,,,,,,,,3,0,1,6,1,1,1,1,1,1,,,0,0,,1,1,1,1,2.00
Class,"org.apache.commons.math3.linear.SchurTransformer",6,2,3,9,10,,0,,9,9,0,5,4,424,264,189,,,228,,,,18,7,1,,6,6,40,27,1,0,0,,,7,9,0,,44,56,118,,172,66,162,,,18,18,,4,65,55,55,19,55,0.45
Public Constructor,"org.apache.commons.math3.linear.SchurTransformer.SchurTransformer",,,,,,,,,,,,,,22,13,10,15,0,10,2,2,0,,,,0,,,,,,,,,,,,,8,2,2,7,2,8,2,8,2,1,,,0,1,,2,2,1,2,0.54
Private Static Class,"org.apache.commons.math3.linear.SchurTransformer.ShiftInfo",0,0,0,0,0,,0,,0,0,0,0,0,14,6,0,,,5,,,,0,0,1,,0,0,0,0,1,0,0,,,4,0,0,,0,5,8,,4,5,0,,,0,0,,0,0,0,0,0,0,1.33
Private Method,"org.apache.commons.math3.linear.SchurTransformer.computeShift",,,,,,,,,,,,,,46,33,24,8,2,29,8,8,0,,,,0,,,,,,,,,,,,,10,2,3,11,36,21,5,24,8,1,,,0,3,,8,8,1,8,0.33
Private Method,"org.apache.commons.math3.linear.SchurTransformer.findSmallSubDiagonalElement",,,,,,,,,,,,,,21,14,9,3,1,10,4,4,2,,,,2,,,,,,,,,,,,,5,0,3,7,5,6,3,7,4,3,,,2,2,,4,4,3,4,0.50
Private Method,"org.apache.commons.math3.linear.SchurTransformer.getNorm",,,,,,,,,,,,,,15,9,5,3,0,10,3,3,0,,,,0,,,,,,,,,,,,,3,0,2,6,3,7,4,6,3,1,,,0,2,,3,3,1,3,0.67
Public Method,"org.apache.commons.math3.linear.SchurTransformer.getP",,,,,,,,,,,,,,12,6,3,3,0,4,2,2,0,,,,0,,,,,,,,,,,,,7,0,1,6,2,2,1,3,2,1,,,0,1,,2,2,1,2,1.00
Public Method,"org.apache.commons.math3.linear.SchurTransformer.getPT",,,,,,,,,,,,,,14,6,3,4,0,4,2,2,0,,,,0,,,,,,,,,,,,,3,1,1,7,2,2,1,3,2,1,,,0,1,,2,2,1,2,1.17
Public Method,"org.apache.commons.math3.linear.SchurTransformer.getT",,,,,,,,,,,,,,13,6,3,3,0,4,2,2,0,,,,0,,,,,,,,,,,,,7,1,1,6,2,2,1,3,2,1,,,0,1,,2,2,1,2,1.00
Private Method,"org.apache.commons.math3.linear.SchurTransformer.performDoubleQRStep",,,,,,,,,,,,,,94,75,57,9,3,68,18,18,3,,,,2,,,,,,,,,,,,,12,6,10,15,2955,51,14,54,18,3,,,3,4,,18,18,3,18,0.20
Private Method,"org.apache.commons.math3.linear.SchurTransformer.transform",,,,,,,,,,,,,,125,87,73,11,2,76,14,14,7,,,,6,,,,,,,,,,,,,11,20,20,18,37,62,22,54,14,7,,,7,4,,14,14,7,14,0.21
Public Class,"org.apache.commons.math3.linear.SchurTransformerTest",1,1,0,0,5,,0,,9,9,0,4,5,112,90,53,,,55,,,,4,1,1,,1,1,7,6,1,0,0,,,3,9,0,,18,50,4,,41,28,27,,,4,4,,3,55,13,13,9,13,0.04
Private Method,"org.apache.commons.math3.linear.SchurTransformerTest.checkAEqualPTPt",,,,,,,,,,,,,,11,9,7,8,0,8,1,1,0,,,,0,,,,,,,,,,,,,2,2,7,0,1,7,7,1,1,1,,,0,0,,1,1,1,1,0.00
Private Method,"org.apache.commons.math3.linear.SchurTransformerTest.checkMatricesValues",,,,,,,,,,,,,,16,10,7,8,0,8,1,1,0,,,,0,,,,,,,,,,,,,3,4,5,2,1,7,4,4,1,1,,,0,0,,1,1,1,1,0.20
Private Method,"org.apache.commons.math3.linear.SchurTransformerTest.checkOrthogonal",,,,,,,,,,,,,,5,5,3,7,0,4,1,1,0,,,,0,,,,,,,,,,,,,3,0,3,0,1,3,3,1,1,1,,,0,0,,1,1,1,1,0.00
Private Method,"org.apache.commons.math3.linear.SchurTransformerTest.checkSchurForm",,,,,,,,,,,,,,11,11,6,4,1,11,4,4,0,,,,0,,,,,,,,,,,,,2,0,3,0,4,7,5,6,4,1,,,0,3,,4,4,1,4,0.00
Public Method,"org.apache.commons.math3.linear.SchurTransformerTest.testAEqualPTPt",,,,,,,,,,,,,,5,5,3,2,0,4,1,1,0,,,,0,,,,,,,,,,,,,3,0,1,0,1,3,1,3,1,1,,,0,0,,1,1,1,1,0.00
Public Method,"org.apache.commons.math3.linear.SchurTransformerTest.testNonSquare",,,,,,,,,,,,,,8,7,4,3,0,4,2,2,1,,,,0,,,,,,,,,,,,,0,0,1,1,2,2,1,3,2,1,,,0,1,,2,2,1,2,0.14
Public Method,"org.apache.commons.math3.linear.SchurTransformerTest.testPOrthogonal",,,,,,,,,,,,,,5,5,3,4,0,4,1,1,0,,,,0,,,,,,,,,,,,,3,0,1,0,1,3,1,3,1,1,,,0,0,,1,1,1,1,0.00
Public Method,"org.apache.commons.math3.linear.SchurTransformerTest.testPTOrthogonal",,,,,,,,,,,,,,5,5,3,4,0,4,1,1,0,,,,0,,,,,,,,,,,,,3,0,1,0,1,3,1,3,1,1,,,0,0,,1,1,1,1,0.00
Public Method,"org.apache.commons.math3.linear.SchurTransformerTest.testSchurForm",,,,,,,,,,,,,,5,5,3,4,0,4,1,1,0,,,,0,,,,,,,,,,,,,3,0,1,0,1,3,1,3,1,1,,,0,0,,1,1,1,1,0.00
Public Class,"org.apache.commons.math3.linear.SingularMatrixException",1,1,0,3,1,,1,,1,5,0,0,1,17,6,2,,,4,,,,1,1,3,,1,1,6,3,1,0,0,,,0,1,0,,1,3,10,,2,3,1,,,1,1,,0,100,1,1,1,1,1.67
Public Constructor,"org.apache.commons.math3.linear.SingularMatrixException.SingularMatrixException",,,,,,,,,,,,,,6,3,1,2,0,2,1,1,0,,,,0,,,,,,,,,,,,,11,0,1,3,1,1,1,1,1,1,,,0,0,,1,1,1,1,1.00
Public Class,"org.apache.commons.math3.linear.SingularOperatorException",1,1,0,3,1,,1,,1,5,0,0,1,18,7,2,,,4,,,,1,1,3,,1,1,6,3,1,0,0,,,0,1,0,,1,4,10,,2,3,1,,,1,1,,0,100,1,1,1,1,1.43
Public Constructor,"org.apache.commons.math3.linear.SingularOperatorException.SingularOperatorException",,,,,,,,,,,,,,6,3,1,2,0,2,1,1,0,,,,0,,,,,,,,,,,,,2,0,1,3,1,1,1,1,1,1,,,0,0,,1,1,1,1,1.00
Public Class,"org.apache.commons.math3.linear.SingularValueDecomposition",7,1,1,9,10,,2,,13,13,0,0,13,713,458,310,,,409,,,,79,13,1,,7,8,42,31,1,0,0,,,10,13,0,,36,91,219,,303,128,281,,,81,85,,5,82,100,105,25,98,0.48
Public Constructor,"org.apache.commons.math3.linear.SingularValueDecomposition.SingularValueDecomposition",,,,,,,,,,,,,,398,340,255,19,13,322,81,85,20,,,,15,,,,,,,,,,,,,27,13,49,45,999999999,246,83,239,79,13,,,19,5,,81,85,13,79,0.13
Private Static Class,"org.apache.commons.math3.linear.SingularValueDecomposition.Solver",1,1,0,8,3,,0,,5,5,0,1,4,84,34,15,,,27,,,,4,1,1,,1,1,14,6,2,0,0,,,2,5,0,,5,12,45,,18,13,14,,,4,4,,2,40,8,8,5,8,1.32
Private Constructor,"org.apache.commons.math3.linear.SingularValueDecomposition.Solver.Solver",,,,,,,,,,,,,,27,18,11,6,1,16,4,4,1,,,,0,,,,,,,,,,,,,7,0,5,9,5,12,6,10,4,1,,,0,2,,4,4,1,4,0.50
Public Method,"org.apache.commons.math3.linear.SingularValueDecomposition.Solver.getInverse",,,,,,,,,,,,,,8,3,1,1,0,2,1,1,0,,,,0,,,,,,,,,,,,,1,0,1,5,1,1,1,1,1,1,,,0,0,,1,1,1,1,1.67
Public Method,"org.apache.commons.math3.linear.SingularValueDecomposition.Solver.isNonSingular",,,,,,,,,,,,,,8,3,1,1,0,2,1,1,0,,,,0,,,,,,,,,,,,,1,0,1,5,1,1,1,1,1,1,,,0,0,,1,1,1,1,1.67
Public Method,"org.apache.commons.math3.linear.SingularValueDecomposition.Solver.solve",,,,,,,,,,,,,,14,3,1,2,0,2,1,1,0,,,,0,,,,,,,,,,,,,2,0,1,11,1,1,1,1,1,1,,,0,0,,1,1,1,1,3.67
Public Method,"org.apache.commons.math3.linear.SingularValueDecomposition.Solver.solve",,,,,,,,,,,,,,15,3,1,2,0,2,1,1,0,,,,0,,,,,,,,,,,,,2,0,1,12,1,1,1,1,1,1,,,0,0,,1,1,1,1,4.00
Public Method,"org.apache.commons.math3.linear.SingularValueDecomposition.getConditionNumber",,,,,,,,,,,,,,7,3,1,1,0,2,1,1,0,,,,0,,,,,,,,,,,,,4,0,1,4,1,1,1,1,1,1,,,0,0,,1,1,1,1,1.33
Public Method,"org.apache.commons.math3.linear.SingularValueDecomposition.getCovariance",,,,,,,,,,,,,,38,22,17,7,1,13,3,4,0,,,,0,,,,,,,,,,,,,5,3,5,13,4,9,6,7,3,1,,,0,0,,3,4,1,3,0.59
Anonymous Class,"org.apache.commons.math3.linear.SingularValueDecomposition.getCovariance.(Anon_1)",1,1,0,1,1,,0,,1,4,0,0,1,7,6,5,,,2,,,,1,1,2,,1,1,5,4,1,0,0,,,0,1,0,,0,0,1,,1,1,1,,,1,1,,0,0,1,1,1,1,0.17
Public Method,"org.apache.commons.math3.linear.SingularValueDecomposition.getCovariance.(Anon_1).visit",,,,,,,,,,,,,,5,4,3,0,0,2,1,1,0,,,,0,,,,,,,,,,,,,4,0,0,1,1,1,1,1,1,1,,,0,0,,1,1,1,1,0.25
Public Method,"org.apache.commons.math3.linear.SingularValueDecomposition.getInverseConditionNumber",,,,,,,,,,,,,,10,3,1,1,0,2,1,1,0,,,,0,,,,,,,,,,,,,3,0,1,7,1,1,1,1,1,1,,,0,0,,1,1,1,1,2.33
Public Method,"org.apache.commons.math3.linear.SingularValueDecomposition.getNorm",,,,,,,,,,,,,,10,3,1,1,0,2,1,1,0,,,,0,,,,,,,,,,,,,1,0,1,7,1,1,1,1,1,1,,,0,0,,1,1,1,1,2.33
Public Method,"org.apache.commons.math3.linear.SingularValueDecomposition.getRank",,,,,,,,,,,,,,17,9,5,1,0,8,3,3,0,,,,0,,,,,,,,,,,,,5,0,2,8,3,5,3,5,3,1,,,0,2,,3,3,1,3,0.89
Public Method,"org.apache.commons.math3.linear.SingularValueDecomposition.getS",,,,,,,,,,,,,,13,6,3,3,0,4,2,2,0,,,,0,,,,,,,,,,,,,7,0,1,7,2,2,1,3,2,1,,,0,1,,2,2,1,2,1.17
Public Method,"org.apache.commons.math3.linear.SingularValueDecomposition.getSingularValues",,,,,,,,,,,,,,9,3,1,2,0,2,1,1,0,,,,0,,,,,,,,,,,,,4,0,1,6,1,1,1,1,1,1,,,0,0,,1,1,1,1,2.00
Public Method,"org.apache.commons.math3.linear.SingularValueDecomposition.getSolver",,,,,,,,,,,,,,7,3,1,5,0,2,1,1,0,,,,0,,,,,,,,,,,,,6,0,1,4,1,1,1,1,1,1,,,0,0,,1,1,1,1,1.33
Public Method,"org.apache.commons.math3.linear.SingularValueDecomposition.getU",,,,,,,,,,,,,,11,3,1,1,0,2,1,1,0,,,,0,,,,,,,,,,,,,8,1,1,7,1,1,1,1,1,1,,,0,0,,1,1,1,1,2.33
Public Method,"org.apache.commons.math3.linear.SingularValueDecomposition.getUT",,,,,,,,,,,,,,13,6,3,4,0,4,2,2,0,,,,0,,,,,,,,,,,,,2,0,1,7,2,2,1,3,2,1,,,0,1,,2,2,1,2,1.17
Public Method,"org.apache.commons.math3.linear.SingularValueDecomposition.getV",,,,,,,,,,,,,,10,3,1,1,0,2,1,1,0,,,,0,,,,,,,,,,,,,8,0,1,7,1,1,1,1,1,1,,,0,0,,1,1,1,1,2.33
Public Method,"org.apache.commons.math3.linear.SingularValueDecomposition.getVT",,,,,,,,,,,,,,13,6,3,4,0,4,2,2,0,,,,0,,,,,,,,,,,,,3,0,1,7,2,2,1,3,2,1,,,0,1,,2,2,1,2,1.17
Public Class,"org.apache.commons.math3.linear.SingularValueDecompositionTest",1,1,0,0,6,,1,,18,18,0,2,16,290,236,165,,,142,,,,4,1,1,,1,1,13,11,1,0,0,,,2,18,0,,34,117,20,,115,81,61,,,4,4,,3,72,25,25,18,25,0.08
Public Method,"org.apache.commons.math3.linear.SingularValueDecompositionTest.checkAEqualUSVt",,,,,,,,,,,,,,9,8,6,9,0,7,1,1,0,,,,0,,,,,,,,,,,,,3,1,6,0,1,6,6,1,1,1,,,0,0,,1,1,1,1,0.00
Public Method,"org.apache.commons.math3.linear.SingularValueDecompositionTest.checkOrthogonal",,,,,,,,,,,,,,5,5,3,7,0,4,1,1,0,,,,0,,,,,,,,,,,,,4,0,3,0,1,3,3,1,1,1,,,0,0,,1,1,1,1,0.00
Private Method,"org.apache.commons.math3.linear.SingularValueDecompositionTest.createTestMatrix",,,,,,,,,,,,,,10,10,4,4,0,5,1,1,0,,,,0,,,,,,,,,,,,,6,0,8,0,1,4,4,1,1,1,,,0,0,,1,1,1,1,0.00
Private Method,"org.apache.commons.math3.linear.SingularValueDecompositionTest.loadRealMatrix",,,,,,,,,,,,,,16,16,11,7,1,13,4,4,1,,,,0,,,,,,,,,,,,,4,0,6,0,4,8,7,6,4,1,,,0,3,,4,4,1,4,0.00
Public Method,"org.apache.commons.math3.linear.SingularValueDecompositionTest.testAEqualUSVt",,,,,,,,,,,,,,6,5,3,3,0,4,1,1,0,,,,0,,,,,,,,,,,,,2,0,1,1,1,3,1,3,1,1,,,0,0,,1,1,1,1,0.20
Public Method,"org.apache.commons.math3.linear.SingularValueDecompositionTest.testConditionNumber",,,,,,,,,,,,,,7,5,2,4,0,3,1,1,0,,,,0,,,,,,,,,,,,,1,0,3,2,1,2,2,1,1,1,,,0,0,,1,1,1,1,0.40
Public Method,"org.apache.commons.math3.linear.SingularValueDecompositionTest.testDimensions",,,,,,,,,,,,,,14,12,10,8,0,11,1,1,0,,,,0,,,,,,,,,,,,,1,1,5,1,1,10,5,6,1,1,,,0,0,,1,1,1,1,0.08
Public Method,"org.apache.commons.math3.linear.SingularValueDecompositionTest.testHadamard",,,,,,,,,,,,,,35,31,29,7,0,11,1,1,0,,,,0,,,,,,,,,,,,,0,3,8,1,1,10,5,6,1,1,,,0,0,,1,1,1,1,0.03
Public Method,"org.apache.commons.math3.linear.SingularValueDecompositionTest.testInverseConditionNumber",,,,,,,,,,,,,,5,5,2,4,0,3,1,1,0,,,,0,,,,,,,,,,,,,1,0,3,0,1,2,2,1,1,1,,,0,0,,1,1,1,1,0.00
Public Method,"org.apache.commons.math3.linear.SingularValueDecompositionTest.testMatricesValues1",,,,,,,,,,,,,,31,25,22,9,0,14,1,1,0,,,,0,,,,,,,,,,,,,2,3,12,3,1,13,8,6,1,1,,,0,0,,1,1,1,1,0.12
Public Method,"org.apache.commons.math3.linear.SingularValueDecompositionTest.testMoreColumns",,,,,,,,,,,,,,13,13,9,4,0,12,2,2,0,,,,0,,,,,,,,,,,,,1,0,8,0,2,10,8,4,2,1,,,0,1,,2,2,1,2,0.00
Public Method,"org.apache.commons.math3.linear.SingularValueDecompositionTest.testMoreRows",,,,,,,,,,,,,,13,13,9,4,0,12,2,2,0,,,,0,,,,,,,,,,,,,1,0,8,0,2,10,8,4,2,1,,,0,1,,2,2,1,2,0.00
Public Method,"org.apache.commons.math3.linear.SingularValueDecompositionTest.testRank",,,,,,,,,,,,,,7,6,4,4,0,5,1,1,0,,,,0,,,,,,,,,,,,,0,0,4,1,1,4,4,1,1,1,,,0,0,,1,1,1,1,0.17
Public Method,"org.apache.commons.math3.linear.SingularValueDecompositionTest.testStability1",,,,,,,,,,,,,,10,9,6,4,0,6,2,2,1,,,,0,,,,,,,,,,,,,0,0,2,1,2,4,2,4,2,1,,,0,1,,2,2,1,2,0.11
Public Method,"org.apache.commons.math3.linear.SingularValueDecompositionTest.testStability2",,,,,,,,,,,,,,10,9,6,4,0,6,2,2,1,,,,0,,,,,,,,,,,,,0,0,2,1,2,4,2,4,2,1,,,0,1,,2,2,1,2,0.11
Public Method,"org.apache.commons.math3.linear.SingularValueDecompositionTest.testUOrthogonal",,,,,,,,,,,,,,6,5,3,5,0,4,1,1,0,,,,0,,,,,,,,,,,,,2,0,1,1,1,3,1,3,1,1,,,0,0,,1,1,1,1,0.20
Public Method,"org.apache.commons.math3.linear.SingularValueDecompositionTest.testVOrthogonal",,,,,,,,,,,,,,6,5,3,5,0,4,1,1,0,,,,0,,,,,,,,,,,,,2,0,1,1,1,3,1,3,1,1,,,0,0,,1,1,1,1,0.20
Public Method,"org.apache.commons.math3.linear.SingularValueDecompositionTest.useless_testMatricesValues2",,,,,,,,,,,,,,36,29,26,9,0,14,1,1,0,,,,0,,,,,,,,,,,,,2,4,12,3,1,13,8,6,1,1,,,0,0,,1,1,1,1,0.10
Public Class,"org.apache.commons.math3.linear.SingularValueSolverTest",2,1,0,2,10,,1,,5,5,0,0,5,115,92,62,,,52,,,,4,1,1,,2,2,19,16,1,0,0,,,1,5,0,,12,42,11,,41,26,26,,,4,4,,1,60,10,10,5,10,0.12
Public Method,"org.apache.commons.math3.linear.SingularValueSolverTest.testConditionNumber",,,,,,,,,,,,,,7,5,2,4,0,3,1,1,0,,,,0,,,,,,,,,,,,,1,0,3,2,1,2,2,1,1,1,,,0,0,,1,1,1,1,0.40
Public Method,"org.apache.commons.math3.linear.SingularValueSolverTest.testLeastSquareSolve",,,,,,,,,,,,,,23,22,19,10,0,15,1,1,0,,,,0,,,,,,,,,,,,,0,0,9,1,1,14,7,8,1,1,,,0,0,,1,1,1,1,0.05
Public Method,"org.apache.commons.math3.linear.SingularValueSolverTest.testMath320B",,,,,,,,,,,,,,9,9,6,9,0,5,1,1,0,,,,0,,,,,,,,,,,,,0,0,6,0,1,4,4,1,1,1,,,0,0,,1,1,1,1,0.00
Public Method,"org.apache.commons.math3.linear.SingularValueSolverTest.testSolve",,,,,,,,,,,,,,32,24,18,13,1,14,3,3,0,,,,0,,,,,,,,,,,,,2,4,9,4,4,11,7,7,3,1,,,0,1,,3,3,1,3,0.17
Public Method,"org.apache.commons.math3.linear.SingularValueSolverTest.testSolveDimensionErrors",,,,,,,,,,,,,,24,20,14,8,1,12,4,4,3,,,,0,,,,,,,,,,,,,1,0,4,4,8,8,3,9,4,1,,,0,1,,4,4,1,4,0.20
Public Generic Class,"org.apache.commons.math3.linear.SparseFieldMatrix",1,1,0,3,3,,0,,13,83,0,1,12,159,94,49,,,67,,,,3,1,2,,1,1,9,6,1,0,0,,,3,13,0,,15,30,50,,48,23,44,,,3,3,,2,51,18,18,13,18,0.53
Public Constructor,"org.apache.commons.math3.linear.SparseFieldMatrix.SparseFieldMatrix",,,,,,,,,,,,,,17,7,4,6,0,5,1,1,0,,,,0,,,,,,,,,,,,,8,0,2,10,1,4,1,4,1,1,,,0,0,,1,1,1,1,1.43
Public Constructor,"org.apache.commons.math3.linear.SparseFieldMatrix.SparseFieldMatrix",,,,,,,,,,,,,,11,6,4,6,0,5,1,1,0,,,,0,,,,,,,,,,,,,1,0,1,5,1,4,1,4,1,1,,,0,0,,1,1,1,1,0.83
Public Constructor,"org.apache.commons.math3.linear.SparseFieldMatrix.SparseFieldMatrix",,,,,,,,,,,,,,11,6,4,9,0,5,1,1,0,,,,0,,,,,,,,,,,,,3,0,1,5,1,4,1,4,1,1,,,0,0,,1,1,1,1,0.83
Public Constructor,"org.apache.commons.math3.linear.SparseFieldMatrix.SparseFieldMatrix",,,,,,,,,,,,,,16,11,7,12,0,12,3,3,0,,,,0,,,,,,,,,,,,,3,0,1,5,3,9,3,9,3,1,,,0,2,,3,3,1,3,0.45
TypeVariable,"org.apache.commons.math3.linear.SparseFieldMatrix.T",0,0,0,0,0,,0,,0,0,0,0,0,0,0,0,,,0,,,,0,0,1,,0,0,0,0,2,0,0,,,0,0,0,,0,0,0,,0,0,0,,,0,0,,0,0,0,0,0,0,0.00
Public Method,"org.apache.commons.math3.linear.SparseFieldMatrix.addToEntry",,,,,,,,,,,,,,12,11,8,10,0,8,2,2,1,,,,0,,,,,,,,,,,,,4,0,3,1,2,6,3,5,2,1,,,0,1,,2,2,1,2,0.09
Private Method,"org.apache.commons.math3.linear.SparseFieldMatrix.computeKey",,,,,,,,,,,,,,10,3,1,1,0,2,1,1,0,,,,0,,,,,,,,,,,,,7,0,1,7,1,1,1,1,1,1,,,0,0,,1,1,1,1,2.33
Public Method,"org.apache.commons.math3.linear.SparseFieldMatrix.copy",,,,,,,,,,,,,,4,3,1,2,0,2,1,1,0,,,,0,,,,,,,,,,,,,2,0,1,1,1,1,1,1,1,1,,,0,0,,1,1,1,1,0.33
Public Method,"org.apache.commons.math3.linear.SparseFieldMatrix.createMatrix",,,,,,,,,,,,,,4,3,1,3,0,2,1,1,0,,,,0,,,,,,,,,,,,,2,0,1,1,1,1,1,1,1,1,,,0,0,,1,1,1,1,0.33
Public Method,"org.apache.commons.math3.linear.SparseFieldMatrix.getColumnDimension",,,,,,,,,,,,,,4,3,1,1,0,2,1,1,0,,,,0,,,,,,,,,,,,,4,0,1,1,1,1,1,1,1,1,,,0,0,,1,1,1,1,0.33
Public Method,"org.apache.commons.math3.linear.SparseFieldMatrix.getEntry",,,,,,,,,,,,,,6,5,3,5,0,4,1,1,0,,,,0,,,,,,,,,,,,,4,0,1,1,1,3,1,3,1,1,,,0,0,,1,1,1,1,0.20
Public Method,"org.apache.commons.math3.linear.SparseFieldMatrix.getRowDimension",,,,,,,,,,,,,,4,3,1,1,0,2,1,1,0,,,,0,,,,,,,,,,,,,4,0,1,1,1,1,1,1,1,1,,,0,0,,1,1,1,1,0.33
Public Method,"org.apache.commons.math3.linear.SparseFieldMatrix.multiplyEntry",,,,,,,,,,,,,,13,11,8,10,0,8,2,2,1,,,,0,,,,,,,,,,,,,4,1,3,1,2,6,3,5,2,1,,,0,1,,2,2,1,2,0.09
Public Method,"org.apache.commons.math3.linear.SparseFieldMatrix.setEntry",,,,,,,,,,,,,,10,9,6,8,0,6,2,2,1,,,,0,,,,,,,,,,,,,7,0,1,1,2,4,1,5,2,1,,,0,1,,2,2,1,2,0.11
Public Class,"org.apache.commons.math3.linear.SparseFieldMatrixTest",2,1,0,2,19,,0,,29,29,0,2,25,677,527,398,,,366,,,,8,1,1,,2,2,18,15,1,0,0,,,39,29,2,,57,184,94,,295,155,211,,,8,8,,2,91,70,70,29,70,0.18
Public Constructor,"org.apache.commons.math3.linear.SparseFieldMatrixTest.SparseFieldMatrixTest",,,,,,,,,,,,,,16,15,12,10,0,9,2,2,1,,,,0,,,,,,,,,,,,,0,0,1,1,2,7,1,8,2,1,,,0,1,,2,2,1,2,0.07
Protected Method,"org.apache.commons.math3.linear.SparseFieldMatrixTest.assertClose",,,,,,,,,,,,,,10,8,3,5,0,8,3,3,0,,,,0,,,,,,,,,,,,,4,1,2,1,3,5,3,5,3,1,,,0,2,,3,3,1,3,0.12
Protected Method,"org.apache.commons.math3.linear.SparseFieldMatrixTest.assertClose",,,,,,,,,,,,,,11,10,5,3,1,7,3,3,0,,,,0,,,,,,,,,,,,,5,0,2,1,4,4,2,5,3,1,,,0,1,,3,3,1,3,0.10
Private Method,"org.apache.commons.math3.linear.SparseFieldMatrixTest.columnToVector",,,,,,,,,,,,,,7,7,4,2,0,7,2,2,0,,,,0,,,,,,,,,,,,,3,0,2,0,2,5,3,4,2,1,,,0,1,,2,2,1,2,0.00
Private Method,"org.apache.commons.math3.linear.SparseFieldMatrixTest.createSparseMatrix",,,,,,,,,,,,,,9,9,5,3,0,10,3,3,0,,,,0,,,,,,,,,,,,,27,0,2,0,3,7,4,6,3,1,,,0,2,,3,3,1,3,0.00
Public Method,"org.apache.commons.math3.linear.SparseFieldMatrixTest.testAdd",,,,,,,,,,,,,,14,13,9,8,0,12,3,3,0,,,,0,,,,,,,,,,,,,4,0,5,1,3,9,7,5,3,1,,,0,2,,3,3,1,3,0.08
Public Method,"org.apache.commons.math3.linear.SparseFieldMatrixTest.testAddFail",,,,,,,,,,,,,,11,9,6,3,0,6,2,2,1,,,,0,,,,,,,,,,,,,2,0,3,2,2,4,3,3,2,1,,,0,1,,2,2,1,2,0.22
Public Method,"org.apache.commons.math3.linear.SparseFieldMatrixTest.testCopyFunctions",,,,,,,,,,,,,,11,10,8,4,0,9,1,1,0,,,,0,,,,,,,,,,,,,1,0,5,1,1,8,5,4,1,1,,,0,0,,1,1,1,1,0.10
Public Method,"org.apache.commons.math3.linear.SparseFieldMatrixTest.testDimensions",,,,,,,,,,,,,,11,10,8,6,0,9,1,1,0,,,,0,,,,,,,,,,,,,2,0,3,1,1,8,3,6,1,1,,,0,0,,1,1,1,1,0.10
Public Method,"org.apache.commons.math3.linear.SparseFieldMatrixTest.testEqualsAndHashCode",,,,,,,,,,,,,,12,12,10,8,0,11,1,1,0,,,,0,,,,,,,,,,,,,2,0,4,0,1,10,4,7,1,1,,,0,0,,1,1,1,1,0.00
Public Method,"org.apache.commons.math3.linear.SparseFieldMatrixTest.testExamples",,,,,,,,,,,,,,34,26,23,16,0,19,1,1,0,,,,0,,,,,,,,,,,,,0,2,12,6,1,18,11,8,1,1,,,0,0,,1,1,1,1,0.23
Public Method,"org.apache.commons.math3.linear.SparseFieldMatrixTest.testGetColumnMatrix",,,,,,,,,,,,,,19,17,13,4,1,12,3,3,2,,,,0,,,,,,,,,,,,,3,0,4,2,4,9,4,8,3,1,,,0,1,,3,3,1,3,0.12
Public Method,"org.apache.commons.math3.linear.SparseFieldMatrixTest.testGetColumnVector",,,,,,,,,,,,,,19,17,13,5,1,12,3,3,2,,,,0,,,,,,,,,,,,,3,0,4,2,4,9,4,8,3,1,,,0,1,,3,3,1,3,0.12
Public Method,"org.apache.commons.math3.linear.SparseFieldMatrixTest.testGetEntry",,,,,,,,,,,,,,10,9,6,5,0,6,2,2,1,,,,0,,,,,,,,,,,,,2,0,2,1,2,4,2,4,2,1,,,0,1,,2,2,1,2,0.11
Public Method,"org.apache.commons.math3.linear.SparseFieldMatrixTest.testGetRowMatrix",,,,,,,,,,,,,,19,17,13,4,1,12,3,3,2,,,,0,,,,,,,,,,,,,3,0,4,2,4,9,4,8,3,1,,,0,1,,3,3,1,3,0.12
Public Method,"org.apache.commons.math3.linear.SparseFieldMatrixTest.testGetRowVector",,,,,,,,,,,,,,19,17,13,5,1,12,3,3,2,,,,0,,,,,,,,,,,,,3,0,4,2,4,9,4,8,3,1,,,0,1,,3,3,1,3,0.12
Public Method,"org.apache.commons.math3.linear.SparseFieldMatrixTest.testGetVectors",,,,,,,,,,,,,,17,15,11,5,1,10,3,3,2,,,,0,,,,,,,,,,,,,4,0,2,2,4,7,2,8,3,1,,,0,1,,3,3,1,3,0.13
Public Method,"org.apache.commons.math3.linear.SparseFieldMatrixTest.testMath209",,,,,,,,,,,,,,10,9,7,6,0,7,1,1,0,,,,0,,,,,,,,,,,,,1,0,4,1,1,6,3,4,1,1,,,0,0,,1,1,1,1,0.11
Public Method,"org.apache.commons.math3.linear.SparseFieldMatrixTest.testMultiply",,,,,,,,,,,,,,25,23,20,6,0,14,2,2,1,,,,0,,,,,,,,,,,,,6,0,5,2,2,12,5,9,2,1,,,0,1,,2,2,1,2,0.09
Public Method,"org.apache.commons.math3.linear.SparseFieldMatrixTest.testMultiply2",,,,,,,,,,,,,,6,6,4,3,0,5,1,1,0,,,,0,,,,,,,,,,,,,4,0,4,0,1,4,4,1,1,1,,,0,0,,1,1,1,1,0.00
Public Method,"org.apache.commons.math3.linear.SparseFieldMatrixTest.testOperate",,,,,,,,,,,,,,15,13,10,7,0,8,2,2,1,,,,0,,,,,,,,,,,,,4,0,2,2,2,6,2,6,2,1,,,0,1,,2,2,1,2,0.15
Public Method,"org.apache.commons.math3.linear.SparseFieldMatrixTest.testPlusMinus",,,,,,,,,,,,,,13,11,8,7,0,7,2,2,1,,,,0,,,,,,,,,,,,,4,0,3,2,2,5,3,4,2,1,,,0,1,,2,2,1,2,0.18
Public Method,"org.apache.commons.math3.linear.SparseFieldMatrixTest.testPremultiply",,,,,,,,,,,,,,24,22,19,5,0,15,2,2,1,,,,0,,,,,,,,,,,,,8,1,7,1,2,13,7,8,2,1,,,0,1,,2,2,1,2,0.05
Public Method,"org.apache.commons.math3.linear.SparseFieldMatrixTest.testPremultiplyVector",,,,,,,,,,,,,,15,13,10,6,0,8,2,2,1,,,,0,,,,,,,,,,,,,5,0,2,2,2,6,2,6,2,1,,,0,1,,2,2,1,2,0.15
Public Method,"org.apache.commons.math3.linear.SparseFieldMatrixTest.testScalarAdd",,,,,,,,,,,,,,6,5,3,4,0,3,1,1,0,,,,0,,,,,,,,,,,,,3,0,2,1,1,2,2,1,1,1,,,0,0,,1,1,1,1,0.20
Public Method,"org.apache.commons.math3.linear.SparseFieldMatrixTest.testSetSubMatrix",,,,,,,,,,,,,,77,57,47,6,2,36,8,8,7,,,,0,,,,,,,,,,,,,4,7,6,13,128,28,4,32,8,1,,,0,1,,8,8,1,8,0.23
Public Method,"org.apache.commons.math3.linear.SparseFieldMatrixTest.testSubMatrix",,,,,,,,,,,,,,63,56,48,5,2,37,7,7,6,,,,0,,,,,,,,,,,,,9,1,10,6,64,30,10,27,7,1,,,0,1,,7,7,1,7,0.11
Public Method,"org.apache.commons.math3.linear.SparseFieldMatrixTest.testTrace",,,,,,,,,,,,,,12,10,7,5,0,7,2,2,1,,,,0,,,,,,,,,,,,,3,0,2,2,2,5,2,5,2,1,,,0,1,,2,2,1,2,0.20
Public Method,"org.apache.commons.math3.linear.SparseFieldMatrixTest.testTranspose",,,,,,,,,,,,,,10,9,7,6,0,8,1,1,0,,,,0,,,,,,,,,,,,,4,0,5,1,1,7,5,3,1,1,,,0,0,,1,1,1,1,0.11
Public Generic Class,"org.apache.commons.math3.linear.SparseFieldVector",1,1,0,2,8,,1,,45,45,0,3,40,553,364,223,,,282,,,,11,11,1,,1,2,10,7,3,0,0,,,3,45,2,,54,104,137,,193,108,174,,,11,11,,3,67,89,91,55,89,0.38
Public Constructor,"org.apache.commons.math3.linear.SparseFieldVector.SparseFieldVector",,,,,,,,,,,,,,16,9,6,6,0,9,2,2,0,,,,0,,,,,,,,,,,,,10,0,2,7,2,7,3,6,2,1,,,0,1,,2,2,1,2,0.78
Public Constructor,"org.apache.commons.math3.linear.SparseFieldVector.SparseFieldVector",,,,,,,,,,,,,,13,3,1,2,0,2,1,1,0,,,,0,,,,,,,,,,,,,1,0,1,10,1,1,1,1,1,1,,,0,0,,1,1,1,1,3.33
Public Constructor,"org.apache.commons.math3.linear.SparseFieldVector.SparseFieldVector",,,,,,,,,,,,,,11,5,3,5,0,4,1,1,0,,,,0,,,,,,,,,,,,,5,0,1,6,1,3,1,3,1,1,,,0,0,,1,1,1,1,1.20
Protected Constructor,"org.apache.commons.math3.linear.SparseFieldVector.SparseFieldVector",,,,,,,,,,,,,,11,5,3,6,0,4,1,1,0,,,,0,,,,,,,,,,,,,7,0,1,6,1,3,1,3,1,1,,,0,0,,1,1,1,1,1.20
Public Constructor,"org.apache.commons.math3.linear.SparseFieldVector.SparseFieldVector",,,,,,,,,,,,,,12,5,3,5,0,4,1,1,0,,,,0,,,,,,,,,,,,,3,0,1,7,1,3,1,3,1,1,,,0,0,,1,1,1,1,1.40
Public Constructor,"org.apache.commons.math3.linear.SparseFieldVector.SparseFieldVector",,,,,,,,,,,,,,10,5,3,7,0,4,1,1,0,,,,0,,,,,,,,,,,,,6,0,1,5,1,3,1,3,1,1,,,0,0,,1,1,1,1,1.00
TypeVariable,"org.apache.commons.math3.linear.SparseFieldVector.T",0,0,0,0,0,,0,,0,0,0,0,0,0,0,0,,,0,,,,0,0,1,,0,0,0,0,2,0,0,,,0,0,0,,0,0,0,,0,0,0,,,0,0,,0,0,0,0,0,0,0.00
Public Method,"org.apache.commons.math3.linear.SparseFieldVector.add",,,,,,,,,,,,,,25,16,12,14,0,12,3,3,1,,,,0,,,,,,,,,,,,,4,1,5,8,3,9,5,7,3,1,,,0,2,,3,3,1,3,0.50
Public Method,"org.apache.commons.math3.linear.SparseFieldVector.add",,,,,,,,,,,,,,15,14,10,10,0,11,3,3,1,,,,0,,,,,,,,,,,,,3,0,4,1,3,8,4,7,3,1,,,0,2,,3,3,1,3,0.07
Public Method,"org.apache.commons.math3.linear.SparseFieldVector.append",,,,,,,,,,,,,,15,9,6,9,0,7,2,2,0,,,,0,,,,,,,,,,,,,4,0,3,6,2,5,3,4,2,1,,,0,1,,2,2,1,2,0.67
Public Method,"org.apache.commons.math3.linear.SparseFieldVector.append",,,,,,,,,,,,,,13,12,8,6,0,10,3,3,1,,,,0,,,,,,,,,,,,,2,0,3,1,3,7,4,6,3,1,,,0,2,,3,3,1,3,0.08
Public Method,"org.apache.commons.math3.linear.SparseFieldVector.append",,,,,,,,,,,,,,6,5,3,3,0,4,1,1,0,,,,0,,,,,,,,,,,,,2,0,2,1,1,3,2,2,1,1,,,0,0,,1,1,1,1,0.20
Private Method,"org.apache.commons.math3.linear.SparseFieldVector.buildArray",,,,,,,,,,,,,,9,3,1,3,0,2,1,1,0,,,,0,,,,,,,,,,,,,3,0,1,6,1,1,1,1,1,1,,,0,0,,1,1,1,1,2.00
Private Method,"org.apache.commons.math3.linear.SparseFieldVector.checkIndex",,,,,,,,,,,,,,11,5,2,2,0,3,2,3,0,,,,0,,,,,,,,,,,,,5,0,1,6,2,1,1,2,2,1,,,0,1,,2,3,1,2,1.20
Protected Method,"org.apache.commons.math3.linear.SparseFieldVector.checkVectorDimensions",,,,,,,,,,,,,,11,5,2,2,0,3,2,2,0,,,,0,,,,,,,,,,,,,10,0,1,6,2,1,1,2,2,1,,,0,1,,2,2,1,2,1.20
Public Method,"org.apache.commons.math3.linear.SparseFieldVector.copy",,,,,,,,,,,,,,4,3,1,2,0,2,1,1,0,,,,0,,,,,,,,,,,,,8,0,1,1,1,1,1,1,1,1,,,0,0,,1,1,1,1,0.33
Public Method,"org.apache.commons.math3.linear.SparseFieldVector.dotProduct",,,,,,,,,,,,,,11,10,7,12,0,8,2,2,0,,,,0,,,,,,,,,,,,,5,0,3,1,2,6,3,5,2,1,,,0,1,,2,2,1,2,0.10
Public Method,"org.apache.commons.math3.linear.SparseFieldVector.ebeDivide",,,,,,,,,,,,,,11,10,7,12,0,8,2,2,0,,,,0,,,,,,,,,,,,,3,0,3,1,2,6,3,5,2,1,,,0,1,,2,2,1,2,0.10
Public Method,"org.apache.commons.math3.linear.SparseFieldVector.ebeMultiply",,,,,,,,,,,,,,11,10,7,12,0,8,2,2,0,,,,0,,,,,,,,,,,,,3,0,3,1,2,6,3,5,2,1,,,0,1,,2,2,1,2,0.10
Public Method,"org.apache.commons.math3.linear.SparseFieldVector.equals",,,,,,,,,,,,,,43,37,25,9,1,26,11,11,14,,,,14,,,,,,,,,,,,,4,4,6,3,20,15,5,21,11,11,,,14,2,,11,11,11,11,0.08
Public Method,"org.apache.commons.math3.linear.SparseFieldVector.getData",,,,,,,,,,,,,,10,9,6,7,0,7,2,2,0,,,,0,,,,,,,,,,,,,4,0,3,1,2,5,3,4,2,1,,,0,1,,2,2,1,2,0.11
Public Method,"org.apache.commons.math3.linear.SparseFieldVector.getDimension",,,,,,,,,,,,,,4,3,1,1,0,2,1,1,0,,,,0,,,,,,,,,,,,,10,0,1,1,1,1,1,1,1,1,,,0,0,,1,1,1,1,0.33
Private Method,"org.apache.commons.math3.linear.SparseFieldVector.getEntries",,,,,,,,,,,,,,8,3,1,1,0,2,1,1,0,,,,0,,,,,,,,,,,,,5,0,1,5,1,1,1,1,1,1,,,0,0,,1,1,1,1,1.67
Public Method,"org.apache.commons.math3.linear.SparseFieldVector.getEntry",,,,,,,,,,,,,,5,4,2,3,0,3,1,1,0,,,,0,,,,,,,,,,,,,6,0,1,1,1,2,1,2,1,1,,,0,0,,1,1,1,1,0.25
Public Method,"org.apache.commons.math3.linear.SparseFieldVector.getField",,,,,,,,,,,,,,4,3,1,1,0,2,1,1,0,,,,0,,,,,,,,,,,,,1,0,1,1,1,1,1,1,1,1,,,0,0,,1,1,1,1,0.33
Public Method,"org.apache.commons.math3.linear.SparseFieldVector.getSubVector",,,,,,,,,,,,,,16,15,11,9,0,12,3,4,0,,,,0,,,,,,,,,,,,,4,0,5,1,3,9,5,7,3,1,,,0,2,,3,4,1,3,0.07
Public Method,"org.apache.commons.math3.linear.SparseFieldVector.hashCode",,,,,,,,,,,,,,14,13,10,6,0,11,3,3,0,,,,0,,,,,,,,,,,,,3,0,5,1,2,9,5,6,3,1,,,0,1,,3,3,1,3,0.08
Public Method,"org.apache.commons.math3.linear.SparseFieldVector.mapAdd",,,,,,,,,,,,,,4,3,1,3,0,2,1,1,0,,,,0,,,,,,,,,,,,,2,0,1,1,1,1,1,1,1,1,,,0,0,,1,1,1,1,0.33
Public Method,"org.apache.commons.math3.linear.SparseFieldVector.mapAddToSelf",,,,,,,,,,,,,,7,6,3,4,0,6,2,2,0,,,,0,,,,,,,,,,,,,3,0,1,1,2,4,2,4,2,1,,,0,1,,2,2,1,2,0.17
Public Method,"org.apache.commons.math3.linear.SparseFieldVector.mapDivide",,,,,,,,,,,,,,4,3,1,3,0,2,1,1,0,,,,0,,,,,,,,,,,,,2,0,1,1,1,1,1,1,1,1,,,0,0,,1,1,1,1,0.33
Public Method,"org.apache.commons.math3.linear.SparseFieldVector.mapDivideToSelf",,,,,,,,,,,,,,9,8,5,8,0,6,2,2,0,,,,0,,,,,,,,,,,,,2,0,2,1,2,4,2,4,2,1,,,0,1,,2,2,1,2,0.12
Public Method,"org.apache.commons.math3.linear.SparseFieldVector.mapInv",,,,,,,,,,,,,,4,3,1,3,0,2,1,1,0,,,,0,,,,,,,,,,,,,1,0,1,1,1,1,1,1,1,1,,,0,0,,1,1,1,1,0.33
Public Method,"org.apache.commons.math3.linear.SparseFieldVector.mapInvToSelf",,,,,,,,,,,,,,7,6,3,5,0,6,2,2,0,,,,0,,,,,,,,,,,,,2,0,1,1,2,4,2,4,2,1,,,0,1,,2,2,1,2,0.17
Public Method,"org.apache.commons.math3.linear.SparseFieldVector.mapMultiply",,,,,,,,,,,,,,4,3,1,3,0,2,1,1,0,,,,0,,,,,,,,,,,,,2,0,1,1,1,1,1,1,1,1,,,0,0,,1,1,1,1,0.33
Public Method,"org.apache.commons.math3.linear.SparseFieldVector.mapMultiplyToSelf",,,,,,,,,,,,,,9,8,5,8,0,6,2,2,0,,,,0,,,,,,,,,,,,,2,0,2,1,2,4,2,4,2,1,,,0,1,,2,2,1,2,0.12
Public Method,"org.apache.commons.math3.linear.SparseFieldVector.mapSubtract",,,,,,,,,,,,,,4,3,1,3,0,2,1,1,0,,,,0,,,,,,,,,,,,,2,0,1,1,1,1,1,1,1,1,,,0,0,,1,1,1,1,0.33
Public Method,"org.apache.commons.math3.linear.SparseFieldVector.mapSubtractToSelf",,,,,,,,,,,,,,4,3,1,4,0,2,1,1,0,,,,0,,,,,,,,,,,,,2,0,1,1,1,1,1,1,1,1,,,0,0,,1,1,1,1,0.33
Public Method,"org.apache.commons.math3.linear.SparseFieldVector.outerProduct",,,,,,,,,,,,,,21,14,10,10,0,11,3,3,0,,,,0,,,,,,,,,,,,,7,0,5,7,3,8,5,6,3,1,,,0,2,,3,3,1,3,0.50
Public Method,"org.apache.commons.math3.linear.SparseFieldVector.outerProduct",,,,,,,,,,,,,,19,18,13,12,1,15,4,4,1,,,,0,,,,,,,,,,,,,5,0,6,1,4,11,7,8,4,1,,,0,3,,4,4,1,4,0.06
Public Method,"org.apache.commons.math3.linear.SparseFieldVector.projection",,,,,,,,,,,,,,5,4,2,7,0,3,1,1,0,,,,0,,,,,,,,,,,,,1,0,1,1,1,2,1,2,1,1,,,0,0,,1,1,1,1,0.25
Public Method,"org.apache.commons.math3.linear.SparseFieldVector.set",,,,,,,,,,,,,,6,5,2,1,0,5,2,2,0,,,,0,,,,,,,,,,,,,2,0,1,1,2,3,2,3,2,1,,,0,1,,2,2,1,2,0.20
Public Method,"org.apache.commons.math3.linear.SparseFieldVector.setEntry",,,,,,,,,,,,,,5,4,2,2,0,3,1,1,0,,,,0,,,,,,,,,,,,,16,0,1,1,1,2,1,2,1,1,,,0,0,,1,1,1,1,0.25
Public Method,"org.apache.commons.math3.linear.SparseFieldVector.setSubVector",,,,,,,,,,,,,,9,8,5,4,0,8,2,2,0,,,,0,,,,,,,,,,,,,2,0,2,1,2,6,3,5,2,1,,,0,1,,2,2,1,2,0.12
Public Method,"org.apache.commons.math3.linear.SparseFieldVector.subtract",,,,,,,,,,,,,,23,15,11,15,0,11,3,3,1,,,,0,,,,,,,,,,,,,5,0,4,8,3,8,4,7,3,1,,,0,2,,3,3,1,3,0.53
Public Method,"org.apache.commons.math3.linear.SparseFieldVector.subtract",,,,,,,,,,,,,,18,17,12,11,1,13,4,4,2,,,,0,,,,,,,,,,,,,4,0,3,1,4,9,4,9,4,1,,,0,3,,4,4,1,4,0.06
Public Method,"org.apache.commons.math3.linear.SparseFieldVector.toArray",,,,,,,,,,,,,,4,3,1,2,0,2,1,1,0,,,,0,,,,,,,,,,,,,0,0,1,1,1,1,1,1,1,1,,,0,0,,1,1,1,1,0.33
Public Class,"org.apache.commons.math3.linear.SparseFieldVectorTest",1,1,4,2,9,,0,,7,7,0,0,5,216,145,117,,,123,,,,3,1,1,,1,1,25,18,1,0,0,,,11,7,2,,45,80,26,,110,73,50,,,3,3,,1,88,12,12,7,12,0.18
Protected Method,"org.apache.commons.math3.linear.SparseFieldVectorTest.assertClose",,,,,,,,,,,,,,9,8,4,3,1,7,3,3,0,,,,0,,,,,,,,,,,,,6,0,1,1,4,4,2,5,3,1,,,0,1,,3,3,1,3,0.12
Protected Method,"org.apache.commons.math3.linear.SparseFieldVectorTest.assertEquals",,,,,,,,,,,,,,9,8,4,2,1,7,3,3,0,,,,0,,,,,,,,,,,,,4,0,1,1,4,4,2,5,3,1,,,0,1,,3,3,1,3,0.12
Public Method,"org.apache.commons.math3.linear.SparseFieldVectorTest.testBasicFunctions",,,,,,,,,,,,,,58,38,36,18,0,37,1,1,0,,,,0,,,,,,,,,,,,,4,14,25,6,1,36,25,12,1,1,,,0,0,,1,1,1,1,0.16
Public Method,"org.apache.commons.math3.linear.SparseFieldVectorTest.testMapFunctions",,,,,,,,,,,,,,60,38,36,16,0,37,1,1,0,,,,0,,,,,,,,,,,,,2,12,22,10,1,36,22,15,1,1,,,0,0,,1,1,1,1,0.26
Public Method,"org.apache.commons.math3.linear.SparseFieldVectorTest.testMisc",,,,,,,,,,,,,,14,10,7,6,0,7,2,2,1,,,,0,,,,,,,,,,,,,2,3,3,1,2,5,3,4,2,1,,,0,1,,2,2,1,2,0.10
Public Method,"org.apache.commons.math3.linear.SparseFieldVectorTest.testOuterProduct",,,,,,,,,,,,,,21,19,15,8,0,11,1,1,0,,,,0,,,,,,,,,,,,,0,2,9,0,1,10,5,6,1,1,,,0,0,,1,1,1,1,0.00
Public Method,"org.apache.commons.math3.linear.SparseFieldVectorTest.testPredicates",,,,,,,,,,,,,,9,6,4,6,0,5,1,1,0,,,,0,,,,,,,,,,,,,1,3,2,0,1,4,2,3,1,1,,,0,0,,1,1,1,1,0.00
Public Interface,"org.apache.commons.math3.linear.SparseRealMatrix",0,0,0,0,0,,0,,0,54,0,0,0,10,2,0,,,1,,,,0,0,2,,0,0,0,0,1,1,0,,,0,0,0,,1,1,7,,0,1,0,,,0,0,,0,0,0,0,0,0,3.50
Public Class,"org.apache.commons.math3.linear.SparseRealMatrixTest",2,1,0,1,16,,0,,31,31,0,2,27,672,530,398,,,368,,,,8,1,1,,2,2,16,14,1,0,0,,,38,31,2,,58,201,85,,298,164,204,,,8,8,,2,92,69,69,31,69,0.16
Protected Method,"org.apache.commons.math3.linear.SparseRealMatrixTest.assertClose",,,,,,,,,,,,,,5,4,1,3,0,2,1,1,0,,,,0,,,,,,,,,,,,,4,0,2,1,1,1,1,1,1,1,,,0,0,,1,1,1,1,0.25
Protected Method,"org.apache.commons.math3.linear.SparseRealMatrixTest.assertClose",,,,,,,,,,,,,,11,10,5,2,1,7,3,3,0,,,,0,,,,,,,,,,,,,5,0,2,1,4,4,2,5,3,1,,,0,1,,3,3,1,3,0.10
Private Method,"org.apache.commons.math3.linear.SparseRealMatrixTest.columnToVector",,,,,,,,,,,,,,7,7,4,2,0,7,2,2,0,,,,0,,,,,,,,,,,,,3,0,2,0,2,5,3,4,2,1,,,0,1,,2,2,1,2,0.00
Private Method,"org.apache.commons.math3.linear.SparseRealMatrixTest.createSparseMatrix",,,,,,,,,,,,,,9,9,5,3,0,10,3,3,0,,,,0,,,,,,,,,,,,,29,0,2,0,3,7,4,6,3,1,,,0,2,,3,3,1,3,0.00
Public Method,"org.apache.commons.math3.linear.SparseRealMatrixTest.testAdd",,,,,,,,,,,,,,14,13,9,7,0,12,3,3,0,,,,0,,,,,,,,,,,,,4,0,5,1,3,9,7,5,3,1,,,0,2,,3,3,1,3,0.08
Public Method,"org.apache.commons.math3.linear.SparseRealMatrixTest.testAddFail",,,,,,,,,,,,,,11,9,6,3,0,6,2,2,1,,,,0,,,,,,,,,,,,,2,0,3,2,2,4,3,3,2,1,,,0,1,,2,2,1,2,0.22
Public Method,"org.apache.commons.math3.linear.SparseRealMatrixTest.testCopyFunctions",,,,,,,,,,,,,,11,10,8,4,0,9,1,1,0,,,,0,,,,,,,,,,,,,1,0,5,1,1,8,5,4,1,1,,,0,0,,1,1,1,1,0.10
Public Method,"org.apache.commons.math3.linear.SparseRealMatrixTest.testDimensions",,,,,,,,,,,,,,11,10,8,6,0,9,1,1,0,,,,0,,,,,,,,,,,,,2,0,3,1,1,8,3,6,1,1,,,0,0,,1,1,1,1,0.10
Public Method,"org.apache.commons.math3.linear.SparseRealMatrixTest.testEqualsAndHashCode",,,,,,,,,,,,,,12,12,10,8,0,11,1,1,0,,,,0,,,,,,,,,,,,,2,0,4,0,1,10,4,7,1,1,,,0,0,,1,1,1,1,0.00
Public Method,"org.apache.commons.math3.linear.SparseRealMatrixTest.testExamples",,,,,,,,,,,,,,34,26,24,11,0,24,1,1,0,,,,0,,,,,,,,,,,,,0,2,18,6,1,23,17,7,1,1,,,0,0,,1,1,1,1,0.23
Public Method,"org.apache.commons.math3.linear.SparseRealMatrixTest.testGetColumnMatrix",,,,,,,,,,,,,,19,17,13,4,1,12,3,3,2,,,,0,,,,,,,,,,,,,3,0,4,2,4,9,4,8,3,1,,,0,1,,3,3,1,3,0.12
Public Method,"org.apache.commons.math3.linear.SparseRealMatrixTest.testGetColumnVector",,,,,,,,,,,,,,19,17,13,5,1,12,3,3,2,,,,0,,,,,,,,,,,,,3,0,4,2,4,9,4,8,3,1,,,0,1,,3,3,1,3,0.12
Public Method,"org.apache.commons.math3.linear.SparseRealMatrixTest.testGetEntry",,,,,,,,,,,,,,10,9,6,4,0,6,2,2,1,,,,0,,,,,,,,,,,,,2,0,2,1,2,4,2,4,2,1,,,0,1,,2,2,1,2,0.11
Public Method,"org.apache.commons.math3.linear.SparseRealMatrixTest.testGetRowMatrix",,,,,,,,,,,,,,19,17,13,4,1,12,3,3,2,,,,0,,,,,,,,,,,,,3,0,4,2,4,9,4,8,3,1,,,0,1,,3,3,1,3,0.12
Public Method,"org.apache.commons.math3.linear.SparseRealMatrixTest.testGetRowVector",,,,,,,,,,,,,,19,17,13,5,1,12,3,3,2,,,,0,,,,,,,,,,,,,3,0,4,2,4,9,4,8,3,1,,,0,1,,3,3,1,3,0.12
Public Method,"org.apache.commons.math3.linear.SparseRealMatrixTest.testGetVectors",,,,,,,,,,,,,,17,15,11,5,1,10,3,3,2,,,,0,,,,,,,,,,,,,4,0,2,2,4,7,2,8,3,1,,,0,1,,3,3,1,3,0.13
Public Method,"org.apache.commons.math3.linear.SparseRealMatrixTest.testMath209",,,,,,,,,,,,,,10,9,7,4,0,7,1,1,0,,,,0,,,,,,,,,,,,,1,0,4,1,1,6,3,4,1,1,,,0,0,,1,1,1,1,0.11
Public Method,"org.apache.commons.math3.linear.SparseRealMatrixTest.testMultiply",,,,,,,,,,,,,,25,23,20,6,0,14,2,2,1,,,,0,,,,,,,,,,,,,6,0,5,2,2,12,5,9,2,1,,,0,1,,2,2,1,2,0.09
Public Method,"org.apache.commons.math3.linear.SparseRealMatrixTest.testMultiply2",,,,,,,,,,,,,,6,6,4,3,0,5,1,1,0,,,,0,,,,,,,,,,,,,4,0,4,0,1,4,4,1,1,1,,,0,0,,1,1,1,1,0.00
Public Method,"org.apache.commons.math3.linear.SparseRealMatrixTest.testNorm",,,,,,,,,,,,,,7,6,4,3,0,5,1,1,0,,,,0,,,,,,,,,,,,,3,0,3,1,1,4,3,2,1,1,,,0,0,,1,1,1,1,0.17
Public Method,"org.apache.commons.math3.linear.SparseRealMatrixTest.testOperate",,,,,,,,,,,,,,15,13,10,7,0,8,2,2,1,,,,0,,,,,,,,,,,,,4,0,2,2,2,6,2,6,2,1,,,0,1,,2,2,1,2,0.15
Public Method,"org.apache.commons.math3.linear.SparseRealMatrixTest.testPlusMinus",,,,,,,,,,,,,,13,11,8,6,0,7,2,2,1,,,,0,,,,,,,,,,,,,4,0,3,2,2,5,3,4,2,1,,,0,1,,2,2,1,2,0.18
Public Method,"org.apache.commons.math3.linear.SparseRealMatrixTest.testPremultiply",,,,,,,,,,,,,,24,22,19,5,0,15,2,2,1,,,,0,,,,,,,,,,,,,8,1,7,1,2,13,7,8,2,1,,,0,1,,2,2,1,2,0.05
Public Method,"org.apache.commons.math3.linear.SparseRealMatrixTest.testPremultiplyVector",,,,,,,,,,,,,,15,13,10,6,0,8,2,2,1,,,,0,,,,,,,,,,,,,5,0,2,2,2,6,2,6,2,1,,,0,1,,2,2,1,2,0.15
Public Method,"org.apache.commons.math3.linear.SparseRealMatrixTest.testScalarAdd",,,,,,,,,,,,,,6,5,3,3,0,3,1,1,0,,,,0,,,,,,,,,,,,,3,0,2,1,1,2,2,1,1,1,,,0,0,,1,1,1,1,0.20
Public Method,"org.apache.commons.math3.linear.SparseRealMatrixTest.testSerial",,,,,,,,,,,,,,4,4,2,3,0,3,1,1,0,,,,0,,,,,,,,,,,,,1,0,2,0,1,2,2,1,1,1,,,0,0,,1,1,1,1,0.00
Public Method,"org.apache.commons.math3.linear.SparseRealMatrixTest.testSetSubMatrix",,,,,,,,,,,,,,78,57,47,5,2,36,8,8,7,,,,0,,,,,,,,,,,,,3,8,6,13,128,28,4,32,8,1,,,0,1,,8,8,1,8,0.23
Public Method,"org.apache.commons.math3.linear.SparseRealMatrixTest.testSubMatrix",,,,,,,,,,,,,,63,56,48,5,2,37,7,7,6,,,,0,,,,,,,,,,,,,9,1,10,6,64,30,10,27,7,1,,,0,1,,7,7,1,7,0.11
Public Method,"org.apache.commons.math3.linear.SparseRealMatrixTest.testToString",,,,,,,,,,,,,,7,7,5,4,0,5,1,1,0,,,,0,,,,,,,,,,,,,1,0,2,0,1,4,2,3,1,1,,,0,0,,1,1,1,1,0.00
Public Method,"org.apache.commons.math3.linear.SparseRealMatrixTest.testTrace",,,,,,,,,,,,,,12,10,7,4,0,7,2,2,1,,,,0,,,,,,,,,,,,,3,0,2,2,2,5,2,5,2,1,,,0,1,,2,2,1,2,0.20
Public Method,"org.apache.commons.math3.linear.SparseRealMatrixTest.testTranspose",,,,,,,,,,,,,,10,9,7,6,0,8,1,1,0,,,,0,,,,,,,,,,,,,4,0,5,1,1,7,5,3,1,1,,,0,0,,1,1,1,1,0.11
Public Abstract Class,"org.apache.commons.math3.linear.SparseRealVector",0,0,0,0,0,,0,,0,51,0,0,0,7,1,0,,,1,,,,0,0,2,,0,0,0,0,1,1,0,,,0,0,0,,0,1,6,,0,1,0,,,0,0,,0,0,0,0,0,0,6.00
Public Class,"org.apache.commons.math3.linear.SparseRealVectorTest",2,1,12,8,33,,0,,10,10,0,0,9,904,624,459,,,510,,,,6,1,1,,2,2,64,43,1,0,0,,,11,10,1,,181,309,100,,446,264,246,,,6,6,,1,88,20,20,10,20,0.16
Public Static Class,"org.apache.commons.math3.linear.SparseRealVectorTest.SparseRealVectorTestImpl",1,1,0,0,3,,1,,40,91,0,1,39,214,170,47,,,93,,,,2,1,2,,1,1,3,3,2,0,0,,,1,40,0,,43,83,1,,50,47,46,,,2,2,,1,90,42,42,40,42,0.01
Public Constructor,"org.apache.commons.math3.linear.SparseRealVectorTest.SparseRealVectorTestImpl.SparseRealVectorTestImpl",,,,,,,,,,,,,,3,3,1,3,0,2,1,1,0,,,,0,,,,,,,,,,,,,5,0,1,0,1,1,1,1,1,1,,,0,0,,1,1,1,1,0.00
Public Method,"org.apache.commons.math3.linear.SparseRealVectorTest.SparseRealVectorTestImpl.add",,,,,,,,,,,,,,3,3,1,2,0,2,1,1,0,,,,0,,,,,,,,,,,,,0,0,1,0,1,1,1,1,1,1,,,0,0,,1,1,1,1,0.00
Public Method,"org.apache.commons.math3.linear.SparseRealVectorTest.SparseRealVectorTestImpl.append",,,,,,,,,,,,,,3,3,1,2,0,2,1,1,0,,,,0,,,,,,,,,,,,,0,0,1,0,1,1,1,1,1,1,,,0,0,,1,1,1,1,0.00
Public Method,"org.apache.commons.math3.linear.SparseRealVectorTest.SparseRealVectorTestImpl.append",,,,,,,,,,,,,,3,3,1,2,0,2,1,1,0,,,,0,,,,,,,,,,,,,0,0,1,0,1,1,1,1,1,1,,,0,0,,1,1,1,1,0.00
Public Method,"org.apache.commons.math3.linear.SparseRealVectorTest.SparseRealVectorTestImpl.copy",,,,,,,,,,,,,,3,3,1,2,0,2,1,1,0,,,,0,,,,,,,,,,,,,1,0,1,0,1,1,1,1,1,1,,,0,0,,1,1,1,1,0.00
Public Method,"org.apache.commons.math3.linear.SparseRealVectorTest.SparseRealVectorTestImpl.dotProduct",,,,,,,,,,,,,,7,7,4,2,0,7,2,2,0,,,,0,,,,,,,,,,,,,3,0,2,0,2,5,3,4,2,1,,,0,1,,2,2,1,2,0.00
Public Method,"org.apache.commons.math3.linear.SparseRealVectorTest.SparseRealVectorTestImpl.ebeDivide",,,,,,,,,,,,,,3,3,1,2,0,2,1,1,0,,,,0,,,,,,,,,,,,,0,0,1,0,1,1,1,1,1,1,,,0,0,,1,1,1,1,0.00
Public Method,"org.apache.commons.math3.linear.SparseRealVectorTest.SparseRealVectorTestImpl.ebeMultiply",,,,,,,,,,,,,,3,3,1,2,0,2,1,1,0,,,,0,,,,,,,,,,,,,0,0,1,0,1,1,1,1,1,1,,,0,0,,1,1,1,1,0.00
Public Method,"org.apache.commons.math3.linear.SparseRealVectorTest.SparseRealVectorTestImpl.getDimension",,,,,,,,,,,,,,3,3,1,1,0,2,1,1,0,,,,0,,,,,,,,,,,,,2,0,1,0,1,1,1,1,1,1,,,0,0,,1,1,1,1,0.00
Public Method,"org.apache.commons.math3.linear.SparseRealVectorTest.SparseRealVectorTestImpl.getDistance",,,,,,,,,,,,,,3,3,1,2,0,2,1,1,0,,,,0,,,,,,,,,,,,,0,0,1,0,1,1,1,1,1,1,,,0,0,,1,1,1,1,0.00
Public Method,"org.apache.commons.math3.linear.SparseRealVectorTest.SparseRealVectorTestImpl.getEntry",,,,,,,,,,,,,,3,3,1,1,0,2,1,1,0,,,,0,,,,,,,,,,,,,2,0,1,0,1,1,1,1,1,1,,,0,0,,1,1,1,1,0.00
Public Method,"org.apache.commons.math3.linear.SparseRealVectorTest.SparseRealVectorTestImpl.getL1Distance",,,,,,,,,,,,,,3,3,1,2,0,2,1,1,0,,,,0,,,,,,,,,,,,,0,0,1,0,1,1,1,1,1,1,,,0,0,,1,1,1,1,0.00
Public Method,"org.apache.commons.math3.linear.SparseRealVectorTest.SparseRealVectorTestImpl.getL1Norm",,,,,,,,,,,,,,3,3,1,2,0,2,1,1,0,,,,0,,,,,,,,,,,,,0,0,1,0,1,1,1,1,1,1,,,0,0,,1,1,1,1,0.00
Public Method,"org.apache.commons.math3.linear.SparseRealVectorTest.SparseRealVectorTestImpl.getLInfDistance",,,,,,,,,,,,,,3,3,1,2,0,2,1,1,0,,,,0,,,,,,,,,,,,,0,0,1,0,1,1,1,1,1,1,,,0,0,,1,1,1,1,0.00
Public Method,"org.apache.commons.math3.linear.SparseRealVectorTest.SparseRealVectorTestImpl.getLInfNorm",,,,,,,,,,,,,,3,3,1,2,0,2,1,1,0,,,,0,,,,,,,,,,,,,0,0,1,0,1,1,1,1,1,1,,,0,0,,1,1,1,1,0.00
Public Method,"org.apache.commons.math3.linear.SparseRealVectorTest.SparseRealVectorTestImpl.getNorm",,,,,,,,,,,,,,3,3,1,2,0,2,1,1,0,,,,0,,,,,,,,,,,,,0,0,1,0,1,1,1,1,1,1,,,0,0,,1,1,1,1,0.00
Public Method,"org.apache.commons.math3.linear.SparseRealVectorTest.SparseRealVectorTestImpl.getSubVector",,,,,,,,,,,,,,3,3,1,2,0,2,1,1,0,,,,0,,,,,,,,,,,,,0,0,1,0,1,1,1,1,1,1,,,0,0,,1,1,1,1,0.00
Public Method,"org.apache.commons.math3.linear.SparseRealVectorTest.SparseRealVectorTestImpl.isInfinite",,,,,,,,,,,,,,3,3,1,2,0,2,1,1,0,,,,0,,,,,,,,,,,,,0,0,1,0,1,1,1,1,1,1,,,0,0,,1,1,1,1,0.00
Public Method,"org.apache.commons.math3.linear.SparseRealVectorTest.SparseRealVectorTestImpl.isNaN",,,,,,,,,,,,,,3,3,1,2,0,2,1,1,0,,,,0,,,,,,,,,,,,,0,0,1,0,1,1,1,1,1,1,,,0,0,,1,1,1,1,0.00
Public Method,"org.apache.commons.math3.linear.SparseRealVectorTest.SparseRealVectorTestImpl.iterator",,,,,,,,,,,,,,3,3,1,2,0,2,1,1,0,,,,0,,,,,,,,,,,,,0,0,1,0,1,1,1,1,1,1,,,0,0,,1,1,1,1,0.00
Public Method,"org.apache.commons.math3.linear.SparseRealVectorTest.SparseRealVectorTestImpl.map",,,,,,,,,,,,,,3,3,1,2,0,2,1,1,0,,,,0,,,,,,,,,,,,,0,0,1,0,1,1,1,1,1,1,,,0,0,,1,1,1,1,0.00
Public Method,"org.apache.commons.math3.linear.SparseRealVectorTest.SparseRealVectorTestImpl.mapAdd",,,,,,,,,,,,,,3,3,1,2,0,2,1,1,0,,,,0,,,,,,,,,,,,,0,0,1,0,1,1,1,1,1,1,,,0,0,,1,1,1,1,0.00
Public Method,"org.apache.commons.math3.linear.SparseRealVectorTest.SparseRealVectorTestImpl.mapAddToSelf",,,,,,,,,,,,,,3,3,1,2,0,2,1,1,0,,,,0,,,,,,,,,,,,,0,0,1,0,1,1,1,1,1,1,,,0,0,,1,1,1,1,0.00
Public Method,"org.apache.commons.math3.linear.SparseRealVectorTest.SparseRealVectorTestImpl.mapDivide",,,,,,,,,,,,,,3,3,1,2,0,2,1,1,0,,,,0,,,,,,,,,,,,,0,0,1,0,1,1,1,1,1,1,,,0,0,,1,1,1,1,0.00
Public Method,"org.apache.commons.math3.linear.SparseRealVectorTest.SparseRealVectorTestImpl.mapDivideToSelf",,,,,,,,,,,,,,3,3,1,2,0,2,1,1,0,,,,0,,,,,,,,,,,,,0,0,1,0,1,1,1,1,1,1,,,0,0,,1,1,1,1,0.00
Public Method,"org.apache.commons.math3.linear.SparseRealVectorTest.SparseRealVectorTestImpl.mapMultiply",,,,,,,,,,,,,,7,7,4,2,0,7,2,2,0,,,,0,,,,,,,,,,,,,3,0,2,0,2,5,3,4,2,1,,,0,1,,2,2,1,2,0.00
Public Method,"org.apache.commons.math3.linear.SparseRealVectorTest.SparseRealVectorTestImpl.mapMultiplyToSelf",,,,,,,,,,,,,,3,3,1,2,0,2,1,1,0,,,,0,,,,,,,,,,,,,0,0,1,0,1,1,1,1,1,1,,,0,0,,1,1,1,1,0.00
Public Method,"org.apache.commons.math3.linear.SparseRealVectorTest.SparseRealVectorTestImpl.mapSubtract",,,,,,,,,,,,,,3,3,1,2,0,2,1,1,0,,,,0,,,,,,,,,,,,,0,0,1,0,1,1,1,1,1,1,,,0,0,,1,1,1,1,0.00
Public Method,"org.apache.commons.math3.linear.SparseRealVectorTest.SparseRealVectorTestImpl.mapSubtractToSelf",,,,,,,,,,,,,,3,3,1,2,0,2,1,1,0,,,,0,,,,,,,,,,,,,0,0,1,0,1,1,1,1,1,1,,,0,0,,1,1,1,1,0.00
Public Method,"org.apache.commons.math3.linear.SparseRealVectorTest.SparseRealVectorTestImpl.mapToSelf",,,,,,,,,,,,,,3,3,1,2,0,2,1,1,0,,,,0,,,,,,,,,,,,,0,0,1,0,1,1,1,1,1,1,,,0,0,,1,1,1,1,0.00
Public Method,"org.apache.commons.math3.linear.SparseRealVectorTest.SparseRealVectorTestImpl.outerProduct",,,,,,,,,,,,,,3,3,1,2,0,2,1,1,0,,,,0,,,,,,,,,,,,,0,0,1,0,1,1,1,1,1,1,,,0,0,,1,1,1,1,0.00
Public Method,"org.apache.commons.math3.linear.SparseRealVectorTest.SparseRealVectorTestImpl.projection",,,,,,,,,,,,,,3,3,1,2,0,2,1,1,0,,,,0,,,,,,,,,,,,,0,0,1,0,1,1,1,1,1,1,,,0,0,,1,1,1,1,0.00
Public Method,"org.apache.commons.math3.linear.SparseRealVectorTest.SparseRealVectorTestImpl.set",,,,,,,,,,,,,,3,3,1,1,0,2,1,1,0,,,,0,,,,,,,,,,,,,0,0,1,0,1,1,1,1,1,1,,,0,0,,1,1,1,1,0.00
Public Method,"org.apache.commons.math3.linear.SparseRealVectorTest.SparseRealVectorTestImpl.setEntry",,,,,,,,,,,,,,3,3,1,1,0,2,1,1,0,,,,0,,,,,,,,,,,,,2,0,1,0,1,1,1,1,1,1,,,0,0,,1,1,1,1,0.00
Public Method,"org.apache.commons.math3.linear.SparseRealVectorTest.SparseRealVectorTestImpl.setSubVector",,,,,,,,,,,,,,3,3,1,1,0,2,1,1,0,,,,0,,,,,,,,,,,,,0,0,1,0,1,1,1,1,1,1,,,0,0,,1,1,1,1,0.00
Public Method,"org.apache.commons.math3.linear.SparseRealVectorTest.SparseRealVectorTestImpl.subtract",,,,,,,,,,,,,,3,3,1,2,0,2,1,1,0,,,,0,,,,,,,,,,,,,0,0,1,0,1,1,1,1,1,1,,,0,0,,1,1,1,1,0.00
Public Method,"org.apache.commons.math3.linear.SparseRealVectorTest.SparseRealVectorTestImpl.toArray",,,,,,,,,,,,,,3,3,1,2,0,2,1,1,0,,,,0,,,,,,,,,,,,,1,0,1,0,1,1,1,1,1,1,,,0,0,,1,1,1,1,0.00
Public Method,"org.apache.commons.math3.linear.SparseRealVectorTest.SparseRealVectorTestImpl.unitVector",,,,,,,,,,,,,,3,3,1,2,0,2,1,1,0,,,,0,,,,,,,,,,,,,0,0,1,0,1,1,1,1,1,1,,,0,0,,1,1,1,1,0.00
Public Method,"org.apache.commons.math3.linear.SparseRealVectorTest.SparseRealVectorTestImpl.unitize",,,,,,,,,,,,,,3,3,1,1,0,2,1,1,0,,,,0,,,,,,,,,,,,,0,0,1,0,1,1,1,1,1,1,,,0,0,,1,1,1,1,0.00
Private Method,"org.apache.commons.math3.linear.SparseRealVectorTest.SparseRealVectorTestImpl.unsupported",,,,,,,,,,,,,,3,3,1,1,0,2,1,1,0,,,,0,,,,,,,,,,,,,31,0,1,0,1,1,1,1,1,1,,,0,0,,1,1,1,1,0.00
Protected Method,"org.apache.commons.math3.linear.SparseRealVectorTest.assertClose",,,,,,,,,,,,,,10,9,4,2,1,7,3,3,0,,,,0,,,,,,,,,,,,,7,0,2,1,4,4,2,5,3,1,,,0,1,,3,3,1,3,0.11
Public Method,"org.apache.commons.math3.linear.SparseRealVectorTest.testBasicFunctions",,,,,,,,,,,,,,123,80,76,31,1,75,3,3,2,,,,0,,,,,,,,,,,,,5,28,43,15,4,72,43,32,3,1,,,0,1,,3,3,1,3,0.19
Public Method,"org.apache.commons.math3.linear.SparseRealVectorTest.testConcurrentModification",,,,,,,,,,,,,,14,12,10,4,0,11,1,1,0,,,,0,,,,,,,,,,,,,0,2,3,0,1,10,3,8,1,1,,,0,0,,1,1,1,1,0.00
Public Method,"org.apache.commons.math3.linear.SparseRealVectorTest.testConstructors",,,,,,,,,,,,,,46,26,24,12,0,25,1,1,0,,,,0,,,,,,,,,,,,,2,11,10,9,1,24,10,15,1,1,,,0,0,,1,1,1,1,0.35
Public Method,"org.apache.commons.math3.linear.SparseRealVectorTest.testDataInOut",,,,,,,,,,,,,,74,57,50,15,2,46,6,6,5,,,,0,,,,,,,,,,,,,3,12,13,5,32,40,13,33,6,1,,,0,1,,6,6,1,6,0.09
Public Method,"org.apache.commons.math3.linear.SparseRealVectorTest.testMapFunctions",,,,,,,,,,,,,,326,207,205,15,0,206,1,1,0,,,,0,,,,,,,,,,,,,2,62,122,57,1,205,122,84,1,1,,,0,0,,1,1,1,1,0.28
Public Method,"org.apache.commons.math3.linear.SparseRealVectorTest.testMisc",,,,,,,,,,,,,,14,10,7,6,0,7,2,2,1,,,,0,,,,,,,,,,,,,1,3,3,1,2,5,3,4,2,1,,,0,1,,2,2,1,2,0.10
Public Method,"org.apache.commons.math3.linear.SparseRealVectorTest.testOuterProduct",,,,,,,,,,,,,,14,12,10,5,0,11,1,1,0,,,,0,,,,,,,,,,,,,0,2,5,0,1,10,5,6,1,1,,,0,0,,1,1,1,1,0.00
Public Method,"org.apache.commons.math3.linear.SparseRealVectorTest.testPredicates",,,,,,,,,,,,,,20,15,13,10,0,14,1,1,0,,,,0,,,,,,,,,,,,,2,5,2,1,1,13,2,12,1,1,,,0,0,,1,1,1,1,0.07
Public Method,"org.apache.commons.math3.linear.SparseRealVectorTest.testSerial",,,,,,,,,,,,,,4,4,2,3,0,3,1,1,0,,,,0,,,,,,,,,,,,,0,0,2,0,1,2,2,1,1,1,,,0,0,,1,1,1,1,0.00
Public Class,"org.apache.commons.math3.linear.SymmLQ",1,1,0,16,15,,5,,12,28,0,0,12,1196,429,246,,,304,,,,4,1,3,,1,1,28,11,1,0,0,,,2,12,0,,72,186,695,,253,130,174,,,4,5,,2,91,15,16,12,15,1.62
Private Static Class,"org.apache.commons.math3.linear.SymmLQ.State",3,1,0,16,11,,2,,9,13,7,5,1,609,273,173,,,230,,,,9,1,1,,3,3,34,18,1,0,4,,,31,13,0,,49,108,287,,194,102,128,,,9,10,,3,78,39,41,13,39,1.05
Public Constructor,"org.apache.commons.math3.linear.SymmLQ.State.State",,,,,,,,,,,,,,32,18,10,14,0,11,2,2,0,,,,0,,,,,,,,,,,,,8,0,7,14,1,10,1,10,2,1,,,0,0,,2,2,1,2,0.78
Method,"org.apache.commons.math3.linear.SymmLQ.State.bEqualsNullVector",,,,,,,,,,,,,,8,3,1,1,0,2,1,1,0,,,,0,,,,,,,,,,,,,2,0,1,5,1,1,1,1,1,1,,,0,0,,1,1,1,1,1.67
Method,"org.apache.commons.math3.linear.SymmLQ.State.betaEqualsZero",,,,,,,,,,,,,,9,3,1,1,0,2,1,1,0,,,,0,,,,,,,,,,,,,3,0,1,6,1,1,1,1,1,1,,,0,0,,1,1,1,1,2.00
Private Static Method,"org.apache.commons.math3.linear.SymmLQ.State.checkSymmetry",,,,,,,,,,,,,,30,17,11,6,0,13,2,2,0,,,,0,,,,,,,,,,,,,11,0,8,13,2,11,6,7,2,1,,,0,1,,2,2,1,2,0.76
Private Static Method,"org.apache.commons.math3.linear.SymmLQ.State.daxpbypz",,,,,,,,,,,,,,20,9,4,3,0,8,2,2,0,,,,0,,,,,,,,,,,,,6,0,4,11,2,6,4,4,2,1,,,0,1,,2,2,1,2,1.22
Private Static Method,"org.apache.commons.math3.linear.SymmLQ.State.daxpy",,,,,,,,,,,,,,16,7,3,3,0,6,2,2,0,,,,0,,,,,,,,,,,,,5,0,3,9,2,4,3,3,2,1,,,0,1,,2,2,1,2,1.29
Method,"org.apache.commons.math3.linear.SymmLQ.State.getNormOfResidual",,,,,,,,,,,,,,8,3,1,1,0,2,1,1,0,,,,0,,,,,,,,,,,,,2,0,1,5,1,1,1,1,1,1,,,0,0,,1,1,1,1,1.67
Method,"org.apache.commons.math3.linear.SymmLQ.State.hasConverged",,,,,,,,,,,,,,8,3,1,1,0,2,1,1,0,,,,0,,,,,,,,,,,,,2,0,1,5,1,1,1,1,1,1,,,0,0,,1,1,1,1,1.67
Method,"org.apache.commons.math3.linear.SymmLQ.State.init",,,,,,,,,,,,,,91,57,48,32,2,48,9,10,2,,,,0,,,,,,,,,,,,,16,2,5,32,68,40,5,43,9,1,,,0,1,,9,10,1,9,0.56
Method,"org.apache.commons.math3.linear.SymmLQ.State.refineSolution",,,,,,,,,,,,,,48,34,26,5,1,30,8,8,3,,,,0,,,,,,,,,,,,,15,0,14,14,7,23,17,13,8,1,,,0,3,,8,8,1,8,0.41
Private Static Method,"org.apache.commons.math3.linear.SymmLQ.State.throwNPDLOException",,,,,,,,,,,,,,17,9,5,3,0,7,1,1,0,,,,0,,,,,,,,,,,,,6,0,4,8,1,6,3,4,1,1,,,0,0,,1,1,1,1,0.89
Method,"org.apache.commons.math3.linear.SymmLQ.State.update",,,,,,,,,,,,,,124,45,40,28,1,43,4,4,0,,,,0,,,,,,,,,,,,,18,0,15,79,8,39,16,27,4,1,,,0,1,,4,4,1,4,1.76
Private Method,"org.apache.commons.math3.linear.SymmLQ.State.updateNorms",,,,,,,,,,,,,,41,26,20,9,1,20,5,6,1,,,,0,,,,,,,,,,,,,16,1,9,14,8,16,9,11,5,1,,,0,1,,5,6,1,5,0.54
Public Constructor,"org.apache.commons.math3.linear.SymmLQ.SymmLQ",,,,,,,,,,,,,,16,6,3,4,0,4,1,1,0,,,,0,,,,,,,,,,,,,20,0,2,10,1,3,1,3,1,1,,,0,0,,1,1,1,1,1.67
Public Constructor,"org.apache.commons.math3.linear.SymmLQ.SymmLQ",,,,,,,,,,,,,,17,6,3,4,0,4,1,1,0,,,,0,,,,,,,,,,,,,3,0,2,11,1,3,1,3,1,1,,,0,0,,1,1,1,1,1.83
Public Method,"org.apache.commons.math3.linear.SymmLQ.getCheck",,,,,,,,,,,,,,9,3,1,1,0,2,1,1,0,,,,0,,,,,,,,,,,,,1,0,1,6,1,1,1,1,1,1,,,0,0,,1,1,1,1,2.00
Public Method,"org.apache.commons.math3.linear.SymmLQ.solve",,,,,,,,,,,,,,50,10,3,5,0,4,1,1,0,,,,0,,,,,,,,,,,,,6,0,7,40,1,3,2,2,1,1,,,0,0,,1,1,1,1,4.00
Public Method,"org.apache.commons.math3.linear.SymmLQ.solve",,,,,,,,,,,,,,16,9,4,6,0,5,1,1,0,,,,0,,,,,,,,,,,,,3,0,5,7,1,4,2,3,1,1,,,0,0,,1,1,1,1,0.78
Public Method,"org.apache.commons.math3.linear.SymmLQ.solve",,,,,,,,,,,,,,19,10,3,5,0,4,1,1,0,,,,0,,,,,,,,,,,,,4,0,7,9,1,3,2,2,1,1,,,0,0,,1,1,1,1,0.90
Public Method,"org.apache.commons.math3.linear.SymmLQ.solve",,,,,,,,,,,,,,20,9,2,4,0,3,1,1,0,,,,0,,,,,,,,,,,,,4,0,6,11,1,2,1,2,1,1,,,0,0,,1,1,1,1,1.22
Public Method,"org.apache.commons.math3.linear.SymmLQ.solve",,,,,,,,,,,,,,44,9,3,5,0,4,1,1,0,,,,0,,,,,,,,,,,,,4,0,6,35,1,3,2,2,1,1,,,0,0,,1,1,1,1,3.89
Public Method,"org.apache.commons.math3.linear.SymmLQ.solve",,,,,,,,,,,,,,17,8,2,4,0,3,1,1,0,,,,0,,,,,,,,,,,,,3,0,5,9,1,2,1,2,1,1,,,0,0,,1,1,1,1,1.12
Public Method,"org.apache.commons.math3.linear.SymmLQ.solveInPlace",,,,,,,,,,,,,,19,8,1,2,0,2,1,1,0,,,,0,,,,,,,,,,,,,4,0,6,11,1,1,1,1,1,1,,,0,0,,1,1,1,1,1.38
Public Method,"org.apache.commons.math3.linear.SymmLQ.solveInPlace",,,,,,,,,,,,,,102,55,42,19,0,29,4,5,1,,,,0,,,,,,,,,,,,,16,2,11,45,3,26,5,24,4,1,,,0,2,,4,5,1,4,0.82
Public Method,"org.apache.commons.math3.linear.SymmLQ.solveInPlace",,,,,,,,,,,,,,16,7,1,2,0,2,1,1,0,,,,0,,,,,,,,,,,,,3,0,5,9,1,1,1,1,1,1,,,0,0,,1,1,1,1,1.29
Public Class,"org.apache.commons.math3.linear.SymmLQTest",1,1,0,0,19,,0,,37,37,0,0,37,660,581,378,,,434,,,,6,1,1,,1,1,15,14,1,0,0,,,0,37,0,,68,238,11,,339,241,193,,,6,6,,3,0,57,57,37,57,0.02
Public Method,"org.apache.commons.math3.linear.SymmLQTest.saundersTest",,,,,,,,,,,,,,84,79,59,13,1,59,4,4,1,,,,0,,,,,,,,,,,,,25,5,22,0,8,44,29,30,4,1,,,0,1,,4,4,1,4,0.00
Anonymous Class,"org.apache.commons.math3.linear.SymmLQTest.saundersTest.(Anon_1)",1,1,0,0,4,,0,,3,8,0,0,3,23,20,15,,,13,,,,3,1,2,,1,1,5,5,1,0,0,,,0,3,0,,3,2,0,,8,5,8,,,3,3,,1,0,5,5,3,5,0.00
Public Method,"org.apache.commons.math3.linear.SymmLQTest.saundersTest.(Anon_1).getColumnDimension",,,,,,,,,,,,,,3,3,2,1,0,2,1,1,0,,,,0,,,,,,,,,,,,,1,0,0,0,1,1,1,1,1,1,,,0,0,,1,1,1,1,0.00
Public Method,"org.apache.commons.math3.linear.SymmLQTest.saundersTest.(Anon_1).getRowDimension",,,,,,,,,,,,,,3,3,2,1,0,2,1,1,0,,,,0,,,,,,,,,,,,,1,0,0,0,1,1,1,1,1,1,,,0,0,,1,1,1,1,0.00
Public Method,"org.apache.commons.math3.linear.SymmLQTest.saundersTest.(Anon_1).operate",,,,,,,,,,,,,,10,10,7,5,1,9,3,3,0,,,,0,,,,,,,,,,,,,2,0,1,0,4,6,3,6,3,1,,,0,1,,3,3,1,3,0.00
Anonymous Class,"org.apache.commons.math3.linear.SymmLQTest.saundersTest.(Anon_2)",2,1,0,0,5,,0,,3,8,0,0,3,28,26,20,,,17,,,,4,1,2,,2,2,7,7,1,0,0,,,0,3,0,,2,2,0,,11,6,11,,,4,4,,2,0,6,6,3,6,0.00
Public Method,"org.apache.commons.math3.linear.SymmLQTest.saundersTest.(Anon_2).getColumnDimension",,,,,,,,,,,,,,3,3,2,1,0,2,1,1,0,,,,0,,,,,,,,,,,,,1,0,0,0,1,1,1,1,1,1,,,0,0,,1,1,1,1,0.00
Public Method,"org.apache.commons.math3.linear.SymmLQTest.saundersTest.(Anon_2).getRowDimension",,,,,,,,,,,,,,3,3,2,1,0,2,1,1,0,,,,0,,,,,,,,,,,,,1,0,0,0,1,1,1,1,1,1,,,0,0,,1,1,1,1,0.00
Public Method,"org.apache.commons.math3.linear.SymmLQTest.saundersTest.(Anon_2).operate",,,,,,,,,,,,,,16,16,12,6,1,13,4,4,0,,,,0,,,,,,,,,,,,,2,0,2,0,6,9,4,9,4,1,,,0,2,,4,4,1,4,0.00
Public Method,"org.apache.commons.math3.linear.SymmLQTest.testDimensionMismatchRightHandSide",,,,,,,,,,,,,,7,7,4,4,0,6,1,1,0,,,,0,,,,,,,,,,,,,0,0,4,0,1,5,4,2,1,1,,,0,0,,1,1,1,1,0.00
Public Method,"org.apache.commons.math3.linear.SymmLQTest.testDimensionMismatchSolution",,,,,,,,,,,,,,8,8,5,4,0,7,1,1,0,,,,0,,,,,,,,,,,,,0,0,5,0,1,6,5,2,1,1,,,0,0,,1,1,1,1,0.00
Public Method,"org.apache.commons.math3.linear.SymmLQTest.testEventManagement",,,,,,,,,,,,,,65,50,39,12,0,42,3,3,0,,,,0,,,,,,,,,,,,,0,4,15,11,3,35,20,22,3,1,,,0,2,,3,3,1,3,0.22
Anonymous Class,"org.apache.commons.math3.linear.SymmLQTest.testEventManagement.(Anon_6)",1,1,0,0,4,,0,,4,4,0,0,4,26,22,17,,,13,,,,1,1,1,,1,1,5,5,2,0,0,,,0,4,0,,4,2,0,,9,5,8,,,1,1,,0,0,4,4,4,4,0.00
Public Method,"org.apache.commons.math3.linear.SymmLQTest.testEventManagement.(Anon_6).initializationPerformed",,,,,,,,,,,,,,3,3,2,0,0,2,1,1,0,,,,0,,,,,,,,,,,,,0,0,0,0,1,1,1,1,1,1,,,0,0,,1,1,1,1,0.00
Public Method,"org.apache.commons.math3.linear.SymmLQTest.testEventManagement.(Anon_6).iterationPerformed",,,,,,,,,,,,,,6,6,5,2,0,3,1,1,0,,,,0,,,,,,,,,,,,,1,0,0,0,1,2,1,2,1,1,,,0,0,,1,1,1,1,0.00
Public Method,"org.apache.commons.math3.linear.SymmLQTest.testEventManagement.(Anon_6).iterationStarted",,,,,,,,,,,,,,6,6,5,2,0,3,1,1,0,,,,0,,,,,,,,,,,,,1,0,0,0,1,2,1,2,1,1,,,0,0,,1,1,1,1,0.00
Public Method,"org.apache.commons.math3.linear.SymmLQTest.testEventManagement.(Anon_6).terminationPerformed",,,,,,,,,,,,,,6,6,4,2,0,5,1,1,0,,,,0,,,,,,,,,,,,,1,0,1,0,1,4,2,3,1,1,,,0,0,,1,1,1,1,0.00
Public Method,"org.apache.commons.math3.linear.SymmLQTest.testMismatchedOperatorDimensions",,,,,,,,,,,,,,24,21,14,5,0,13,1,1,0,,,,0,,,,,,,,,,,,,0,3,6,0,1,9,8,5,1,1,,,0,0,,1,1,1,1,0.00
Anonymous Class,"org.apache.commons.math3.linear.SymmLQTest.testMismatchedOperatorDimensions.(Anon_4)",1,1,0,0,1,,0,,3,8,0,0,3,16,13,10,,,6,,,,1,1,2,,1,1,3,3,1,0,0,,,0,3,0,,3,1,0,,3,3,3,,,1,1,,0,0,3,3,3,3,0.00
Public Method,"org.apache.commons.math3.linear.SymmLQTest.testMismatchedOperatorDimensions.(Anon_4).getColumnDimension",,,,,,,,,,,,,,3,3,2,1,0,2,1,1,0,,,,0,,,,,,,,,,,,,0,0,0,0,1,1,1,1,1,1,,,0,0,,1,1,1,1,0.00
Public Method,"org.apache.commons.math3.linear.SymmLQTest.testMismatchedOperatorDimensions.(Anon_4).getRowDimension",,,,,,,,,,,,,,3,3,2,1,0,2,1,1,0,,,,0,,,,,,,,,,,,,0,0,0,0,1,1,1,1,1,1,,,0,0,,1,1,1,1,0.00
Public Method,"org.apache.commons.math3.linear.SymmLQTest.testMismatchedOperatorDimensions.(Anon_4).operate",,,,,,,,,,,,,,3,3,2,1,0,2,1,1,0,,,,0,,,,,,,,,,,,,0,0,0,0,1,1,1,1,1,1,,,0,0,,1,1,1,1,0.00
Public Method,"org.apache.commons.math3.linear.SymmLQTest.testNonPositiveDefinitePreconditioner",,,,,,,,,,,,,,33,30,23,6,0,22,1,1,0,,,,0,,,,,,,,,,,,,0,3,7,0,1,18,9,13,1,1,,,0,0,,1,1,1,1,0.00
Anonymous Class,"org.apache.commons.math3.linear.SymmLQTest.testNonPositiveDefinitePreconditioner.(Anon_5)",1,1,0,0,2,,0,,3,8,0,0,3,19,16,13,,,9,,,,1,1,2,,1,1,4,4,1,0,0,,,0,3,0,,3,2,0,,6,4,5,,,1,1,,0,0,3,3,3,3,0.00
Public Method,"org.apache.commons.math3.linear.SymmLQTest.testNonPositiveDefinitePreconditioner.(Anon_5).getColumnDimension",,,,,,,,,,,,,,3,3,2,1,0,2,1,1,0,,,,0,,,,,,,,,,,,,0,0,0,0,1,1,1,1,1,1,,,0,0,,1,1,1,1,0.00
Public Method,"org.apache.commons.math3.linear.SymmLQTest.testNonPositiveDefinitePreconditioner.(Anon_5).getRowDimension",,,,,,,,,,,,,,3,3,2,1,0,2,1,1,0,,,,0,,,,,,,,,,,,,0,0,0,0,1,1,1,1,1,1,,,0,0,,1,1,1,1,0.00
Public Method,"org.apache.commons.math3.linear.SymmLQTest.testNonPositiveDefinitePreconditioner.(Anon_5).operate",,,,,,,,,,,,,,6,6,5,4,0,5,1,1,0,,,,0,,,,,,,,,,,,,1,0,1,0,1,4,2,3,1,1,,,0,0,,1,1,1,1,0.00
Public Method,"org.apache.commons.math3.linear.SymmLQTest.testNonSelfAdjointOperator",,,,,,,,,,,,,,11,11,7,4,0,6,1,1,0,,,,0,,,,,,,,,,,,,0,0,3,0,1,5,3,3,1,1,,,0,0,,1,1,1,1,0.00
Public Method,"org.apache.commons.math3.linear.SymmLQTest.testNonSelfAdjointPreconditioner",,,,,,,,,,,,,,36,33,25,6,0,15,1,1,0,,,,0,,,,,,,,,,,,,0,3,9,0,1,11,9,6,1,1,,,0,0,,1,1,1,1,0.00
Anonymous Class,"org.apache.commons.math3.linear.SymmLQTest.testNonSelfAdjointPreconditioner.(Anon_7)",1,1,0,0,4,,0,,3,8,0,0,3,16,13,10,,,6,,,,1,1,2,,1,1,3,3,1,0,0,,,0,3,0,,3,1,0,,3,3,3,,,1,1,,0,0,3,3,3,3,0.00
Public Method,"org.apache.commons.math3.linear.SymmLQTest.testNonSelfAdjointPreconditioner.(Anon_7).getColumnDimension",,,,,,,,,,,,,,3,3,2,2,0,2,1,1,0,,,,0,,,,,,,,,,,,,0,0,0,0,1,1,1,1,1,1,,,0,0,,1,1,1,1,0.00
Public Method,"org.apache.commons.math3.linear.SymmLQTest.testNonSelfAdjointPreconditioner.(Anon_7).getRowDimension",,,,,,,,,,,,,,3,3,2,2,0,2,1,1,0,,,,0,,,,,,,,,,,,,0,0,0,0,1,1,1,1,1,1,,,0,0,,1,1,1,1,0.00
Public Method,"org.apache.commons.math3.linear.SymmLQTest.testNonSelfAdjointPreconditioner.(Anon_7).operate",,,,,,,,,,,,,,3,3,2,2,0,2,1,1,0,,,,0,,,,,,,,,,,,,1,0,0,0,1,1,1,1,1,1,,,0,0,,1,1,1,1,0.00
Public Method,"org.apache.commons.math3.linear.SymmLQTest.testNonSquareOperator",,,,,,,,,,,,,,8,8,5,6,0,7,1,1,0,,,,0,,,,,,,,,,,,,0,0,5,0,1,6,5,2,1,1,,,0,0,,1,1,1,1,0.00
Public Method,"org.apache.commons.math3.linear.SymmLQTest.testNonSquarePreconditioner",,,,,,,,,,,,,,24,21,14,5,0,13,1,1,0,,,,0,,,,,,,,,,,,,0,3,6,0,1,9,8,5,1,1,,,0,0,,1,1,1,1,0.00
Anonymous Class,"org.apache.commons.math3.linear.SymmLQTest.testNonSquarePreconditioner.(Anon_3)",1,1,0,0,1,,0,,3,8,0,0,3,16,13,10,,,6,,,,1,1,2,,1,1,3,3,1,0,0,,,0,3,0,,3,1,0,,3,3,3,,,1,1,,0,0,3,3,3,3,0.00
Public Method,"org.apache.commons.math3.linear.SymmLQTest.testNonSquarePreconditioner.(Anon_3).getColumnDimension",,,,,,,,,,,,,,3,3,2,1,0,2,1,1,0,,,,0,,,,,,,,,,,,,0,0,0,0,1,1,1,1,1,1,,,0,0,,1,1,1,1,0.00
Public Method,"org.apache.commons.math3.linear.SymmLQTest.testNonSquarePreconditioner.(Anon_3).getRowDimension",,,,,,,,,,,,,,3,3,2,1,0,2,1,1,0,,,,0,,,,,,,,,,,,,0,0,0,0,1,1,1,1,1,1,,,0,0,,1,1,1,1,0.00
Public Method,"org.apache.commons.math3.linear.SymmLQTest.testNonSquarePreconditioner.(Anon_3).operate",,,,,,,,,,,,,,3,3,2,1,0,2,1,1,0,,,,0,,,,,,,,,,,,,0,0,0,0,1,1,1,1,1,1,,,0,0,,1,1,1,1,0.00
Public Method,"org.apache.commons.math3.linear.SymmLQTest.testPreconditionedNormOfResidual",,,,,,,,,,,,,,46,41,30,10,0,33,2,2,0,,,,0,,,,,,,,,,,,,0,5,15,0,2,26,20,13,2,1,,,0,1,,2,2,1,2,0.00
Anonymous Class,"org.apache.commons.math3.linear.SymmLQTest.testPreconditionedNormOfResidual.(Anon_9)",1,1,0,0,6,,0,,5,5,0,1,4,29,24,18,,,16,,,,1,1,1,,1,1,4,4,2,0,0,,,0,5,0,,5,6,0,,11,10,6,,,1,1,,0,0,5,5,5,5,0.00
Private Method,"org.apache.commons.math3.linear.SymmLQTest.testPreconditionedNormOfResidual.(Anon_9).doTestNormOfResidual",,,,,,,,,,,,,,11,11,9,8,0,8,1,1,0,,,,0,,,,,,,,,,,,,5,0,5,0,1,7,6,2,1,1,,,0,0,,1,1,1,1,0.00
Public Method,"org.apache.commons.math3.linear.SymmLQTest.testPreconditionedNormOfResidual.(Anon_9).initializationPerformed",,,,,,,,,,,,,,3,3,2,1,0,2,1,1,0,,,,0,,,,,,,,,,,,,1,0,0,0,1,1,1,1,1,1,,,0,0,,1,1,1,1,0.00
Public Method,"org.apache.commons.math3.linear.SymmLQTest.testPreconditionedNormOfResidual.(Anon_9).iterationPerformed",,,,,,,,,,,,,,3,3,2,1,0,2,1,1,0,,,,0,,,,,,,,,,,,,1,0,0,0,1,1,1,1,1,1,,,0,0,,1,1,1,1,0.00
Public Method,"org.apache.commons.math3.linear.SymmLQTest.testPreconditionedNormOfResidual.(Anon_9).iterationStarted",,,,,,,,,,,,,,3,3,2,1,0,2,1,1,0,,,,0,,,,,,,,,,,,,1,0,0,0,1,1,1,1,1,1,,,0,0,,1,1,1,1,0.00
Public Method,"org.apache.commons.math3.linear.SymmLQTest.testPreconditionedNormOfResidual.(Anon_9).terminationPerformed",,,,,,,,,,,,,,3,3,2,1,0,2,1,1,0,,,,0,,,,,,,,,,,,,1,0,0,0,1,1,1,1,1,1,,,0,0,,1,1,1,1,0.00
Public Method,"org.apache.commons.math3.linear.SymmLQTest.testPreconditionedSolution",,,,,,,,,,,,,,22,22,17,13,0,23,3,3,0,,,,0,,,,,,,,,,,,,0,0,13,0,3,20,15,8,3,1,,,0,2,,3,3,1,3,0.00
Public Method,"org.apache.commons.math3.linear.SymmLQTest.testPreconditionedSolution2",,,,,,,,,,,,,,43,43,33,15,1,43,6,6,1,,,,0,,,,,,,,,,,,,0,0,20,0,12,37,23,20,6,1,,,0,3,,6,6,1,6,0.00
Public Method,"org.apache.commons.math3.linear.SymmLQTest.testSolveSaunders1",,,,,,,,,,,,,,3,3,1,1,0,2,1,1,0,,,,0,,,,,,,,,,,,,0,0,1,0,1,1,1,1,1,1,,,0,0,,1,1,1,1,0.00
Public Method,"org.apache.commons.math3.linear.SymmLQTest.testSolveSaunders10",,,,,,,,,,,,,,3,3,1,1,0,2,1,1,0,,,,0,,,,,,,,,,,,,0,0,1,0,1,1,1,1,1,1,,,0,0,,1,1,1,1,0.00
Public Method,"org.apache.commons.math3.linear.SymmLQTest.testSolveSaunders11",,,,,,,,,,,,,,3,3,1,1,0,2,1,1,0,,,,0,,,,,,,,,,,,,0,0,1,0,1,1,1,1,1,1,,,0,0,,1,1,1,1,0.00
Public Method,"org.apache.commons.math3.linear.SymmLQTest.testSolveSaunders12",,,,,,,,,,,,,,3,3,1,1,0,2,1,1,0,,,,0,,,,,,,,,,,,,0,0,1,0,1,1,1,1,1,1,,,0,0,,1,1,1,1,0.00
Public Method,"org.apache.commons.math3.linear.SymmLQTest.testSolveSaunders13",,,,,,,,,,,,,,3,3,1,1,0,2,1,1,0,,,,0,,,,,,,,,,,,,0,0,1,0,1,1,1,1,1,1,,,0,0,,1,1,1,1,0.00
Public Method,"org.apache.commons.math3.linear.SymmLQTest.testSolveSaunders14",,,,,,,,,,,,,,3,3,1,1,0,2,1,1,0,,,,0,,,,,,,,,,,,,0,0,1,0,1,1,1,1,1,1,,,0,0,,1,1,1,1,0.00
Public Method,"org.apache.commons.math3.linear.SymmLQTest.testSolveSaunders15",,,,,,,,,,,,,,3,3,1,1,0,2,1,1,0,,,,0,,,,,,,,,,,,,0,0,1,0,1,1,1,1,1,1,,,0,0,,1,1,1,1,0.00
Public Method,"org.apache.commons.math3.linear.SymmLQTest.testSolveSaunders16",,,,,,,,,,,,,,3,3,1,1,0,2,1,1,0,,,,0,,,,,,,,,,,,,0,0,1,0,1,1,1,1,1,1,,,0,0,,1,1,1,1,0.00
Public Method,"org.apache.commons.math3.linear.SymmLQTest.testSolveSaunders17",,,,,,,,,,,,,,3,3,1,1,0,2,1,1,0,,,,0,,,,,,,,,,,,,0,0,1,0,1,1,1,1,1,1,,,0,0,,1,1,1,1,0.00
Public Method,"org.apache.commons.math3.linear.SymmLQTest.testSolveSaunders18",,,,,,,,,,,,,,3,3,1,1,0,2,1,1,0,,,,0,,,,,,,,,,,,,0,0,1,0,1,1,1,1,1,1,,,0,0,,1,1,1,1,0.00
Public Method,"org.apache.commons.math3.linear.SymmLQTest.testSolveSaunders19",,,,,,,,,,,,,,3,3,1,1,0,2,1,1,0,,,,0,,,,,,,,,,,,,0,0,1,0,1,1,1,1,1,1,,,0,0,,1,1,1,1,0.00
Public Method,"org.apache.commons.math3.linear.SymmLQTest.testSolveSaunders2",,,,,,,,,,,,,,3,3,1,1,0,2,1,1,0,,,,0,,,,,,,,,,,,,0,0,1,0,1,1,1,1,1,1,,,0,0,,1,1,1,1,0.00
Public Method,"org.apache.commons.math3.linear.SymmLQTest.testSolveSaunders20",,,,,,,,,,,,,,3,3,1,1,0,2,1,1,0,,,,0,,,,,,,,,,,,,0,0,1,0,1,1,1,1,1,1,,,0,0,,1,1,1,1,0.00
Public Method,"org.apache.commons.math3.linear.SymmLQTest.testSolveSaunders3",,,,,,,,,,,,,,3,3,1,1,0,2,1,1,0,,,,0,,,,,,,,,,,,,0,0,1,0,1,1,1,1,1,1,,,0,0,,1,1,1,1,0.00
Public Method,"org.apache.commons.math3.linear.SymmLQTest.testSolveSaunders4",,,,,,,,,,,,,,3,3,1,1,0,2,1,1,0,,,,0,,,,,,,,,,,,,0,0,1,0,1,1,1,1,1,1,,,0,0,,1,1,1,1,0.00
Public Method,"org.apache.commons.math3.linear.SymmLQTest.testSolveSaunders5",,,,,,,,,,,,,,3,3,1,1,0,2,1,1,0,,,,0,,,,,,,,,,,,,0,0,1,0,1,1,1,1,1,1,,,0,0,,1,1,1,1,0.00
Public Method,"org.apache.commons.math3.linear.SymmLQTest.testSolveSaunders6",,,,,,,,,,,,,,3,3,1,1,0,2,1,1,0,,,,0,,,,,,,,,,,,,0,0,1,0,1,1,1,1,1,1,,,0,0,,1,1,1,1,0.00
Public Method,"org.apache.commons.math3.linear.SymmLQTest.testSolveSaunders7",,,,,,,,,,,,,,3,3,1,1,0,2,1,1,0,,,,0,,,,,,,,,,,,,0,0,1,0,1,1,1,1,1,1,,,0,0,,1,1,1,1,0.00
Public Method,"org.apache.commons.math3.linear.SymmLQTest.testSolveSaunders8",,,,,,,,,,,,,,3,3,1,1,0,2,1,1,0,,,,0,,,,,,,,,,,,,0,0,1,0,1,1,1,1,1,1,,,0,0,,1,1,1,1,0.00
Public Method,"org.apache.commons.math3.linear.SymmLQTest.testSolveSaunders9",,,,,,,,,,,,,,3,3,1,1,0,2,1,1,0,,,,0,,,,,,,,,,,,,0,0,1,0,1,1,1,1,1,1,,,0,0,,1,1,1,1,0.00
Public Method,"org.apache.commons.math3.linear.SymmLQTest.testUnpreconditionedInPlaceSolutionWithInitialGuess",,,,,,,,,,,,,,24,24,19,13,0,25,3,3,0,,,,0,,,,,,,,,,,,,0,0,13,0,3,22,15,10,3,1,,,0,2,,3,3,1,3,0.00
Public Method,"org.apache.commons.math3.linear.SymmLQTest.testUnpreconditionedNormOfResidual",,,,,,,,,,,,,,44,39,28,8,0,31,2,2,0,,,,0,,,,,,,,,,,,,0,5,13,0,2,24,18,13,2,1,,,0,1,,2,2,1,2,0.00
Anonymous Class,"org.apache.commons.math3.linear.SymmLQTest.testUnpreconditionedNormOfResidual.(Anon_8)",1,1,0,0,6,,0,,5,5,0,1,4,29,24,18,,,16,,,,1,1,1,,1,1,4,4,2,0,0,,,0,5,0,,5,6,0,,11,10,6,,,1,1,,0,0,5,5,5,5,0.00
Private Method,"org.apache.commons.math3.linear.SymmLQTest.testUnpreconditionedNormOfResidual.(Anon_8).doTestNormOfResidual",,,,,,,,,,,,,,11,11,9,8,0,8,1,1,0,,,,0,,,,,,,,,,,,,5,0,5,0,1,7,6,2,1,1,,,0,0,,1,1,1,1,0.00
Public Method,"org.apache.commons.math3.linear.SymmLQTest.testUnpreconditionedNormOfResidual.(Anon_8).initializationPerformed",,,,,,,,,,,,,,3,3,2,1,0,2,1,1,0,,,,0,,,,,,,,,,,,,1,0,0,0,1,1,1,1,1,1,,,0,0,,1,1,1,1,0.00
Public Method,"org.apache.commons.math3.linear.SymmLQTest.testUnpreconditionedNormOfResidual.(Anon_8).iterationPerformed",,,,,,,,,,,,,,3,3,2,1,0,2,1,1,0,,,,0,,,,,,,,,,,,,1,0,0,0,1,1,1,1,1,1,,,0,0,,1,1,1,1,0.00
Public Method,"org.apache.commons.math3.linear.SymmLQTest.testUnpreconditionedNormOfResidual.(Anon_8).iterationStarted",,,,,,,,,,,,,,3,3,2,1,0,2,1,1,0,,,,0,,,,,,,,,,,,,1,0,0,0,1,1,1,1,1,1,,,0,0,,1,1,1,1,0.00
Public Method,"org.apache.commons.math3.linear.SymmLQTest.testUnpreconditionedNormOfResidual.(Anon_8).terminationPerformed",,,,,,,,,,,,,,3,3,2,1,0,2,1,1,0,,,,0,,,,,,,,,,,,,1,0,0,0,1,1,1,1,1,1,,,0,0,,1,1,1,1,0.00
Public Method,"org.apache.commons.math3.linear.SymmLQTest.testUnpreconditionedSolution",,,,,,,,,,,,,,21,21,16,12,0,22,3,3,0,,,,0,,,,,,,,,,,,,0,0,12,0,3,19,14,8,3,1,,,0,2,,3,3,1,3,0.00
Public Method,"org.apache.commons.math3.linear.SymmLQTest.testUnpreconditionedSolutionWithInitialGuess",,,,,,,,,,,,,,25,25,20,14,0,26,3,3,0,,,,0,,,,,,,,,,,,,0,0,13,0,3,23,15,11,3,1,,,0,2,,3,3,1,3,0.00
Class,"org.apache.commons.math3.linear.TriDiagonalTransformer",3,1,1,7,5,,0,,8,8,3,1,4,230,132,86,,,128,,,,11,1,1,,3,3,24,15,1,0,0,,,6,8,0,,19,36,79,,97,50,78,,,11,11,,5,60,31,31,8,31,0.60
Public Constructor,"org.apache.commons.math3.linear.TriDiagonalTransformer.TriDiagonalTransformer",,,,,,,,,,,,,,25,14,11,13,0,11,2,2,0,,,,0,,,,,,,,,,,,,10,2,2,9,2,9,2,9,2,1,,,0,1,,2,2,1,2,0.64
Method,"org.apache.commons.math3.linear.TriDiagonalTransformer.getHouseholderVectorsRef",,,,,,,,,,,,,,9,3,1,1,0,2,1,1,0,,,,0,,,,,,,,,,,,,1,0,1,6,1,1,1,1,1,1,,,0,0,,1,1,1,1,2.00
Method,"org.apache.commons.math3.linear.TriDiagonalTransformer.getMainDiagonalRef",,,,,,,,,,,,,,9,3,1,1,0,2,1,1,0,,,,0,,,,,,,,,,,,,3,0,1,6,1,1,1,1,1,1,,,0,0,,1,1,1,1,2.00
Public Method,"org.apache.commons.math3.linear.TriDiagonalTransformer.getQ",,,,,,,,,,,,,,11,6,3,4,0,4,2,2,0,,,,0,,,,,,,,,,,,,6,0,1,5,2,2,1,3,2,1,,,0,1,,2,2,1,2,0.83
Public Method,"org.apache.commons.math3.linear.TriDiagonalTransformer.getQT",,,,,,,,,,,,,,41,32,23,3,1,34,8,8,0,,,,0,,,,,,,,,,,,,8,2,6,7,13,26,11,23,8,1,,,0,5,,8,8,1,8,0.22
Method,"org.apache.commons.math3.linear.TriDiagonalTransformer.getSecondaryDiagonalRef",,,,,,,,,,,,,,9,3,1,1,0,2,1,1,0,,,,0,,,,,,,,,,,,,3,0,1,6,1,1,1,1,1,1,,,0,0,,1,1,1,1,2.00
Public Method,"org.apache.commons.math3.linear.TriDiagonalTransformer.getT",,,,,,,,,,,,,,23,17,11,3,1,14,5,5,0,,,,0,,,,,,,,,,,,,8,1,3,5,6,9,4,10,5,1,,,0,3,,5,5,1,5,0.29
Private Method,"org.apache.commons.math3.linear.TriDiagonalTransformer.transform",,,,,,,,,,,,,,66,46,35,4,2,52,11,11,0,,,,0,,,,,,,,,,,,,3,6,14,14,75,42,22,30,11,1,,,0,4,,11,11,1,11,0.30
Public Class,"org.apache.commons.math3.linear.TriDiagonalTransformerTest",1,1,0,0,6,,0,,13,13,0,5,8,152,131,80,,,79,,,,4,1,1,,1,1,8,8,1,0,0,,,2,13,0,,18,57,3,,57,40,39,,,4,5,,3,53,21,22,13,21,0.02
Private Method,"org.apache.commons.math3.linear.TriDiagonalTransformerTest.checkAEqualQTQt",,,,,,,,,,,,,,8,8,6,8,0,7,1,1,0,,,,0,,,,,,,,,,,,,2,0,6,0,1,6,6,1,1,1,,,0,0,,1,1,1,1,0.00
Private Method,"org.apache.commons.math3.linear.TriDiagonalTransformerTest.checkMatricesValues",,,,,,,,,,,,,,27,22,14,8,1,17,4,4,0,,,,0,,,,,,,,,,,,,7,3,8,2,5,13,6,11,4,1,,,0,2,,4,4,1,4,0.09
Private Method,"org.apache.commons.math3.linear.TriDiagonalTransformerTest.checkNoAccessBelowDiagonal",,,,,,,,,,,,,,14,14,11,11,0,14,2,2,0,,,,0,,,,,,,,,,,,,3,0,8,0,2,12,9,5,2,1,,,0,1,,2,2,1,2,0.00
Private Method,"org.apache.commons.math3.linear.TriDiagonalTransformerTest.checkOrthogonal",,,,,,,,,,,,,,5,5,3,7,0,4,1,1,0,,,,0,,,,,,,,,,,,,3,0,3,0,1,3,3,1,1,1,,,0,0,,1,1,1,1,0.00
Private Method,"org.apache.commons.math3.linear.TriDiagonalTransformerTest.checkTriDiagonal",,,,,,,,,,,,,,11,11,6,4,1,11,4,5,0,,,,0,,,,,,,,,,,,,2,0,3,0,4,7,5,6,4,1,,,0,3,,4,5,1,4,0.00
Public Method,"org.apache.commons.math3.linear.TriDiagonalTransformerTest.testAEqualQTQt",,,,,,,,,,,,,,4,4,2,2,0,3,1,1,0,,,,0,,,,,,,,,,,,,2,0,1,0,1,2,1,2,1,1,,,0,0,,1,1,1,1,0.00
Public Method,"org.apache.commons.math3.linear.TriDiagonalTransformerTest.testMatricesValues3",,,,,,,,,,,,,,10,10,8,1,0,2,1,1,0,,,,0,,,,,,,,,,,,,1,0,1,0,1,1,1,1,1,1,,,0,0,,1,1,1,1,0.00
Public Method,"org.apache.commons.math3.linear.TriDiagonalTransformerTest.testMatricesValues5",,,,,,,,,,,,,,12,12,10,2,0,2,1,1,0,,,,0,,,,,,,,,,,,,1,0,1,0,1,1,1,1,1,1,,,0,0,,1,1,1,1,0.00
Public Method,"org.apache.commons.math3.linear.TriDiagonalTransformerTest.testNoAccessBelowDiagonal",,,,,,,,,,,,,,4,4,2,1,0,3,1,1,0,,,,0,,,,,,,,,,,,,2,0,1,0,1,2,1,2,1,1,,,0,0,,1,1,1,1,0.00
Public Method,"org.apache.commons.math3.linear.TriDiagonalTransformerTest.testNonSquare",,,,,,,,,,,,,,8,7,4,3,0,4,2,2,1,,,,0,,,,,,,,,,,,,0,0,1,1,2,2,1,3,2,1,,,0,1,,2,2,1,2,0.14
Public Method,"org.apache.commons.math3.linear.TriDiagonalTransformerTest.testQOrthogonal",,,,,,,,,,,,,,4,4,2,4,0,3,1,1,0,,,,0,,,,,,,,,,,,,2,0,1,0,1,2,1,2,1,1,,,0,0,,1,1,1,1,0.00
Public Method,"org.apache.commons.math3.linear.TriDiagonalTransformerTest.testQTOrthogonal",,,,,,,,,,,,,,4,4,2,4,0,3,1,1,0,,,,0,,,,,,,,,,,,,2,0,1,0,1,2,1,2,1,1,,,0,0,,1,1,1,1,0.00
Public Method,"org.apache.commons.math3.linear.TriDiagonalTransformerTest.testTTriDiagonal",,,,,,,,,,,,,,4,4,2,4,0,3,1,1,0,,,,0,,,,,,,,,,,,,2,0,1,0,1,2,1,2,1,1,,,0,0,,1,1,1,1,0.00
Public Class,"org.apache.commons.math3.linear.UnmodifiableArrayRealVectorTest",2,1,0,5,2,,0,,1,18,0,0,1,22,11,4,,,8,,,,2,1,2,,2,2,12,7,1,0,0,,,0,1,0,,0,5,11,,5,4,4,,,2,2,,1,0,2,2,1,2,1.00
Public Method,"org.apache.commons.math3.linear.UnmodifiableArrayRealVectorTest.createVector",,,,,,,,,,,,,,12,7,4,4,0,7,2,2,0,,,,0,,,,,,,,,,,,,2,0,2,5,2,5,3,4,2,1,,,0,1,,2,2,1,2,0.71
Public Class,"org.apache.commons.math3.linear.UnmodifiableOpenMapRealVectorTest",3,1,0,5,2,,1,,1,18,0,0,1,27,14,6,,,10,,,,3,1,2,,3,3,14,9,1,0,0,,,0,1,0,,1,6,12,,6,5,5,,,3,3,,2,0,3,3,1,3,0.86
Public Method,"org.apache.commons.math3.linear.UnmodifiableOpenMapRealVectorTest.createVector",,,,,,,,,,,,,,14,9,5,4,0,8,3,3,0,,,,0,,,,,,,,,,,,,4,0,2,5,3,5,3,5,3,1,,,0,2,,3,3,1,3,0.56
Public Abstract Class,"org.apache.commons.math3.linear.UnmodifiableRealVectorAbstractTest",4,3,0,5,8,,4,,11,17,0,1,16,419,291,194,,,224,,,,15,15,1,,4,4,21,16,1,2,6,,,0,17,0,,20,81,108,,153,78,146,,,15,15,,3,81,68,68,52,68,0.37
Private Method,"org.apache.commons.math3.linear.UnmodifiableRealVectorAbstractTest.callMethod",,,,,,,,,,,,,,48,27,17,8,1,14,4,4,2,,,,0,,,,,,,,,,,,,5,1,11,20,4,10,6,8,4,1,,,0,3,,4,4,1,4,0.74
Public Method,"org.apache.commons.math3.linear.UnmodifiableRealVectorAbstractTest.createParameter",,,,,,,,,,,,,,27,19,15,6,1,17,7,7,5,,,,5,,,,,,,,,,,,,7,0,2,8,7,10,3,14,7,6,,,5,2,,7,7,6,7,0.42
Public Abstract Method,"org.apache.commons.math3.linear.UnmodifiableRealVectorAbstractTest.createVector",,,,,,,,,,,,,,7,1,0,1,0,1,0,0,0,,,,0,,,,,,,,,,,,,8,0,1,6,0,1,1,0,0,0,,,0,0,,0,0,0,0,6.00
Public Static Method,"org.apache.commons.math3.linear.UnmodifiableRealVectorAbstractTest.equals",,,,,,,,,,,,,,19,11,8,3,1,8,4,4,3,,,,3,,,,,,,,,,,,,10,0,1,8,4,4,1,7,4,4,,,3,1,,4,4,4,4,0.73
Public Static Method,"org.apache.commons.math3.linear.UnmodifiableRealVectorAbstractTest.equals",,,,,,,,,,,,,,20,12,7,2,1,10,4,4,4,,,,4,,,,,,,,,,,,,4,0,2,8,4,6,3,7,4,4,,,4,2,,4,4,4,4,0.67
Public Static Method,"org.apache.commons.math3.linear.UnmodifiableRealVectorAbstractTest.equals",,,,,,,,,,,,,,20,12,7,4,1,10,4,4,4,,,,4,,,,,,,,,,,,,5,0,2,8,4,6,3,7,4,4,,,4,2,,4,4,4,4,0.67
Public Static Method,"org.apache.commons.math3.linear.UnmodifiableRealVectorAbstractTest.equals",,,,,,,,,,,,,,20,12,7,4,1,10,4,4,4,,,,4,,,,,,,,,,,,,4,0,2,8,4,6,3,7,4,4,,,4,2,,4,4,4,4,0.67
Public Static Method,"org.apache.commons.math3.linear.UnmodifiableRealVectorAbstractTest.equals",,,,,,,,,,,,,,26,18,11,5,1,16,6,6,7,,,,7,,,,,,,,,,,,,3,0,3,8,6,10,5,11,6,6,,,7,3,,6,6,6,6,0.44
Public Static Method,"org.apache.commons.math3.linear.UnmodifiableRealVectorAbstractTest.equals",,,,,,,,,,,,,,58,49,39,9,1,30,15,15,22,,,,22,,,,,,,,,,,,,3,0,1,9,15,15,1,29,15,15,,,22,2,,15,15,15,15,0.18
Public Method,"org.apache.commons.math3.linear.UnmodifiableRealVectorAbstractTest.testAddToEntry",,,,,,,,,,,,,,7,7,4,3,0,7,2,2,0,,,,0,,,,,,,,,,,,,1,0,3,0,2,5,4,3,2,1,,,0,1,,2,2,1,2,0.00
Public Method,"org.apache.commons.math3.linear.UnmodifiableRealVectorAbstractTest.testAllButExcluded",,,,,,,,,,,,,,24,18,10,6,1,15,4,4,0,,,,0,,,,,,,,,,,,,3,0,9,6,4,11,8,7,4,1,,,0,3,,4,4,1,4,0.33
Public Method,"org.apache.commons.math3.linear.UnmodifiableRealVectorAbstractTest.testGetEntry",,,,,,,,,,,,,,7,7,4,5,0,7,2,2,0,,,,0,,,,,,,,,,,,,1,0,3,0,2,5,4,3,2,1,,,0,1,,2,2,1,2,0.00
Public Method,"org.apache.commons.math3.linear.UnmodifiableRealVectorAbstractTest.testGetSubVector",,,,,,,,,,,,,,11,11,7,5,0,12,3,3,0,,,,0,,,,,,,,,,,,,1,0,5,0,3,9,7,5,3,1,,,0,2,,3,3,1,3,0.00
Public Method,"org.apache.commons.math3.linear.UnmodifiableRealVectorAbstractTest.testIterator",,,,,,,,,,,,,,24,24,19,15,0,20,3,3,1,,,,0,,,,,,,,,,,,,2,0,8,0,3,17,8,12,3,1,,,0,2,,3,3,1,3,0.00
Public Method,"org.apache.commons.math3.linear.UnmodifiableRealVectorAbstractTest.testSetEntry",,,,,,,,,,,,,,7,7,4,3,0,7,2,2,0,,,,0,,,,,,,,,,,,,1,0,3,0,2,5,4,3,2,1,,,0,1,,2,2,1,2,0.00
Public Method,"org.apache.commons.math3.linear.UnmodifiableRealVectorAbstractTest.testSetSubVector",,,,,,,,,,,,,,5,5,3,4,0,4,1,1,0,,,,0,,,,,,,,,,,,,0,0,3,0,1,3,3,1,1,1,,,0,0,,1,1,1,1,0.00
Public Method,"org.apache.commons.math3.linear.UnmodifiableRealVectorAbstractTest.testSparseIterator",,,,,,,,,,,,,,24,24,19,15,0,20,3,3,1,,,,0,,,,,,,,,,,,,2,0,8,0,3,17,8,12,3,1,,,0,2,,3,3,1,3,0.00
Package,"org.apache.commons.math3.ode",1,1,0,2,,49,13,34,275,,28,6,224,5230,2304,1189,,,1770,,,,15,6,,,1,1,11,7,,,1,,,99,276,18,,753,969,2175,,1316,893,877,,,15,17,,7,,388,394,271,388,0.94
Public Abstract Class,"org.apache.commons.math3.ode.AbstractIntegrator",1,1,1,3,17,,0,,23,23,0,0,17,370,199,108,,,146,,,,15,4,1,,1,2,13,8,2,2,0,,,10,23,6,,66,63,105,,93,58,88,,,15,17,,3,85,43,45,25,43,0.53
Public Constructor,"org.apache.commons.math3.ode.AbstractIntegrator.AbstractIntegrator",,,,,,,,,,,,,,14,11,9,11,0,10,1,1,0,,,,0,,,,,,,,,,,,,6,0,1,3,1,9,1,9,1,1,,,0,0,,1,1,1,1,0.27
Protected Constructor,"org.apache.commons.math3.ode.AbstractIntegrator.AbstractIntegrator",,,,,,,,,,,,,,5,3,1,2,0,2,1,1,0,,,,0,,,,,,,,,,,,,0,0,1,2,1,1,1,1,1,1,,,0,0,,1,1,1,1,0.67
Protected Method,"org.apache.commons.math3.ode.AbstractIntegrator.acceptStep",,,,,,,,,,,,,,116,71,53,27,2,60,15,17,6,,,,6,,,,,,,,,,,,,14,20,13,25,252,38,18,42,15,4,,,6,3,,15,17,4,15,0.35
Anonymous Class,"org.apache.commons.math3.ode.AbstractIntegrator.acceptStep.(Anon_1)",1,1,0,1,2,,0,,1,1,0,0,1,6,4,3,,,2,,,,1,1,2,,1,1,4,3,1,0,0,,,0,1,0,,1,1,1,,1,1,1,,,1,1,,0,0,1,1,1,1,0.25
Public Method,"org.apache.commons.math3.ode.AbstractIntegrator.acceptStep.(Anon_1).compare",,,,,,,,,,,,,,4,3,2,3,0,2,1,1,0,,,,0,,,,,,,,,,,,,2,0,0,1,1,1,1,1,1,1,,,0,0,,1,1,1,1,0.33
Public Method,"org.apache.commons.math3.ode.AbstractIntegrator.addEventHandler",,,,,,,,,,,,,,9,8,3,2,0,2,1,1,0,,,,0,,,,,,,,,,,,,5,0,4,1,1,1,1,1,1,1,,,0,0,,1,1,1,1,0.12
Public Method,"org.apache.commons.math3.ode.AbstractIntegrator.addEventHandler",,,,,,,,,,,,,,9,8,2,2,0,2,1,1,0,,,,0,,,,,,,,,,,,,8,0,5,1,1,1,1,1,1,1,,,0,0,,1,1,1,1,0.12
Public Method,"org.apache.commons.math3.ode.AbstractIntegrator.addStepHandler",,,,,,,,,,,,,,4,3,1,1,0,2,1,1,0,,,,0,,,,,,,,,,,,,22,0,1,1,1,1,1,1,1,1,,,0,0,,1,1,1,1,0.33
Public Method,"org.apache.commons.math3.ode.AbstractIntegrator.clearEventHandlers",,,,,,,,,,,,,,4,3,1,1,0,2,1,1,0,,,,0,,,,,,,,,,,,,1,0,1,1,1,1,1,1,1,1,,,0,0,,1,1,1,1,0.33
Public Method,"org.apache.commons.math3.ode.AbstractIntegrator.clearStepHandlers",,,,,,,,,,,,,,4,3,1,1,0,2,1,1,0,,,,0,,,,,,,,,,,,,1,0,1,1,1,1,1,1,1,1,,,0,0,,1,1,1,1,0.33
Public Method,"org.apache.commons.math3.ode.AbstractIntegrator.computeDerivatives",,,,,,,,,,,,,,11,5,2,2,0,3,1,1,0,,,,0,,,,,,,,,,,,,15,0,2,6,1,2,1,2,1,1,,,0,0,,1,1,1,1,1.20
Public Method,"org.apache.commons.math3.ode.AbstractIntegrator.getCurrentSignedStepsize",,,,,,,,,,,,,,4,3,1,1,0,2,1,1,0,,,,0,,,,,,,,,,,,,1,0,1,1,1,1,1,1,1,1,,,0,0,,1,1,1,1,0.33
Public Method,"org.apache.commons.math3.ode.AbstractIntegrator.getCurrentStepStart",,,,,,,,,,,,,,4,3,1,1,0,2,1,1,0,,,,0,,,,,,,,,,,,,1,0,1,1,1,1,1,1,1,1,,,0,0,,1,1,1,1,0.33
Public Method,"org.apache.commons.math3.ode.AbstractIntegrator.getEvaluations",,,,,,,,,,,,,,4,3,1,2,0,2,1,1,0,,,,0,,,,,,,,,,,,,3,0,1,1,1,1,1,1,1,1,,,0,0,,1,1,1,1,0.33
Public Method,"org.apache.commons.math3.ode.AbstractIntegrator.getEventHandlers",,,,,,,,,,,,,,8,7,4,4,0,6,2,2,0,,,,0,,,,,,,,,,,,,1,0,2,1,2,3,3,3,2,1,,,0,1,,2,2,1,2,0.14
Public Method,"org.apache.commons.math3.ode.AbstractIntegrator.getMaxEvaluations",,,,,,,,,,,,,,4,3,1,2,0,2,1,1,0,,,,0,,,,,,,,,,,,,1,0,1,1,1,1,1,1,1,1,,,0,0,,1,1,1,1,0.33
Public Method,"org.apache.commons.math3.ode.AbstractIntegrator.getName",,,,,,,,,,,,,,4,3,1,1,0,2,1,1,0,,,,0,,,,,,,,,,,,,2,0,1,1,1,1,1,1,1,1,,,0,0,,1,1,1,1,0.33
Public Method,"org.apache.commons.math3.ode.AbstractIntegrator.getStepHandlers",,,,,,,,,,,,,,4,3,1,2,0,2,1,1,0,,,,0,,,,,,,,,,,,,11,0,1,1,1,1,1,1,1,1,,,0,0,,1,1,1,1,0.33
Protected Method,"org.apache.commons.math3.ode.AbstractIntegrator.initIntegration",,,,,,,,,,,,,,20,10,6,5,1,9,3,3,0,,,,0,,,,,,,,,,,,,11,5,1,5,4,4,3,6,3,1,,,0,1,,3,3,1,3,0.50
Public Abstract Method,"org.apache.commons.math3.ode.AbstractIntegrator.integrate",,,,,,,,,,,,,,19,2,0,0,0,1,0,0,0,,,,0,,,,,,,,,,,,,5,0,2,17,0,1,1,0,0,0,,,0,0,,0,0,0,0,8.50
Public Method,"org.apache.commons.math3.ode.AbstractIntegrator.integrate",,,,,,,,,,,,,,25,16,10,10,1,11,3,3,0,,,,0,,,,,,,,,,,,,44,5,4,4,4,8,2,9,3,1,,,0,1,,3,3,1,3,0.25
Protected Method,"org.apache.commons.math3.ode.AbstractIntegrator.sanityChecks",,,,,,,,,,,,,,17,10,6,5,0,5,2,2,0,,,,0,,,,,,,,,,,,,5,2,5,5,2,3,3,2,2,1,,,0,1,,2,2,1,2,0.50
Protected Method,"org.apache.commons.math3.ode.AbstractIntegrator.setEquations",,,,,,,,,,,,,,6,3,1,1,0,2,1,1,0,,,,0,,,,,,,,,,,,,6,0,1,3,1,1,1,1,1,1,,,0,0,,1,1,1,1,1.00
Public Method,"org.apache.commons.math3.ode.AbstractIntegrator.setMaxEvaluations",,,,,,,,,,,,,,4,3,1,1,0,2,2,2,0,,,,0,,,,,,,,,,,,,9,0,1,1,1,1,1,1,2,1,,,0,0,,2,2,1,2,0.33
Protected Method,"org.apache.commons.math3.ode.AbstractIntegrator.setStateInitialized",,,,,,,,,,,,,,10,3,1,1,0,2,1,1,0,,,,0,,,,,,,,,,,,,2,0,1,7,1,1,1,1,1,1,,,0,0,,1,1,1,1,2.33
Public Abstract Class,"org.apache.commons.math3.ode.AbstractParameterizable",1,1,0,2,2,,0,,5,5,0,0,3,56,30,12,,,21,,,,3,3,1,,1,1,8,5,2,4,0,,,1,5,2,,7,8,19,,9,9,12,,,3,3,,2,19,9,9,7,9,0.63
Protected Constructor,"org.apache.commons.math3.ode.AbstractParameterizable.AbstractParameterizable",,,,,,,,,,,,,,9,6,3,3,0,5,2,2,0,,,,0,,,,,,,,,,,,,6,0,1,3,2,2,2,3,2,1,,,0,1,,2,2,1,2,0.50
Protected Constructor,"org.apache.commons.math3.ode.AbstractParameterizable.AbstractParameterizable",,,,,,,,,,,,,,7,4,2,3,0,3,1,1,0,,,,0,,,,,,,,,,,,,2,0,1,3,1,2,1,2,1,1,,,0,0,,1,1,1,1,0.75
Public Method,"org.apache.commons.math3.ode.AbstractParameterizable.complainIfNotSupported",,,,,,,,,,,,,,11,6,2,2,0,3,2,2,0,,,,0,,,,,,,,,,,,,6,0,2,5,2,1,1,2,2,1,,,0,1,,2,2,1,2,0.83
Public Method,"org.apache.commons.math3.ode.AbstractParameterizable.getParametersNames",,,,,,,,,,,,,,4,3,1,1,0,2,1,1,0,,,,0,,,,,,,,,,,,,1,0,1,1,1,1,1,1,1,1,,,0,0,,1,1,1,1,0.33
Public Method,"org.apache.commons.math3.ode.AbstractParameterizable.isSupported",,,,,,,,,,,,,,9,8,4,2,0,6,3,3,3,,,,3,,,,,,,,,,,,,3,0,1,1,3,2,2,4,3,3,,,3,2,,3,3,3,3,0.12
Public Class,"org.apache.commons.math3.ode.ContinuousOutputModel",3,2,2,6,5,,1,,10,10,0,1,9,329,158,111,,,118,,,,10,6,1,,3,3,24,14,3,0,0,,,5,10,0,,42,45,129,,84,43,75,,,10,12,,2,51,32,34,20,32,0.82
Public Constructor,"org.apache.commons.math3.ode.ContinuousOutputModel.ContinuousOutputModel",,,,,,,,,,,,,,10,7,5,6,0,6,1,1,0,,,,0,,,,,,,,,,,,,15,0,1,3,1,5,1,5,1,1,,,0,0,,1,1,1,1,0.43
Public Method,"org.apache.commons.math3.ode.ContinuousOutputModel.append",,,,,,,,,,,,,,47,32,23,16,1,22,7,7,2,,,,0,,,,,,,,,,,,,10,9,7,6,19,14,7,15,7,1,,,0,2,,7,7,1,7,0.19
Public Method,"org.apache.commons.math3.ode.ContinuousOutputModel.getFinalTime",,,,,,,,,,,,,,7,3,1,1,0,2,1,1,0,,,,0,,,,,,,,,,,,,2,0,1,4,1,1,1,1,1,1,,,0,0,,1,1,1,1,1.33
Public Method,"org.apache.commons.math3.ode.ContinuousOutputModel.getInitialTime",,,,,,,,,,,,,,7,3,1,1,0,2,1,1,0,,,,0,,,,,,,,,,,,,3,0,1,4,1,1,1,1,1,1,,,0,0,,1,1,1,1,1.33
Public Method,"org.apache.commons.math3.ode.ContinuousOutputModel.getInterpolatedState",,,,,,,,,,,,,,7,3,1,3,0,2,1,1,0,,,,0,,,,,,,,,,,,,15,0,1,4,1,1,1,1,1,1,,,0,0,,1,1,1,1,1.33
Public Method,"org.apache.commons.math3.ode.ContinuousOutputModel.getInterpolatedTime",,,,,,,,,,,,,,9,3,1,3,0,2,1,1,0,,,,0,,,,,,,,,,,,,3,0,1,6,1,1,1,1,1,1,,,0,0,,1,1,1,1,2.00
Public Method,"org.apache.commons.math3.ode.ContinuousOutputModel.handleStep",,,,,,,,,,,,,,21,11,7,10,1,8,3,3,0,,,,0,,,,,,,,,,,,,5,4,1,6,4,5,1,7,3,1,,,0,1,,3,3,1,3,0.55
Public Method,"org.apache.commons.math3.ode.ContinuousOutputModel.init",,,,,,,,,,,,,,8,7,5,5,0,6,1,1,0,,,,0,,,,,,,,,,,,,1,0,1,1,1,5,1,5,1,1,,,0,0,,1,1,1,1,0.14
Private Method,"org.apache.commons.math3.ode.ContinuousOutputModel.locatePoint",,,,,,,,,,,,,,25,18,13,3,1,12,6,6,7,,,,7,,,,,,,,,,,,,4,0,1,7,6,6,1,11,6,6,,,7,2,,6,6,6,6,0.39
Public Method,"org.apache.commons.math3.ode.ContinuousOutputModel.setInterpolatedTime",,,,,,,,,,,,,,99,62,53,12,1,49,10,12,10,,,,8,,,,,,,,,,,,,16,12,22,25,29,39,21,28,10,6,,,9,2,,10,12,6,10,0.40
Public Class,"org.apache.commons.math3.ode.ContinuousOutputModelTest",1,1,1,1,12,,0,,10,10,0,2,8,160,123,82,,,92,,,,3,1,1,,1,1,13,11,1,0,0,,,2,10,0,,28,46,11,,75,40,52,,,3,3,,2,50,14,14,10,14,0.09
Public Constructor,"org.apache.commons.math3.ode.ContinuousOutputModelTest.ContinuousOutputModelTest",,,,,,,,,,,,,,4,4,2,3,0,3,1,1,0,,,,0,,,,,,,,,,,,,0,0,1,0,1,2,1,2,1,1,,,0,0,,1,1,1,1,0.00
Private Method,"org.apache.commons.math3.ode.ContinuousOutputModelTest.buildInterpolator",,,,,,,,,,,,,,7,7,5,4,0,6,1,1,0,,,,0,,,,,,,,,,,,,6,0,2,0,1,5,2,4,1,1,,,0,0,,1,1,1,1,0.00
Private Method,"org.apache.commons.math3.ode.ContinuousOutputModelTest.checkAppendError",,,,,,,,,,,,,,11,11,7,5,0,7,2,2,2,,,,0,,,,,,,,,,,,,5,0,3,2,2,5,2,5,2,1,,,0,1,,2,2,1,2,0.18
Public Method,"org.apache.commons.math3.ode.ContinuousOutputModelTest.checkValue",,,,,,,,,,,,,,3,3,1,2,0,2,1,1,0,,,,0,,,,,,,,,,,,,2,0,1,0,1,1,1,1,1,1,,,0,0,,1,1,1,1,0.00
Public Method,"org.apache.commons.math3.ode.ContinuousOutputModelTest.setUp",,,,,,,,,,,,,,6,6,4,6,0,5,1,1,0,,,,0,,,,,,,,,,,,,1,0,3,0,1,4,3,2,1,1,,,0,0,,1,1,1,1,0.00
Public Method,"org.apache.commons.math3.ode.ContinuousOutputModelTest.tearDown",,,,,,,,,,,,,,4,4,2,2,0,3,1,1,0,,,,0,,,,,,,,,,,,,0,0,1,0,1,2,1,2,1,1,,,0,0,,1,1,1,1,0.00
Public Method,"org.apache.commons.math3.ode.ContinuousOutputModelTest.testBoundaries",,,,,,,,,,,,,,10,10,8,11,0,7,1,1,0,,,,0,,,,,,,,,,,,,2,0,2,0,1,6,2,5,1,1,,,0,0,,1,1,1,1,0.00
Public Method,"org.apache.commons.math3.ode.ContinuousOutputModelTest.testErrorConditions",,,,,,,,,,,,,,18,8,6,6,0,7,1,1,0,,,,0,,,,,,,,,,,,,0,6,2,4,1,6,2,5,1,1,,,0,0,,1,1,1,1,0.50
Public Method,"org.apache.commons.math3.ode.ContinuousOutputModelTest.testModelsMerging",,,,,,,,,,,,,,48,37,28,13,0,29,2,2,0,,,,0,,,,,,,,,,,,,1,6,11,5,2,25,11,18,2,1,,,0,1,,2,2,1,2,0.14
Anonymous Class,"org.apache.commons.math3.ode.ContinuousOutputModelTest.testModelsMerging.(Anon_1)",1,1,0,0,0,,0,,2,2,0,0,2,8,8,6,,,5,,,,1,1,1,,1,1,3,3,2,0,0,,,0,2,0,,0,0,0,,3,2,3,,,1,1,,0,0,2,2,2,2,0.00
Public Method,"org.apache.commons.math3.ode.ContinuousOutputModelTest.testModelsMerging.(Anon_1).computeDerivatives",,,,,,,,,,,,,,4,4,3,1,0,3,1,1,0,,,,0,,,,,,,,,,,,,1,0,0,0,1,2,1,2,1,1,,,0,0,,1,1,1,1,0.00
Public Method,"org.apache.commons.math3.ode.ContinuousOutputModelTest.testModelsMerging.(Anon_1).getDimension",,,,,,,,,,,,,,3,3,2,1,0,2,1,1,0,,,,0,,,,,,,,,,,,,0,0,0,0,1,1,1,1,1,1,,,0,0,,1,1,1,1,0.00
Public Method,"org.apache.commons.math3.ode.ContinuousOutputModelTest.testRandomAccess",,,,,,,,,,,,,,27,23,19,12,0,20,3,3,0,,,,0,,,,,,,,,,,,,2,4,11,0,3,17,12,8,3,1,,,0,2,,3,3,1,3,0.00
Public Class,"org.apache.commons.math3.ode.EquationsMapper",1,1,0,4,1,,1,,5,5,0,0,5,75,29,11,,,19,,,,2,1,1,,1,1,9,4,2,0,0,,,2,5,0,,9,11,37,,11,9,10,,,2,2,,1,46,7,7,5,7,1.28
Public Constructor,"org.apache.commons.math3.ode.EquationsMapper.EquationsMapper",,,,,,,,,,,,,,8,4,2,3,0,3,1,1,0,,,,0,,,,,,,,,,,,,8,0,1,4,1,2,1,2,1,1,,,0,0,,1,1,1,1,1.00
Public Method,"org.apache.commons.math3.ode.EquationsMapper.extractEquationData",,,,,,,,,,,,,,14,7,3,2,0,4,2,2,0,,,,0,,,,,,,,,,,,,11,0,2,7,2,2,1,3,2,1,,,0,1,,2,2,1,2,1.00
Public Method,"org.apache.commons.math3.ode.EquationsMapper.getDimension",,,,,,,,,,,,,,6,3,1,1,0,2,1,1,0,,,,0,,,,,,,,,,,,,5,0,1,3,1,1,1,1,1,1,,,0,0,,1,1,1,1,1.00
Public Method,"org.apache.commons.math3.ode.EquationsMapper.getFirstIndex",,,,,,,,,,,,,,6,3,1,1,0,2,1,1,0,,,,0,,,,,,,,,,,,,3,0,1,3,1,1,1,1,1,1,,,0,0,,1,1,1,1,1.00
Public Method,"org.apache.commons.math3.ode.EquationsMapper.insertEquationData",,,,,,,,,,,,,,14,7,3,2,0,4,2,2,0,,,,0,,,,,,,,,,,,,7,0,2,7,2,2,1,3,2,1,,,0,1,,2,2,1,2,1.00
Public Class,"org.apache.commons.math3.ode.ExpandableStatefulODE",1,1,1,5,5,,0,,17,17,0,0,17,301,124,62,,,95,,,,3,1,1,,1,1,12,6,1,0,0,,,6,17,0,,52,40,125,,63,42,53,,,3,3,,1,68,26,26,17,26,1.01
Public Constructor,"org.apache.commons.math3.ode.ExpandableStatefulODE.ExpandableStatefulODE",,,,,,,,,,,,,,12,9,7,9,0,8,1,1,0,,,,0,,,,,,,,,,,,,6,0,2,3,1,7,2,6,1,1,,,0,0,,1,1,1,1,0.33
Private Static Class,"org.apache.commons.math3.ode.ExpandableStatefulODE.SecondaryComponent",1,1,0,4,2,,0,,1,1,0,0,1,28,13,5,,,11,,,,1,1,1,,1,1,11,7,1,0,0,,,4,1,0,,6,7,9,,9,7,4,,,1,1,,0,0,1,1,1,1,0.69
Public Constructor,"org.apache.commons.math3.ode.ExpandableStatefulODE.SecondaryComponent.SecondaryComponent",,,,,,,,,,,,,,11,7,5,7,0,6,1,1,0,,,,0,,,,,,,,,,,,,3,0,2,4,1,5,2,4,1,1,,,0,0,,1,1,1,1,0.57
Public Method,"org.apache.commons.math3.ode.ExpandableStatefulODE.addSecondaryEquations",,,,,,,,,,,,,,21,12,8,10,0,9,2,2,1,,,,0,,,,,,,,,,,,,5,4,3,5,2,7,3,6,2,1,,,0,1,,2,2,1,2,0.42
Public Method,"org.apache.commons.math3.ode.ExpandableStatefulODE.computeDerivatives",,,,,,,,,,,,,,21,11,8,4,0,9,2,2,0,,,,0,,,,,,,,,,,,,13,3,1,7,2,6,2,7,2,1,,,0,1,,2,2,1,2,0.64
Public Method,"org.apache.commons.math3.ode.ExpandableStatefulODE.getCompleteState",,,,,,,,,,,,,,19,8,5,3,0,7,2,2,0,,,,0,,,,,,,,,,,,,10,4,2,7,2,4,3,4,2,1,,,0,1,,2,2,1,2,0.88
Public Method,"org.apache.commons.math3.ode.ExpandableStatefulODE.getPrimary",,,,,,,,,,,,,,6,3,1,1,0,2,1,1,0,,,,0,,,,,,,,,,,,,2,0,1,3,1,1,1,1,1,1,,,0,0,,1,1,1,1,1.00
Public Method,"org.apache.commons.math3.ode.ExpandableStatefulODE.getPrimaryMapper",,,,,,,,,,,,,,7,3,1,1,0,2,1,1,0,,,,0,,,,,,,,,,,,,7,0,1,4,1,1,1,1,1,1,,,0,0,,1,1,1,1,1.33
Public Method,"org.apache.commons.math3.ode.ExpandableStatefulODE.getPrimaryState",,,,,,,,,,,,,,6,3,1,2,0,2,1,1,0,,,,0,,,,,,,,,,,,,4,0,1,3,1,1,1,1,1,1,,,0,0,,1,1,1,1,1.00
Public Method,"org.apache.commons.math3.ode.ExpandableStatefulODE.getPrimaryStateDot",,,,,,,,,,,,,,6,3,1,2,0,2,1,1,0,,,,0,,,,,,,,,,,,,1,0,1,3,1,1,1,1,1,1,,,0,0,,1,1,1,1,1.00
Public Method,"org.apache.commons.math3.ode.ExpandableStatefulODE.getSecondaryMappers",,,,,,,,,,,,,,11,7,4,3,0,7,2,2,0,,,,0,,,,,,,,,,,,,7,0,2,4,2,5,3,4,2,1,,,0,1,,2,2,1,2,0.57
Public Method,"org.apache.commons.math3.ode.ExpandableStatefulODE.getSecondaryState",,,,,,,,,,,,,,8,3,1,3,0,2,1,1,0,,,,0,,,,,,,,,,,,,4,0,1,5,1,1,1,1,1,1,,,0,0,,1,1,1,1,1.67
Public Method,"org.apache.commons.math3.ode.ExpandableStatefulODE.getSecondaryStateDot",,,,,,,,,,,,,,8,3,1,3,0,2,1,1,0,,,,0,,,,,,,,,,,,,2,0,1,5,1,1,1,1,1,1,,,0,0,,1,1,1,1,1.67
Public Method,"org.apache.commons.math3.ode.ExpandableStatefulODE.getTime",,,,,,,,,,,,,,6,3,1,1,0,2,1,1,0,,,,0,,,,,,,,,,,,,8,0,1,3,1,1,1,1,1,1,,,0,0,,1,1,1,1,1.00
Public Method,"org.apache.commons.math3.ode.ExpandableStatefulODE.getTotalDimension",,,,,,,,,,,,,,16,8,5,6,0,5,2,2,1,,,,0,,,,,,,,,,,,,4,0,2,8,2,3,2,3,2,1,,,0,1,,2,2,1,2,1.00
Public Method,"org.apache.commons.math3.ode.ExpandableStatefulODE.setCompleteState",,,,,,,,,,,,,,20,10,5,3,1,7,3,3,0,,,,0,,,,,,,,,,,,,12,3,2,7,4,3,2,5,3,1,,,0,1,,3,3,1,3,0.70
Public Method,"org.apache.commons.math3.ode.ExpandableStatefulODE.setPrimaryState",,,,,,,,,,,,,,16,6,3,2,0,4,2,2,0,,,,0,,,,,,,,,,,,,8,3,1,7,2,2,1,3,2,1,,,0,1,,2,2,1,2,1.17
Public Method,"org.apache.commons.math3.ode.ExpandableStatefulODE.setSecondaryState",,,,,,,,,,,,,,22,8,4,3,0,5,2,2,0,,,,0,,,,,,,,,,,,,7,4,3,10,2,3,2,3,2,1,,,0,1,,2,2,1,2,1.25
Public Method,"org.apache.commons.math3.ode.ExpandableStatefulODE.setTime",,,,,,,,,,,,,,6,3,1,1,0,2,1,1,0,,,,0,,,,,,,,,,,,,11,0,1,3,1,1,1,1,1,1,,,0,0,,1,1,1,1,1.00
Public Class,"org.apache.commons.math3.ode.FirstOrderConverter",1,1,1,5,1,,0,,3,3,0,0,3,94,24,11,,,20,,,,1,1,1,,1,1,12,5,2,0,0,,,5,3,0,,13,9,57,,16,9,11,,,1,1,,0,26,3,3,3,3,2.38
Public Constructor,"org.apache.commons.math3.ode.FirstOrderConverter.FirstOrderConverter",,,,,,,,,,,,,,11,7,5,7,0,6,1,1,0,,,,0,,,,,,,,,,,,,4,0,1,4,1,5,1,5,1,1,,,0,0,,1,1,1,1,0.57
Public Method,"org.apache.commons.math3.ode.FirstOrderConverter.computeDerivatives",,,,,,,,,,,,,,19,7,5,2,0,6,1,1,0,,,,0,,,,,,,,,,,,,8,4,1,8,1,5,1,5,1,1,,,0,0,,1,1,1,1,1.14
Public Method,"org.apache.commons.math3.ode.FirstOrderConverter.getDimension",,,,,,,,,,,,,,8,3,1,1,0,2,1,1,0,,,,0,,,,,,,,,,,,,2,0,1,5,1,1,1,1,1,1,,,0,0,,1,1,1,1,1.67
Public Class,"org.apache.commons.math3.ode.FirstOrderConverterTest",1,1,0,0,8,,0,,5,5,0,1,4,81,65,30,,,45,,,,3,1,1,,1,1,8,8,1,0,0,,,0,5,0,,16,34,0,,31,25,20,,,3,3,,2,0,8,8,5,8,0.00
Private Static Class,"org.apache.commons.math3.ode.FirstOrderConverterTest.Equations",1,1,0,0,0,,0,,3,3,0,0,3,24,18,5,,,13,,,,2,1,1,,1,1,4,4,2,0,0,,,2,3,0,,6,8,0,,8,7,6,,,2,2,,1,16,4,4,3,4,0.00
Public Constructor,"org.apache.commons.math3.ode.FirstOrderConverterTest.Equations.Equations",,,,,,,,,,,,,,4,4,2,3,0,3,1,1,0,,,,0,,,,,,,,,,,,,4,0,1,0,1,2,1,2,1,1,,,0,0,,1,1,1,1,0.00
Public Method,"org.apache.commons.math3.ode.FirstOrderConverterTest.Equations.computeSecondDerivatives",,,,,,,,,,,,,,6,6,2,1,0,5,2,2,0,,,,0,,,,,,,,,,,,,3,0,2,0,2,3,2,3,2,1,,,0,1,,2,2,1,2,0.00
Public Method,"org.apache.commons.math3.ode.FirstOrderConverterTest.Equations.getDimension",,,,,,,,,,,,,,3,3,1,1,0,2,1,1,0,,,,0,,,,,,,,,,,,,1,0,1,0,1,1,1,1,1,1,,,0,0,,1,1,1,1,0.00
Private Method,"org.apache.commons.math3.ode.FirstOrderConverterTest.integrateWithSpecifiedStep",,,,,,,,,,,,,,12,12,7,7,0,8,1,1,0,,,,0,,,,,,,,,,,,,7,0,7,0,1,7,4,4,1,1,,,0,0,,1,1,1,1,0.00
Public Method,"org.apache.commons.math3.ode.FirstOrderConverterTest.testBigStep",,,,,,,,,,,,,,5,5,3,4,0,3,1,1,0,,,,0,,,,,,,,,,,,,0,0,3,0,1,2,2,1,1,1,,,0,0,,1,1,1,1,0.00
Public Method,"org.apache.commons.math3.ode.FirstOrderConverterTest.testDecreasingSteps",,,,,,,,,,,,,,15,12,8,5,0,10,3,3,0,,,,0,,,,,,,,,,,,,0,3,5,0,3,7,5,5,3,1,,,0,2,,3,3,1,3,0.00
Public Method,"org.apache.commons.math3.ode.FirstOrderConverterTest.testDoubleDimension",,,,,,,,,,,,,,7,7,4,5,0,7,2,2,0,,,,0,,,,,,,,,,,,,0,0,3,0,2,5,4,3,2,1,,,0,1,,2,2,1,2,0.00
Public Method,"org.apache.commons.math3.ode.FirstOrderConverterTest.testSmallStep",,,,,,,,,,,,,,5,5,3,4,0,3,1,1,0,,,,0,,,,,,,,,,,,,0,0,3,0,1,2,2,1,1,1,,,0,0,,1,1,1,1,0.00
Public Interface,"org.apache.commons.math3.ode.FirstOrderDifferentialEquations",0,0,0,0,0,,0,,2,2,2,0,0,15,4,0,,,3,,,,0,0,0,,0,0,0,0,0,23,0,,,0,2,0,,3,3,8,,2,3,0,,,0,0,,0,0,0,0,0,0,2.00
Abstract Method,"org.apache.commons.math3.ode.FirstOrderDifferentialEquations.computeDerivatives",,,,,,,,,,,,,,6,1,0,0,0,1,0,0,0,,,,0,,,,,,,,,,,,,5,0,1,5,0,1,1,0,0,0,,,0,0,,0,0,0,0,5.00
Abstract Method,"org.apache.commons.math3.ode.FirstOrderDifferentialEquations.getDimension",,,,,,,,,,,,,,4,1,0,1,0,1,0,0,0,,,,0,,,,,,,,,,,,,8,0,1,3,0,1,1,0,0,0,,,0,0,,0,0,0,0,3.00
Public Interface,"org.apache.commons.math3.ode.FirstOrderIntegrator",0,0,0,0,3,,0,,1,14,1,0,0,26,5,0,,,2,,,,0,0,1,,0,0,0,0,1,1,0,,,0,1,0,,2,4,19,,1,2,0,,,0,0,,0,0,0,0,0,0,3.80
Abstract Method,"org.apache.commons.math3.ode.FirstOrderIntegrator.integrate",,,,,,,,,,,,,,22,3,0,1,0,1,0,0,0,,,,0,,,,,,,,,,,,,77,0,3,19,0,1,1,0,0,0,,,0,0,,0,0,0,0,6.33
Public Class,"org.apache.commons.math3.ode.JacobianMatrices",2,1,2,8,11,,0,,11,11,0,1,10,442,214,122,,,175,,,,4,3,1,,2,2,21,10,1,0,0,,,10,11,0,,68,66,160,,120,70,105,,,4,4,,3,68,28,28,17,28,0.75
Public Constructor,"org.apache.commons.math3.ode.JacobianMatrices.JacobianMatrices",,,,,,,,,,,,,,47,25,18,13,1,22,4,4,1,,,,0,,,,,,,,,,,,,8,7,3,15,6,18,3,19,4,1,,,0,2,,4,4,1,4,0.60
Public Constructor,"org.apache.commons.math3.ode.JacobianMatrices.JacobianMatrices",,,,,,,,,,,,,,20,5,1,3,0,2,1,1,0,,,,0,,,,,,,,,,,,,5,0,3,15,1,1,1,1,1,1,,,0,0,,1,1,1,1,3.00
Private Class,"org.apache.commons.math3.ode.JacobianMatrices.JacobiansSecondaryEquations",7,3,3,4,8,,0,,2,2,0,0,2,81,59,40,,,53,,,,13,6,1,,7,7,35,28,2,0,0,,,0,2,0,,8,15,14,,36,21,32,,,13,14,,7,0,14,15,7,14,0.24
Public Method,"org.apache.commons.math3.ode.JacobianMatrices.JacobiansSecondaryEquations.computeDerivatives",,,,,,,,,,,,,,67,54,39,9,2,50,13,14,1,,,,1,,,,,,,,,,,,,12,6,13,7,112,35,19,31,13,6,,,1,7,,13,14,6,13,0.13
Public Method,"org.apache.commons.math3.ode.JacobianMatrices.JacobiansSecondaryEquations.getDimension",,,,,,,,,,,,,,4,3,1,1,0,2,1,1,0,,,,0,,,,,,,,,,,,,2,0,1,1,1,1,1,1,1,1,,,0,0,,1,1,1,1,0.33
Private Static Class,"org.apache.commons.math3.ode.JacobianMatrices.MainStateJacobianWrapper",1,1,0,2,0,,0,,4,4,0,0,4,51,29,13,,,24,,,,3,1,1,,1,1,8,6,2,0,0,,,2,4,0,,9,12,13,,17,12,12,,,3,3,,2,25,6,6,4,6,0.45
Public Constructor,"org.apache.commons.math3.ode.JacobianMatrices.MainStateJacobianWrapper.MainStateJacobianWrapper",,,,,,,,,,,,,,10,5,2,4,0,3,1,1,0,,,,0,,,,,,,,,,,,,3,0,2,5,1,2,1,2,1,1,,,0,0,,1,1,1,1,1.00
Public Method,"org.apache.commons.math3.ode.JacobianMatrices.MainStateJacobianWrapper.computeDerivatives",,,,,,,,,,,,,,4,3,1,1,0,2,1,1,0,,,,0,,,,,,,,,,,,,4,0,1,1,1,1,1,1,1,1,,,0,0,,1,1,1,1,0.33
Public Method,"org.apache.commons.math3.ode.JacobianMatrices.MainStateJacobianWrapper.computeMainStateJacobian",,,,,,,,,,,,,,17,14,9,4,0,14,3,3,0,,,,0,,,,,,,,,,,,,5,2,5,1,3,11,6,8,3,1,,,0,2,,3,3,1,3,0.07
Public Method,"org.apache.commons.math3.ode.JacobianMatrices.MainStateJacobianWrapper.getDimension",,,,,,,,,,,,,,4,3,1,2,0,2,1,1,0,,,,0,,,,,,,,,,,,,1,0,1,1,1,1,1,1,1,1,,,0,0,,1,1,1,1,0.33
Public Method,"org.apache.commons.math3.ode.JacobianMatrices.addParameterJacobianProvider",,,,,,,,,,,,,,6,3,1,1,0,2,1,1,0,,,,0,,,,,,,,,,,,,5,0,1,3,1,1,1,1,1,1,,,0,0,,1,1,1,1,1.00
Private Method,"org.apache.commons.math3.ode.JacobianMatrices.checkDimension",,,,,,,,,,,,,,12,7,3,2,0,4,3,3,0,,,,0,,,,,,,,,,,,,4,0,3,5,2,2,2,2,3,1,,,0,1,,3,3,1,3,0.71
Public Method,"org.apache.commons.math3.ode.JacobianMatrices.getCurrentMainSetJacobian",,,,,,,,,,,,,,15,8,5,2,0,8,2,2,0,,,,0,,,,,,,,,,,,,8,3,3,4,2,6,4,4,2,1,,,0,1,,2,2,1,2,0.50
Public Method,"org.apache.commons.math3.ode.JacobianMatrices.getCurrentParameterJacobian",,,,,,,,,,,,,,19,11,7,4,0,9,3,3,2,,,,2,,,,,,,,,,,,,10,3,3,5,3,5,4,5,3,3,,,2,2,,3,3,3,3,0.45
Public Method,"org.apache.commons.math3.ode.JacobianMatrices.registerVariationalEquations",,,,,,,,,,,,,,22,12,8,6,0,7,3,3,0,,,,0,,,,,,,,,,,,,11,3,4,7,2,5,2,5,3,1,,,0,1,,3,3,1,3,0.58
Public Method,"org.apache.commons.math3.ode.JacobianMatrices.setInitialMainStateJacobian",,,,,,,,,,,,,,27,13,8,3,1,10,3,3,0,,,,0,,,,,,,,,,,,,7,4,3,10,4,6,3,7,3,1,,,0,1,,3,3,1,3,0.77
Public Method,"org.apache.commons.math3.ode.JacobianMatrices.setInitialParameterJacobian",,,,,,,,,,,,,,31,16,10,6,1,12,4,4,3,,,,3,,,,,,,,,,,,,12,4,3,11,4,7,3,9,4,3,,,3,3,,4,4,3,4,0.69
Public Method,"org.apache.commons.math3.ode.JacobianMatrices.setParameterStep",,,,,,,,,,,,,,30,10,6,5,0,8,3,3,3,,,,3,,,,,,,,,,,,,6,3,1,17,3,4,2,6,3,3,,,3,2,,3,3,3,3,1.70
Public Method,"org.apache.commons.math3.ode.JacobianMatrices.setParameterizedODE",,,,,,,,,,,,,,7,4,2,2,0,3,1,1,0,,,,0,,,,,,,,,,,,,3,0,1,3,1,2,1,2,1,1,,,0,0,,1,1,1,1,0.75
Public Class,"org.apache.commons.math3.ode.JacobianMatricesTest",3,1,3,3,11,,0,,6,6,0,0,6,591,484,329,,,390,,,,7,1,1,,3,3,39,32,1,0,0,,,0,6,0,,83,198,24,,318,186,204,,,7,7,,2,0,21,21,6,21,0.05
Private Static Class,"org.apache.commons.math3.ode.JacobianMatricesTest.Brusselator",1,1,0,0,0,,1,,7,12,0,0,7,48,38,18,,,27,,,,1,1,2,,1,1,4,4,3,0,0,,,1,7,0,,10,16,0,,19,13,14,,,1,1,,0,57,7,7,7,7,0.00
Public Constructor,"org.apache.commons.math3.ode.JacobianMatricesTest.Brusselator.Brusselator",,,,,,,,,,,,,,4,4,2,3,0,3,1,1,0,,,,0,,,,,,,,,,,,,4,0,1,0,1,2,1,2,1,1,,,0,0,,1,1,1,1,0.00
Public Method,"org.apache.commons.math3.ode.JacobianMatricesTest.Brusselator.computeDerivatives",,,,,,,,,,,,,,5,5,3,1,0,4,1,1,0,,,,0,,,,,,,,,,,,,2,0,2,0,1,3,2,2,1,1,,,0,0,,1,1,1,1,0.00
Public Method,"org.apache.commons.math3.ode.JacobianMatricesTest.Brusselator.computeMainStateJacobian",,,,,,,,,,,,,,9,9,6,1,0,7,1,1,0,,,,0,,,,,,,,,,,,,2,0,4,0,1,6,3,4,1,1,,,0,0,,1,1,1,1,0.00
Public Method,"org.apache.commons.math3.ode.JacobianMatricesTest.Brusselator.computeParameterJacobian",,,,,,,,,,,,,,6,6,3,2,0,4,1,1,0,,,,0,,,,,,,,,,,,,2,0,2,0,1,3,1,3,1,1,,,0,0,,1,1,1,1,0.00
Public Method,"org.apache.commons.math3.ode.JacobianMatricesTest.Brusselator.dYdP0",,,,,,,,,,,,,,3,3,1,1,0,2,1,1,0,,,,0,,,,,,,,,,,,,3,0,1,0,1,1,1,1,1,1,,,0,0,,1,1,1,1,0.00
Public Method,"org.apache.commons.math3.ode.JacobianMatricesTest.Brusselator.dYdP1",,,,,,,,,,,,,,3,3,1,1,0,2,1,1,0,,,,0,,,,,,,,,,,,,3,0,1,0,1,1,1,1,1,1,,,0,0,,1,1,1,1,0.00
Public Method,"org.apache.commons.math3.ode.JacobianMatricesTest.Brusselator.getDimension",,,,,,,,,,,,,,3,3,1,1,0,2,1,1,0,,,,0,,,,,,,,,,,,,0,0,1,0,1,1,1,1,1,1,,,0,0,,1,1,1,1,0.00
Private Static Class,"org.apache.commons.math3.ode.JacobianMatricesTest.Circle",1,1,0,0,1,,3,,14,19,0,0,14,138,120,82,,,82,,,,3,1,2,,1,1,7,7,3,0,0,,,4,14,0,,17,55,1,,65,52,30,,,3,3,,1,59,16,16,14,16,0.01
Public Constructor,"org.apache.commons.math3.ode.JacobianMatricesTest.Circle.Circle",,,,,,,,,,,,,,7,7,5,7,0,6,1,1,0,,,,0,,,,,,,,,,,,,8,0,1,0,1,5,1,5,1,1,,,0,0,,1,1,1,1,0.00
Public Method,"org.apache.commons.math3.ode.JacobianMatricesTest.Circle.computeDerivatives",,,,,,,,,,,,,,4,4,2,1,0,3,1,1,0,,,,0,,,,,,,,,,,,,4,0,1,0,1,2,1,2,1,1,,,0,0,,1,1,1,1,0.00
Public Method,"org.apache.commons.math3.ode.JacobianMatricesTest.Circle.computeMainStateJacobian",,,,,,,,,,,,,,7,7,4,1,0,5,1,1,0,,,,0,,,,,,,,,,,,,1,0,2,0,1,4,1,4,1,1,,,0,0,,1,1,1,1,0.00
Public Method,"org.apache.commons.math3.ode.JacobianMatricesTest.Circle.computeParameterJacobian",,,,,,,,,,,,,,14,14,10,3,0,10,3,3,2,,,,0,,,,,,,,,,,,,7,0,2,0,3,7,1,9,3,1,,,0,1,,3,3,1,3,0.00
Public Method,"org.apache.commons.math3.ode.JacobianMatricesTest.Circle.exactDyDcx",,,,,,,,,,,,,,5,5,3,3,0,4,1,1,0,,,,0,,,,,,,,,,,,,3,0,3,0,1,3,3,1,1,1,,,0,0,,1,1,1,1,0.00
Public Method,"org.apache.commons.math3.ode.JacobianMatricesTest.Circle.exactDyDcy",,,,,,,,,,,,,,5,5,3,3,0,4,1,1,0,,,,0,,,,,,,,,,,,,3,0,3,0,1,3,3,1,1,1,,,0,0,,1,1,1,1,0.00
Public Method,"org.apache.commons.math3.ode.JacobianMatricesTest.Circle.exactDyDom",,,,,,,,,,,,,,7,7,5,3,0,6,1,1,0,,,,0,,,,,,,,,,,,,6,0,5,0,1,5,5,1,1,1,,,0,0,,1,1,1,1,0.00
Public Method,"org.apache.commons.math3.ode.JacobianMatricesTest.Circle.exactDyDp",,,,,,,,,,,,,,10,10,8,3,0,6,1,1,0,,,,0,,,,,,,,,,,,,5,0,5,0,1,5,5,1,1,1,,,0,0,,1,1,1,1,0.00
Public Method,"org.apache.commons.math3.ode.JacobianMatricesTest.Circle.exactDyDpDot",,,,,,,,,,,,,,12,12,10,3,0,8,1,1,0,,,,0,,,,,,,,,,,,,5,0,7,0,1,7,7,1,1,1,,,0,0,,1,1,1,1,0.00
Public Method,"org.apache.commons.math3.ode.JacobianMatricesTest.Circle.exactDyDy0",,,,,,,,,,,,,,8,8,6,3,0,4,1,1,0,,,,0,,,,,,,,,,,,,3,0,3,0,1,3,3,1,1,1,,,0,0,,1,1,1,1,0.00
Public Method,"org.apache.commons.math3.ode.JacobianMatricesTest.Circle.exactDyDy0Dot",,,,,,,,,,,,,,8,8,6,3,0,4,1,1,0,,,,0,,,,,,,,,,,,,2,0,3,0,1,3,3,1,1,1,,,0,0,,1,1,1,1,0.00
Public Method,"org.apache.commons.math3.ode.JacobianMatricesTest.Circle.exactY",,,,,,,,,,,,,,10,10,8,3,0,6,1,1,0,,,,0,,,,,,,,,,,,,6,0,5,0,1,5,5,1,1,1,,,0,0,,1,1,1,1,0.00
Public Method,"org.apache.commons.math3.ode.JacobianMatricesTest.Circle.exactYDot",,,,,,,,,,,,,,10,10,8,3,0,6,1,1,0,,,,0,,,,,,,,,,,,,5,0,5,0,1,5,5,1,1,1,,,0,0,,1,1,1,1,0.00
Public Method,"org.apache.commons.math3.ode.JacobianMatricesTest.Circle.getDimension",,,,,,,,,,,,,,3,3,1,1,0,2,1,1,0,,,,0,,,,,,,,,,,,,0,0,1,0,1,1,1,1,1,1,,,0,0,,1,1,1,1,0.00
Private Static Class,"org.apache.commons.math3.ode.JacobianMatricesTest.ParamBrusselator",1,1,0,0,0,,1,,7,12,0,0,7,45,33,13,,,22,,,,1,1,2,,1,1,4,4,3,0,0,,,1,7,0,,10,14,2,,14,11,11,,,1,1,,0,50,7,7,7,7,0.06
Public Constructor,"org.apache.commons.math3.ode.JacobianMatricesTest.ParamBrusselator.ParamBrusselator",,,,,,,,,,,,,,4,4,2,3,0,3,1,1,0,,,,0,,,,,,,,,,,,,4,0,1,0,1,2,1,2,1,1,,,0,0,,1,1,1,1,0.00
Public Method,"org.apache.commons.math3.ode.JacobianMatricesTest.ParamBrusselator.computeDerivatives",,,,,,,,,,,,,,5,5,3,1,0,4,1,1,0,,,,0,,,,,,,,,,,,,2,0,2,0,1,3,2,2,1,1,,,0,0,,1,1,1,1,0.00
Public Method,"org.apache.commons.math3.ode.JacobianMatricesTest.ParamBrusselator.dYdP0",,,,,,,,,,,,,,3,3,1,1,0,2,1,1,0,,,,0,,,,,,,,,,,,,3,0,1,0,1,1,1,1,1,1,,,0,0,,1,1,1,1,0.00
Public Method,"org.apache.commons.math3.ode.JacobianMatricesTest.ParamBrusselator.dYdP1",,,,,,,,,,,,,,3,3,1,1,0,2,1,1,0,,,,0,,,,,,,,,,,,,3,0,1,0,1,1,1,1,1,1,,,0,0,,1,1,1,1,0.00
Public Method,"org.apache.commons.math3.ode.JacobianMatricesTest.ParamBrusselator.getDimension",,,,,,,,,,,,,,3,3,1,1,0,2,1,1,0,,,,0,,,,,,,,,,,,,0,0,1,0,1,1,1,1,1,1,,,0,0,,1,1,1,1,0.00
Public Method,"org.apache.commons.math3.ode.JacobianMatricesTest.ParamBrusselator.getParameter",,,,,,,,,,,,,,6,5,2,2,0,3,1,1,0,,,,0,,,,,,,,,,,,,2,0,2,1,1,2,1,2,1,1,,,0,0,,1,1,1,1,0.20
Public Method,"org.apache.commons.math3.ode.JacobianMatricesTest.ParamBrusselator.setParameter",,,,,,,,,,,,,,6,5,2,2,0,3,1,1,0,,,,0,,,,,,,,,,,,,3,0,2,1,1,2,1,2,1,1,,,0,0,,1,1,1,1,0.20
Private Static Class,"org.apache.commons.math3.ode.JacobianMatricesTest.ParameterizedCircle",1,1,0,0,1,,3,,11,16,0,0,11,104,89,53,,,60,,,,3,3,2,,1,1,7,7,4,0,0,,,4,11,0,,14,38,1,,43,33,27,,,3,3,,1,59,16,16,13,16,0.01
Public Constructor,"org.apache.commons.math3.ode.JacobianMatricesTest.ParameterizedCircle.ParameterizedCircle",,,,,,,,,,,,,,7,7,5,7,0,6,1,1,0,,,,0,,,,,,,,,,,,,8,0,1,0,1,5,1,5,1,1,,,0,0,,1,1,1,1,0.00
Public Method,"org.apache.commons.math3.ode.JacobianMatricesTest.ParameterizedCircle.computeDerivatives",,,,,,,,,,,,,,4,4,2,1,0,3,1,1,0,,,,0,,,,,,,,,,,,,4,0,1,0,1,2,1,2,1,1,,,0,0,,1,1,1,1,0.00
Public Method,"org.apache.commons.math3.ode.JacobianMatricesTest.ParameterizedCircle.computeParameterJacobian",,,,,,,,,,,,,,10,10,5,2,0,5,2,2,1,,,,0,,,,,,,,,,,,,3,0,3,0,2,3,1,4,2,1,,,0,1,,2,2,1,2,0.00
Public Method,"org.apache.commons.math3.ode.JacobianMatricesTest.ParameterizedCircle.exactDyDcx",,,,,,,,,,,,,,5,5,3,3,0,4,1,1,0,,,,0,,,,,,,,,,,,,3,0,3,0,1,3,3,1,1,1,,,0,0,,1,1,1,1,0.00
Public Method,"org.apache.commons.math3.ode.JacobianMatricesTest.ParameterizedCircle.exactDyDcy",,,,,,,,,,,,,,5,5,3,3,0,4,1,1,0,,,,0,,,,,,,,,,,,,2,0,3,0,1,3,3,1,1,1,,,0,0,,1,1,1,1,0.00
Public Method,"org.apache.commons.math3.ode.JacobianMatricesTest.ParameterizedCircle.exactDyDom",,,,,,,,,,,,,,7,7,5,3,0,6,1,1,0,,,,0,,,,,,,,,,,,,6,0,5,0,1,5,5,1,1,1,,,0,0,,1,1,1,1,0.00
Public Method,"org.apache.commons.math3.ode.JacobianMatricesTest.ParameterizedCircle.exactDyDy0",,,,,,,,,,,,,,8,8,6,3,0,4,1,1,0,,,,0,,,,,,,,,,,,,3,0,3,0,1,3,3,1,1,1,,,0,0,,1,1,1,1,0.00
Public Method,"org.apache.commons.math3.ode.JacobianMatricesTest.ParameterizedCircle.exactY",,,,,,,,,,,,,,10,10,8,3,0,6,1,1,0,,,,0,,,,,,,,,,,,,6,0,5,0,1,5,5,1,1,1,,,0,0,,1,1,1,1,0.00
Public Method,"org.apache.commons.math3.ode.JacobianMatricesTest.ParameterizedCircle.getDimension",,,,,,,,,,,,,,3,3,1,1,0,2,1,1,0,,,,0,,,,,,,,,,,,,0,0,1,0,1,1,1,1,1,1,,,0,0,,1,1,1,1,0.00
Public Method,"org.apache.commons.math3.ode.JacobianMatricesTest.ParameterizedCircle.getParameter",,,,,,,,,,,,,,10,10,6,2,0,6,3,3,2,,,,2,,,,,,,,,,,,,5,0,2,0,3,3,1,5,3,3,,,2,1,,3,3,3,3,0.00
Public Method,"org.apache.commons.math3.ode.JacobianMatricesTest.ParameterizedCircle.setParameter",,,,,,,,,,,,,,10,10,6,3,0,6,3,3,2,,,,0,,,,,,,,,,,,,4,0,2,0,3,3,1,5,3,1,,,0,1,,3,3,1,3,0.00
Public Method,"org.apache.commons.math3.ode.JacobianMatricesTest.testAnalyticalDifferentiation",,,,,,,,,,,,,,35,29,25,21,0,28,2,2,0,,,,0,,,,,,,,,,,,,1,3,11,3,2,26,11,17,2,1,,,0,1,,2,2,1,2,0.10
Public Method,"org.apache.commons.math3.ode.JacobianMatricesTest.testFinalResult",,,,,,,,,,,,,,51,45,36,21,2,49,7,7,0,,,,0,,,,,,,,,,,,,5,6,12,0,48,42,17,32,7,1,,,0,2,,7,7,1,7,0.00
Public Method,"org.apache.commons.math3.ode.JacobianMatricesTest.testHighAccuracyExternalDifferentiation",,,,,,,,,,,,,,25,25,21,12,0,24,2,2,0,,,,0,,,,,,,,,,,,,0,0,9,0,2,22,9,15,2,1,,,0,1,,2,2,1,2,0.00
Public Method,"org.apache.commons.math3.ode.JacobianMatricesTest.testInternalDifferentiation",,,,,,,,,,,,,,40,33,29,23,0,32,2,2,0,,,,0,,,,,,,,,,,,,1,3,13,4,2,30,13,19,2,1,,,0,1,,2,2,1,2,0.12
Public Method,"org.apache.commons.math3.ode.JacobianMatricesTest.testLowAccuracyExternalDifferentiation",,,,,,,,,,,,,,29,20,16,11,0,19,2,2,0,,,,0,,,,,,,,,,,,,0,0,9,9,2,17,9,10,2,1,,,0,1,,2,2,1,2,0.45
Public Method,"org.apache.commons.math3.ode.JacobianMatricesTest.testParameterizable",,,,,,,,,,,,,,57,44,36,22,1,46,6,6,0,,,,0,,,,,,,,,,,,,4,9,14,4,24,40,17,29,6,1,,,0,2,,6,6,1,6,0.09
Public Interface,"org.apache.commons.math3.ode.MainStateJacobianProvider",0,0,0,0,0,,0,,1,3,1,0,0,11,3,0,,,2,,,,0,0,1,,0,0,0,0,1,3,0,,,0,1,0,,2,2,6,,1,2,0,,,0,0,,0,0,0,0,0,0,2.00
Abstract Method,"org.apache.commons.math3.ode.MainStateJacobianProvider.computeMainStateJacobian",,,,,,,,,,,,,,7,1,0,0,0,1,0,0,0,,,,0,,,,,,,,,,,,,1,0,1,6,0,1,1,0,0,0,,,0,0,,0,0,0,0,6.00
Public Abstract Class,"org.apache.commons.math3.ode.MultistepIntegrator",1,1,1,7,9,,0,,13,49,0,0,8,401,154,72,,,101,,,,2,1,3,,1,1,15,6,1,1,0,,,8,13,5,,66,56,181,,72,43,58,,,2,2,,1,79,14,14,12,14,1.18
Private Class,"org.apache.commons.math3.ode.MultistepIntegrator.CountingDifferentialEquations",1,1,0,1,2,,0,,3,3,0,0,3,24,12,3,,,8,,,,1,1,1,,1,1,4,3,2,0,0,,,1,3,0,,5,5,7,,4,5,3,,,1,1,,0,33,3,3,3,3,0.58
Public Constructor,"org.apache.commons.math3.ode.MultistepIntegrator.CountingDifferentialEquations.CountingDifferentialEquations",,,,,,,,,,,,,,6,3,1,2,0,2,1,1,0,,,,0,,,,,,,,,,,,,2,0,1,3,1,1,1,1,1,1,,,0,0,,1,1,1,1,1.00
Public Method,"org.apache.commons.math3.ode.MultistepIntegrator.CountingDifferentialEquations.computeDerivatives",,,,,,,,,,,,,,4,3,1,1,0,2,1,1,0,,,,0,,,,,,,,,,,,,3,0,1,1,1,1,1,1,1,1,,,0,0,,1,1,1,1,0.33
Public Method,"org.apache.commons.math3.ode.MultistepIntegrator.CountingDifferentialEquations.getDimension",,,,,,,,,,,,,,4,3,1,1,0,2,1,1,0,,,,0,,,,,,,,,,,,,1,0,1,1,1,1,1,1,1,1,,,0,0,,1,1,1,1,0.33
Private Static Class,"org.apache.commons.math3.ode.MultistepIntegrator.InitializationCompletedMarkerException",1,1,0,1,0,,1,,1,1,0,0,1,13,7,2,,,4,,,,1,1,2,,1,1,4,3,1,0,0,,,0,1,0,,3,4,3,,2,3,1,,,1,1,,0,100,1,1,1,1,0.43
Public Constructor,"org.apache.commons.math3.ode.MultistepIntegrator.InitializationCompletedMarkerException.InitializationCompletedMarkerException",,,,,,,,,,,,,,4,3,1,1,0,2,1,1,0,,,,0,,,,,,,,,,,,,1,0,1,1,1,1,1,1,1,1,,,0,0,,1,1,1,1,0.33
Protected Constructor,"org.apache.commons.math3.ode.MultistepIntegrator.MultistepIntegrator",,,,,,,,,,,,,,46,20,13,11,0,10,2,2,0,,,,0,,,,,,,,,,,,,10,6,5,20,2,8,1,9,2,1,,,0,1,,2,2,1,2,1.00
Protected Constructor,"org.apache.commons.math3.ode.MultistepIntegrator.MultistepIntegrator",,,,,,,,,,,,,,38,15,9,10,0,8,1,1,0,,,,0,,,,,,,,,,,,,9,3,5,20,1,7,1,7,1,1,,,0,0,,1,1,1,1,1.33
Private Class,"org.apache.commons.math3.ode.MultistepIntegrator.NordsieckInitializer",2,1,3,4,4,,0,,3,3,0,0,3,80,43,28,,,34,,,,4,1,1,,2,2,20,12,2,0,0,,,4,3,0,,18,10,19,,27,11,23,,,4,4,,2,33,6,6,3,6,0.44
Public Constructor,"org.apache.commons.math3.ode.MultistepIntegrator.NordsieckInitializer.NordsieckInitializer",,,,,,,,,,,,,,10,6,4,5,0,5,1,1,0,,,,0,,,,,,,,,,,,,3,0,1,4,1,4,1,4,1,1,,,0,0,,1,1,1,1,0.67
Public Method,"org.apache.commons.math3.ode.MultistepIntegrator.NordsieckInitializer.handleStep",,,,,,,,,,,,,,46,29,24,15,1,23,4,4,0,,,,0,,,,,,,,,,,,,8,10,3,7,6,19,4,19,4,1,,,0,2,,4,4,1,4,0.24
Public Method,"org.apache.commons.math3.ode.MultistepIntegrator.NordsieckInitializer.init",,,,,,,,,,,,,,4,2,0,0,0,1,1,1,0,,,,0,,,,,,,,,,,,,0,0,1,2,1,0,1,0,1,1,,,0,0,,1,1,1,1,1.00
Public Interface,"org.apache.commons.math3.ode.MultistepIntegrator.NordsieckTransformer",0,0,0,0,1,,0,,1,1,1,0,0,13,5,0,,,2,,,,0,0,0,,0,0,0,0,0,0,0,,,0,1,0,,0,4,8,,1,2,0,,,0,0,,0,0,0,0,0,0,1.60
Abstract Method,"org.apache.commons.math3.ode.MultistepIntegrator.NordsieckTransformer.initializeHighOrderDerivatives",,,,,,,,,,,,,,11,3,0,1,0,1,0,0,0,,,,0,,,,,,,,,,,,,0,0,3,8,0,1,1,0,0,0,,,0,0,,0,0,0,0,2.67
Protected Method,"org.apache.commons.math3.ode.MultistepIntegrator.computeStepGrowShrinkFactor",,,,,,,,,,,,,,7,3,1,4,0,2,1,1,0,,,,0,,,,,,,,,,,,,7,0,1,4,1,1,1,1,1,1,,,0,0,,1,1,1,1,1.33
Public Method,"org.apache.commons.math3.ode.MultistepIntegrator.getMaxGrowth",,,,,,,,,,,,,,6,3,1,1,0,2,1,1,0,,,,0,,,,,,,,,,,,,1,0,1,3,1,1,1,1,1,1,,,0,0,,1,1,1,1,1.00
Public Method,"org.apache.commons.math3.ode.MultistepIntegrator.getMinReduction",,,,,,,,,,,,,,6,3,1,1,0,2,1,1,0,,,,0,,,,,,,,,,,,,1,0,1,3,1,1,1,1,1,1,,,0,0,,1,1,1,1,1.00
Public Method,"org.apache.commons.math3.ode.MultistepIntegrator.getSafety",,,,,,,,,,,,,,6,3,1,1,0,2,1,1,0,,,,0,,,,,,,,,,,,,1,0,1,3,1,1,1,1,1,1,,,0,0,,1,1,1,1,1.00
Public Method,"org.apache.commons.math3.ode.MultistepIntegrator.getStarterIntegrator",,,,,,,,,,,,,,7,3,1,1,0,2,1,1,0,,,,0,,,,,,,,,,,,,1,0,1,4,1,1,1,1,1,1,,,0,0,,1,1,1,1,1.33
Protected Abstract Method,"org.apache.commons.math3.ode.MultistepIntegrator.initializeHighOrderDerivatives",,,,,,,,,,,,,,11,3,0,1,0,1,0,0,0,,,,0,,,,,,,,,,,,,1,0,3,8,0,1,1,0,0,0,,,0,0,,0,0,0,0,2.67
Public Method,"org.apache.commons.math3.ode.MultistepIntegrator.setMaxGrowth",,,,,,,,,,,,,,6,3,1,1,0,2,1,1,0,,,,0,,,,,,,,,,,,,3,0,1,3,1,1,1,1,1,1,,,0,0,,1,1,1,1,1.00
Public Method,"org.apache.commons.math3.ode.MultistepIntegrator.setMinReduction",,,,,,,,,,,,,,6,3,1,1,0,2,1,1,0,,,,0,,,,,,,,,,,,,3,0,1,3,1,1,1,1,1,1,,,0,0,,1,1,1,1,1.00
Public Method,"org.apache.commons.math3.ode.MultistepIntegrator.setSafety",,,,,,,,,,,,,,6,3,1,1,0,2,1,1,0,,,,0,,,,,,,,,,,,,3,0,1,3,1,1,1,1,1,1,,,0,0,,1,1,1,1,1.00
Public Method,"org.apache.commons.math3.ode.MultistepIntegrator.setStarterIntegrator",,,,,,,,,,,,,,10,3,1,1,0,2,1,1,0,,,,0,,,,,,,,,,,,,1,0,1,7,1,1,1,1,1,1,,,0,0,,1,1,1,1,2.33
Protected Method,"org.apache.commons.math3.ode.MultistepIntegrator.start",,,,,,,,,,,,,,39,12,8,6,0,7,2,2,1,,,,0,,,,,,,,,,,,,8,5,2,22,2,5,1,6,2,1,,,0,1,,2,2,1,2,1.83
Public Interface,"org.apache.commons.math3.ode.ODEIntegrator",0,0,0,0,3,,0,,13,13,13,0,0,126,18,0,,,14,,,,0,0,0,,0,0,0,0,0,2,0,,,0,13,0,,14,17,94,,13,14,0,,,0,0,,0,0,0,0,0,0,5.22
Abstract Method,"org.apache.commons.math3.ode.ODEIntegrator.addEventHandler",,,,,,,,,,,,,,16,2,0,0,0,1,0,0,0,,,,0,,,,,,,,,,,,,14,0,2,14,0,1,1,0,0,0,,,0,0,,0,0,0,0,7.00
Abstract Method,"org.apache.commons.math3.ode.ODEIntegrator.addEventHandler",,,,,,,,,,,,,,16,3,0,0,0,1,0,0,0,,,,0,,,,,,,,,,,,,2,0,3,13,0,1,1,0,0,0,,,0,0,,0,0,0,0,4.33
Abstract Method,"org.apache.commons.math3.ode.ODEIntegrator.addStepHandler",,,,,,,,,,,,,,9,1,0,0,0,1,0,0,0,,,,0,,,,,,,,,,,,,67,0,1,8,0,1,1,0,0,0,,,0,0,,0,0,0,0,8.00
Abstract Method,"org.apache.commons.math3.ode.ODEIntegrator.clearEventHandlers",,,,,,,,,,,,,,5,1,0,0,0,1,0,0,0,,,,0,,,,,,,,,,,,,6,0,1,4,0,1,1,0,0,0,,,0,0,,0,0,0,0,4.00
Abstract Method,"org.apache.commons.math3.ode.ODEIntegrator.clearStepHandlers",,,,,,,,,,,,,,6,1,0,0,0,1,0,0,0,,,,0,,,,,,,,,,,,,1,0,1,5,0,1,1,0,0,0,,,0,0,,0,0,0,0,5.00
Abstract Method,"org.apache.commons.math3.ode.ODEIntegrator.getCurrentSignedStepsize",,,,,,,,,,,,,,10,1,0,1,0,1,0,0,0,,,,0,,,,,,,,,,,,,1,0,1,9,0,1,1,0,0,0,,,0,0,,0,0,0,0,9.00
Abstract Method,"org.apache.commons.math3.ode.ODEIntegrator.getCurrentStepStart",,,,,,,,,,,,,,10,1,0,1,0,1,0,0,0,,,,0,,,,,,,,,,,,,1,0,1,9,0,1,1,0,0,0,,,0,0,,0,0,0,0,9.00
Abstract Method,"org.apache.commons.math3.ode.ODEIntegrator.getEvaluations",,,,,,,,,,,,,,8,1,0,1,0,1,0,0,0,,,,0,,,,,,,,,,,,,7,0,1,7,0,1,1,0,0,0,,,0,0,,0,0,0,0,7.00
Abstract Method,"org.apache.commons.math3.ode.ODEIntegrator.getEventHandlers",,,,,,,,,,,,,,6,1,0,1,0,1,0,0,0,,,,0,,,,,,,,,,,,,5,0,1,5,0,1,1,0,0,0,,,0,0,,0,0,0,0,5.00
Abstract Method,"org.apache.commons.math3.ode.ODEIntegrator.getMaxEvaluations",,,,,,,,,,,,,,4,1,0,1,0,1,0,0,0,,,,0,,,,,,,,,,,,,0,0,1,3,0,1,1,0,0,0,,,0,0,,0,0,0,0,3.00
Abstract Method,"org.apache.commons.math3.ode.ODEIntegrator.getName",,,,,,,,,,,,,,4,1,0,1,0,1,0,0,0,,,,0,,,,,,,,,,,,,19,0,1,3,0,1,1,0,0,0,,,0,0,,0,0,0,0,3.00
Abstract Method,"org.apache.commons.math3.ode.ODEIntegrator.getStepHandlers",,,,,,,,,,,,,,7,1,0,1,0,1,0,0,0,,,,0,,,,,,,,,,,,,1,0,1,6,0,1,1,0,0,0,,,0,0,,0,0,0,0,6.00
Abstract Method,"org.apache.commons.math3.ode.ODEIntegrator.setMaxEvaluations",,,,,,,,,,,,,,9,1,0,0,0,1,0,0,0,,,,0,,,,,,,,,,,,,0,0,1,8,0,1,1,0,0,0,,,0,0,,0,0,0,0,8.00
Class,"org.apache.commons.math3.ode.ParameterConfiguration",1,1,0,3,0,,1,,4,4,0,0,4,47,18,6,,,13,,,,1,1,1,,1,1,6,3,2,0,0,,,2,4,0,,8,8,21,,8,8,5,,,1,1,,0,58,4,4,4,4,1.17
Public Constructor,"org.apache.commons.math3.ode.ParameterConfiguration.ParameterConfiguration",,,,,,,,,,,,,,7,4,2,3,0,3,1,1,0,,,,0,,,,,,,,,,,,,3,0,1,3,1,2,1,2,1,1,,,0,0,,1,1,1,1,0.75
Public Method,"org.apache.commons.math3.ode.ParameterConfiguration.getHP",,,,,,,,,,,,,,6,3,1,1,0,2,1,1,0,,,,0,,,,,,,,,,,,,2,0,1,3,1,1,1,1,1,1,,,0,0,,1,1,1,1,1.00
Public Method,"org.apache.commons.math3.ode.ParameterConfiguration.getParameterName",,,,,,,,,,,,,,6,3,1,1,0,2,1,1,0,,,,0,,,,,,,,,,,,,6,0,1,3,1,1,1,1,1,1,,,0,0,,1,1,1,1,1.00
Public Method,"org.apache.commons.math3.ode.ParameterConfiguration.setHP",,,,,,,,,,,,,,6,3,1,1,0,2,1,1,0,,,,0,,,,,,,,,,,,,2,0,1,3,1,1,1,1,1,1,,,0,0,,1,1,1,1,1.00
Public Interface,"org.apache.commons.math3.ode.ParameterJacobianProvider",0,0,0,0,1,,0,,1,3,1,0,0,18,5,0,,,2,,,,0,0,1,,0,0,0,0,1,4,0,,,0,1,0,,2,4,11,,1,2,0,,,0,0,,0,0,0,0,0,0,2.20
Abstract Method,"org.apache.commons.math3.ode.ParameterJacobianProvider.computeParameterJacobian",,,,,,,,,,,,,,14,3,0,0,0,1,0,0,0,,,,0,,,,,,,,,,,,,1,0,3,11,0,1,1,0,0,0,,,0,0,,0,0,0,0,3.67
Class,"org.apache.commons.math3.ode.ParameterJacobianWrapper",1,1,1,2,3,,0,,4,4,0,0,4,69,37,18,,,29,,,,3,1,1,,1,1,11,8,2,0,0,,,3,4,0,,12,16,20,,20,15,14,,,3,3,,2,33,7,7,4,7,0.54
Public Constructor,"org.apache.commons.math3.ode.ParameterJacobianWrapper.ParameterJacobianWrapper",,,,,,,,,,,,,,21,13,7,8,0,9,3,3,0,,,,0,,,,,,,,,,,,,5,1,4,7,3,5,3,6,3,1,,,0,2,,3,3,1,3,0.54
Public Method,"org.apache.commons.math3.ode.ParameterJacobianWrapper.computeParameterJacobian",,,,,,,,,,,,,,18,13,9,6,0,12,2,2,0,,,,0,,,,,,,,,,,,,7,3,6,2,2,10,6,6,2,1,,,0,1,,2,2,1,2,0.15
Public Method,"org.apache.commons.math3.ode.ParameterJacobianWrapper.getParametersNames",,,,,,,,,,,,,,4,3,1,2,0,2,1,1,0,,,,0,,,,,,,,,,,,,1,0,1,1,1,1,1,1,1,1,,,0,0,,1,1,1,1,0.33
Public Method,"org.apache.commons.math3.ode.ParameterJacobianWrapper.isSupported",,,,,,,,,,,,,,4,3,1,2,0,2,1,1,0,,,,0,,,,,,,,,,,,,2,0,1,1,1,1,1,1,1,1,,,0,0,,1,1,1,1,0.33
Public Interface,"org.apache.commons.math3.ode.Parameterizable",0,0,0,0,0,,0,,2,2,2,0,0,17,4,0,,,3,,,,0,0,0,,0,0,0,0,0,3,0,,,0,2,0,,3,3,10,,2,3,0,,,0,0,,0,0,0,0,0,0,2.50
Abstract Method,"org.apache.commons.math3.ode.Parameterizable.getParametersNames",,,,,,,,,,,,,,5,1,0,1,0,1,0,0,0,,,,0,,,,,,,,,,,,,1,0,1,4,0,1,1,0,0,0,,,0,0,,0,0,0,0,4.00
Abstract Method,"org.apache.commons.math3.ode.Parameterizable.isSupported",,,,,,,,,,,,,,7,1,0,1,0,1,0,0,0,,,,0,,,,,,,,,,,,,3,0,1,6,0,1,1,0,0,0,,,0,0,,0,0,0,0,6.00
Public Interface,"org.apache.commons.math3.ode.ParameterizedODE",0,0,0,0,0,,0,,2,4,2,0,0,17,4,0,,,3,,,,0,0,1,,0,0,0,0,1,3,0,,,0,2,0,,3,3,10,,2,3,0,,,0,0,,0,0,0,0,0,0,2.50
Abstract Method,"org.apache.commons.math3.ode.ParameterizedODE.getParameter",,,,,,,,,,,,,,6,1,0,1,0,1,0,0,0,,,,0,,,,,,,,,,,,,1,0,1,5,0,1,1,0,0,0,,,0,0,,0,0,0,0,5.00
Abstract Method,"org.apache.commons.math3.ode.ParameterizedODE.setParameter",,,,,,,,,,,,,,6,1,0,0,0,1,0,0,0,,,,0,,,,,,,,,,,,,1,0,1,5,0,1,1,0,0,0,,,0,0,,0,0,0,0,5.00
Class,"org.apache.commons.math3.ode.ParameterizedWrapper",1,1,0,2,3,,0,,7,7,0,0,7,58,27,8,,,17,,,,2,1,1,,1,1,5,3,2,0,0,,,1,7,0,,9,10,22,,8,9,8,,,2,2,,1,57,8,8,7,8,0.81
Public Constructor,"org.apache.commons.math3.ode.ParameterizedWrapper.ParameterizedWrapper",,,,,,,,,,,,,,6,3,1,2,0,2,1,1,0,,,,0,,,,,,,,,,,,,1,0,1,3,1,1,1,1,1,1,,,0,0,,1,1,1,1,1.00
Public Method,"org.apache.commons.math3.ode.ParameterizedWrapper.computeDerivatives",,,,,,,,,,,,,,8,3,1,1,0,2,1,1,0,,,,0,,,,,,,,,,,,,4,0,1,5,1,1,1,1,1,1,,,0,0,,1,1,1,1,1.67
Public Method,"org.apache.commons.math3.ode.ParameterizedWrapper.getDimension",,,,,,,,,,,,,,6,3,1,2,0,2,1,1,0,,,,0,,,,,,,,,,,,,1,0,1,3,1,1,1,1,1,1,,,0,0,,1,1,1,1,1.00
Public Method,"org.apache.commons.math3.ode.ParameterizedWrapper.getParameter",,,,,,,,,,,,,,8,7,3,3,0,4,2,2,0,,,,0,,,,,,,,,,,,,2,0,2,1,2,2,1,3,2,1,,,0,1,,2,2,1,2,0.14
Public Method,"org.apache.commons.math3.ode.ParameterizedWrapper.getParametersNames",,,,,,,,,,,,,,4,3,1,1,0,2,1,1,0,,,,0,,,,,,,,,,,,,0,0,1,1,1,1,1,1,1,1,,,0,0,,1,1,1,1,0.33
Public Method,"org.apache.commons.math3.ode.ParameterizedWrapper.isSupported",,,,,,,,,,,,,,4,3,1,1,0,2,1,1,0,,,,0,,,,,,,,,,,,,1,0,1,1,1,1,1,1,1,1,,,0,0,,1,1,1,1,0.33
Public Method,"org.apache.commons.math3.ode.ParameterizedWrapper.setParameter",,,,,,,,,,,,,,3,2,0,0,0,1,1,1,0,,,,0,,,,,,,,,,,,,0,0,1,1,1,0,1,0,1,1,,,0,0,,1,1,1,1,0.50
Public Interface,"org.apache.commons.math3.ode.SecondOrderDifferentialEquations",0,0,0,0,0,,0,,2,2,2,0,0,18,4,0,,,3,,,,0,0,0,,0,0,0,0,0,1,0,,,0,2,0,,3,3,11,,2,3,0,,,0,0,,0,0,0,0,0,0,2.75
Abstract Method,"org.apache.commons.math3.ode.SecondOrderDifferentialEquations.computeSecondDerivatives",,,,,,,,,,,,,,9,1,0,0,0,1,0,0,0,,,,0,,,,,,,,,,,,,1,0,1,8,0,1,1,0,0,0,,,0,0,,0,0,0,0,8.00
Abstract Method,"org.apache.commons.math3.ode.SecondOrderDifferentialEquations.getDimension",,,,,,,,,,,,,,4,1,0,1,0,1,0,0,0,,,,0,,,,,,,,,,,,,2,0,1,3,0,1,1,0,0,0,,,0,0,,0,0,0,0,3.00
Public Interface,"org.apache.commons.math3.ode.SecondOrderIntegrator",0,0,0,0,3,,0,,1,14,1,0,0,25,6,0,,,2,,,,0,0,1,,0,0,0,0,1,0,0,,,0,1,0,,2,5,17,,1,2,0,,,0,0,,0,0,0,0,0,0,2.83
Abstract Method,"org.apache.commons.math3.ode.SecondOrderIntegrator.integrate",,,,,,,,,,,,,,21,4,0,0,0,1,0,0,0,,,,0,,,,,,,,,,,,,0,0,4,17,0,1,1,0,0,0,,,0,0,,0,0,0,0,4.25
Public Interface,"org.apache.commons.math3.ode.SecondaryEquations",0,0,0,0,0,,0,,2,2,2,0,0,18,5,0,,,3,,,,0,0,0,,0,0,0,0,0,1,0,,,0,2,0,,3,4,10,,2,3,0,,,0,0,,0,0,0,0,0,0,2.00
Abstract Method,"org.apache.commons.math3.ode.SecondaryEquations.computeDerivatives",,,,,,,,,,,,,,9,2,0,0,0,1,0,0,0,,,,0,,,,,,,,,,,,,1,0,2,7,0,1,1,0,0,0,,,0,0,,0,0,0,0,3.50
Abstract Method,"org.apache.commons.math3.ode.SecondaryEquations.getDimension",,,,,,,,,,,,,,4,1,0,1,0,1,0,0,0,,,,0,,,,,,,,,,,,,1,0,1,3,0,1,1,0,0,0,,,0,0,,0,0,0,0,3.00
Public Class,"org.apache.commons.math3.ode.TestProblem1",1,1,0,1,1,,0,,5,22,0,0,5,67,34,16,,,27,,,,2,1,2,,1,1,7,5,1,1,0,,,1,5,0,,11,14,22,,19,12,15,,,2,2,,1,40,7,7,5,7,0.65
Public Constructor,"org.apache.commons.math3.ode.TestProblem1.TestProblem1",,,,,,,,,,,,,,12,9,7,6,0,8,1,1,0,,,,0,,,,,,,,,,,,,42,0,3,3,1,7,3,5,1,1,,,0,0,,1,1,1,1,0.33
Public Constructor,"org.apache.commons.math3.ode.TestProblem1.TestProblem1",,,,,,,,,,,,,,8,4,2,4,0,3,1,1,0,,,,0,,,,,,,,,,,,,3,0,1,4,1,2,1,2,1,1,,,0,0,,1,1,1,1,1.00
Public Method,"org.apache.commons.math3.ode.TestProblem1.computeTheoreticalState",,,,,,,,,,,,,,7,7,4,3,0,7,2,2,0,,,,0,,,,,,,,,,,,,8,0,2,0,2,5,3,4,2,1,,,0,1,,2,2,1,2,0.00
Public Method,"org.apache.commons.math3.ode.TestProblem1.copy",,,,,,,,,,,,,,4,3,1,2,0,2,1,1,0,,,,0,,,,,,,,,,,,,0,0,1,1,1,1,1,1,1,1,,,0,0,,1,1,1,1,0.33
Public Method,"org.apache.commons.math3.ode.TestProblem1.doComputeDerivatives",,,,,,,,,,,,,,7,4,2,1,0,5,2,2,0,,,,0,,,,,,,,,,,,,2,2,1,1,2,3,2,3,2,1,,,0,1,,2,2,1,2,0.25
Public Class,"org.apache.commons.math3.ode.TestProblem2",1,1,0,1,1,,0,,5,22,0,0,5,69,35,17,,,28,,,,2,1,2,,1,1,7,5,1,0,0,,,1,5,0,,11,15,23,,20,13,15,,,2,2,,1,40,7,7,5,7,0.66
Public Constructor,"org.apache.commons.math3.ode.TestProblem2.TestProblem2",,,,,,,,,,,,,,12,9,7,6,0,8,1,1,0,,,,0,,,,,,,,,,,,,1,0,3,3,1,7,3,5,1,1,,,0,0,,1,1,1,1,0.33
Public Constructor,"org.apache.commons.math3.ode.TestProblem2.TestProblem2",,,,,,,,,,,,,,8,4,2,4,0,3,1,1,0,,,,0,,,,,,,,,,,,,3,0,1,4,1,2,1,2,1,1,,,0,0,,1,1,1,1,1.00
Public Method,"org.apache.commons.math3.ode.TestProblem2.computeTheoreticalState",,,,,,,,,,,,,,8,8,5,3,0,8,2,2,0,,,,0,,,,,,,,,,,,,3,0,3,0,2,6,4,4,2,1,,,0,1,,2,2,1,2,0.00
Public Method,"org.apache.commons.math3.ode.TestProblem2.copy",,,,,,,,,,,,,,4,3,1,2,0,2,1,1,0,,,,0,,,,,,,,,,,,,0,0,1,1,1,1,1,1,1,1,,,0,0,,1,1,1,1,0.33
Public Method,"org.apache.commons.math3.ode.TestProblem2.doComputeDerivatives",,,,,,,,,,,,,,7,4,2,1,0,5,2,2,0,,,,0,,,,,,,,,,,,,3,2,1,1,2,3,2,3,2,1,,,0,1,,2,2,1,2,0.25
Public Class,"org.apache.commons.math3.ode.TestProblem3",1,1,1,2,1,,0,,6,23,0,0,6,108,58,37,,,48,,,,2,1,2,,1,1,12,8,1,0,0,,,2,6,0,,18,26,32,,40,23,25,,,2,3,,1,50,7,8,6,7,0.55
Public Constructor,"org.apache.commons.math3.ode.TestProblem3.TestProblem3",,,,,,,,,,,,,,6,3,1,2,0,2,1,1,0,,,,0,,,,,,,,,,,,,6,0,1,3,1,1,1,1,1,1,,,0,0,,1,1,1,1,1.00
Public Constructor,"org.apache.commons.math3.ode.TestProblem3.TestProblem3",,,,,,,,,,,,,,14,10,8,8,0,9,1,1,0,,,,0,,,,,,,,,,,,,32,0,3,4,1,8,3,6,1,1,,,0,0,,1,1,1,1,0.40
Public Constructor,"org.apache.commons.math3.ode.TestProblem3.TestProblem3",,,,,,,,,,,,,,9,5,3,5,0,4,1,1,0,,,,0,,,,,,,,,,,,,4,0,1,4,1,3,1,3,1,1,,,0,0,,1,1,1,1,0.80
Public Method,"org.apache.commons.math3.ode.TestProblem3.computeTheoreticalState",,,,,,,,,,,,,,26,21,18,6,0,21,2,3,0,,,,0,,,,,,,,,,,,,17,4,10,1,2,19,11,10,2,1,,,0,1,,2,3,1,2,0.05
Public Method,"org.apache.commons.math3.ode.TestProblem3.copy",,,,,,,,,,,,,,4,3,1,2,0,2,1,1,0,,,,0,,,,,,,,,,,,,0,0,1,1,1,1,1,1,1,1,,,0,0,,1,1,1,1,0.33
Public Method,"org.apache.commons.math3.ode.TestProblem3.doComputeDerivatives",,,,,,,,,,,,,,13,8,6,2,0,7,1,1,0,,,,0,,,,,,,,,,,,,1,3,3,2,1,6,3,4,1,1,,,0,0,,1,1,1,1,0.25
Public Class,"org.apache.commons.math3.ode.TestProblem4",1,1,0,1,4,,0,,7,24,0,0,7,137,84,35,,,52,,,,2,1,2,,1,1,7,5,1,0,0,,,2,7,0,,27,33,26,,32,27,25,,,2,2,,0,50,8,8,7,8,0.31
Private Static Class,"org.apache.commons.math3.ode.TestProblem4.Bounce",1,1,0,0,1,,0,,5,5,0,0,5,27,19,6,,,13,,,,1,1,1,,1,1,3,3,2,0,0,,,1,5,0,,7,7,1,,7,7,6,,,1,1,,0,40,5,5,5,5,0.05
Public Constructor,"org.apache.commons.math3.ode.TestProblem4.Bounce.Bounce",,,,,,,,,,,,,,3,3,1,2,0,2,1,1,0,,,,0,,,,,,,,,,,,,1,0,1,0,1,1,1,1,1,1,,,0,0,,1,1,1,1,0.00
Public Method,"org.apache.commons.math3.ode.TestProblem4.Bounce.eventOccurred",,,,,,,,,,,,,,5,4,2,2,0,3,1,1,0,,,,0,,,,,,,,,,,,,1,0,1,1,1,2,1,2,1,1,,,0,0,,1,1,1,1,0.25
Public Method,"org.apache.commons.math3.ode.TestProblem4.Bounce.g",,,,,,,,,,,,,,3,3,1,1,0,2,1,1,0,,,,0,,,,,,,,,,,,,2,0,1,0,1,1,1,1,1,1,,,0,0,,1,1,1,1,0.00
Public Method,"org.apache.commons.math3.ode.TestProblem4.Bounce.init",,,,,,,,,,,,,,2,2,0,0,0,1,1,1,0,,,,0,,,,,,,,,,,,,0,0,1,0,1,0,1,0,1,1,,,0,0,,1,1,1,1,0.00
Public Method,"org.apache.commons.math3.ode.TestProblem4.Bounce.resetState",,,,,,,,,,,,,,4,4,2,1,0,3,1,1,0,,,,0,,,,,,,,,,,,,1,0,1,0,1,2,1,2,1,1,,,0,0,,1,1,1,1,0.00
Private Static Class,"org.apache.commons.math3.ode.TestProblem4.Stop",1,1,0,0,1,,0,,5,5,0,0,5,20,14,2,,,8,,,,1,1,1,,1,1,2,2,2,0,0,,,0,5,0,,6,6,0,,2,6,2,,,1,1,,0,0,5,5,5,5,0.00
Public Constructor,"org.apache.commons.math3.ode.TestProblem4.Stop.Stop",,,,,,,,,,,,,,2,2,0,1,0,1,1,1,0,,,,0,,,,,,,,,,,,,1,0,1,0,1,0,1,0,1,1,,,0,0,,1,1,1,1,0.00
Public Method,"org.apache.commons.math3.ode.TestProblem4.Stop.eventOccurred",,,,,,,,,,,,,,3,3,1,1,0,2,1,1,0,,,,0,,,,,,,,,,,,,0,0,1,0,1,1,1,1,1,1,,,0,0,,1,1,1,1,0.00
Public Method,"org.apache.commons.math3.ode.TestProblem4.Stop.g",,,,,,,,,,,,,,3,3,1,1,0,2,1,1,0,,,,0,,,,,,,,,,,,,1,0,1,0,1,1,1,1,1,1,,,0,0,,1,1,1,1,0.00
Public Method,"org.apache.commons.math3.ode.TestProblem4.Stop.init",,,,,,,,,,,,,,2,2,0,0,0,1,1,1,0,,,,0,,,,,,,,,,,,,0,0,1,0,1,0,1,0,1,1,,,0,0,,1,1,1,1,0.00
Public Method,"org.apache.commons.math3.ode.TestProblem4.Stop.resetState",,,,,,,,,,,,,,2,2,0,0,0,1,1,1,0,,,,0,,,,,,,,,,,,,0,0,1,0,1,0,1,0,1,1,,,0,0,,1,1,1,1,0.00
Public Constructor,"org.apache.commons.math3.ode.TestProblem4.TestProblem4",,,,,,,,,,,,,,11,10,8,9,0,9,1,1,0,,,,0,,,,,,,,,,,,,6,0,3,1,1,8,3,6,1,1,,,0,0,,1,1,1,1,0.10
Public Constructor,"org.apache.commons.math3.ode.TestProblem4.TestProblem4",,,,,,,,,,,,,,9,5,3,5,0,4,1,1,0,,,,0,,,,,,,,,,,,,4,0,1,4,1,3,1,3,1,1,,,0,0,,1,1,1,1,0.80
Public Method,"org.apache.commons.math3.ode.TestProblem4.computeTheoreticalState",,,,,,,,,,,,,,7,7,5,5,0,6,2,2,0,,,,0,,,,,,,,,,,,,3,0,3,0,1,5,3,3,2,1,,,0,0,,2,2,1,2,0.00
Public Method,"org.apache.commons.math3.ode.TestProblem4.copy",,,,,,,,,,,,,,4,3,1,2,0,2,1,1,0,,,,0,,,,,,,,,,,,,0,0,1,1,1,1,1,1,1,1,,,0,0,,1,1,1,1,0.33
Public Method,"org.apache.commons.math3.ode.TestProblem4.doComputeDerivatives",,,,,,,,,,,,,,4,4,2,1,0,3,1,1,0,,,,0,,,,,,,,,,,,,1,0,1,0,1,2,1,2,1,1,,,0,0,,1,1,1,1,0.00
Public Method,"org.apache.commons.math3.ode.TestProblem4.getEventsHandlers",,,,,,,,,,,,,,3,3,1,3,0,2,1,1,0,,,,0,,,,,,,,,,,,,4,0,1,0,1,1,1,1,1,1,,,0,0,,1,1,1,1,0.00
Public Method,"org.apache.commons.math3.ode.TestProblem4.getTheoreticalEventsTimes",,,,,,,,,,,,,,13,9,7,1,0,2,1,1,0,,,,0,,,,,,,,,,,,,2,0,1,4,1,1,1,1,1,1,,,0,0,,1,1,1,1,0.44
Public Class,"org.apache.commons.math3.ode.TestProblem5",1,1,0,2,0,,0,,2,24,0,0,2,22,11,3,,,6,,,,1,1,3,,1,1,5,3,1,0,0,,,0,2,0,,2,5,9,,3,3,3,,,1,1,,0,0,2,2,2,2,0.82
Public Constructor,"org.apache.commons.math3.ode.TestProblem5.TestProblem5",,,,,,,,,,,,,,7,4,2,3,0,3,1,1,0,,,,0,,,,,,,,,,,,,16,0,1,3,1,2,1,2,1,1,,,0,0,,1,1,1,1,0.75
Public Method,"org.apache.commons.math3.ode.TestProblem5.copy",,,,,,,,,,,,,,4,3,1,2,0,2,1,1,0,,,,0,,,,,,,,,,,,,0,0,1,1,1,1,1,1,1,1,,,0,0,,1,1,1,1,0.33
Public Class,"org.apache.commons.math3.ode.TestProblem6",1,1,0,1,0,,0,,5,22,0,0,5,71,37,18,,,29,,,,2,1,2,,1,1,8,6,1,0,0,,,1,5,0,,11,16,23,,21,14,15,,,2,2,,1,40,7,7,5,7,0.62
Public Constructor,"org.apache.commons.math3.ode.TestProblem6.TestProblem6",,,,,,,,,,,,,,12,9,7,6,0,8,1,1,0,,,,0,,,,,,,,,,,,,3,0,3,3,1,7,3,5,1,1,,,0,0,,1,1,1,1,0.33
Public Constructor,"org.apache.commons.math3.ode.TestProblem6.TestProblem6",,,,,,,,,,,,,,8,4,2,4,0,3,1,1,0,,,,0,,,,,,,,,,,,,3,0,1,4,1,2,1,2,1,1,,,0,0,,1,1,1,1,1.00
Public Method,"org.apache.commons.math3.ode.TestProblem6.computeTheoreticalState",,,,,,,,,,,,,,6,6,3,2,0,6,2,2,0,,,,0,,,,,,,,,,,,,3,0,1,0,2,4,2,4,2,1,,,0,1,,2,2,1,2,0.00
Public Method,"org.apache.commons.math3.ode.TestProblem6.copy",,,,,,,,,,,,,,4,3,1,2,0,2,1,1,0,,,,0,,,,,,,,,,,,,0,0,1,1,1,1,1,1,1,1,,,0,0,,1,1,1,1,0.33
Public Method,"org.apache.commons.math3.ode.TestProblem6.doComputeDerivatives",,,,,,,,,,,,,,11,8,5,1,0,8,2,2,0,,,,0,,,,,,,,,,,,,3,2,4,1,2,6,5,3,2,1,,,0,1,,2,2,1,2,0.12
Public Abstract Class,"org.apache.commons.math3.ode.TestProblemAbstract",1,1,0,3,1,,0,,17,17,0,0,12,166,76,34,,,56,,,,3,1,1,,1,1,7,4,2,5,0,,,6,17,5,,24,25,66,,39,24,32,,,3,3,,1,70,16,16,14,16,0.87
Protected Constructor,"org.apache.commons.math3.ode.TestProblemAbstract.TestProblemAbstract",,,,,,,,,,,,,,11,8,6,7,0,7,1,1,0,,,,0,,,,,,,,,,,,,5,0,1,3,1,6,1,6,1,1,,,0,0,,1,1,1,1,0.38
Protected Constructor,"org.apache.commons.math3.ode.TestProblemAbstract.TestProblemAbstract",,,,,,,,,,,,,,20,16,12,8,1,11,3,3,2,,,,0,,,,,,,,,,,,,12,0,1,4,4,8,1,10,3,1,,,0,1,,3,3,1,3,0.25
Public Method,"org.apache.commons.math3.ode.TestProblemAbstract.computeDerivatives",,,,,,,,,,,,,,4,4,2,2,0,3,1,1,0,,,,0,,,,,,,,,,,,,3,0,1,0,1,2,1,2,1,1,,,0,0,,1,1,1,1,0.00
Public Abstract Method,"org.apache.commons.math3.ode.TestProblemAbstract.computeTheoreticalState",,,,,,,,,,,,,,6,1,0,1,0,1,0,0,0,,,,0,,,,,,,,,,,,,1,0,1,5,0,1,1,0,0,0,,,0,0,,0,0,0,0,5.00
Public Abstract Method,"org.apache.commons.math3.ode.TestProblemAbstract.copy",,,,,,,,,,,,,,5,1,0,1,0,1,0,0,0,,,,0,,,,,,,,,,,,,5,0,1,4,0,1,1,0,0,0,,,0,0,,0,0,0,0,4.00
Public Abstract Method,"org.apache.commons.math3.ode.TestProblemAbstract.doComputeDerivatives",,,,,,,,,,,,,,1,1,0,0,0,1,0,0,0,,,,0,,,,,,,,,,,,,1,0,1,0,0,1,1,0,0,0,,,0,0,,0,0,0,0,0.00
Public Method,"org.apache.commons.math3.ode.TestProblemAbstract.getCalls",,,,,,,,,,,,,,7,3,1,1,0,2,1,1,0,,,,0,,,,,,,,,,,,,10,0,1,4,1,1,1,1,1,1,,,0,0,,1,1,1,1,1.33
Public Method,"org.apache.commons.math3.ode.TestProblemAbstract.getDimension",,,,,,,,,,,,,,3,3,1,1,0,2,1,1,0,,,,0,,,,,,,,,,,,,93,0,1,0,1,1,1,1,1,1,,,0,0,,1,1,1,1,0.00
Public Method,"org.apache.commons.math3.ode.TestProblemAbstract.getErrorScale",,,,,,,,,,,,,,7,3,1,1,0,2,1,1,0,,,,0,,,,,,,,,,,,,2,0,1,4,1,1,1,1,1,1,,,0,0,,1,1,1,1,1.33
Public Method,"org.apache.commons.math3.ode.TestProblemAbstract.getEventsHandlers",,,,,,,,,,,,,,6,3,1,1,0,2,1,1,0,,,,0,,,,,,,,,,,,,5,0,1,3,1,1,1,1,1,1,,,0,0,,1,1,1,1,1.00
Public Method,"org.apache.commons.math3.ode.TestProblemAbstract.getFinalTime",,,,,,,,,,,,,,7,3,1,1,0,2,1,1,0,,,,0,,,,,,,,,,,,,97,0,1,4,1,1,1,1,1,1,,,0,0,,1,1,1,1,1.33
Public Method,"org.apache.commons.math3.ode.TestProblemAbstract.getInitialState",,,,,,,,,,,,,,7,3,1,1,0,2,1,1,0,,,,0,,,,,,,,,,,,,81,0,1,4,1,1,1,1,1,1,,,0,0,,1,1,1,1,1.33
Public Method,"org.apache.commons.math3.ode.TestProblemAbstract.getInitialTime",,,,,,,,,,,,,,7,3,1,1,0,2,1,1,0,,,,0,,,,,,,,,,,,,97,0,1,4,1,1,1,1,1,1,,,0,0,,1,1,1,1,1.33
Public Method,"org.apache.commons.math3.ode.TestProblemAbstract.getTheoreticalEventsTimes",,,,,,,,,,,,,,7,3,1,1,0,2,1,1,0,,,,0,,,,,,,,,,,,,1,0,1,4,1,1,1,1,1,1,,,0,0,,1,1,1,1,1.33
Protected Method,"org.apache.commons.math3.ode.TestProblemAbstract.setErrorScale",,,,,,,,,,,,,,7,3,1,2,0,2,1,1,0,,,,0,,,,,,,,,,,,,6,0,1,4,1,1,1,1,1,1,,,0,0,,1,1,1,1,1.33
Protected Method,"org.apache.commons.math3.ode.TestProblemAbstract.setFinalConditions",,,,,,,,,,,,,,7,3,1,1,0,2,1,1,0,,,,0,,,,,,,,,,,,,7,0,1,4,1,1,1,1,1,1,,,0,0,,1,1,1,1,1.33
Protected Method,"org.apache.commons.math3.ode.TestProblemAbstract.setInitialConditions",,,,,,,,,,,,,,11,6,4,5,0,5,1,1,0,,,,0,,,,,,,,,,,,,8,0,1,5,1,4,1,4,1,1,,,0,0,,1,1,1,1,0.83
Public Class,"org.apache.commons.math3.ode.TestProblemFactory",1,1,0,4,7,,1,,1,2,0,1,1,31,15,7,,,5,,,,1,1,1,,1,1,6,2,1,0,1,,,0,2,0,,4,10,12,,2,4,1,,,1,1,,0,50,2,2,2,2,0.80
Private Constructor,"org.apache.commons.math3.ode.TestProblemFactory.TestProblemFactory",,,,,,,,,,,,,,6,2,0,1,0,1,1,1,0,,,,0,,,,,,,,,,,,,0,0,1,4,1,0,1,0,1,1,,,0,0,,1,1,1,1,2.00
Public Static Method,"org.apache.commons.math3.ode.TestProblemFactory.getProblems",,,,,,,,,,,,,,7,3,1,1,0,2,1,1,0,,,,0,,,,,,,,,,,,,6,0,1,4,1,1,1,1,1,1,,,0,0,,1,1,1,1,1.33
Public Class,"org.apache.commons.math3.ode.TestProblemHandler",2,1,0,4,4,,0,,7,7,0,0,7,129,71,40,,,62,,,,8,1,1,,2,2,13,8,2,0,0,,,7,7,0,,20,28,38,,46,31,31,,,8,8,,3,57,14,14,7,14,0.54
Public Constructor,"org.apache.commons.math3.ode.TestProblemHandler.TestProblemHandler",,,,,,,,,,,,,,13,8,6,7,0,7,1,1,0,,,,0,,,,,,,,,,,,,52,0,1,5,1,6,1,6,1,1,,,0,0,,1,1,1,1,0.62
Public Method,"org.apache.commons.math3.ode.TestProblemHandler.getLastError",,,,,,,,,,,,,,7,3,1,1,0,2,1,1,0,,,,0,,,,,,,,,,,,,22,0,1,4,1,1,1,1,1,1,,,0,0,,1,1,1,1,1.33
Public Method,"org.apache.commons.math3.ode.TestProblemHandler.getLastTime",,,,,,,,,,,,,,7,3,1,1,0,2,1,1,0,,,,0,,,,,,,,,,,,,5,0,1,4,1,1,1,1,1,1,,,0,0,,1,1,1,1,1.33
Public Method,"org.apache.commons.math3.ode.TestProblemHandler.getMaximalTimeError",,,,,,,,,,,,,,7,3,1,1,0,2,1,1,0,,,,0,,,,,,,,,,,,,37,0,1,4,1,1,1,1,1,1,,,0,0,,1,1,1,1,1.33
Public Method,"org.apache.commons.math3.ode.TestProblemHandler.getMaximalValueError",,,,,,,,,,,,,,7,3,1,1,0,2,1,1,0,,,,0,,,,,,,,,,,,,41,0,1,4,1,1,1,1,1,1,,,0,0,,1,1,1,1,1.33
Public Method,"org.apache.commons.math3.ode.TestProblemHandler.handleStep",,,,,,,,,,,,,,48,35,26,20,2,34,8,8,0,,,,0,,,,,,,,,,,,,9,6,13,7,36,25,17,17,8,1,,,0,3,,8,8,1,8,0.20
Public Method,"org.apache.commons.math3.ode.TestProblemHandler.init",,,,,,,,,,,,,,6,6,4,4,0,5,1,1,0,,,,0,,,,,,,,,,,,,0,0,1,0,1,4,1,4,1,1,,,0,0,,1,1,1,1,0.00
Package,"org.apache.commons.math3.ode.events",1,1,0,2,,13,3,6,50,,4,0,46,1024,415,216,,,304,,,,11,6,,,1,1,10,7,,,0,,,21,50,0,,134,185,475,,236,168,136,,,11,14,,3,,70,76,51,70,1.14
Public Interface,"org.apache.commons.math3.ode.events.EventHandler",0,0,0,0,1,,0,,4,4,4,0,0,148,12,0,,,6,,,,0,0,0,,0,0,0,0,0,11,0,,,0,4,0,,19,10,117,,5,6,0,,,0,0,,0,0,0,0,0,0,9.75
Public Enum Type,"org.apache.commons.math3.ode.events.EventHandler.Action",1,1,0,0,1,,0,,2,2,0,0,2,37,6,0,,,1,,,,1,1,1,,1,1,0,0,1,0,0,,,4,2,0,,5,5,26,,1,1,0,,,1,1,,0,100,2,2,2,2,4.33
Public Method,"org.apache.commons.math3.ode.events.EventHandler.Action.valueOf",,,,,,,,,,,,,,0,0,0,1,0,0,1,1,0,,,,0,,,,,,,,,,,,,0,0,0,0,0,0,0,0,1,1,,,0,0,,1,1,1,1,0.00
Public Method,"org.apache.commons.math3.ode.events.EventHandler.Action.values",,,,,,,,,,,,,,0,0,0,1,0,0,1,1,0,,,,0,,,,,,,,,,,,,0,0,0,0,0,0,0,0,1,1,,,0,0,,1,1,1,1,0.00
Abstract Method,"org.apache.commons.math3.ode.events.EventHandler.eventOccurred",,,,,,,,,,,,,,62,1,0,1,0,1,0,0,0,,,,0,,,,,,,,,,,,,1,4,1,57,0,1,1,0,0,0,,,0,0,,0,0,0,0,57.00
Abstract Method,"org.apache.commons.math3.ode.events.EventHandler.g",,,,,,,,,,,,,,14,1,0,1,0,1,0,0,0,,,,0,,,,,,,,,,,,,4,2,1,11,0,1,1,0,0,0,,,0,0,,0,0,0,0,11.00
Abstract Method,"org.apache.commons.math3.ode.events.EventHandler.init",,,,,,,,,,,,,,11,1,0,0,0,1,0,0,0,,,,0,,,,,,,,,,,,,1,0,1,10,0,1,1,0,0,0,,,0,0,,0,0,0,0,10.00
Abstract Method,"org.apache.commons.math3.ode.events.EventHandler.resetState",,,,,,,,,,,,,,16,1,0,0,0,1,0,0,0,,,,0,,,,,,,,,,,,,1,2,1,13,0,1,1,0,0,0,,,0,0,,0,0,0,0,13.00
Public Class,"org.apache.commons.math3.ode.events.EventState",2,1,2,7,12,,0,,11,11,0,0,11,314,159,103,,,113,,,,11,6,1,,2,3,22,13,1,0,0,,,14,11,0,,49,51,106,,90,44,69,,,11,14,,3,64,27,33,16,27,0.67
Public Constructor,"org.apache.commons.math3.ode.events.EventState.EventState",,,,,,,,,,,,,,30,17,13,15,0,14,1,1,0,,,,0,,,,,,,,,,,,,8,2,3,11,1,13,1,13,1,1,,,0,0,,1,1,1,1,0.65
Public Method,"org.apache.commons.math3.ode.events.EventState.evaluateStep",,,,,,,,,,,,,,98,69,55,22,1,45,11,14,9,,,,8,,,,,,,,,,,,,15,12,21,17,9,37,17,28,11,6,,,9,3,,11,14,6,11,0.25
Anonymous Class,"org.apache.commons.math3.ode.events.EventState.evaluateStep.(Anon_1)",1,1,0,0,3,,0,,1,1,0,0,1,5,5,4,,,3,,,,1,1,1,,1,1,4,4,2,0,0,,,0,1,0,,0,1,0,,2,1,2,,,1,1,,0,0,1,1,1,1,0.00
Public Method,"org.apache.commons.math3.ode.events.EventState.evaluateStep.(Anon_1).value",,,,,,,,,,,,,,4,4,3,4,0,3,1,1,0,,,,0,,,,,,,,,,,,,3,0,0,0,1,2,1,2,1,1,,,0,0,,1,1,1,1,0.00
Public Method,"org.apache.commons.math3.ode.events.EventState.getConvergence",,,,,,,,,,,,,,6,3,1,1,0,2,1,1,0,,,,0,,,,,,,,,,,,,1,0,1,3,1,1,1,1,1,1,,,0,0,,1,1,1,1,1.00
Public Method,"org.apache.commons.math3.ode.events.EventState.getEventHandler",,,,,,,,,,,,,,6,3,1,1,0,2,1,1,0,,,,0,,,,,,,,,,,,,3,0,1,3,1,1,1,1,1,1,,,0,0,,1,1,1,1,1.00
Public Method,"org.apache.commons.math3.ode.events.EventState.getEventTime",,,,,,,,,,,,,,9,5,3,1,0,2,3,3,0,,,,0,,,,,,,,,,,,,6,0,1,4,1,1,1,1,3,1,,,0,0,,3,3,1,3,0.80
Public Method,"org.apache.commons.math3.ode.events.EventState.getMaxCheckInterval",,,,,,,,,,,,,,6,3,1,1,0,2,1,1,0,,,,0,,,,,,,,,,,,,1,0,1,3,1,1,1,1,1,1,,,0,0,,1,1,1,1,1.00
Public Method,"org.apache.commons.math3.ode.events.EventState.getMaxIterationCount",,,,,,,,,,,,,,6,3,1,1,0,2,1,1,0,,,,0,,,,,,,,,,,,,1,0,1,3,1,1,1,1,1,1,,,0,0,,1,1,1,1,1.00
Public Method,"org.apache.commons.math3.ode.events.EventState.reinitializeBegin",,,,,,,,,,,,,,31,13,10,11,0,10,2,2,0,,,,0,,,,,,,,,,,,,7,3,4,15,2,8,3,7,2,1,,,0,1,,2,2,1,2,1.15
Public Method,"org.apache.commons.math3.ode.events.EventState.reset",,,,,,,,,,,,,,23,12,8,5,0,8,3,5,1,,,,0,,,,,,,,,,,,,10,4,1,7,3,5,1,7,3,1,,,0,1,,3,5,1,3,0.58
Public Method,"org.apache.commons.math3.ode.events.EventState.stepAccepted",,,,,,,,,,,,,,21,12,9,8,0,9,2,3,1,,,,0,,,,,,,,,,,,,12,2,1,7,2,7,1,8,2,1,,,0,1,,2,3,1,2,0.58
Public Method,"org.apache.commons.math3.ode.events.EventState.stop",,,,,,,,,,,,,,7,3,1,1,0,2,1,1,0,,,,0,,,,,,,,,,,,,3,0,1,4,1,1,1,1,1,1,,,0,0,,1,1,1,1,1.33
Public Class,"org.apache.commons.math3.ode.events.EventStateTest",1,1,6,0,10,,0,,2,2,0,0,2,115,83,53,,,60,,,,1,1,1,,1,1,35,29,1,0,0,,,0,2,0,,25,29,7,,45,29,31,,,1,1,,0,0,2,2,2,2,0.08
Private Static Class,"org.apache.commons.math3.ode.events.EventStateTest.ResettingEvent",1,1,0,1,1,,1,,5,5,0,0,5,33,21,8,,,14,,,,1,1,1,,1,1,4,3,2,0,0,,,1,5,0,,7,8,5,,8,8,6,,,1,1,,0,60,5,5,5,5,0.24
Public Constructor,"org.apache.commons.math3.ode.events.EventStateTest.ResettingEvent.ResettingEvent",,,,,,,,,,,,,,3,3,1,2,0,2,1,1,0,,,,0,,,,,,,,,,,,,2,0,1,0,1,1,1,1,1,1,,,0,0,,1,1,1,1,0.00
Public Method,"org.apache.commons.math3.ode.events.EventStateTest.ResettingEvent.eventOccurred",,,,,,,,,,,,,,5,4,2,2,0,3,1,1,0,,,,0,,,,,,,,,,,,,1,0,1,1,1,2,1,2,1,1,,,0,0,,1,1,1,1,0.25
Public Method,"org.apache.commons.math3.ode.events.EventStateTest.ResettingEvent.g",,,,,,,,,,,,,,9,5,3,2,0,3,1,1,0,,,,0,,,,,,,,,,,,,3,0,1,4,1,2,1,2,1,1,,,0,0,,1,1,1,1,0.80
Public Method,"org.apache.commons.math3.ode.events.EventStateTest.ResettingEvent.init",,,,,,,,,,,,,,2,2,0,0,0,1,1,1,0,,,,0,,,,,,,,,,,,,0,0,1,0,1,0,1,0,1,1,,,0,0,,1,1,1,1,0.00
Public Method,"org.apache.commons.math3.ode.events.EventStateTest.ResettingEvent.resetState",,,,,,,,,,,,,,3,3,1,1,0,2,1,1,0,,,,0,,,,,,,,,,,,,0,0,1,0,1,1,1,1,1,1,,,0,0,,1,1,1,1,0.00
Public Method,"org.apache.commons.math3.ode.events.EventStateTest.closeEvents",,,,,,,,,,,,,,46,39,31,12,0,30,1,1,0,,,,0,,,,,,,,,,,,,0,7,11,0,1,25,12,18,1,1,,,0,0,,1,1,1,1,0.00
Anonymous Class,"org.apache.commons.math3.ode.events.EventStateTest.closeEvents.(Anon_1)",1,1,0,0,2,,0,,4,4,0,0,4,11,11,7,,,6,,,,1,1,1,,1,1,2,2,2,0,0,,,0,4,0,,0,1,0,,2,4,2,,,1,1,,0,0,4,4,4,4,0.00
Public Method,"org.apache.commons.math3.ode.events.EventStateTest.closeEvents.(Anon_1).eventOccurred",,,,,,,,,,,,,,3,3,2,1,0,2,1,1,0,,,,0,,,,,,,,,,,,,0,0,0,0,1,1,1,1,1,1,,,0,0,,1,1,1,1,0.00
Public Method,"org.apache.commons.math3.ode.events.EventStateTest.closeEvents.(Anon_1).g",,,,,,,,,,,,,,3,3,2,1,0,2,1,1,0,,,,0,,,,,,,,,,,,,1,0,0,0,1,1,1,1,1,1,,,0,0,,1,1,1,1,0.00
Public Method,"org.apache.commons.math3.ode.events.EventStateTest.closeEvents.(Anon_1).init",,,,,,,,,,,,,,2,2,1,0,0,1,1,1,0,,,,0,,,,,,,,,,,,,0,0,0,0,1,0,1,0,1,1,,,0,0,,1,1,1,1,0.00
Public Method,"org.apache.commons.math3.ode.events.EventStateTest.closeEvents.(Anon_1).resetState",,,,,,,,,,,,,,2,2,1,0,0,1,1,1,0,,,,0,,,,,,,,,,,,,0,0,0,0,1,0,1,0,1,1,,,0,0,,1,1,1,1,0.00
Public Method,"org.apache.commons.math3.ode.events.EventStateTest.testIssue695",,,,,,,,,,,,,,25,19,14,6,0,15,1,1,0,,,,0,,,,,,,,,,,,,0,6,7,0,1,12,8,7,1,1,,,0,0,,1,1,1,1,0.00
Anonymous Class,"org.apache.commons.math3.ode.events.EventStateTest.testIssue695.(Anon_2)",1,1,0,0,0,,0,,2,2,0,0,2,9,7,5,,,4,,,,1,1,1,,1,1,3,3,2,0,0,,,0,2,0,,2,1,0,,2,2,2,,,1,1,,0,0,2,2,2,2,0.00
Public Method,"org.apache.commons.math3.ode.events.EventStateTest.testIssue695.(Anon_2).computeDerivatives",,,,,,,,,,,,,,3,3,2,1,0,2,1,1,0,,,,0,,,,,,,,,,,,,0,0,0,0,1,1,1,1,1,1,,,0,0,,1,1,1,1,0.00
Public Method,"org.apache.commons.math3.ode.events.EventStateTest.testIssue695.(Anon_2).getDimension",,,,,,,,,,,,,,3,3,2,1,0,2,1,1,0,,,,0,,,,,,,,,,,,,0,0,0,0,1,1,1,1,1,1,,,0,0,,1,1,1,1,0.00
Public Class,"org.apache.commons.math3.ode.events.OverlappingEventsTest",2,1,0,4,7,,2,,5,5,0,0,5,129,75,42,,,55,,,,6,1,1,,2,2,13,9,2,0,0,,,0,5,0,,15,32,39,,38,28,27,,,6,6,,2,80,10,10,5,10,0.52
Private Class,"org.apache.commons.math3.ode.events.OverlappingEventsTest.Event",1,1,0,1,1,,0,,5,5,0,0,5,37,19,5,,,12,,,,3,1,1,,1,1,4,3,2,0,0,,,2,5,0,,6,8,12,,6,8,4,,,3,3,,0,60,7,7,5,7,0.63
Public Constructor,"org.apache.commons.math3.ode.events.OverlappingEventsTest.Event.Event",,,,,,,,,,,,,,8,4,2,3,0,3,1,1,0,,,,0,,,,,,,,,,,,,3,0,1,4,1,2,1,2,1,1,,,0,0,,1,1,1,1,1.00
Public Method,"org.apache.commons.math3.ode.events.OverlappingEventsTest.Event.eventOccurred",,,,,,,,,,,,,,4,3,1,1,0,2,1,1,0,,,,0,,,,,,,,,,,,,0,0,1,1,1,1,1,1,1,1,,,0,0,,1,1,1,1,0.33
Public Method,"org.apache.commons.math3.ode.events.OverlappingEventsTest.Event.g",,,,,,,,,,,,,,5,4,2,1,0,2,3,3,0,,,,0,,,,,,,,,,,,,3,0,1,1,1,1,1,1,3,1,,,0,0,,3,3,1,3,0.25
Public Method,"org.apache.commons.math3.ode.events.OverlappingEventsTest.Event.init",,,,,,,,,,,,,,3,2,0,0,0,1,1,1,0,,,,0,,,,,,,,,,,,,0,0,1,1,1,0,1,0,1,1,,,0,0,,1,1,1,1,0.50
Public Method,"org.apache.commons.math3.ode.events.OverlappingEventsTest.Event.resetState",,,,,,,,,,,,,,4,2,0,0,0,1,1,1,0,,,,0,,,,,,,,,,,,,0,0,1,2,1,0,1,0,1,1,,,0,0,,1,1,1,1,1.00
Public Method,"org.apache.commons.math3.ode.events.OverlappingEventsTest.computeDerivatives",,,,,,,,,,,,,,5,4,2,1,0,3,1,1,0,,,,0,,,,,,,,,,,,,0,0,1,1,1,2,1,2,1,1,,,0,0,,1,1,1,1,0.25
Public Method,"org.apache.commons.math3.ode.events.OverlappingEventsTest.getDimension",,,,,,,,,,,,,,4,3,1,1,0,2,1,1,0,,,,0,,,,,,,,,,,,,0,0,1,1,1,1,1,1,1,1,,,0,0,,1,1,1,1,0.33
Public Method,"org.apache.commons.math3.ode.events.OverlappingEventsTest.test",,,,,,,,,,,,,,44,33,26,9,1,31,6,6,0,,,,0,,,,,,,,,,,,,6,1,11,10,20,25,13,18,6,1,,,0,2,,6,6,1,6,0.30
Public Method,"org.apache.commons.math3.ode.events.OverlappingEventsTest.testOverlappingEvents0",,,,,,,,,,,,,,8,3,1,1,0,2,1,1,0,,,,0,,,,,,,,,,,,,0,0,1,5,1,1,1,1,1,1,,,0,0,,1,1,1,1,1.67
Public Method,"org.apache.commons.math3.ode.events.OverlappingEventsTest.testOverlappingEvents1",,,,,,,,,,,,,,8,3,1,1,0,2,1,1,0,,,,0,,,,,,,,,,,,,0,0,1,5,1,1,1,1,1,1,,,0,0,,1,1,1,1,1.67
Public Class,"org.apache.commons.math3.ode.events.ReappearingEventTest",1,1,0,0,7,,0,,3,3,0,0,3,56,45,18,,,29,,,,2,1,1,,1,1,7,7,1,0,0,,,0,3,0,,9,22,2,,17,20,9,,,2,2,,0,0,4,4,3,4,0.04
Protected Static Class,"org.apache.commons.math3.ode.events.ReappearingEventTest.Event",1,1,0,0,1,,0,,4,4,0,0,4,18,12,2,,,7,,,,1,1,1,,1,1,2,2,2,0,0,,,0,4,0,,4,5,2,,2,5,2,,,1,1,,0,0,4,4,4,4,0.17
Public Method,"org.apache.commons.math3.ode.events.ReappearingEventTest.Event.eventOccurred",,,,,,,,,,,,,,3,3,1,1,0,2,1,1,0,,,,0,,,,,,,,,,,,,0,0,1,0,1,1,1,1,1,1,,,0,0,,1,1,1,1,0.00
Public Method,"org.apache.commons.math3.ode.events.ReappearingEventTest.Event.g",,,,,,,,,,,,,,3,3,1,1,0,2,1,1,0,,,,0,,,,,,,,,,,,,1,0,1,0,1,1,1,1,1,1,,,0,0,,1,1,1,1,0.00
Public Method,"org.apache.commons.math3.ode.events.ReappearingEventTest.Event.init",,,,,,,,,,,,,,2,2,0,0,0,1,1,1,0,,,,0,,,,,,,,,,,,,0,0,1,0,1,0,1,0,1,1,,,0,0,,1,1,1,1,0.00
Public Method,"org.apache.commons.math3.ode.events.ReappearingEventTest.Event.resetState",,,,,,,,,,,,,,3,2,0,0,0,1,1,1,0,,,,0,,,,,,,,,,,,,0,0,1,1,1,0,1,0,1,1,,,0,0,,1,1,1,1,0.50
Private Static Class,"org.apache.commons.math3.ode.events.ReappearingEventTest.Ode",1,1,0,0,0,,0,,2,2,0,0,2,9,8,2,,,5,,,,1,1,1,,1,1,3,3,2,0,0,,,0,2,0,,1,3,0,,2,3,2,,,1,1,,0,0,2,2,2,2,0.00
Public Method,"org.apache.commons.math3.ode.events.ReappearingEventTest.Ode.computeDerivatives",,,,,,,,,,,,,,3,3,1,1,0,2,1,1,0,,,,0,,,,,,,,,,,,,1,0,1,0,1,1,1,1,1,1,,,0,0,,1,1,1,1,0.00
Public Method,"org.apache.commons.math3.ode.events.ReappearingEventTest.Ode.getDimension",,,,,,,,,,,,,,3,3,1,1,0,2,1,1,0,,,,0,,,,,,,,,,,,,0,0,1,0,1,1,1,1,1,1,,,0,0,,1,1,1,1,0.00
Public Method,"org.apache.commons.math3.ode.events.ReappearingEventTest.test",,,,,,,,,,,,,,13,13,10,6,0,10,2,2,0,,,,0,,,,,,,,,,,,,3,0,7,0,1,9,7,3,2,1,,,0,0,,2,2,1,2,0.00
Public Method,"org.apache.commons.math3.ode.events.ReappearingEventTest.testDormandPrince",,,,,,,,,,,,,,4,4,2,2,0,3,1,1,0,,,,0,,,,,,,,,,,,,0,0,2,0,1,2,2,1,1,1,,,0,0,,1,1,1,1,0.00
Public Method,"org.apache.commons.math3.ode.events.ReappearingEventTest.testGragg",,,,,,,,,,,,,,4,4,2,2,0,3,1,1,0,,,,0,,,,,,,,,,,,,0,0,2,0,1,2,2,1,1,1,,,0,0,,1,1,1,1,0.00
Package,"org.apache.commons.math3.ode.nonstiff",2,1,2,2,,85,119,48,345,,0,8,305,10261,5755,3645,,,4300,,,,57,4,,,2,2,19,14,,,1,,,94,346,33,,1571,2690,2936,,3520,2374,1926,,,59,72,,10,,754,793,347,752,0.51
Public Class,"org.apache.commons.math3.ode.nonstiff.AdamsBashforthIntegrator",4,1,9,14,7,,1,,3,58,0,0,3,288,99,74,,,76,,,,12,1,5,,4,4,55,31,1,0,0,,,0,3,0,,32,37,157,,65,28,48,,,12,12,,3,33,14,14,3,14,1.59
Public Constructor,"org.apache.commons.math3.ode.nonstiff.AdamsBashforthIntegrator.AdamsBashforthIntegrator",,,,,,,,,,,,,,21,8,2,2,0,2,1,1,0,,,,0,,,,,,,,,,,,,13,0,5,13,1,1,1,1,1,1,,,0,0,,1,1,1,1,1.62
Public Constructor,"org.apache.commons.math3.ode.nonstiff.AdamsBashforthIntegrator.AdamsBashforthIntegrator",,,,,,,,,,,,,,21,8,2,2,0,2,1,1,0,,,,0,,,,,,,,,,,,,7,0,5,13,1,1,1,1,1,1,,,0,0,,1,1,1,1,1.62
Public Method,"org.apache.commons.math3.ode.nonstiff.AdamsBashforthIntegrator.integrate",,,,,,,,,,,,,,124,79,69,36,2,70,12,12,0,,,,0,,,,,,,,,,,,,14,27,24,18,50,62,24,46,12,1,,,0,3,,12,12,1,12,0.23
Public Class,"org.apache.commons.math3.ode.nonstiff.AdamsBashforthIntegratorTest",1,1,2,0,13,,0,,6,6,0,0,6,125,98,72,,,68,,,,3,1,1,,1,1,18,15,1,0,0,,,0,6,0,,24,47,3,,58,39,29,,,3,3,,2,0,9,9,6,9,0.03
Public Method,"org.apache.commons.math3.ode.nonstiff.AdamsBashforthIntegratorTest.backward",,,,,,,,,,,,,,16,13,11,16,0,11,1,1,0,,,,0,,,,,,,,,,,,,0,3,5,0,1,10,5,6,1,1,,,0,0,,1,1,1,1,0.00
Public Method,"org.apache.commons.math3.ode.nonstiff.AdamsBashforthIntegratorTest.dimensionCheck",,,,,,,,,,,,,,8,8,5,4,0,4,1,1,0,,,,0,,,,,,,,,,,,,0,0,4,0,1,3,3,1,1,1,,,0,0,,1,1,1,1,0.00
Public Method,"org.apache.commons.math3.ode.nonstiff.AdamsBashforthIntegratorTest.exceedMaxEvaluations",,,,,,,,,,,,,,14,11,9,10,0,8,1,1,0,,,,0,,,,,,,,,,,,,0,3,5,0,1,7,5,3,1,1,,,0,0,,1,1,1,1,0.00
Public Method,"org.apache.commons.math3.ode.nonstiff.AdamsBashforthIntegratorTest.polynomial",,,,,,,,,,,,,,19,17,12,12,0,13,3,3,1,,,,0,,,,,,,,,,,,,0,2,6,0,3,10,6,7,3,1,,,0,2,,3,3,1,3,0.00
Public Method,"org.apache.commons.math3.ode.nonstiff.AdamsBashforthIntegratorTest.testIncreasingTolerance",,,,,,,,,,,,,,35,26,22,16,0,21,2,2,0,,,,0,,,,,,,,,,,,,0,6,11,3,2,19,11,10,2,1,,,0,1,,2,2,1,2,0.12
Public Method,"org.apache.commons.math3.ode.nonstiff.AdamsBashforthIntegratorTest.testMinStep",,,,,,,,,,,,,,18,15,13,9,0,10,1,1,0,,,,0,,,,,,,,,,,,,0,3,9,0,1,9,8,2,1,1,,,0,0,,1,1,1,1,0.00
Public Abstract Class,"org.apache.commons.math3.ode.nonstiff.AdamsIntegrator",1,1,0,11,5,,0,,6,55,0,0,5,108,38,9,,,15,,,,1,1,4,,1,1,17,6,1,2,0,,,1,6,1,,8,23,62,,9,8,7,,,1,1,,0,0,5,5,5,5,1.63
Public Constructor,"org.apache.commons.math3.ode.nonstiff.AdamsIntegrator.AdamsIntegrator",,,,,,,,,,,,,,24,9,3,4,0,3,1,1,0,,,,0,,,,,,,,,,,,,9,0,5,15,1,2,1,2,1,1,,,0,0,,1,1,1,1,1.67
Public Constructor,"org.apache.commons.math3.ode.nonstiff.AdamsIntegrator.AdamsIntegrator",,,,,,,,,,,,,,24,9,3,4,0,3,1,1,0,,,,0,,,,,,,,,,,,,9,0,5,15,1,2,1,2,1,1,,,0,0,,1,1,1,1,1.67
Protected Method,"org.apache.commons.math3.ode.nonstiff.AdamsIntegrator.initializeHighOrderDerivatives",,,,,,,,,,,,,,6,5,1,2,0,2,1,1,0,,,,0,,,,,,,,,,,,,5,0,3,1,1,1,1,1,1,1,,,0,0,,1,1,1,1,0.20
Public Abstract Method,"org.apache.commons.math3.ode.nonstiff.AdamsIntegrator.integrate",,,,,,,,,,,,,,3,2,0,0,0,1,0,0,0,,,,0,,,,,,,,,,,,,0,0,2,1,0,1,1,0,0,0,,,0,0,,0,0,0,0,0.50
Public Method,"org.apache.commons.math3.ode.nonstiff.AdamsIntegrator.updateHighOrderDerivativesPhase1",,,,,,,,,,,,,,14,3,1,2,0,2,1,1,0,,,,0,,,,,,,,,,,,,4,0,1,11,1,1,1,1,1,1,,,0,0,,1,1,1,1,3.67
Public Method,"org.apache.commons.math3.ode.nonstiff.AdamsIntegrator.updateHighOrderDerivativesPhase2",,,,,,,,,,,,,,18,5,1,1,0,2,1,1,0,,,,0,,,,,,,,,,,,,6,0,3,13,1,1,1,1,1,1,,,0,0,,1,1,1,1,2.60
Public Class,"org.apache.commons.math3.ode.nonstiff.AdamsMoultonIntegrator",4,1,9,14,8,,1,,3,58,0,0,3,381,137,94,,,106,,,,11,1,5,,4,4,55,31,1,0,0,,,0,3,0,,46,50,198,,87,41,65,,,11,11,,3,33,13,13,3,13,1.45
Public Constructor,"org.apache.commons.math3.ode.nonstiff.AdamsMoultonIntegrator.AdamsMoultonIntegrator",,,,,,,,,,,,,,21,8,2,2,0,2,1,1,0,,,,0,,,,,,,,,,,,,11,0,5,13,1,1,1,1,1,1,,,0,0,,1,1,1,1,1.62
Public Constructor,"org.apache.commons.math3.ode.nonstiff.AdamsMoultonIntegrator.AdamsMoultonIntegrator",,,,,,,,,,,,,,21,8,2,2,0,2,1,1,0,,,,0,,,,,,,,,,,,,7,0,5,13,1,1,1,1,1,1,,,0,0,,1,1,1,1,1.62
Private Class,"org.apache.commons.math3.ode.nonstiff.AdamsMoultonIntegrator.Corrector",2,1,0,4,2,,0,,4,4,0,0,4,77,38,20,,,28,,,,4,1,1,,2,2,12,8,2,0,0,,,4,4,0,,11,15,28,,20,14,14,,,4,4,,2,37,8,8,4,8,0.74
Public Constructor,"org.apache.commons.math3.ode.nonstiff.AdamsMoultonIntegrator.Corrector.Corrector",,,,,,,,,,,,,,11,6,4,6,0,5,1,1,0,,,,0,,,,,,,,,,,,,4,0,1,5,1,4,1,4,1,1,,,0,0,,1,1,1,1,0.83
Public Method,"org.apache.commons.math3.ode.nonstiff.AdamsMoultonIntegrator.Corrector.end",,,,,,,,,,,,,,27,15,11,5,0,12,4,4,0,,,,0,,,,,,,,,,,,,10,3,6,9,3,9,6,6,4,1,,,0,2,,4,4,1,4,0.60
Public Method,"org.apache.commons.math3.ode.nonstiff.AdamsMoultonIntegrator.Corrector.start",,,,,,,,,,,,,,5,4,1,1,0,2,1,1,0,,,,0,,,,,,,,,,,,,1,0,2,1,1,1,1,1,1,1,,,0,0,,1,1,1,1,0.25
Public Method,"org.apache.commons.math3.ode.nonstiff.AdamsMoultonIntegrator.Corrector.visit",,,,,,,,,,,,,,8,7,4,1,0,4,2,2,1,,,,0,,,,,,,,,,,,,3,0,1,1,2,2,1,3,2,1,,,0,1,,2,2,1,2,0.14
Public Method,"org.apache.commons.math3.ode.nonstiff.AdamsMoultonIntegrator.integrate",,,,,,,,,,,,,,125,79,69,34,2,72,11,11,0,,,,0,,,,,,,,,,,,,9,28,22,18,50,64,23,49,11,1,,,0,3,,11,11,1,11,0.23
Public Class,"org.apache.commons.math3.ode.nonstiff.AdamsMoultonIntegratorTest",1,1,2,0,13,,0,,6,6,0,0,6,125,98,72,,,68,,,,3,1,1,,1,1,18,15,1,0,0,,,0,6,0,,24,47,3,,58,39,29,,,3,3,,2,0,9,9,6,9,0.03
Public Method,"org.apache.commons.math3.ode.nonstiff.AdamsMoultonIntegratorTest.backward",,,,,,,,,,,,,,16,13,11,16,0,11,1,1,0,,,,0,,,,,,,,,,,,,0,3,5,0,1,10,5,6,1,1,,,0,0,,1,1,1,1,0.00
Public Method,"org.apache.commons.math3.ode.nonstiff.AdamsMoultonIntegratorTest.dimensionCheck",,,,,,,,,,,,,,8,8,5,4,0,4,1,1,0,,,,0,,,,,,,,,,,,,0,0,4,0,1,3,3,1,1,1,,,0,0,,1,1,1,1,0.00
Public Method,"org.apache.commons.math3.ode.nonstiff.AdamsMoultonIntegratorTest.exceedMaxEvaluations",,,,,,,,,,,,,,14,11,9,10,0,8,1,1,0,,,,0,,,,,,,,,,,,,0,3,5,0,1,7,5,3,1,1,,,0,0,,1,1,1,1,0.00
Public Method,"org.apache.commons.math3.ode.nonstiff.AdamsMoultonIntegratorTest.polynomial",,,,,,,,,,,,,,19,17,12,12,0,13,3,3,1,,,,0,,,,,,,,,,,,,0,2,6,0,3,10,6,7,3,1,,,0,2,,3,3,1,3,0.00
Public Method,"org.apache.commons.math3.ode.nonstiff.AdamsMoultonIntegratorTest.testIncreasingTolerance",,,,,,,,,,,,,,35,26,22,16,0,21,2,2,0,,,,0,,,,,,,,,,,,,0,6,11,3,2,19,11,10,2,1,,,0,1,,2,2,1,2,0.12
Public Method,"org.apache.commons.math3.ode.nonstiff.AdamsMoultonIntegratorTest.testMinStep",,,,,,,,,,,,,,18,15,13,9,0,10,1,1,0,,,,0,,,,,,,,,,,,,0,3,9,0,1,9,8,2,1,1,,,0,0,,1,1,1,1,0.00
Public Class,"org.apache.commons.math3.ode.nonstiff.AdamsNordsieckTransformer",2,1,2,10,12,,1,,6,7,0,2,5,306,101,64,,,92,,,,4,1,1,,2,2,26,13,1,0,1,,,2,7,0,,26,48,179,,73,49,43,,,4,4,,2,66,17,17,7,17,1.77
Private Constructor,"org.apache.commons.math3.ode.nonstiff.AdamsNordsieckTransformer.AdamsNordsieckTransformer",,,,,,,,,,,,,,37,22,16,15,1,20,3,3,0,,,,0,,,,,,,,,,,,,5,5,10,10,4,17,9,11,3,1,,,0,1,,3,3,1,3,0.45
Private Method,"org.apache.commons.math3.ode.nonstiff.AdamsNordsieckTransformer.buildP",,,,,,,,,,,,,,31,13,9,3,0,14,3,3,0,,,,0,,,,,,,,,,,,,3,4,5,14,3,11,7,7,3,1,,,0,2,,3,3,1,3,1.08
Public Static Method,"org.apache.commons.math3.ode.nonstiff.AdamsNordsieckTransformer.getInstance",,,,,,,,,,,,,,15,10,6,4,0,7,2,2,0,,,,0,,,,,,,,,,,,,4,0,2,5,2,4,2,5,2,1,,,0,1,,2,2,1,2,0.50
Public Method,"org.apache.commons.math3.ode.nonstiff.AdamsNordsieckTransformer.getNSteps",,,,,,,,,,,,,,8,3,1,1,0,2,1,1,0,,,,0,,,,,,,,,,,,,2,0,1,5,1,1,1,1,1,1,,,0,0,,1,1,1,1,1.67
Public Method,"org.apache.commons.math3.ode.nonstiff.AdamsNordsieckTransformer.initializeHighOrderDerivatives",,,,,,,,,,,,,,56,32,24,6,1,32,4,4,0,,,,0,,,,,,,,,,,,,7,6,18,18,5,28,19,13,4,1,,,0,2,,4,4,1,4,0.56
Public Method,"org.apache.commons.math3.ode.nonstiff.AdamsNordsieckTransformer.updateHighOrderDerivativesPhase1",,,,,,,,,,,,,,14,3,1,2,0,2,1,1,0,,,,0,,,,,,,,,,,,,3,0,1,11,1,1,1,1,1,1,,,0,0,,1,1,1,1,3.67
Public Method,"org.apache.commons.math3.ode.nonstiff.AdamsNordsieckTransformer.updateHighOrderDerivativesPhase2",,,,,,,,,,,,,,25,12,6,1,0,11,3,3,0,,,,0,,,,,,,,,,,,,6,0,6,13,3,8,6,5,3,1,,,0,2,,3,3,1,3,1.08
Public Abstract Class,"org.apache.commons.math3.ode.nonstiff.AdaptiveStepsizeIntegrator",2,1,2,8,8,,0,,13,36,0,0,10,343,150,81,,,104,,,,12,1,2,,2,2,21,11,1,3,0,,,8,13,3,,49,51,145,,76,33,71,,,12,13,,2,71,31,35,12,31,0.97
Public Constructor,"org.apache.commons.math3.ode.nonstiff.AdaptiveStepsizeIntegrator.AdaptiveStepsizeIntegrator",,,,,,,,,,,,,,22,8,3,4,0,4,1,1,0,,,,0,,,,,,,,,,,,,8,2,4,12,1,3,1,3,1,1,,,0,0,,1,1,1,1,1.50
Public Constructor,"org.apache.commons.math3.ode.nonstiff.AdaptiveStepsizeIntegrator.AdaptiveStepsizeIntegrator",,,,,,,,,,,,,,22,8,3,4,0,4,1,1,0,,,,0,,,,,,,,,,,,,8,2,4,12,1,3,1,3,1,1,,,0,0,,1,1,1,1,1.50
Protected Method,"org.apache.commons.math3.ode.nonstiff.AdaptiveStepsizeIntegrator.filterStep",,,,,,,,,,,,,,31,18,12,3,1,11,6,6,2,,,,0,,,,,,,,,,,,,10,4,3,9,9,6,2,9,6,1,,,0,2,,6,6,1,6,0.50
Public Method,"org.apache.commons.math3.ode.nonstiff.AdaptiveStepsizeIntegrator.getCurrentStepStart",,,,,,,,,,,,,,4,3,1,1,0,2,1,1,0,,,,0,,,,,,,,,,,,,1,0,1,1,1,1,1,1,1,1,,,0,0,,1,1,1,1,0.33
Public Method,"org.apache.commons.math3.ode.nonstiff.AdaptiveStepsizeIntegrator.getMaxStep",,,,,,,,,,,,,,6,3,1,1,0,2,1,1,0,,,,0,,,,,,,,,,,,,3,0,1,3,1,1,1,1,1,1,,,0,0,,1,1,1,1,1.00
Public Method,"org.apache.commons.math3.ode.nonstiff.AdaptiveStepsizeIntegrator.getMinStep",,,,,,,,,,,,,,6,3,1,1,0,2,1,1,0,,,,0,,,,,,,,,,,,,2,0,1,3,1,1,1,1,1,1,,,0,0,,1,1,1,1,1.00
Public Method,"org.apache.commons.math3.ode.nonstiff.AdaptiveStepsizeIntegrator.initializeStep",,,,,,,,,,,,,,73,47,34,10,2,39,12,13,1,,,,0,,,,,,,,,,,,,12,8,12,19,129,30,11,28,12,1,,,0,1,,12,13,1,12,0.40
Public Abstract Method,"org.apache.commons.math3.ode.nonstiff.AdaptiveStepsizeIntegrator.integrate",,,,,,,,,,,,,,3,2,0,0,0,1,0,0,0,,,,0,,,,,,,,,,,,,0,0,2,1,0,1,1,0,0,0,,,0,0,,0,0,0,0,0.50
Protected Method,"org.apache.commons.math3.ode.nonstiff.AdaptiveStepsizeIntegrator.resetInternalState",,,,,,,,,,,,,,5,4,2,3,0,3,1,1,0,,,,0,,,,,,,,,,,,,8,0,1,1,1,2,1,2,1,1,,,0,0,,1,1,1,1,0.25
Protected Method,"org.apache.commons.math3.ode.nonstiff.AdaptiveStepsizeIntegrator.sanityChecks",,,,,,,,,,,,,,17,11,6,5,1,7,3,5,0,,,,0,,,,,,,,,,,,,10,5,2,1,4,4,1,6,3,1,,,0,1,,3,5,1,3,0.09
Public Method,"org.apache.commons.math3.ode.nonstiff.AdaptiveStepsizeIntegrator.setInitialStepSize",,,,,,,,,,,,,,18,7,4,1,0,4,2,3,1,,,,0,,,,,,,,,,,,,6,0,1,11,2,2,1,3,2,1,,,0,1,,2,3,1,2,1.57
Public Method,"org.apache.commons.math3.ode.nonstiff.AdaptiveStepsizeIntegrator.setStepSizeControl",,,,,,,,,,,,,,28,11,7,8,0,8,1,1,0,,,,0,,,,,,,,,,,,,8,3,3,14,1,7,1,7,1,1,,,0,0,,1,1,1,1,1.27
Public Method,"org.apache.commons.math3.ode.nonstiff.AdaptiveStepsizeIntegrator.setStepSizeControl",,,,,,,,,,,,,,28,11,7,9,0,8,1,1,0,,,,0,,,,,,,,,,,,,5,3,3,14,1,7,1,7,1,1,,,0,0,,1,1,1,1,1.27
Public Class,"org.apache.commons.math3.ode.nonstiff.ClassicalRungeKuttaIntegrator",1,1,0,5,1,,3,,1,26,0,0,1,54,17,7,,,6,,,,1,1,3,,1,1,9,4,1,0,0,,,0,1,0,,5,13,32,,4,5,1,,,1,1,,0,0,1,1,1,1,1.88
Public Constructor,"org.apache.commons.math3.ode.nonstiff.ClassicalRungeKuttaIntegrator.ClassicalRungeKuttaIntegrator",,,,,,,,,,,,,,9,4,2,3,0,2,1,1,0,,,,0,,,,,,,,,,,,,15,0,1,5,1,1,1,1,1,1,,,0,0,,1,1,1,1,1.25
Public Class,"org.apache.commons.math3.ode.nonstiff.ClassicalRungeKuttaIntegratorTest",2,1,4,0,16,,0,,8,8,0,0,8,263,217,149,,,156,,,,7,1,1,,2,2,26,22,1,0,0,,,0,8,0,,43,69,3,,117,76,80,,,7,7,,3,0,20,20,8,20,0.01
Private Static Class,"org.apache.commons.math3.ode.nonstiff.ClassicalRungeKuttaIntegratorTest.KeplerHandler",1,1,0,1,2,,0,,3,3,0,0,3,28,24,13,,,18,,,,3,1,1,,1,1,8,6,2,0,0,,,2,3,0,,1,11,3,,12,11,7,,,3,3,,1,16,5,5,3,5,0.12
Public Constructor,"org.apache.commons.math3.ode.nonstiff.ClassicalRungeKuttaIntegratorTest.KeplerHandler.KeplerHandler",,,,,,,,,,,,,,4,4,2,3,0,3,1,1,0,,,,0,,,,,,,,,,,,,2,0,1,0,1,2,1,2,1,1,,,0,0,,1,1,1,1,0.00
Public Method,"org.apache.commons.math3.ode.nonstiff.ClassicalRungeKuttaIntegratorTest.KeplerHandler.handleStep",,,,,,,,,,,,,,17,13,9,5,1,10,3,3,0,,,,0,,,,,,,,,,,,,4,1,6,3,4,7,6,4,3,1,,,0,1,,3,3,1,3,0.23
Public Method,"org.apache.commons.math3.ode.nonstiff.ClassicalRungeKuttaIntegratorTest.KeplerHandler.init",,,,,,,,,,,,,,3,3,1,1,0,2,1,1,0,,,,0,,,,,,,,,,,,,0,0,1,0,1,1,1,1,1,1,,,0,0,,1,1,1,1,0.00
Public Method,"org.apache.commons.math3.ode.nonstiff.ClassicalRungeKuttaIntegratorTest.testBackward",,,,,,,,,,,,,,17,14,11,16,0,11,1,1,0,,,,0,,,,,,,,,,,,,0,3,5,0,1,10,5,6,1,1,,,0,0,,1,1,1,1,0.00
Public Method,"org.apache.commons.math3.ode.nonstiff.ClassicalRungeKuttaIntegratorTest.testBigStep",,,,,,,,,,,,,,17,13,10,14,0,10,1,1,0,,,,0,,,,,,,,,,,,,0,4,5,0,1,9,5,5,1,1,,,0,0,,1,1,1,1,0.00
Public Method,"org.apache.commons.math3.ode.nonstiff.ClassicalRungeKuttaIntegratorTest.testDecreasingSteps",,,,,,,,,,,,,,47,38,29,21,1,34,7,7,0,,,,0,,,,,,,,,,,,,1,9,13,0,18,27,15,19,7,1,,,0,3,,7,7,1,7,0.00
Public Method,"org.apache.commons.math3.ode.nonstiff.ClassicalRungeKuttaIntegratorTest.testKepler",,,,,,,,,,,,,,12,10,7,9,0,6,1,1,0,,,,0,,,,,,,,,,,,,0,2,4,0,1,5,4,2,1,1,,,0,0,,1,1,1,1,0.00
Public Method,"org.apache.commons.math3.ode.nonstiff.ClassicalRungeKuttaIntegratorTest.testMissedEndEvent",,,,,,,,,,,,,,55,44,31,5,1,39,4,4,0,,,,0,,,,,,,,,,,,,1,11,10,0,8,28,19,20,4,1,,,0,1,,4,4,1,4,0.00
Anonymous Class,"org.apache.commons.math3.ode.nonstiff.ClassicalRungeKuttaIntegratorTest.testMissedEndEvent.(Anon_1)",1,1,0,0,1,,0,,2,2,0,0,2,11,9,6,,,7,,,,2,1,1,,1,1,4,4,2,0,0,,,0,2,0,,2,1,0,,4,3,4,,,2,2,,1,0,3,3,2,3,0.00
Public Method,"org.apache.commons.math3.ode.nonstiff.ClassicalRungeKuttaIntegratorTest.testMissedEndEvent.(Anon_1).computeDerivatives",,,,,,,,,,,,,,5,5,3,1,0,5,2,2,0,,,,0,,,,,,,,,,,,,2,0,0,0,2,3,2,3,2,1,,,0,1,,2,2,1,2,0.00
Public Method,"org.apache.commons.math3.ode.nonstiff.ClassicalRungeKuttaIntegratorTest.testMissedEndEvent.(Anon_1).getDimension",,,,,,,,,,,,,,3,3,2,1,0,2,1,1,0,,,,0,,,,,,,,,,,,,1,0,0,0,1,1,1,1,1,1,,,0,0,,1,1,1,1,0.00
Anonymous Class,"org.apache.commons.math3.ode.nonstiff.ClassicalRungeKuttaIntegratorTest.testMissedEndEvent.(Anon_2)",1,1,0,0,2,,0,,4,4,0,0,4,16,12,8,,,7,,,,1,1,1,,1,1,2,2,2,0,0,,,0,4,0,,4,0,0,,3,4,3,,,1,1,,0,0,4,4,4,4,0.00
Public Method,"org.apache.commons.math3.ode.nonstiff.ClassicalRungeKuttaIntegratorTest.testMissedEndEvent.(Anon_2).eventOccurred",,,,,,,,,,,,,,4,4,3,2,0,3,1,1,0,,,,0,,,,,,,,,,,,,1,0,0,0,1,2,1,2,1,1,,,0,0,,1,1,1,1,0.00
Public Method,"org.apache.commons.math3.ode.nonstiff.ClassicalRungeKuttaIntegratorTest.testMissedEndEvent.(Anon_2).g",,,,,,,,,,,,,,3,3,2,1,0,2,1,1,0,,,,0,,,,,,,,,,,,,1,0,0,0,1,1,1,1,1,1,,,0,0,,1,1,1,1,0.00
Public Method,"org.apache.commons.math3.ode.nonstiff.ClassicalRungeKuttaIntegratorTest.testMissedEndEvent.(Anon_2).init",,,,,,,,,,,,,,2,2,1,0,0,1,1,1,0,,,,0,,,,,,,,,,,,,0,0,0,0,1,0,1,0,1,1,,,0,0,,1,1,1,1,0.00
Public Method,"org.apache.commons.math3.ode.nonstiff.ClassicalRungeKuttaIntegratorTest.testMissedEndEvent.(Anon_2).resetState",,,,,,,,,,,,,,2,2,1,0,0,1,1,1,0,,,,0,,,,,,,,,,,,,0,0,0,0,1,0,1,0,1,1,,,0,0,,1,1,1,1,0.00
Public Method,"org.apache.commons.math3.ode.nonstiff.ClassicalRungeKuttaIntegratorTest.testSanityChecks",,,,,,,,,,,,,,26,26,21,5,1,13,4,4,3,,,,0,,,,,,,,,,,,,0,0,4,0,8,9,4,9,4,1,,,0,1,,4,4,1,4,0.00
Public Method,"org.apache.commons.math3.ode.nonstiff.ClassicalRungeKuttaIntegratorTest.testSmallStep",,,,,,,,,,,,,,17,14,11,15,0,11,1,1,0,,,,0,,,,,,,,,,,,,0,3,5,0,1,10,5,6,1,1,,,0,0,,1,1,1,1,0.00
Public Method,"org.apache.commons.math3.ode.nonstiff.ClassicalRungeKuttaIntegratorTest.testStepSize",,,,,,,,,,,,,,24,24,16,3,0,13,1,1,0,,,,0,,,,,,,,,,,,,0,0,3,0,1,7,7,6,1,1,,,0,0,,1,1,1,1,0.00
Anonymous Class,"org.apache.commons.math3.ode.nonstiff.ClassicalRungeKuttaIntegratorTest.testStepSize.(Anon_3)",1,1,0,0,2,,0,,2,2,0,0,2,10,10,7,,,4,,,,2,1,1,,1,1,4,4,2,0,0,,,0,2,0,,0,0,0,,1,2,2,,,2,2,,1,0,3,3,2,3,0.00
Public Method,"org.apache.commons.math3.ode.nonstiff.ClassicalRungeKuttaIntegratorTest.testStepSize.(Anon_3).handleStep",,,,,,,,,,,,,,7,7,5,3,0,3,2,2,0,,,,0,,,,,,,,,,,,,2,0,0,0,2,1,1,2,2,1,,,0,1,,2,2,1,2,0.00
Public Method,"org.apache.commons.math3.ode.nonstiff.ClassicalRungeKuttaIntegratorTest.testStepSize.(Anon_3).init",,,,,,,,,,,,,,2,2,1,0,0,1,1,1,0,,,,0,,,,,,,,,,,,,0,0,0,0,1,0,1,0,1,1,,,0,0,,1,1,1,1,0.00
Anonymous Class,"org.apache.commons.math3.ode.nonstiff.ClassicalRungeKuttaIntegratorTest.testStepSize.(Anon_4)",1,1,0,0,0,,0,,2,2,0,0,2,7,7,5,,,4,,,,1,1,1,,1,1,3,3,2,0,0,,,0,2,0,,0,0,0,,2,2,2,,,1,1,,0,0,2,2,2,2,0.00
Public Method,"org.apache.commons.math3.ode.nonstiff.ClassicalRungeKuttaIntegratorTest.testStepSize.(Anon_4).computeDerivatives",,,,,,,,,,,,,,3,3,2,1,0,2,1,1,0,,,,0,,,,,,,,,,,,,0,0,0,0,1,1,1,1,1,1,,,0,0,,1,1,1,1,0.00
Public Method,"org.apache.commons.math3.ode.nonstiff.ClassicalRungeKuttaIntegratorTest.testStepSize.(Anon_4).getDimension",,,,,,,,,,,,,,3,3,2,1,0,2,1,1,0,,,,0,,,,,,,,,,,,,0,0,0,0,1,1,1,1,1,1,,,0,0,,1,1,1,1,0.00
Class,"org.apache.commons.math3.ode.nonstiff.ClassicalRungeKuttaStepInterpolator",1,1,0,4,0,,1,,4,40,0,0,2,112,53,36,,,40,,,,4,1,3,,1,2,16,11,1,0,0,,,0,4,2,,8,31,51,,32,29,11,,,4,5,,2,100,7,8,4,7,0.96
Public Constructor,"org.apache.commons.math3.ode.nonstiff.ClassicalRungeKuttaStepInterpolator.ClassicalRungeKuttaStepInterpolator",,,,,,,,,,,,,,12,2,0,1,0,1,1,1,0,,,,0,,,,,,,,,,,,,1,0,1,10,1,0,1,0,1,1,,,0,0,,1,1,1,1,5.00
Public Constructor,"org.apache.commons.math3.ode.nonstiff.ClassicalRungeKuttaStepInterpolator.ClassicalRungeKuttaStepInterpolator",,,,,,,,,,,,,,8,3,1,2,0,2,1,1,0,,,,0,,,,,,,,,,,,,2,0,1,5,1,1,1,1,1,1,,,0,0,,1,1,1,1,1.67
Protected Method,"org.apache.commons.math3.ode.nonstiff.ClassicalRungeKuttaStepInterpolator.computeInterpolatedStateAndDerivatives",,,,,,,,,,,,,,42,39,33,2,1,33,4,5,1,,,,0,,,,,,,,,,,,,8,2,23,1,4,29,24,9,4,1,,,0,2,,4,5,1,4,0.03
Protected Method,"org.apache.commons.math3.ode.nonstiff.ClassicalRungeKuttaStepInterpolator.doCopy",,,,,,,,,,,,,,4,3,1,2,0,2,1,1,0,,,,0,,,,,,,,,,,,,0,0,1,1,1,1,1,1,1,1,,,0,0,,1,1,1,1,0.33
Public Class,"org.apache.commons.math3.ode.nonstiff.ClassicalRungeKuttaStepInterpolatorTest",2,1,3,0,7,,0,,2,2,0,0,2,57,47,34,,,38,,,,4,1,1,,2,2,25,21,1,0,0,,,0,2,0,,10,26,0,,31,25,13,,,4,4,,2,0,5,5,2,5,0.00
Public Method,"org.apache.commons.math3.ode.nonstiff.ClassicalRungeKuttaStepInterpolatorTest.derivativesConsistency",,,,,,,,,,,,,,7,7,4,5,0,5,1,1,0,,,,0,,,,,,,,,,,,,0,0,4,0,1,4,4,1,1,1,,,0,0,,1,1,1,1,0.00
Public Method,"org.apache.commons.math3.ode.nonstiff.ClassicalRungeKuttaStepInterpolatorTest.serialization",,,,,,,,,,,,,,43,36,30,19,1,32,4,4,0,,,,0,,,,,,,,,,,,,0,7,19,0,6,27,20,12,4,1,,,0,2,,4,4,1,4,0.00
Public Class,"org.apache.commons.math3.ode.nonstiff.DormandPrince54Integrator",1,1,1,6,2,,10,,4,51,0,0,3,139,57,32,,,28,,,,3,1,4,,1,1,15,8,1,0,0,,,0,4,1,,23,41,59,,22,21,7,,,3,3,,1,65,6,6,4,6,1.04
Public Constructor,"org.apache.commons.math3.ode.nonstiff.DormandPrince54Integrator.DormandPrince54Integrator",,,,,,,,,,,,,,17,6,2,3,0,2,1,1,0,,,,0,,,,,,,,,,,,,15,0,3,11,1,1,1,1,1,1,,,0,0,,1,1,1,1,1.83
Public Constructor,"org.apache.commons.math3.ode.nonstiff.DormandPrince54Integrator.DormandPrince54Integrator",,,,,,,,,,,,,,17,6,2,3,0,2,1,1,0,,,,0,,,,,,,,,,,,,20,0,3,11,1,1,1,1,1,1,,,0,0,,1,1,1,1,1.83
Protected Method,"org.apache.commons.math3.ode.nonstiff.DormandPrince54Integrator.estimateError",,,,,,,,,,,,,,24,17,12,4,0,11,3,3,0,,,,0,,,,,,,,,,,,,15,6,10,1,2,9,7,4,3,1,,,0,1,,3,3,1,3,0.06
Public Method,"org.apache.commons.math3.ode.nonstiff.DormandPrince54Integrator.getOrder",,,,,,,,,,,,,,4,3,1,1,0,2,1,1,0,,,,0,,,,,,,,,,,,,0,0,1,1,1,1,1,1,1,1,,,0,0,,1,1,1,1,0.33
Public Class,"org.apache.commons.math3.ode.nonstiff.DormandPrince54IntegratorTest",1,1,3,0,19,,0,,8,8,0,0,8,305,253,174,,,179,,,,2,1,1,,1,1,22,19,1,0,0,,,0,8,0,,49,113,3,,147,97,82,,,2,2,,1,0,10,10,8,10,0.01
Private Static Class,"org.apache.commons.math3.ode.nonstiff.DormandPrince54IntegratorTest.DP54SmallLastHandler",1,1,0,0,2,,0,,4,4,0,0,4,26,20,7,,,14,,,,2,1,1,,1,1,4,4,2,0,0,,,2,4,0,,6,8,0,,8,8,6,,,2,2,,1,37,5,5,4,5,0.00
Public Constructor,"org.apache.commons.math3.ode.nonstiff.DormandPrince54IntegratorTest.DP54SmallLastHandler.DP54SmallLastHandler",,,,,,,,,,,,,,4,4,2,3,0,3,1,1,0,,,,0,,,,,,,,,,,,,2,0,1,0,1,2,1,2,1,1,,,0,0,,1,1,1,1,0.00
Public Method,"org.apache.commons.math3.ode.nonstiff.DormandPrince54IntegratorTest.DP54SmallLastHandler.handleStep",,,,,,,,,,,,,,7,7,4,5,0,5,2,2,0,,,,0,,,,,,,,,,,,,3,0,2,0,2,3,2,3,2,1,,,0,1,,2,2,1,2,0.00
Public Method,"org.apache.commons.math3.ode.nonstiff.DormandPrince54IntegratorTest.DP54SmallLastHandler.init",,,,,,,,,,,,,,2,2,0,0,0,1,1,1,0,,,,0,,,,,,,,,,,,,0,0,1,0,1,0,1,0,1,1,,,0,0,,1,1,1,1,0.00
Public Method,"org.apache.commons.math3.ode.nonstiff.DormandPrince54IntegratorTest.DP54SmallLastHandler.wasLastSeen",,,,,,,,,,,,,,3,3,1,1,0,2,1,1,0,,,,0,,,,,,,,,,,,,2,0,1,0,1,1,1,1,1,1,,,0,0,,1,1,1,1,0.00
Private Static Class,"org.apache.commons.math3.ode.nonstiff.DormandPrince54IntegratorTest.KeplerHandler",2,1,1,0,2,,0,,3,3,0,0,3,36,33,19,,,28,,,,4,1,1,,2,2,10,9,2,0,0,,,3,3,0,,3,15,0,,21,16,12,,,4,4,,2,33,6,6,3,6,0.00
Public Constructor,"org.apache.commons.math3.ode.nonstiff.DormandPrince54IntegratorTest.KeplerHandler.KeplerHandler",,,,,,,,,,,,,,3,3,1,2,0,2,1,1,0,,,,0,,,,,,,,,,,,,2,0,1,0,1,1,1,1,1,1,,,0,0,,1,1,1,1,0.00
Public Method,"org.apache.commons.math3.ode.nonstiff.DormandPrince54IntegratorTest.KeplerHandler.handleStep",,,,,,,,,,,,,,24,21,16,9,1,19,4,4,0,,,,0,,,,,,,,,,,,,5,3,9,0,6,15,10,9,4,1,,,0,2,,4,4,1,4,0.00
Public Method,"org.apache.commons.math3.ode.nonstiff.DormandPrince54IntegratorTest.KeplerHandler.init",,,,,,,,,,,,,,4,4,2,2,0,3,1,1,0,,,,0,,,,,,,,,,,,,0,0,1,0,1,2,1,2,1,1,,,0,0,,1,1,1,1,0.00
Private Static Class,"org.apache.commons.math3.ode.nonstiff.DormandPrince54IntegratorTest.VariableHandler",2,1,0,0,2,,0,,3,3,0,0,3,38,36,20,,,25,,,,5,1,1,,2,2,11,10,2,0,0,,,3,3,0,,2,10,0,,17,8,17,,,5,5,,2,0,7,7,3,7,0.00
Public Constructor,"org.apache.commons.math3.ode.nonstiff.DormandPrince54IntegratorTest.VariableHandler.VariableHandler",,,,,,,,,,,,,,5,5,3,4,0,4,1,1,0,,,,0,,,,,,,,,,,,,1,0,1,0,1,3,1,3,1,1,,,0,0,,1,1,1,1,0.00
Public Method,"org.apache.commons.math3.ode.nonstiff.DormandPrince54IntegratorTest.VariableHandler.handleStep",,,,,,,,,,,,,,23,21,14,7,1,13,5,5,1,,,,0,,,,,,,,,,,,,5,2,4,0,10,8,2,11,5,1,,,0,2,,5,5,1,5,0.00
Public Method,"org.apache.commons.math3.ode.nonstiff.DormandPrince54IntegratorTest.VariableHandler.init",,,,,,,,,,,,,,5,5,3,3,0,4,1,1,0,,,,0,,,,,,,,,,,,,0,0,1,0,1,3,1,3,1,1,,,0,0,,1,1,1,1,0.00
Public Method,"org.apache.commons.math3.ode.nonstiff.DormandPrince54IntegratorTest.testBackward",,,,,,,,,,,,,,22,19,16,15,0,14,1,1,0,,,,0,,,,,,,,,,,,,0,3,9,0,1,13,8,6,1,1,,,0,0,,1,1,1,1,0.00
Public Method,"org.apache.commons.math3.ode.nonstiff.DormandPrince54IntegratorTest.testDimensionCheck",,,,,,,,,,,,,,8,8,6,4,0,4,1,1,0,,,,0,,,,,,,,,,,,,0,0,4,0,1,3,3,1,1,1,,,0,0,,1,1,1,1,0.00
Public Method,"org.apache.commons.math3.ode.nonstiff.DormandPrince54IntegratorTest.testEvents",,,,,,,,,,,,,,32,28,24,19,0,22,2,2,0,,,,0,,,,,,,,,,,,,1,4,11,0,2,20,11,11,2,1,,,0,1,,2,2,1,2,0.00
Public Method,"org.apache.commons.math3.ode.nonstiff.DormandPrince54IntegratorTest.testIncreasingTolerance",,,,,,,,,,,,,,40,31,26,22,0,26,2,2,0,,,,0,,,,,,,,,,,,,0,6,11,3,2,24,11,15,2,1,,,0,1,,2,2,1,2,0.10
Public Method,"org.apache.commons.math3.ode.nonstiff.DormandPrince54IntegratorTest.testKepler",,,,,,,,,,,,,,21,17,14,13,0,11,1,1,0,,,,0,,,,,,,,,,,,,0,4,8,0,1,10,7,4,1,1,,,0,0,,1,1,1,1,0.00
Public Method,"org.apache.commons.math3.ode.nonstiff.DormandPrince54IntegratorTest.testMinStep",,,,,,,,,,,,,,19,16,14,10,0,11,1,1,0,,,,0,,,,,,,,,,,,,0,3,9,0,1,10,8,3,1,1,,,0,0,,1,1,1,1,0.00
Public Method,"org.apache.commons.math3.ode.nonstiff.DormandPrince54IntegratorTest.testSmallLastStep",,,,,,,,,,,,,,24,20,16,15,0,13,1,1,0,,,,0,,,,,,,,,,,,,0,4,9,0,1,12,8,5,1,1,,,0,0,,1,1,1,1,0.00
Public Method,"org.apache.commons.math3.ode.nonstiff.DormandPrince54IntegratorTest.testVariableSteps",,,,,,,,,,,,,,17,15,12,10,0,10,1,1,0,,,,0,,,,,,,,,,,,,0,2,10,0,1,9,8,2,1,1,,,0,0,,1,1,1,1,0.00
Class,"org.apache.commons.math3.ode.nonstiff.DormandPrince54StepInterpolator",2,1,2,3,2,,12,,6,42,0,0,4,199,108,73,,,87,,,,7,1,3,,2,2,20,14,1,0,0,,,5,6,2,,42,44,49,,73,38,49,,,7,8,,2,68,13,14,6,13,0.45
Public Constructor,"org.apache.commons.math3.ode.nonstiff.DormandPrince54StepInterpolator.DormandPrince54StepInterpolator",,,,,,,,,,,,,,17,8,6,7,0,7,1,1,0,,,,0,,,,,,,,,,,,,2,0,1,9,1,6,1,6,1,1,,,0,0,,1,1,1,1,1.12
Public Constructor,"org.apache.commons.math3.ode.nonstiff.DormandPrince54StepInterpolator.DormandPrince54StepInterpolator",,,,,,,,,,,,,,28,16,13,8,0,13,2,2,1,,,,0,,,,,,,,,,,,,7,7,1,5,2,11,1,12,2,1,,,0,1,,2,2,1,2,0.31
Protected Method,"org.apache.commons.math3.ode.nonstiff.DormandPrince54StepInterpolator.computeInterpolatedStateAndDerivatives",,,,,,,,,,,,,,54,42,33,7,1,37,7,8,1,,,,0,,,,,,,,,,,,,24,8,13,4,20,30,15,22,7,1,,,0,2,,7,8,1,7,0.10
Protected Method,"org.apache.commons.math3.ode.nonstiff.DormandPrince54StepInterpolator.doCopy",,,,,,,,,,,,,,4,3,1,2,0,2,1,1,0,,,,0,,,,,,,,,,,,,0,0,1,1,1,1,1,1,1,1,,,0,0,,1,1,1,1,0.33
Public Method,"org.apache.commons.math3.ode.nonstiff.DormandPrince54StepInterpolator.reinitialize",,,,,,,,,,,,,,12,11,6,6,0,7,1,1,0,,,,0,,,,,,,,,,,,,6,0,4,1,1,6,1,6,1,1,,,0,0,,1,1,1,1,0.09
Public Method,"org.apache.commons.math3.ode.nonstiff.DormandPrince54StepInterpolator.storeTime",,,,,,,,,,,,,,5,4,2,2,0,3,1,1,0,,,,0,,,,,,,,,,,,,1,0,1,1,1,2,1,2,1,1,,,0,0,,1,1,1,1,0.25
Public Class,"org.apache.commons.math3.ode.nonstiff.DormandPrince54StepInterpolatorTest",2,1,2,0,7,,0,,3,3,0,0,3,108,96,75,,,75,,,,4,1,1,,2,2,33,30,1,0,0,,,0,3,0,,12,50,0,,63,49,26,,,4,4,,2,0,6,6,3,6,0.00
Public Method,"org.apache.commons.math3.ode.nonstiff.DormandPrince54StepInterpolatorTest.checkClone",,,,,,,,,,,,,,39,38,31,8,0,31,1,1,0,,,,0,,,,,,,,,,,,,0,1,15,0,1,26,18,13,1,1,,,0,0,,1,1,1,1,0.00
Anonymous Class,"org.apache.commons.math3.ode.nonstiff.DormandPrince54StepInterpolatorTest.checkClone.(Anon_1)",2,1,0,0,2,,0,,2,2,0,0,2,23,23,19,,,22,,,,3,1,1,,2,2,11,11,2,0,0,,,0,2,0,,0,7,0,,18,11,11,,,3,3,,2,0,4,4,2,4,0.00
Public Method,"org.apache.commons.math3.ode.nonstiff.DormandPrince54StepInterpolatorTest.checkClone.(Anon_1).handleStep",,,,,,,,,,,,,,20,20,17,9,0,21,3,3,0,,,,0,,,,,,,,,,,,,2,0,7,0,3,18,10,11,3,1,,,0,2,,3,3,1,3,0.00
Public Method,"org.apache.commons.math3.ode.nonstiff.DormandPrince54StepInterpolatorTest.checkClone.(Anon_1).init",,,,,,,,,,,,,,2,2,1,0,0,1,1,1,0,,,,0,,,,,,,,,,,,,0,0,0,0,1,0,1,0,1,1,,,0,0,,1,1,1,1,0.00
Public Method,"org.apache.commons.math3.ode.nonstiff.DormandPrince54StepInterpolatorTest.derivativesConsistency",,,,,,,,,,,,,,12,12,9,5,0,8,1,1,0,,,,0,,,,,,,,,,,,,0,0,8,0,1,7,7,1,1,1,,,0,0,,1,1,1,1,0.00
Public Method,"org.apache.commons.math3.ode.nonstiff.DormandPrince54StepInterpolatorTest.serialization",,,,,,,,,,,,,,48,41,35,19,1,35,4,4,0,,,,0,,,,,,,,,,,,,0,7,23,0,6,30,23,12,4,1,,,0,2,,4,4,1,4,0.00
Public Class,"org.apache.commons.math3.ode.nonstiff.DormandPrince853Integrator",1,1,1,6,2,,20,,4,51,0,0,3,264,125,99,,,45,,,,4,1,4,,1,1,18,11,1,0,0,,,0,4,1,,46,99,93,,38,35,10,,,4,4,,1,70,7,7,4,7,0.74
Public Constructor,"org.apache.commons.math3.ode.nonstiff.DormandPrince853Integrator.DormandPrince853Integrator",,,,,,,,,,,,,,18,7,3,3,0,2,1,1,0,,,,0,,,,,,,,,,,,,24,0,3,11,1,1,1,1,1,1,,,0,0,,1,1,1,1,1.57
Public Constructor,"org.apache.commons.math3.ode.nonstiff.DormandPrince853Integrator.DormandPrince853Integrator",,,,,,,,,,,,,,18,7,3,3,0,2,1,1,0,,,,0,,,,,,,,,,,,,10,0,3,11,1,1,1,1,1,1,,,0,0,,1,1,1,1,1.57
Protected Method,"org.apache.commons.math3.ode.nonstiff.DormandPrince853Integrator.estimateError",,,,,,,,,,,,,,35,29,23,4,1,18,4,4,0,,,,0,,,,,,,,,,,,,25,5,15,1,4,15,11,7,4,1,,,0,1,,4,4,1,4,0.03
Public Method,"org.apache.commons.math3.ode.nonstiff.DormandPrince853Integrator.getOrder",,,,,,,,,,,,,,4,3,1,1,0,2,1,1,0,,,,0,,,,,,,,,,,,,0,0,1,1,1,1,1,1,1,1,,,0,0,,1,1,1,1,0.33
Public Class,"org.apache.commons.math3.ode.nonstiff.DormandPrince853IntegratorTest",1,1,3,0,19,,0,,11,11,0,0,11,358,297,210,,,215,,,,4,1,1,,1,1,23,19,1,0,0,,,0,11,0,,58,126,3,,174,114,101,,,4,4,,1,0,16,16,11,16,0.01
Private Static Class,"org.apache.commons.math3.ode.nonstiff.DormandPrince853IntegratorTest.KeplerHandler",2,1,1,0,2,,0,,3,3,0,0,3,36,33,19,,,28,,,,4,1,1,,2,2,10,9,2,0,0,,,3,3,0,,3,15,0,,21,16,12,,,4,4,,2,33,6,6,3,6,0.00
Public Constructor,"org.apache.commons.math3.ode.nonstiff.DormandPrince853IntegratorTest.KeplerHandler.KeplerHandler",,,,,,,,,,,,,,3,3,1,2,0,2,1,1,0,,,,0,,,,,,,,,,,,,2,0,1,0,1,1,1,1,1,1,,,0,0,,1,1,1,1,0.00
Public Method,"org.apache.commons.math3.ode.nonstiff.DormandPrince853IntegratorTest.KeplerHandler.handleStep",,,,,,,,,,,,,,24,21,16,9,1,19,4,4,0,,,,0,,,,,,,,,,,,,5,3,9,0,6,15,10,9,4,1,,,0,2,,4,4,1,4,0.00
Public Method,"org.apache.commons.math3.ode.nonstiff.DormandPrince853IntegratorTest.KeplerHandler.init",,,,,,,,,,,,,,4,4,2,2,0,3,1,1,0,,,,0,,,,,,,,,,,,,0,0,1,0,1,2,1,2,1,1,,,0,0,,1,1,1,1,0.00
Private Static Class,"org.apache.commons.math3.ode.nonstiff.DormandPrince853IntegratorTest.VariableHandler",2,1,0,0,2,,0,,3,3,0,0,3,38,36,23,,,25,,,,5,1,1,,2,2,11,10,2,0,0,,,3,3,0,,2,10,0,,17,8,17,,,5,5,,2,0,7,7,3,7,0.00
Public Constructor,"org.apache.commons.math3.ode.nonstiff.DormandPrince853IntegratorTest.VariableHandler.VariableHandler",,,,,,,,,,,,,,5,5,3,4,0,4,1,1,0,,,,0,,,,,,,,,,,,,1,0,1,0,1,3,1,3,1,1,,,0,0,,1,1,1,1,0.00
Public Method,"org.apache.commons.math3.ode.nonstiff.DormandPrince853IntegratorTest.VariableHandler.handleStep",,,,,,,,,,,,,,23,21,14,7,1,13,5,5,1,,,,0,,,,,,,,,,,,,5,2,4,0,10,8,2,11,5,1,,,0,2,,5,5,1,5,0.00
Public Method,"org.apache.commons.math3.ode.nonstiff.DormandPrince853IntegratorTest.VariableHandler.init",,,,,,,,,,,,,,5,5,3,3,0,4,1,1,0,,,,0,,,,,,,,,,,,,0,0,1,0,1,3,1,3,1,1,,,0,0,,1,1,1,1,0.00
Public Method,"org.apache.commons.math3.ode.nonstiff.DormandPrince853IntegratorTest.testBackward",,,,,,,,,,,,,,22,19,16,15,0,14,1,1,0,,,,0,,,,,,,,,,,,,0,3,9,0,1,13,8,6,1,1,,,0,0,,1,1,1,1,0.00
Public Method,"org.apache.commons.math3.ode.nonstiff.DormandPrince853IntegratorTest.testDimensionCheck",,,,,,,,,,,,,,9,9,7,5,0,5,1,1,0,,,,0,,,,,,,,,,,,,0,0,4,0,1,4,3,2,1,1,,,0,0,,1,1,1,1,0.00
Public Method,"org.apache.commons.math3.ode.nonstiff.DormandPrince853IntegratorTest.testEvents",,,,,,,,,,,,,,31,27,23,18,0,22,2,2,0,,,,0,,,,,,,,,,,,,1,4,11,0,2,20,11,11,2,1,,,0,1,,2,2,1,2,0.00
Public Method,"org.apache.commons.math3.ode.nonstiff.DormandPrince853IntegratorTest.testIncreasingTolerance",,,,,,,,,,,,,,35,26,21,16,0,21,2,2,0,,,,0,,,,,,,,,,,,,0,6,11,3,2,19,11,10,2,1,,,0,1,,2,2,1,2,0.12
Public Method,"org.apache.commons.math3.ode.nonstiff.DormandPrince853IntegratorTest.testKepler",,,,,,,,,,,,,,21,17,14,13,0,11,1,1,0,,,,0,,,,,,,,,,,,,0,4,8,0,1,10,7,4,1,1,,,0,0,,1,1,1,1,0.00
Public Method,"org.apache.commons.math3.ode.nonstiff.DormandPrince853IntegratorTest.testMinStep",,,,,,,,,,,,,,19,16,14,10,0,11,1,1,0,,,,0,,,,,,,,,,,,,0,3,9,0,1,10,8,3,1,1,,,0,0,,1,1,1,1,0.00
Public Method,"org.apache.commons.math3.ode.nonstiff.DormandPrince853IntegratorTest.testMissedEndEvent",,,,,,,,,,,,,,58,47,34,6,1,41,4,4,0,,,,0,,,,,,,,,,,,,1,11,11,0,8,30,19,22,4,1,,,0,1,,4,4,1,4,0.00
Anonymous Class,"org.apache.commons.math3.ode.nonstiff.DormandPrince853IntegratorTest.testMissedEndEvent.(Anon_1)",1,1,0,0,1,,0,,2,2,0,0,2,11,9,6,,,7,,,,2,1,1,,1,1,4,4,2,0,0,,,0,2,0,,2,1,0,,4,3,4,,,2,2,,1,0,3,3,2,3,0.00
Public Method,"org.apache.commons.math3.ode.nonstiff.DormandPrince853IntegratorTest.testMissedEndEvent.(Anon_1).computeDerivatives",,,,,,,,,,,,,,5,5,3,1,0,5,2,2,0,,,,0,,,,,,,,,,,,,2,0,0,0,2,3,2,3,2,1,,,0,1,,2,2,1,2,0.00
Public Method,"org.apache.commons.math3.ode.nonstiff.DormandPrince853IntegratorTest.testMissedEndEvent.(Anon_1).getDimension",,,,,,,,,,,,,,3,3,2,1,0,2,1,1,0,,,,0,,,,,,,,,,,,,1,0,0,0,1,1,1,1,1,1,,,0,0,,1,1,1,1,0.00
Anonymous Class,"org.apache.commons.math3.ode.nonstiff.DormandPrince853IntegratorTest.testMissedEndEvent.(Anon_2)",1,1,0,0,2,,0,,4,4,0,0,4,16,12,8,,,7,,,,1,1,1,,1,1,2,2,2,0,0,,,0,4,0,,4,0,0,,3,4,3,,,1,1,,0,0,4,4,4,4,0.00
Public Method,"org.apache.commons.math3.ode.nonstiff.DormandPrince853IntegratorTest.testMissedEndEvent.(Anon_2).eventOccurred",,,,,,,,,,,,,,4,4,3,2,0,3,1,1,0,,,,0,,,,,,,,,,,,,1,0,0,0,1,2,1,2,1,1,,,0,0,,1,1,1,1,0.00
Public Method,"org.apache.commons.math3.ode.nonstiff.DormandPrince853IntegratorTest.testMissedEndEvent.(Anon_2).g",,,,,,,,,,,,,,3,3,2,1,0,2,1,1,0,,,,0,,,,,,,,,,,,,1,0,0,0,1,1,1,1,1,1,,,0,0,,1,1,1,1,0.00
Public Method,"org.apache.commons.math3.ode.nonstiff.DormandPrince853IntegratorTest.testMissedEndEvent.(Anon_2).init",,,,,,,,,,,,,,2,2,1,0,0,1,1,1,0,,,,0,,,,,,,,,,,,,0,0,0,0,1,0,1,0,1,1,,,0,0,,1,1,1,1,0.00
Public Method,"org.apache.commons.math3.ode.nonstiff.DormandPrince853IntegratorTest.testMissedEndEvent.(Anon_2).resetState",,,,,,,,,,,,,,2,2,1,0,0,1,1,1,0,,,,0,,,,,,,,,,,,,0,0,0,0,1,0,1,0,1,1,,,0,0,,1,1,1,1,0.00
Public Method,"org.apache.commons.math3.ode.nonstiff.DormandPrince853IntegratorTest.testNullIntervalCheck",,,,,,,,,,,,,,9,9,7,5,0,5,1,1,0,,,,0,,,,,,,,,,,,,0,0,4,0,1,4,3,2,1,1,,,0,0,,1,1,1,1,0.00
Public Method,"org.apache.commons.math3.ode.nonstiff.DormandPrince853IntegratorTest.testTooLargeFirstStep",,,,,,,,,,,,,,24,18,12,2,0,13,1,1,0,,,,0,,,,,,,,,,,,,0,6,7,0,1,10,7,6,1,1,,,0,0,,1,1,1,1,0.00
Anonymous Class,"org.apache.commons.math3.ode.nonstiff.DormandPrince853IntegratorTest.testTooLargeFirstStep.(Anon_3)",1,1,0,0,2,,0,,2,2,0,0,2,11,9,7,,,6,,,,1,1,1,,1,1,4,4,2,0,0,,,0,2,0,,2,1,0,,4,2,4,,,1,1,,0,0,2,2,2,2,0.00
Public Method,"org.apache.commons.math3.ode.nonstiff.DormandPrince853IntegratorTest.testTooLargeFirstStep.(Anon_3).computeDerivatives",,,,,,,,,,,,,,5,5,4,3,0,4,1,1,0,,,,0,,,,,,,,,,,,,2,0,0,0,1,3,1,3,1,1,,,0,0,,1,1,1,1,0.00
Public Method,"org.apache.commons.math3.ode.nonstiff.DormandPrince853IntegratorTest.testTooLargeFirstStep.(Anon_3).getDimension",,,,,,,,,,,,,,3,3,2,1,0,2,1,1,0,,,,0,,,,,,,,,,,,,0,0,0,0,1,1,1,1,1,1,,,0,0,,1,1,1,1,0.00
Public Method,"org.apache.commons.math3.ode.nonstiff.DormandPrince853IntegratorTest.testUnstableDerivative",,,,,,,,,,,,,,10,10,6,5,0,7,1,1,0,,,,0,,,,,,,,,,,,,0,0,5,0,1,6,4,3,1,1,,,0,0,,1,1,1,1,0.00
Public Method,"org.apache.commons.math3.ode.nonstiff.DormandPrince853IntegratorTest.testVariableSteps",,,,,,,,,,,,,,19,17,14,11,0,11,1,1,0,,,,0,,,,,,,,,,,,,0,2,10,0,1,10,8,3,1,1,,,0,0,,1,1,1,1,0.00
Class,"org.apache.commons.math3.ode.nonstiff.DormandPrince853StepInterpolator",3,1,4,3,2,,43,,9,45,0,0,6,463,265,206,,,191,,,,9,1,3,,3,3,28,20,1,0,0,,,3,9,3,,106,123,92,,162,98,93,,,9,10,,3,85,32,33,9,32,0.35
Public Constructor,"org.apache.commons.math3.ode.nonstiff.DormandPrince853StepInterpolator.DormandPrince853StepInterpolator",,,,,,,,,,,,,,15,6,4,5,0,5,1,1,0,,,,0,,,,,,,,,,,,,2,0,1,9,1,4,1,4,1,1,,,0,0,,1,1,1,1,1.50
Public Constructor,"org.apache.commons.math3.ode.nonstiff.DormandPrince853StepInterpolator.DormandPrince853StepInterpolator",,,,,,,,,,,,,,37,22,17,6,1,20,4,4,1,,,,0,,,,,,,,,,,,,7,10,2,5,5,16,4,16,4,1,,,0,2,,4,4,1,4,0.23
Protected Method,"org.apache.commons.math3.ode.nonstiff.DormandPrince853StepInterpolator.computeInterpolatedStateAndDerivatives",,,,,,,,,,,,,,88,76,65,5,2,52,9,10,1,,,,0,,,,,,,,,,,,,20,9,23,3,40,43,27,25,9,1,,,0,3,,9,10,1,9,0.04
Protected Method,"org.apache.commons.math3.ode.nonstiff.DormandPrince853StepInterpolator.doCopy",,,,,,,,,,,,,,4,3,1,2,0,2,1,1,0,,,,0,,,,,,,,,,,,,0,0,1,1,1,1,1,1,1,1,,,0,0,,1,1,1,1,0.33
Protected Method,"org.apache.commons.math3.ode.nonstiff.DormandPrince853StepInterpolator.doFinalize",,,,,,,,,,,,,,42,31,24,2,1,24,5,5,1,,,,0,,,,,,,,,,,,,39,6,4,5,9,19,7,17,5,1,,,0,1,,5,5,1,5,0.16
Public Method,"org.apache.commons.math3.ode.nonstiff.DormandPrince853StepInterpolator.readExternal",,,,,,,,,,,,,,21,14,10,4,0,13,5,5,0,,,,0,,,,,,,,,,,,,1,4,3,3,2,11,3,10,5,1,,,0,1,,5,5,1,5,0.21
Public Method,"org.apache.commons.math3.ode.nonstiff.DormandPrince853StepInterpolator.reinitialize",,,,,,,,,,,,,,23,16,9,4,1,14,3,3,0,,,,0,,,,,,,,,,,,,10,6,5,1,4,11,4,10,3,1,,,0,1,,3,3,1,3,0.06
Public Method,"org.apache.commons.math3.ode.nonstiff.DormandPrince853StepInterpolator.storeTime",,,,,,,,,,,,,,5,4,2,2,0,3,1,1,0,,,,0,,,,,,,,,,,,,1,0,1,1,1,2,1,2,1,1,,,0,0,,1,1,1,1,0.25
Public Method,"org.apache.commons.math3.ode.nonstiff.DormandPrince853StepInterpolator.writeExternal",,,,,,,,,,,,,,19,12,8,4,0,11,3,3,0,,,,0,,,,,,,,,,,,,4,4,3,3,2,9,3,8,3,1,,,0,1,,3,3,1,3,0.25
Public Class,"org.apache.commons.math3.ode.nonstiff.DormandPrince853StepInterpolatorTest",2,1,2,0,7,,0,,3,3,0,0,3,108,96,75,,,75,,,,4,1,1,,2,2,33,30,1,0,0,,,0,3,0,,12,50,0,,63,49,26,,,4,4,,2,0,6,6,3,6,0.00
Public Method,"org.apache.commons.math3.ode.nonstiff.DormandPrince853StepInterpolatorTest.checklone",,,,,,,,,,,,,,39,38,31,8,0,31,1,1,0,,,,0,,,,,,,,,,,,,0,1,15,0,1,26,18,13,1,1,,,0,0,,1,1,1,1,0.00
Anonymous Class,"org.apache.commons.math3.ode.nonstiff.DormandPrince853StepInterpolatorTest.checklone.(Anon_1)",2,1,0,0,2,,0,,2,2,0,0,2,23,23,19,,,22,,,,3,1,1,,2,2,11,11,2,0,0,,,0,2,0,,0,7,0,,18,11,11,,,3,3,,2,0,4,4,2,4,0.00
Public Method,"org.apache.commons.math3.ode.nonstiff.DormandPrince853StepInterpolatorTest.checklone.(Anon_1).handleStep",,,,,,,,,,,,,,20,20,17,9,0,21,3,3,0,,,,0,,,,,,,,,,,,,2,0,7,0,3,18,10,11,3,1,,,0,2,,3,3,1,3,0.00
Public Method,"org.apache.commons.math3.ode.nonstiff.DormandPrince853StepInterpolatorTest.checklone.(Anon_1).init",,,,,,,,,,,,,,2,2,1,0,0,1,1,1,0,,,,0,,,,,,,,,,,,,0,0,0,0,1,0,1,0,1,1,,,0,0,,1,1,1,1,0.00
Public Method,"org.apache.commons.math3.ode.nonstiff.DormandPrince853StepInterpolatorTest.derivativesConsistency",,,,,,,,,,,,,,12,12,9,5,0,8,1,1,0,,,,0,,,,,,,,,,,,,0,0,8,0,1,7,7,1,1,1,,,0,0,,1,1,1,1,0.00
Public Method,"org.apache.commons.math3.ode.nonstiff.DormandPrince853StepInterpolatorTest.serialization",,,,,,,,,,,,,,48,41,35,19,1,35,4,4,0,,,,0,,,,,,,,,,,,,0,7,23,0,6,30,23,12,4,1,,,0,2,,4,4,1,4,0.00
Public Abstract Class,"org.apache.commons.math3.ode.nonstiff.EmbeddedRungeKuttaIntegrator",3,1,4,7,6,,0,,11,47,0,0,8,353,173,107,,,136,,,,22,1,3,,3,3,28,17,1,3,0,,,9,11,3,,59,59,121,,108,49,87,,,22,23,,5,66,30,31,9,30,0.70
Protected Constructor,"org.apache.commons.math3.ode.nonstiff.EmbeddedRungeKuttaIntegrator.EmbeddedRungeKuttaIntegrator",,,,,,,,,,,,,,39,17,10,12,0,11,1,1,0,,,,0,,,,,,,,,,,,,13,5,6,17,1,10,1,10,1,1,,,0,0,,1,1,1,1,1.00
Protected Constructor,"org.apache.commons.math3.ode.nonstiff.EmbeddedRungeKuttaIntegrator.EmbeddedRungeKuttaIntegrator",,,,,,,,,,,,,,37,17,10,12,0,11,1,1,0,,,,0,,,,,,,,,,,,,13,5,6,15,1,10,1,10,1,1,,,0,0,,1,1,1,1,0.88
Protected Abstract Method,"org.apache.commons.math3.ode.nonstiff.EmbeddedRungeKuttaIntegrator.estimateError",,,,,,,,,,,,,,10,3,0,1,0,1,0,0,0,,,,0,,,,,,,,,,,,,1,0,3,7,0,1,1,0,0,0,,,0,0,,0,0,0,0,2.33
Public Method,"org.apache.commons.math3.ode.nonstiff.EmbeddedRungeKuttaIntegrator.getMaxGrowth",,,,,,,,,,,,,,6,3,1,1,0,2,1,1,0,,,,0,,,,,,,,,,,,,2,0,1,3,1,1,1,1,1,1,,,0,0,,1,1,1,1,1.00
Public Method,"org.apache.commons.math3.ode.nonstiff.EmbeddedRungeKuttaIntegrator.getMinReduction",,,,,,,,,,,,,,6,3,1,1,0,2,1,1,0,,,,0,,,,,,,,,,,,,2,0,1,3,1,1,1,1,1,1,,,0,0,,1,1,1,1,1.00
Public Abstract Method,"org.apache.commons.math3.ode.nonstiff.EmbeddedRungeKuttaIntegrator.getOrder",,,,,,,,,,,,,,4,1,0,1,0,1,0,0,0,,,,0,,,,,,,,,,,,,3,0,1,3,0,1,1,0,0,0,,,0,0,,0,0,0,0,3.00
Public Method,"org.apache.commons.math3.ode.nonstiff.EmbeddedRungeKuttaIntegrator.getSafety",,,,,,,,,,,,,,6,3,1,1,0,2,1,1,0,,,,0,,,,,,,,,,,,,2,0,1,3,1,1,1,1,1,1,,,0,0,,1,1,1,1,1.00
Public Method,"org.apache.commons.math3.ode.nonstiff.EmbeddedRungeKuttaIntegrator.integrate",,,,,,,,,,,,,,148,104,81,29,4,90,22,23,2,,,,0,,,,,,,,,,,,,20,28,25,16,4805,71,29,61,22,1,,,0,5,,22,23,1,22,0.15
Public Method,"org.apache.commons.math3.ode.nonstiff.EmbeddedRungeKuttaIntegrator.setMaxGrowth",,,,,,,,,,,,,,6,3,1,1,0,2,1,1,0,,,,0,,,,,,,,,,,,,4,0,1,3,1,1,1,1,1,1,,,0,0,,1,1,1,1,1.00
Public Method,"org.apache.commons.math3.ode.nonstiff.EmbeddedRungeKuttaIntegrator.setMinReduction",,,,,,,,,,,,,,6,3,1,1,0,2,1,1,0,,,,0,,,,,,,,,,,,,4,0,1,3,1,1,1,1,1,1,,,0,0,,1,1,1,1,1.00
Public Method,"org.apache.commons.math3.ode.nonstiff.EmbeddedRungeKuttaIntegrator.setSafety",,,,,,,,,,,,,,6,3,1,1,0,2,1,1,0,,,,0,,,,,,,,,,,,,4,0,1,3,1,1,1,1,1,1,,,0,0,,1,1,1,1,1.00
Public Class,"org.apache.commons.math3.ode.nonstiff.EulerIntegrator",1,1,0,4,1,,3,,1,26,0,0,1,51,12,2,,,6,,,,1,1,3,,1,1,7,3,1,0,0,,,0,1,0,,5,8,34,,4,5,1,,,1,1,,0,0,1,1,1,1,2.83
Public Constructor,"org.apache.commons.math3.ode.nonstiff.EulerIntegrator.EulerIntegrator",,,,,,,,,,,,,,7,3,1,3,0,2,1,1,0,,,,0,,,,,,,,,,,,,12,0,1,4,1,1,1,1,1,1,,,0,0,,1,1,1,1,1.33
Public Class,"org.apache.commons.math3.ode.nonstiff.EulerIntegratorTest",2,1,3,0,12,,0,,6,6,0,0,6,144,117,81,,,81,,,,7,1,1,,2,2,21,18,1,0,0,,,0,6,0,,27,40,0,,63,40,41,,,7,7,,3,0,12,12,6,12,0.00
Public Method,"org.apache.commons.math3.ode.nonstiff.EulerIntegratorTest.testBackward",,,,,,,,,,,,,,17,14,11,16,0,11,1,1,0,,,,0,,,,,,,,,,,,,0,3,5,0,1,10,5,6,1,1,,,0,0,,1,1,1,1,0.00
Public Method,"org.apache.commons.math3.ode.nonstiff.EulerIntegratorTest.testBigStep",,,,,,,,,,,,,,18,14,11,14,0,10,1,1,0,,,,0,,,,,,,,,,,,,0,4,5,0,1,9,5,5,1,1,,,0,0,,1,1,1,1,0.00
Public Method,"org.apache.commons.math3.ode.nonstiff.EulerIntegratorTest.testDecreasingSteps",,,,,,,,,,,,,,44,35,26,18,1,31,7,7,0,,,,0,,,,,,,,,,,,,1,9,13,0,18,24,15,16,7,1,,,0,3,,7,7,1,7,0.00
Public Method,"org.apache.commons.math3.ode.nonstiff.EulerIntegratorTest.testDimensionCheck",,,,,,,,,,,,,,7,7,5,5,0,4,1,1,0,,,,0,,,,,,,,,,,,,0,0,2,0,1,3,2,2,1,1,,,0,0,,1,1,1,1,0.00
Public Method,"org.apache.commons.math3.ode.nonstiff.EulerIntegratorTest.testSmallStep",,,,,,,,,,,,,,19,15,12,15,0,11,1,1,0,,,,0,,,,,,,,,,,,,0,4,5,0,1,10,5,6,1,1,,,0,0,,1,1,1,1,0.00
Public Method,"org.apache.commons.math3.ode.nonstiff.EulerIntegratorTest.testStepSize",,,,,,,,,,,,,,24,24,16,3,0,13,1,1,0,,,,0,,,,,,,,,,,,,0,0,3,0,1,7,7,6,1,1,,,0,0,,1,1,1,1,0.00
Anonymous Class,"org.apache.commons.math3.ode.nonstiff.EulerIntegratorTest.testStepSize.(Anon_1)",1,1,0,0,2,,0,,2,2,0,0,2,10,10,7,,,4,,,,2,1,1,,1,1,4,4,2,0,0,,,0,2,0,,0,0,0,,1,2,2,,,2,2,,1,0,3,3,2,3,0.00
Public Method,"org.apache.commons.math3.ode.nonstiff.EulerIntegratorTest.testStepSize.(Anon_1).handleStep",,,,,,,,,,,,,,7,7,5,3,0,3,2,2,0,,,,0,,,,,,,,,,,,,2,0,0,0,2,1,1,2,2,1,,,0,1,,2,2,1,2,0.00
Public Method,"org.apache.commons.math3.ode.nonstiff.EulerIntegratorTest.testStepSize.(Anon_1).init",,,,,,,,,,,,,,2,2,1,0,0,1,1,1,0,,,,0,,,,,,,,,,,,,0,0,0,0,1,0,1,0,1,1,,,0,0,,1,1,1,1,0.00
Anonymous Class,"org.apache.commons.math3.ode.nonstiff.EulerIntegratorTest.testStepSize.(Anon_2)",1,1,0,0,0,,0,,2,2,0,0,2,7,7,5,,,4,,,,1,1,1,,1,1,3,3,2,0,0,,,0,2,0,,0,0,0,,2,2,2,,,1,1,,0,0,2,2,2,2,0.00
Public Method,"org.apache.commons.math3.ode.nonstiff.EulerIntegratorTest.testStepSize.(Anon_2).computeDerivatives",,,,,,,,,,,,,,3,3,2,1,0,2,1,1,0,,,,0,,,,,,,,,,,,,0,0,0,0,1,1,1,1,1,1,,,0,0,,1,1,1,1,0.00
Public Method,"org.apache.commons.math3.ode.nonstiff.EulerIntegratorTest.testStepSize.(Anon_2).getDimension",,,,,,,,,,,,,,3,3,2,1,0,2,1,1,0,,,,0,,,,,,,,,,,,,0,0,0,0,1,1,1,1,1,1,,,0,0,,1,1,1,1,0.00
Class,"org.apache.commons.math3.ode.nonstiff.EulerStepInterpolator",1,1,0,4,0,,1,,4,40,0,0,2,78,28,11,,,19,,,,4,1,3,,1,2,10,5,1,0,0,,,0,4,2,,8,10,42,,11,8,11,,,4,5,,2,100,7,8,4,7,1.50
Public Constructor,"org.apache.commons.math3.ode.nonstiff.EulerStepInterpolator.EulerStepInterpolator",,,,,,,,,,,,,,13,2,0,1,0,1,1,1,0,,,,0,,,,,,,,,,,,,4,0,1,11,1,0,1,0,1,1,,,0,0,,1,1,1,1,5.50
Public Constructor,"org.apache.commons.math3.ode.nonstiff.EulerStepInterpolator.EulerStepInterpolator",,,,,,,,,,,,,,8,3,1,2,0,2,1,1,0,,,,0,,,,,,,,,,,,,2,0,1,5,1,1,1,1,1,1,,,0,0,,1,1,1,1,1.67
Protected Method,"org.apache.commons.math3.ode.nonstiff.EulerStepInterpolator.computeInterpolatedStateAndDerivatives",,,,,,,,,,,,,,16,14,8,2,1,12,4,5,1,,,,0,,,,,,,,,,,,,9,1,2,1,4,8,3,9,4,1,,,0,2,,4,5,1,4,0.07
Protected Method,"org.apache.commons.math3.ode.nonstiff.EulerStepInterpolator.doCopy",,,,,,,,,,,,,,4,3,1,2,0,2,1,1,0,,,,0,,,,,,,,,,,,,0,0,1,1,1,1,1,1,1,1,,,0,0,,1,1,1,1,0.33
Public Class,"org.apache.commons.math3.ode.nonstiff.EulerStepInterpolatorTest",2,1,3,0,14,,0,,5,5,0,0,5,150,122,93,,,102,,,,4,1,1,,2,2,25,22,1,0,0,,,0,5,0,,28,49,0,,87,48,54,,,4,4,,2,0,11,11,5,11,0.00
Private Static Class,"org.apache.commons.math3.ode.nonstiff.EulerStepInterpolatorTest.DummyIntegrator",1,1,0,0,1,,0,,1,26,0,0,0,8,5,1,,,3,,,,1,1,3,,1,1,3,3,1,0,0,,,0,1,1,,3,2,0,,1,2,1,,,1,1,,0,0,1,1,1,1,0.00
Protected Constructor,"org.apache.commons.math3.ode.nonstiff.EulerStepInterpolatorTest.DummyIntegrator.DummyIntegrator",,,,,,,,,,,,,,3,3,1,2,0,2,1,1,0,,,,0,,,,,,,,,,,,,4,0,1,0,1,1,1,1,1,1,,,0,0,,1,1,1,1,0.00
Public Method,"org.apache.commons.math3.ode.nonstiff.EulerStepInterpolatorTest.derivativesConsistency",,,,,,,,,,,,,,7,7,4,5,0,5,1,1,0,,,,0,,,,,,,,,,,,,0,0,4,0,1,4,4,1,1,1,,,0,0,,1,1,1,1,0.00
Public Method,"org.apache.commons.math3.ode.nonstiff.EulerStepInterpolatorTest.interpolationAtBounds",,,,,,,,,,,,,,36,30,26,13,1,29,3,3,0,,,,0,,,,,,,,,,,,,1,6,8,0,4,26,10,19,3,1,,,0,1,,3,3,1,3,0.00
Public Method,"org.apache.commons.math3.ode.nonstiff.EulerStepInterpolatorTest.interpolationInside",,,,,,,,,,,,,,28,24,22,10,0,21,1,1,0,,,,0,,,,,,,,,,,,,1,4,5,0,1,20,5,16,1,1,,,0,0,,1,1,1,1,0.00
Public Method,"org.apache.commons.math3.ode.nonstiff.EulerStepInterpolatorTest.noReset",,,,,,,,,,,,,,18,15,12,9,0,13,2,2,0,,,,0,,,,,,,,,,,,,1,3,5,0,2,11,6,7,2,1,,,0,1,,2,2,1,2,0.00
Public Method,"org.apache.commons.math3.ode.nonstiff.EulerStepInterpolatorTest.serialization",,,,,,,,,,,,,,39,34,28,18,1,30,4,4,0,,,,0,,,,,,,,,,,,,0,5,19,0,6,25,20,10,4,1,,,0,2,,4,4,1,4,0.00
Public Class,"org.apache.commons.math3.ode.nonstiff.GillIntegrator",1,1,0,4,2,,3,,1,26,0,0,1,51,16,6,,,6,,,,1,1,3,,1,1,7,3,1,0,0,,,0,1,0,,6,13,29,,4,5,1,,,1,1,,0,0,1,1,1,1,1.81
Public Constructor,"org.apache.commons.math3.ode.nonstiff.GillIntegrator.GillIntegrator",,,,,,,,,,,,,,7,3,1,3,0,2,1,1,0,,,,0,,,,,,,,,,,,,14,0,1,4,1,1,1,1,1,1,,,0,0,,1,1,1,1,1.33
Public Class,"org.apache.commons.math3.ode.nonstiff.GillIntegratorTest",1,1,2,0,15,,0,,8,8,0,0,8,195,159,103,,,111,,,,7,1,1,,1,1,18,15,1,0,0,,,0,8,0,,33,61,3,,85,59,52,,,7,7,,3,0,14,14,8,14,0.02
Private Static Class,"org.apache.commons.math3.ode.nonstiff.GillIntegratorTest.KeplerStepHandler",1,1,0,1,2,,0,,3,3,0,0,3,27,23,11,,,17,,,,3,1,1,,1,1,7,6,2,0,0,,,2,3,0,,1,11,3,,11,11,6,,,3,3,,1,33,5,5,3,5,0.13
Public Constructor,"org.apache.commons.math3.ode.nonstiff.GillIntegratorTest.KeplerStepHandler.KeplerStepHandler",,,,,,,,,,,,,,3,3,1,2,0,2,1,1,0,,,,0,,,,,,,,,,,,,2,0,1,0,1,1,1,1,1,1,,,0,0,,1,1,1,1,0.00
Public Method,"org.apache.commons.math3.ode.nonstiff.GillIntegratorTest.KeplerStepHandler.handleStep",,,,,,,,,,,,,,17,13,9,5,1,10,3,3,0,,,,0,,,,,,,,,,,,,4,1,6,3,4,7,6,4,3,1,,,0,1,,3,3,1,3,0.23
Public Method,"org.apache.commons.math3.ode.nonstiff.GillIntegratorTest.KeplerStepHandler.init",,,,,,,,,,,,,,3,3,1,1,0,2,1,1,0,,,,0,,,,,,,,,,,,,0,0,1,0,1,1,1,1,1,1,,,0,0,,1,1,1,1,0.00
Public Method,"org.apache.commons.math3.ode.nonstiff.GillIntegratorTest.testBackward",,,,,,,,,,,,,,17,14,11,16,0,11,1,1,0,,,,0,,,,,,,,,,,,,0,3,5,0,1,10,5,6,1,1,,,0,0,,1,1,1,1,0.00
Public Method,"org.apache.commons.math3.ode.nonstiff.GillIntegratorTest.testBigStep",,,,,,,,,,,,,,17,13,10,14,0,10,1,1,0,,,,0,,,,,,,,,,,,,0,4,5,0,1,9,5,5,1,1,,,0,0,,1,1,1,1,0.00
Public Method,"org.apache.commons.math3.ode.nonstiff.GillIntegratorTest.testDecreasingSteps",,,,,,,,,,,,,,44,35,26,18,1,31,7,7,0,,,,0,,,,,,,,,,,,,1,9,13,0,18,24,15,16,7,1,,,0,3,,7,7,1,7,0.00
Public Method,"org.apache.commons.math3.ode.nonstiff.GillIntegratorTest.testDimensionCheck",,,,,,,,,,,,,,7,7,5,5,0,4,1,1,0,,,,0,,,,,,,,,,,,,0,0,2,0,1,3,2,2,1,1,,,0,0,,1,1,1,1,0.00
Public Method,"org.apache.commons.math3.ode.nonstiff.GillIntegratorTest.testKepler",,,,,,,,,,,,,,12,10,7,9,0,6,1,1,0,,,,0,,,,,,,,,,,,,0,2,4,0,1,5,4,2,1,1,,,0,0,,1,1,1,1,0.00
Public Method,"org.apache.commons.math3.ode.nonstiff.GillIntegratorTest.testSmallStep",,,,,,,,,,,,,,18,14,11,15,0,11,1,1,0,,,,0,,,,,,,,,,,,,0,4,5,0,1,10,5,6,1,1,,,0,0,,1,1,1,1,0.00
Public Method,"org.apache.commons.math3.ode.nonstiff.GillIntegratorTest.testStepSize",,,,,,,,,,,,,,24,24,16,3,0,13,1,1,0,,,,0,,,,,,,,,,,,,0,0,3,0,1,7,7,6,1,1,,,0,0,,1,1,1,1,0.00
Anonymous Class,"org.apache.commons.math3.ode.nonstiff.GillIntegratorTest.testStepSize.(Anon_1)",1,1,0,0,2,,0,,2,2,0,0,2,10,10,7,,,4,,,,2,1,1,,1,1,4,4,2,0,0,,,0,2,0,,0,0,0,,1,2,2,,,2,2,,1,0,3,3,2,3,0.00
Public Method,"org.apache.commons.math3.ode.nonstiff.GillIntegratorTest.testStepSize.(Anon_1).handleStep",,,,,,,,,,,,,,7,7,5,3,0,3,2,2,0,,,,0,,,,,,,,,,,,,2,0,0,0,2,1,1,2,2,1,,,0,1,,2,2,1,2,0.00
Public Method,"org.apache.commons.math3.ode.nonstiff.GillIntegratorTest.testStepSize.(Anon_1).init",,,,,,,,,,,,,,2,2,1,0,0,1,1,1,0,,,,0,,,,,,,,,,,,,0,0,0,0,1,0,1,0,1,1,,,0,0,,1,1,1,1,0.00
Anonymous Class,"org.apache.commons.math3.ode.nonstiff.GillIntegratorTest.testStepSize.(Anon_2)",1,1,0,0,0,,0,,2,2,0,0,2,7,7,5,,,4,,,,1,1,1,,1,1,3,3,2,0,0,,,0,2,0,,0,0,0,,2,2,2,,,1,1,,0,0,2,2,2,2,0.00
Public Method,"org.apache.commons.math3.ode.nonstiff.GillIntegratorTest.testStepSize.(Anon_2).computeDerivatives",,,,,,,,,,,,,,3,3,2,1,0,2,1,1,0,,,,0,,,,,,,,,,,,,0,0,0,0,1,1,1,1,1,1,,,0,0,,1,1,1,1,0.00
Public Method,"org.apache.commons.math3.ode.nonstiff.GillIntegratorTest.testStepSize.(Anon_2).getDimension",,,,,,,,,,,,,,3,3,2,1,0,2,1,1,0,,,,0,,,,,,,,,,,,,0,0,0,0,1,1,1,1,1,1,,,0,0,,1,1,1,1,0.00
Public Method,"org.apache.commons.math3.ode.nonstiff.GillIntegratorTest.testUnstableDerivative",,,,,,,,,,,,,,9,9,6,5,0,7,1,1,0,,,,0,,,,,,,,,,,,,0,0,4,0,1,6,4,3,1,1,,,0,0,,1,1,1,1,0.00
Class,"org.apache.commons.math3.ode.nonstiff.GillStepInterpolator",1,1,0,4,1,,3,,4,40,0,0,2,126,61,44,,,48,,,,4,1,3,,1,2,18,13,1,0,0,,,0,4,2,,12,39,53,,40,37,11,,,4,5,,2,83,7,8,4,7,0.87
Public Constructor,"org.apache.commons.math3.ode.nonstiff.GillStepInterpolator.GillStepInterpolator",,,,,,,,,,,,,,13,2,0,1,0,1,1,1,0,,,,0,,,,,,,,,,,,,1,0,1,11,1,0,1,0,1,1,,,0,0,,1,1,1,1,5.50
Public Constructor,"org.apache.commons.math3.ode.nonstiff.GillStepInterpolator.GillStepInterpolator",,,,,,,,,,,,,,8,3,1,2,0,2,1,1,0,,,,0,,,,,,,,,,,,,2,0,1,5,1,1,1,1,1,1,,,0,0,,1,1,1,1,1.67
Protected Method,"org.apache.commons.math3.ode.nonstiff.GillStepInterpolator.computeInterpolatedStateAndDerivatives",,,,,,,,,,,,,,49,45,39,2,1,39,4,5,1,,,,0,,,,,,,,,,,,,10,3,29,1,4,35,30,9,4,1,,,0,2,,4,5,1,4,0.02
Protected Method,"org.apache.commons.math3.ode.nonstiff.GillStepInterpolator.doCopy",,,,,,,,,,,,,,4,3,1,2,0,2,1,1,0,,,,0,,,,,,,,,,,,,0,0,1,1,1,1,1,1,1,1,,,0,0,,1,1,1,1,0.33
Public Class,"org.apache.commons.math3.ode.nonstiff.GillStepInterpolatorTest",2,1,3,0,7,,0,,2,2,0,0,2,57,47,34,,,38,,,,4,1,1,,2,2,25,21,1,0,0,,,0,2,0,,10,26,0,,31,25,13,,,4,4,,2,0,5,5,2,5,0.00
Public Method,"org.apache.commons.math3.ode.nonstiff.GillStepInterpolatorTest.serialization",,,,,,,,,,,,,,43,36,30,19,1,32,4,4,0,,,,0,,,,,,,,,,,,,0,7,19,0,6,27,20,12,4,1,,,0,2,,4,4,1,4,0.00
Public Method,"org.apache.commons.math3.ode.nonstiff.GillStepInterpolatorTest.testDerivativesConsistency",,,,,,,,,,,,,,7,7,4,5,0,5,1,1,0,,,,0,,,,,,,,,,,,,0,0,4,0,1,4,4,1,1,1,,,0,0,,1,1,1,1,0.00
Public Class,"org.apache.commons.math3.ode.nonstiff.GraggBulirschStoerIntegrator",7,1,8,14,9,,1,,13,49,0,4,9,915,497,347,,,388,,,,57,4,3,,7,9,59,36,1,0,0,,,18,13,0,,146,113,272,,295,116,272,,,59,72,,10,84,103,128,16,101,0.55
Public Constructor,"org.apache.commons.math3.ode.nonstiff.GraggBulirschStoerIntegrator.GraggBulirschStoerIntegrator",,,,,,,,,,,,,,23,10,6,6,0,6,1,1,0,,,,0,,,,,,,,,,,,,20,0,3,13,1,5,1,5,1,1,,,0,0,,1,1,1,1,1.30
Public Constructor,"org.apache.commons.math3.ode.nonstiff.GraggBulirschStoerIntegrator.GraggBulirschStoerIntegrator",,,,,,,,,,,,,,21,10,6,6,0,6,1,1,0,,,,0,,,,,,,,,,,,,6,0,3,11,1,5,1,5,1,1,,,0,0,,1,1,1,1,1.10
Public Method,"org.apache.commons.math3.ode.nonstiff.GraggBulirschStoerIntegrator.addEventHandler",,,,,,,,,,,,,,13,9,3,2,0,3,1,1,0,,,,0,,,,,,,,,,,,,5,2,5,2,1,2,1,2,1,1,,,0,0,,1,1,1,1,0.22
Public Method,"org.apache.commons.math3.ode.nonstiff.GraggBulirschStoerIntegrator.addStepHandler",,,,,,,,,,,,,,9,4,2,2,0,3,1,1,0,,,,0,,,,,,,,,,,,,3,3,1,2,1,2,1,2,1,1,,,0,0,,1,1,1,1,0.50
Private Method,"org.apache.commons.math3.ode.nonstiff.GraggBulirschStoerIntegrator.extrapolate",,,,,,,,,,,,,,25,12,6,2,1,12,4,4,0,,,,0,,,,,,,,,,,,,7,2,2,11,6,8,4,8,4,1,,,0,2,,4,4,1,4,0.92
Private Method,"org.apache.commons.math3.ode.nonstiff.GraggBulirschStoerIntegrator.initializeArrays",,,,,,,,,,,,,,36,24,17,5,1,26,7,8,0,,,,0,,,,,,,,,,,,,7,6,3,6,24,20,7,19,7,1,,,0,2,,7,8,1,7,0.25
Public Method,"org.apache.commons.math3.ode.nonstiff.GraggBulirschStoerIntegrator.integrate",,,,,,,,,,,,,,400,285,228,39,9,221,59,72,17,,,,0,,,,,,,,,,,,,22,71,48,44,460658880,170,56,165,57,1,,,0,10,,59,72,1,57,0.15
Private Method,"org.apache.commons.math3.ode.nonstiff.GraggBulirschStoerIntegrator.rescale",,,,,,,,,,,,,,18,13,8,3,1,12,4,4,1,,,,0,,,,,,,,,,,,,9,0,3,5,4,8,5,7,4,1,,,0,2,,4,4,1,4,0.38
Public Method,"org.apache.commons.math3.ode.nonstiff.GraggBulirschStoerIntegrator.setControlFactors",,,,,,,,,,,,,,52,23,16,4,1,13,5,9,4,,,,0,,,,,,,,,,,,,7,6,2,23,16,8,1,12,5,1,,,0,1,,5,9,1,5,1.00
Public Method,"org.apache.commons.math3.ode.nonstiff.GraggBulirschStoerIntegrator.setInterpolationControl",,,,,,,,,,,,,,22,9,5,2,0,5,2,3,1,,,,0,,,,,,,,,,,,,5,4,2,9,2,3,1,4,2,1,,,0,1,,2,3,1,2,1.00
Public Method,"org.apache.commons.math3.ode.nonstiff.GraggBulirschStoerIntegrator.setOrderControl",,,,,,,,,,,,,,46,17,11,4,1,10,4,7,2,,,,0,,,,,,,,,,,,,6,5,2,24,8,6,1,9,4,1,,,0,1,,4,7,1,4,1.41
Public Method,"org.apache.commons.math3.ode.nonstiff.GraggBulirschStoerIntegrator.setStabilityCheck",,,,,,,,,,,,,,33,12,7,4,0,7,4,5,1,,,,0,,,,,,,,,,,,,7,3,3,18,2,5,1,6,4,1,,,0,1,,4,5,1,4,1.50
Private Method,"org.apache.commons.math3.ode.nonstiff.GraggBulirschStoerIntegrator.tryStep",,,,,,,,,,,,,,76,45,31,6,2,44,10,12,4,,,,4,,,,,,,,,,,,,15,11,13,20,116,34,16,28,10,4,,,4,3,,10,12,4,10,0.44
Public Class,"org.apache.commons.math3.ode.nonstiff.GraggBulirschStoerIntegratorTest",1,1,2,0,19,,0,,13,13,0,1,12,366,303,208,,,212,,,,2,1,1,,1,1,20,16,1,0,0,,,0,13,0,,59,132,4,,175,114,98,,,2,2,,1,0,15,15,13,15,0.01
Private Static Class,"org.apache.commons.math3.ode.nonstiff.GraggBulirschStoerIntegratorTest.KeplerStepHandler",2,1,1,0,2,,0,,3,3,0,0,3,36,33,19,,,28,,,,4,1,1,,2,2,10,9,2,0,0,,,3,3,0,,3,15,0,,21,16,12,,,4,4,,2,33,6,6,3,6,0.00
Public Constructor,"org.apache.commons.math3.ode.nonstiff.GraggBulirschStoerIntegratorTest.KeplerStepHandler.KeplerStepHandler",,,,,,,,,,,,,,3,3,1,2,0,2,1,1,0,,,,0,,,,,,,,,,,,,2,0,1,0,1,1,1,1,1,1,,,0,0,,1,1,1,1,0.00
Public Method,"org.apache.commons.math3.ode.nonstiff.GraggBulirschStoerIntegratorTest.KeplerStepHandler.handleStep",,,,,,,,,,,,,,24,21,16,9,1,19,4,4,0,,,,0,,,,,,,,,,,,,5,3,9,0,6,15,10,9,4,1,,,0,2,,4,4,1,4,0.00
Public Method,"org.apache.commons.math3.ode.nonstiff.GraggBulirschStoerIntegratorTest.KeplerStepHandler.init",,,,,,,,,,,,,,4,4,2,2,0,3,1,1,0,,,,0,,,,,,,,,,,,,0,0,1,0,1,2,1,2,1,1,,,0,0,,1,1,1,1,0.00
Public Static Class,"org.apache.commons.math3.ode.nonstiff.GraggBulirschStoerIntegratorTest.VariableStepHandler",2,1,0,0,2,,0,,3,3,0,0,3,38,36,20,,,25,,,,5,1,1,,2,2,11,10,2,0,0,,,3,3,0,,2,10,0,,17,8,17,,,5,5,,2,0,7,7,3,7,0.00
Public Constructor,"org.apache.commons.math3.ode.nonstiff.GraggBulirschStoerIntegratorTest.VariableStepHandler.VariableStepHandler",,,,,,,,,,,,,,5,5,3,4,0,4,1,1,0,,,,0,,,,,,,,,,,,,1,0,1,0,1,3,1,3,1,1,,,0,0,,1,1,1,1,0.00
Public Method,"org.apache.commons.math3.ode.nonstiff.GraggBulirschStoerIntegratorTest.VariableStepHandler.handleStep",,,,,,,,,,,,,,23,21,14,7,1,13,5,5,1,,,,0,,,,,,,,,,,,,5,2,4,0,10,8,2,11,5,1,,,0,2,,5,5,1,5,0.00
Public Method,"org.apache.commons.math3.ode.nonstiff.GraggBulirschStoerIntegratorTest.VariableStepHandler.init",,,,,,,,,,,,,,5,5,3,3,0,4,1,1,0,,,,0,,,,,,,,,,,,,0,0,1,0,1,3,1,3,1,1,,,0,0,,1,1,1,1,0.00
Private Method,"org.apache.commons.math3.ode.nonstiff.GraggBulirschStoerIntegratorTest.getMaxError",,,,,,,,,,,,,,9,9,6,9,0,5,1,1,0,,,,0,,,,,,,,,,,,,3,0,2,0,1,4,2,3,1,1,,,0,0,,1,1,1,1,0.00
Public Method,"org.apache.commons.math3.ode.nonstiff.GraggBulirschStoerIntegratorTest.testBackward",,,,,,,,,,,,,,22,19,16,15,0,14,1,1,0,,,,0,,,,,,,,,,,,,0,3,9,0,1,13,8,6,1,1,,,0,0,,1,1,1,1,0.00
Public Method,"org.apache.commons.math3.ode.nonstiff.GraggBulirschStoerIntegratorTest.testDimensionCheck",,,,,,,,,,,,,,8,8,5,4,0,4,1,1,0,,,,0,,,,,,,,,,,,,0,0,4,0,1,3,3,1,1,1,,,0,0,,1,1,1,1,0.00
Public Method,"org.apache.commons.math3.ode.nonstiff.GraggBulirschStoerIntegratorTest.testEvents",,,,,,,,,,,,,,31,27,23,19,0,22,2,2,0,,,,0,,,,,,,,,,,,,1,4,11,0,2,20,11,11,2,1,,,0,1,,2,2,1,2,0.00
Public Method,"org.apache.commons.math3.ode.nonstiff.GraggBulirschStoerIntegratorTest.testIncreasingTolerance",,,,,,,,,,,,,,36,27,22,16,0,22,2,2,0,,,,0,,,,,,,,,,,,,0,6,12,3,2,20,12,10,2,1,,,0,1,,2,2,1,2,0.11
Public Method,"org.apache.commons.math3.ode.nonstiff.GraggBulirschStoerIntegratorTest.testIntegratorControls",,,,,,,,,,,,,,28,20,16,10,0,16,1,1,0,,,,0,,,,,,,,,,,,,0,7,5,1,1,15,4,12,1,1,,,0,0,,1,1,1,1,0.05
Public Method,"org.apache.commons.math3.ode.nonstiff.GraggBulirschStoerIntegratorTest.testIssue596",,,,,,,,,,,,,,30,26,20,3,0,19,1,1,0,,,,0,,,,,,,,,,,,,0,4,8,0,1,14,12,7,1,1,,,0,0,,1,1,1,1,0.00
Anonymous Class,"org.apache.commons.math3.ode.nonstiff.GraggBulirschStoerIntegratorTest.testIssue596.(Anon_2)",1,1,0,0,1,,0,,2,2,0,0,2,13,11,9,,,8,,,,1,1,1,,1,1,5,5,2,0,0,,,0,2,0,,2,3,0,,6,5,3,,,1,1,,0,0,2,2,2,2,0.00
Public Method,"org.apache.commons.math3.ode.nonstiff.GraggBulirschStoerIntegratorTest.testIssue596.(Anon_2).handleStep",,,,,,,,,,,,,,8,8,7,5,0,7,1,1,0,,,,0,,,,,,,,,,,,,1,0,3,0,1,6,4,3,1,1,,,0,0,,1,1,1,1,0.00
Public Method,"org.apache.commons.math3.ode.nonstiff.GraggBulirschStoerIntegratorTest.testIssue596.(Anon_2).init",,,,,,,,,,,,,,2,2,1,0,0,1,1,1,0,,,,0,,,,,,,,,,,,,0,0,0,0,1,0,1,0,1,1,,,0,0,,1,1,1,1,0.00
Anonymous Class,"org.apache.commons.math3.ode.nonstiff.GraggBulirschStoerIntegratorTest.testIssue596.(Anon_3)",1,1,0,0,0,,0,,2,2,0,0,2,8,7,5,,,4,,,,1,1,1,,1,1,3,3,2,0,0,,,0,2,0,,1,0,0,,2,2,2,,,1,1,,0,0,2,2,2,2,0.00
Public Method,"org.apache.commons.math3.ode.nonstiff.GraggBulirschStoerIntegratorTest.testIssue596.(Anon_3).computeDerivatives",,,,,,,,,,,,,,3,3,2,1,0,2,1,1,0,,,,0,,,,,,,,,,,,,0,0,0,0,1,1,1,1,1,1,,,0,0,,1,1,1,1,0.00
Public Method,"org.apache.commons.math3.ode.nonstiff.GraggBulirschStoerIntegratorTest.testIssue596.(Anon_3).getDimension",,,,,,,,,,,,,,3,3,2,1,0,2,1,1,0,,,,0,,,,,,,,,,,,,0,0,0,0,1,1,1,1,1,1,,,0,0,,1,1,1,1,0.00
Public Method,"org.apache.commons.math3.ode.nonstiff.GraggBulirschStoerIntegratorTest.testKepler",,,,,,,,,,,,,,21,17,13,13,0,11,1,1,0,,,,0,,,,,,,,,,,,,0,4,8,0,1,10,7,4,1,1,,,0,0,,1,1,1,1,0.00
Public Method,"org.apache.commons.math3.ode.nonstiff.GraggBulirschStoerIntegratorTest.testMinStep",,,,,,,,,,,,,,18,15,12,10,0,10,1,1,0,,,,0,,,,,,,,,,,,,0,3,9,0,1,9,8,2,1,1,,,0,0,,1,1,1,1,0.00
Public Method,"org.apache.commons.math3.ode.nonstiff.GraggBulirschStoerIntegratorTest.testNullIntervalCheck",,,,,,,,,,,,,,8,8,5,4,0,4,1,1,0,,,,0,,,,,,,,,,,,,0,0,4,0,1,3,3,1,1,1,,,0,0,,1,1,1,1,0.00
Public Method,"org.apache.commons.math3.ode.nonstiff.GraggBulirschStoerIntegratorTest.testTooLargeFirstStep",,,,,,,,,,,,,,24,18,12,2,0,13,1,1,0,,,,0,,,,,,,,,,,,,0,6,7,0,1,10,7,6,1,1,,,0,0,,1,1,1,1,0.00
Anonymous Class,"org.apache.commons.math3.ode.nonstiff.GraggBulirschStoerIntegratorTest.testTooLargeFirstStep.(Anon_1)",1,1,0,0,2,,0,,2,2,0,0,2,11,9,7,,,6,,,,1,1,1,,1,1,4,4,2,0,0,,,0,2,0,,2,1,0,,4,2,4,,,1,1,,0,0,2,2,2,2,0.00
Public Method,"org.apache.commons.math3.ode.nonstiff.GraggBulirschStoerIntegratorTest.testTooLargeFirstStep.(Anon_1).computeDerivatives",,,,,,,,,,,,,,5,5,4,3,0,4,1,1,0,,,,0,,,,,,,,,,,,,2,0,0,0,1,3,1,3,1,1,,,0,0,,1,1,1,1,0.00
Public Method,"org.apache.commons.math3.ode.nonstiff.GraggBulirschStoerIntegratorTest.testTooLargeFirstStep.(Anon_1).getDimension",,,,,,,,,,,,,,3,3,2,1,0,2,1,1,0,,,,0,,,,,,,,,,,,,0,0,0,0,1,1,1,1,1,1,,,0,0,,1,1,1,1,0.00
Public Method,"org.apache.commons.math3.ode.nonstiff.GraggBulirschStoerIntegratorTest.testUnstableDerivative",,,,,,,,,,,,,,9,9,6,5,0,7,1,1,0,,,,0,,,,,,,,,,,,,0,0,5,0,1,6,4,3,1,1,,,0,0,,1,1,1,1,0.00
Public Method,"org.apache.commons.math3.ode.nonstiff.GraggBulirschStoerIntegratorTest.testVariableSteps",,,,,,,,,,,,,,18,17,13,11,0,11,1,1,0,,,,0,,,,,,,,,,,,,0,1,10,0,1,10,8,3,1,1,,,0,0,,1,1,1,1,0.00
Class,"org.apache.commons.math3.ode.nonstiff.GraggBulirschStoerStepInterpolator",3,1,4,5,2,,1,,10,40,0,1,7,377,203,134,,,174,,,,8,3,2,,3,3,28,18,1,0,0,,,7,10,2,,64,70,110,,137,70,104,,,8,9,,5,58,38,39,12,38,0.54
Public Constructor,"org.apache.commons.math3.ode.nonstiff.GraggBulirschStoerStepInterpolator.GraggBulirschStoerStepInterpolator",,,,,,,,,,,,,,11,7,5,6,0,6,1,1,0,,,,0,,,,,,,,,,,,,0,0,1,4,1,5,1,5,1,1,,,0,0,,1,1,1,1,0.57
Public Constructor,"org.apache.commons.math3.ode.nonstiff.GraggBulirschStoerStepInterpolator.GraggBulirschStoerStepInterpolator",,,,,,,,,,,,,,30,13,6,7,0,7,1,1,0,,,,0,,,,,,,,,,,,,10,3,6,14,1,6,1,6,1,1,,,0,0,,1,1,1,1,1.08
Public Constructor,"org.apache.commons.math3.ode.nonstiff.GraggBulirschStoerStepInterpolator.GraggBulirschStoerStepInterpolator",,,,,,,,,,,,,,34,21,16,10,0,17,3,3,1,,,,0,,,,,,,,,,,,,6,5,3,8,3,14,3,14,3,1,,,0,2,,3,3,1,3,0.38
Public Method,"org.apache.commons.math3.ode.nonstiff.GraggBulirschStoerStepInterpolator.computeCoefficients",,,,,,,,,,,,,,58,40,31,3,1,35,8,9,2,,,,2,,,,,,,,,,,,,10,13,12,5,14,27,14,21,8,3,,,2,5,,8,9,3,8,0.12
Protected Method,"org.apache.commons.math3.ode.nonstiff.GraggBulirschStoerStepInterpolator.computeInterpolatedStateAndDerivatives",,,,,,,,,,,,,,45,34,27,3,1,32,5,5,0,,,,0,,,,,,,,,,,,,8,8,18,3,8,27,19,13,5,1,,,0,3,,5,5,1,5,0.09
Protected Method,"org.apache.commons.math3.ode.nonstiff.GraggBulirschStoerStepInterpolator.doCopy",,,,,,,,,,,,,,4,3,1,2,0,2,1,1,0,,,,0,,,,,,,,,,,,,0,0,1,1,1,1,1,1,1,1,,,0,0,,1,1,1,1,0.33
Public Method,"org.apache.commons.math3.ode.nonstiff.GraggBulirschStoerStepInterpolator.estimateError",,,,,,,,,,,,,,15,11,7,2,0,10,3,3,0,,,,0,,,,,,,,,,,,,6,0,3,4,3,7,4,6,3,1,,,0,2,,3,3,1,3,0.36
Public Method,"org.apache.commons.math3.ode.nonstiff.GraggBulirschStoerStepInterpolator.readExternal",,,,,,,,,,,,,,23,14,9,7,0,14,4,4,0,,,,0,,,,,,,,,,,,,4,5,5,4,3,11,6,8,4,1,,,0,2,,4,4,1,4,0.29
Private Method,"org.apache.commons.math3.ode.nonstiff.GraggBulirschStoerStepInterpolator.resetTables",,,,,,,,,,,,,,46,34,25,5,1,31,8,8,3,,,,0,,,,,,,,,,,,,10,6,4,6,17,23,8,23,8,1,,,0,4,,8,8,1,8,0.18
Public Method,"org.apache.commons.math3.ode.nonstiff.GraggBulirschStoerStepInterpolator.writeExternal",,,,,,,,,,,,,,18,11,6,3,0,11,4,4,0,,,,0,,,,,,,,,,,,,5,4,3,3,3,8,4,7,4,1,,,0,2,,4,4,1,4,0.27
Public Class,"org.apache.commons.math3.ode.nonstiff.GraggBulirschStoerStepInterpolatorTest",2,1,3,0,7,,0,,3,3,0,0,3,110,96,73,,,75,,,,4,1,1,,2,2,33,30,1,0,0,,,0,3,0,,14,50,0,,63,49,26,,,4,4,,2,0,6,6,3,6,0.00
Public Method,"org.apache.commons.math3.ode.nonstiff.GraggBulirschStoerStepInterpolatorTest.checklone",,,,,,,,,,,,,,39,38,31,8,0,31,1,1,0,,,,0,,,,,,,,,,,,,0,1,15,0,1,26,18,13,1,1,,,0,0,,1,1,1,1,0.00
Anonymous Class,"org.apache.commons.math3.ode.nonstiff.GraggBulirschStoerStepInterpolatorTest.checklone.(Anon_1)",2,1,0,0,2,,0,,2,2,0,0,2,23,23,19,,,22,,,,3,1,1,,2,2,11,11,2,0,0,,,0,2,0,,0,7,0,,18,11,11,,,3,3,,2,0,4,4,2,4,0.00
Public Method,"org.apache.commons.math3.ode.nonstiff.GraggBulirschStoerStepInterpolatorTest.checklone.(Anon_1).handleStep",,,,,,,,,,,,,,20,20,17,9,0,21,3,3,0,,,,0,,,,,,,,,,,,,2,0,7,0,3,18,10,11,3,1,,,0,2,,3,3,1,3,0.00
Public Method,"org.apache.commons.math3.ode.nonstiff.GraggBulirschStoerStepInterpolatorTest.checklone.(Anon_1).init",,,,,,,,,,,,,,2,2,1,0,0,1,1,1,0,,,,0,,,,,,,,,,,,,0,0,0,0,1,0,1,0,1,1,,,0,0,,1,1,1,1,0.00
Public Method,"org.apache.commons.math3.ode.nonstiff.GraggBulirschStoerStepInterpolatorTest.derivativesConsistency",,,,,,,,,,,,,,13,12,8,5,0,8,1,1,0,,,,0,,,,,,,,,,,,,0,1,8,0,1,7,7,1,1,1,,,0,0,,1,1,1,1,0.00
Public Method,"org.apache.commons.math3.ode.nonstiff.GraggBulirschStoerStepInterpolatorTest.serialization",,,,,,,,,,,,,,49,41,34,19,1,35,4,4,0,,,,0,,,,,,,,,,,,,0,8,23,0,6,30,23,12,4,1,,,0,2,,4,4,1,4,0.00
Public Class,"org.apache.commons.math3.ode.nonstiff.HighamHall54Integrator",1,1,1,6,2,,5,,4,51,0,0,3,113,55,27,,,27,,,,4,1,4,,1,1,15,8,1,0,0,,,0,4,1,,16,37,42,,20,17,10,,,4,4,,2,55,7,7,4,7,0.76
Public Constructor,"org.apache.commons.math3.ode.nonstiff.HighamHall54Integrator.HighamHall54Integrator",,,,,,,,,,,,,,17,6,2,3,0,2,1,1,0,,,,0,,,,,,,,,,,,,17,0,3,11,1,1,1,1,1,1,,,0,0,,1,1,1,1,1.83
Public Constructor,"org.apache.commons.math3.ode.nonstiff.HighamHall54Integrator.HighamHall54Integrator",,,,,,,,,,,,,,17,6,2,3,0,2,1,1,0,,,,0,,,,,,,,,,,,,11,0,3,11,1,1,1,1,1,1,,,0,0,,1,1,1,1,1.83
Protected Method,"org.apache.commons.math3.ode.nonstiff.HighamHall54Integrator.estimateError",,,,,,,,,,,,,,25,18,12,4,0,15,4,4,0,,,,0,,,,,,,,,,,,,11,6,9,1,3,12,8,7,4,1,,,0,2,,4,4,1,4,0.06
Public Method,"org.apache.commons.math3.ode.nonstiff.HighamHall54Integrator.getOrder",,,,,,,,,,,,,,4,3,1,1,0,2,1,1,0,,,,0,,,,,,,,,,,,,0,0,1,1,1,1,1,1,1,1,,,0,0,,1,1,1,1,0.33
Public Class,"org.apache.commons.math3.ode.nonstiff.HighamHall54IntegratorTest",2,1,4,1,17,,0,,9,9,0,0,9,319,260,191,,,165,,,,6,1,1,,2,2,32,27,1,0,0,,,0,9,0,,48,103,11,,131,92,73,,,6,6,,1,0,19,19,9,19,0.04
Private Static Class,"org.apache.commons.math3.ode.nonstiff.HighamHall54IntegratorTest.LocalException",1,1,0,0,1,,1,,1,7,0,0,0,6,6,2,,,4,,,,1,1,4,,1,1,3,3,1,0,0,,,0,1,1,,0,3,0,,2,3,1,,,1,1,,0,100,1,1,1,1,0.00
Protected Constructor,"org.apache.commons.math3.ode.nonstiff.HighamHall54IntegratorTest.LocalException.LocalException",,,,,,,,,,,,,,3,3,1,2,0,2,1,1,0,,,,0,,,,,,,,,,,,,4,0,1,0,1,1,1,1,1,1,,,0,0,,1,1,1,1,0.00
Public Method,"org.apache.commons.math3.ode.nonstiff.HighamHall54IntegratorTest.testBackward",,,,,,,,,,,,,,22,19,16,15,0,14,1,1,0,,,,0,,,,,,,,,,,,,0,3,9,0,1,13,8,6,1,1,,,0,0,,1,1,1,1,0.00
Public Method,"org.apache.commons.math3.ode.nonstiff.HighamHall54IntegratorTest.testEvents",,,,,,,,,,,,,,32,28,24,19,0,22,2,2,0,,,,0,,,,,,,,,,,,,1,4,11,0,2,20,11,11,2,1,,,0,1,,2,2,1,2,0.00
Public Method,"org.apache.commons.math3.ode.nonstiff.HighamHall54IntegratorTest.testEventsErrors",,,,,,,,,,,,,,37,32,24,10,0,21,1,1,0,,,,0,,,,,,,,,,,,,0,5,11,0,1,15,14,7,1,1,,,0,0,,1,1,1,1,0.00
Anonymous Class,"org.apache.commons.math3.ode.nonstiff.HighamHall54IntegratorTest.testEventsErrors.(Anon_2)",1,1,0,0,4,,0,,4,4,0,0,4,16,16,11,,,10,,,,2,1,1,,1,1,3,3,2,0,0,,,0,4,0,,0,2,0,,5,6,4,,,2,2,,1,0,5,5,4,5,0.00
Public Method,"org.apache.commons.math3.ode.nonstiff.HighamHall54IntegratorTest.testEventsErrors.(Anon_2).eventOccurred",,,,,,,,,,,,,,3,3,2,1,0,2,1,1,0,,,,0,,,,,,,,,,,,,0,0,0,0,1,1,1,1,1,1,,,0,0,,1,1,1,1,0.00
Public Method,"org.apache.commons.math3.ode.nonstiff.HighamHall54IntegratorTest.testEventsErrors.(Anon_2).g",,,,,,,,,,,,,,8,8,6,4,0,6,2,2,0,,,,0,,,,,,,,,,,,,1,0,2,0,2,4,3,3,2,1,,,0,1,,2,2,1,2,0.00
Public Method,"org.apache.commons.math3.ode.nonstiff.HighamHall54IntegratorTest.testEventsErrors.(Anon_2).init",,,,,,,,,,,,,,2,2,1,0,0,1,1,1,0,,,,0,,,,,,,,,,,,,0,0,0,0,1,0,1,0,1,1,,,0,0,,1,1,1,1,0.00
Public Method,"org.apache.commons.math3.ode.nonstiff.HighamHall54IntegratorTest.testEventsErrors.(Anon_2).resetState",,,,,,,,,,,,,,2,2,1,0,0,1,1,1,0,,,,0,,,,,,,,,,,,,0,0,0,0,1,0,1,0,1,1,,,0,0,,1,1,1,1,0.00
Public Method,"org.apache.commons.math3.ode.nonstiff.HighamHall54IntegratorTest.testEventsNoConvergence",,,,,,,,,,,,,,39,33,25,11,0,21,2,2,1,,,,0,,,,,,,,,,,,,0,5,11,1,2,15,14,7,2,1,,,0,1,,2,2,1,2,0.03
Anonymous Class,"org.apache.commons.math3.ode.nonstiff.HighamHall54IntegratorTest.testEventsNoConvergence.(Anon_3)",1,1,0,0,3,,0,,4,4,0,0,4,13,13,9,,,8,,,,2,1,1,,1,1,3,3,2,0,0,,,0,4,0,,0,2,0,,4,6,2,,,2,2,,0,0,5,5,4,5,0.00
Public Method,"org.apache.commons.math3.ode.nonstiff.HighamHall54IntegratorTest.testEventsNoConvergence.(Anon_3).eventOccurred",,,,,,,,,,,,,,3,3,2,1,0,2,1,1,0,,,,0,,,,,,,,,,,,,0,0,0,0,1,1,1,1,1,1,,,0,0,,1,1,1,1,0.00
Public Method,"org.apache.commons.math3.ode.nonstiff.HighamHall54IntegratorTest.testEventsNoConvergence.(Anon_3).g",,,,,,,,,,,,,,5,5,4,3,0,4,2,2,0,,,,0,,,,,,,,,,,,,1,0,2,0,1,3,3,1,2,1,,,0,0,,2,2,1,2,0.00
Public Method,"org.apache.commons.math3.ode.nonstiff.HighamHall54IntegratorTest.testEventsNoConvergence.(Anon_3).init",,,,,,,,,,,,,,2,2,1,0,0,1,1,1,0,,,,0,,,,,,,,,,,,,0,0,0,0,1,0,1,0,1,1,,,0,0,,1,1,1,1,0.00
Public Method,"org.apache.commons.math3.ode.nonstiff.HighamHall54IntegratorTest.testEventsNoConvergence.(Anon_3).resetState",,,,,,,,,,,,,,2,2,1,0,0,1,1,1,0,,,,0,,,,,,,,,,,,,0,0,0,0,1,0,1,0,1,1,,,0,0,,1,1,1,1,0.00
Public Method,"org.apache.commons.math3.ode.nonstiff.HighamHall54IntegratorTest.testIncreasingTolerance",,,,,,,,,,,,,,34,25,21,16,0,20,2,2,0,,,,0,,,,,,,,,,,,,0,6,11,3,2,18,11,9,2,1,,,0,1,,2,2,1,2,0.12
Public Method,"org.apache.commons.math3.ode.nonstiff.HighamHall54IntegratorTest.testKepler",,,,,,,,,,,,,,20,18,15,12,0,12,1,1,0,,,,0,,,,,,,,,,,,,0,2,9,0,1,11,8,4,1,1,,,0,0,,1,1,1,1,0.00
Public Method,"org.apache.commons.math3.ode.nonstiff.HighamHall54IntegratorTest.testMinStep",,,,,,,,,,,,,,19,16,14,10,0,11,1,1,0,,,,0,,,,,,,,,,,,,0,3,9,0,1,10,8,3,1,1,,,0,0,,1,1,1,1,0.00
Public Method,"org.apache.commons.math3.ode.nonstiff.HighamHall54IntegratorTest.testSanityChecks",,,,,,,,,,,,,,56,45,33,8,2,24,6,6,5,,,,0,,,,,,,,,,,,,0,6,14,5,32,18,9,15,6,1,,,0,1,,6,6,1,6,0.11
Public Method,"org.apache.commons.math3.ode.nonstiff.HighamHall54IntegratorTest.testWrongDerivative",,,,,,,,,,,,,,32,27,17,3,1,15,3,3,2,,,,0,,,,,,,,,,,,,0,3,5,2,4,9,5,10,3,1,,,0,1,,3,3,1,3,0.07
Anonymous Class,"org.apache.commons.math3.ode.nonstiff.HighamHall54IntegratorTest.testWrongDerivative.(Anon_1)",1,1,0,0,1,,0,,2,2,0,0,2,11,11,8,,,6,,,,2,1,1,,1,1,5,5,2,0,0,,,0,2,0,,0,0,0,,3,2,4,,,2,2,,1,0,3,3,2,3,0.00
Public Method,"org.apache.commons.math3.ode.nonstiff.HighamHall54IntegratorTest.testWrongDerivative.(Anon_1).computeDerivatives",,,,,,,,,,,,,,7,7,5,1,0,4,2,2,1,,,,0,,,,,,,,,,,,,1,0,0,0,2,2,1,3,2,1,,,0,1,,2,2,1,2,0.00
Public Method,"org.apache.commons.math3.ode.nonstiff.HighamHall54IntegratorTest.testWrongDerivative.(Anon_1).getDimension",,,,,,,,,,,,,,3,3,2,1,0,2,1,1,0,,,,0,,,,,,,,,,,,,0,0,0,0,1,1,1,1,1,1,,,0,0,,1,1,1,1,0.00
Class,"org.apache.commons.math3.ode.nonstiff.HighamHall54StepInterpolator",1,1,0,4,0,,1,,4,40,0,0,2,98,60,43,,,47,,,,4,1,3,,1,2,18,13,1,0,0,,,0,4,2,,10,37,28,,39,35,12,,,4,5,,2,100,7,8,4,7,0.47
Public Constructor,"org.apache.commons.math3.ode.nonstiff.HighamHall54StepInterpolator.HighamHall54StepInterpolator",,,,,,,,,,,,,,14,3,1,2,0,2,1,1,0,,,,0,,,,,,,,,,,,,2,0,1,11,1,1,1,1,1,1,,,0,0,,1,1,1,1,3.67
Public Constructor,"org.apache.commons.math3.ode.nonstiff.HighamHall54StepInterpolator.HighamHall54StepInterpolator",,,,,,,,,,,,,,8,3,1,2,0,2,1,1,0,,,,0,,,,,,,,,,,,,2,0,1,5,1,1,1,1,1,1,,,0,0,,1,1,1,1,1.67
Protected Method,"org.apache.commons.math3.ode.nonstiff.HighamHall54StepInterpolator.computeInterpolatedStateAndDerivatives",,,,,,,,,,,,,,49,45,39,2,1,39,4,5,1,,,,0,,,,,,,,,,,,,7,3,29,1,4,35,30,9,4,1,,,0,2,,4,5,1,4,0.02
Protected Method,"org.apache.commons.math3.ode.nonstiff.HighamHall54StepInterpolator.doCopy",,,,,,,,,,,,,,4,3,1,2,0,2,1,1,0,,,,0,,,,,,,,,,,,,0,0,1,1,1,1,1,1,1,1,,,0,0,,1,1,1,1,0.33
Public Class,"org.apache.commons.math3.ode.nonstiff.HighamHall54StepInterpolatorTest",2,1,2,0,7,,0,,3,3,0,0,3,108,96,75,,,75,,,,4,1,1,,2,2,33,30,1,0,0,,,0,3,0,,12,50,0,,63,49,26,,,4,4,,2,0,6,6,3,6,0.00
Public Method,"org.apache.commons.math3.ode.nonstiff.HighamHall54StepInterpolatorTest.checkClone",,,,,,,,,,,,,,39,38,31,8,0,31,1,1,0,,,,0,,,,,,,,,,,,,0,1,15,0,1,26,18,13,1,1,,,0,0,,1,1,1,1,0.00
Anonymous Class,"org.apache.commons.math3.ode.nonstiff.HighamHall54StepInterpolatorTest.checkClone.(Anon_1)",2,1,0,0,2,,0,,2,2,0,0,2,23,23,19,,,22,,,,3,1,1,,2,2,11,11,2,0,0,,,0,2,0,,0,7,0,,18,11,11,,,3,3,,2,0,4,4,2,4,0.00
Public Method,"org.apache.commons.math3.ode.nonstiff.HighamHall54StepInterpolatorTest.checkClone.(Anon_1).handleStep",,,,,,,,,,,,,,20,20,17,9,0,21,3,3,0,,,,0,,,,,,,,,,,,,2,0,7,0,3,18,10,11,3,1,,,0,2,,3,3,1,3,0.00
Public Method,"org.apache.commons.math3.ode.nonstiff.HighamHall54StepInterpolatorTest.checkClone.(Anon_1).init",,,,,,,,,,,,,,2,2,1,0,0,1,1,1,0,,,,0,,,,,,,,,,,,,0,0,0,0,1,0,1,0,1,1,,,0,0,,1,1,1,1,0.00
Public Method,"org.apache.commons.math3.ode.nonstiff.HighamHall54StepInterpolatorTest.derivativesConsistency",,,,,,,,,,,,,,12,12,9,5,0,8,1,1,0,,,,0,,,,,,,,,,,,,0,0,8,0,1,7,7,1,1,1,,,0,0,,1,1,1,1,0.00
Public Method,"org.apache.commons.math3.ode.nonstiff.HighamHall54StepInterpolatorTest.serialization",,,,,,,,,,,,,,48,41,35,19,1,35,4,4,0,,,,0,,,,,,,,,,,,,0,7,23,0,6,30,23,12,4,1,,,0,2,,4,4,1,4,0.00
Public Class,"org.apache.commons.math3.ode.nonstiff.MidpointIntegrator",1,1,0,4,1,,3,,1,26,0,0,1,47,14,4,,,6,,,,1,1,3,,1,1,7,3,1,0,0,,,0,1,0,,5,9,28,,4,5,1,,,1,1,,0,0,1,1,1,1,2.00
Public Constructor,"org.apache.commons.math3.ode.nonstiff.MidpointIntegrator.MidpointIntegrator",,,,,,,,,,,,,,7,3,1,3,0,2,1,1,0,,,,0,,,,,,,,,,,,,12,0,1,4,1,1,1,1,1,1,,,0,0,,1,1,1,1,1.33
Public Class,"org.apache.commons.math3.ode.nonstiff.MidpointIntegratorTest",2,1,3,0,12,,0,,6,6,0,0,6,144,118,82,,,81,,,,7,1,1,,2,2,21,18,1,0,0,,,0,6,0,,26,40,0,,63,40,41,,,7,7,,3,0,12,12,6,12,0.00
Public Method,"org.apache.commons.math3.ode.nonstiff.MidpointIntegratorTest.testBackward",,,,,,,,,,,,,,17,14,11,16,0,11,1,1,0,,,,0,,,,,,,,,,,,,0,3,5,0,1,10,5,6,1,1,,,0,0,,1,1,1,1,0.00
Public Method,"org.apache.commons.math3.ode.nonstiff.MidpointIntegratorTest.testBigStep",,,,,,,,,,,,,,18,14,11,14,0,10,1,1,0,,,,0,,,,,,,,,,,,,0,4,5,0,1,9,5,5,1,1,,,0,0,,1,1,1,1,0.00
Public Method,"org.apache.commons.math3.ode.nonstiff.MidpointIntegratorTest.testDecreasingSteps",,,,,,,,,,,,,,44,36,27,18,1,31,7,7,0,,,,0,,,,,,,,,,,,,1,8,13,0,18,24,15,16,7,1,,,0,3,,7,7,1,7,0.00
Public Method,"org.apache.commons.math3.ode.nonstiff.MidpointIntegratorTest.testDimensionCheck",,,,,,,,,,,,,,7,7,5,5,0,4,1,1,0,,,,0,,,,,,,,,,,,,0,0,2,0,1,3,2,2,1,1,,,0,0,,1,1,1,1,0.00
Public Method,"org.apache.commons.math3.ode.nonstiff.MidpointIntegratorTest.testSmallStep",,,,,,,,,,,,,,19,15,12,15,0,11,1,1,0,,,,0,,,,,,,,,,,,,0,4,5,0,1,10,5,6,1,1,,,0,0,,1,1,1,1,0.00
Public Method,"org.apache.commons.math3.ode.nonstiff.MidpointIntegratorTest.testStepSize",,,,,,,,,,,,,,24,24,16,3,0,13,1,1,0,,,,0,,,,,,,,,,,,,0,0,3,0,1,7,7,6,1,1,,,0,0,,1,1,1,1,0.00
Anonymous Class,"org.apache.commons.math3.ode.nonstiff.MidpointIntegratorTest.testStepSize.(Anon_1)",1,1,0,0,2,,0,,2,2,0,0,2,10,10,7,,,4,,,,2,1,1,,1,1,4,4,2,0,0,,,0,2,0,,0,0,0,,1,2,2,,,2,2,,1,0,3,3,2,3,0.00
Public Method,"org.apache.commons.math3.ode.nonstiff.MidpointIntegratorTest.testStepSize.(Anon_1).handleStep",,,,,,,,,,,,,,7,7,5,3,0,3,2,2,0,,,,0,,,,,,,,,,,,,2,0,0,0,2,1,1,2,2,1,,,0,1,,2,2,1,2,0.00
Public Method,"org.apache.commons.math3.ode.nonstiff.MidpointIntegratorTest.testStepSize.(Anon_1).init",,,,,,,,,,,,,,2,2,1,0,0,1,1,1,0,,,,0,,,,,,,,,,,,,0,0,0,0,1,0,1,0,1,1,,,0,0,,1,1,1,1,0.00
Anonymous Class,"org.apache.commons.math3.ode.nonstiff.MidpointIntegratorTest.testStepSize.(Anon_2)",1,1,0,0,0,,0,,2,2,0,0,2,7,7,5,,,4,,,,1,1,1,,1,1,3,3,2,0,0,,,0,2,0,,0,0,0,,2,2,2,,,1,1,,0,0,2,2,2,2,0.00
Public Method,"org.apache.commons.math3.ode.nonstiff.MidpointIntegratorTest.testStepSize.(Anon_2).computeDerivatives",,,,,,,,,,,,,,3,3,2,1,0,2,1,1,0,,,,0,,,,,,,,,,,,,0,0,0,0,1,1,1,1,1,1,,,0,0,,1,1,1,1,0.00
Public Method,"org.apache.commons.math3.ode.nonstiff.MidpointIntegratorTest.testStepSize.(Anon_2).getDimension",,,,,,,,,,,,,,3,3,2,1,0,2,1,1,0,,,,0,,,,,,,,,,,,,0,0,0,0,1,1,1,1,1,1,,,0,0,,1,1,1,1,0.00
Class,"org.apache.commons.math3.ode.nonstiff.MidpointStepInterpolator",1,1,0,4,0,,1,,4,40,0,0,2,92,38,21,,,29,,,,4,1,3,,1,2,13,8,1,0,0,,,0,4,2,,10,20,44,,21,18,11,,,4,5,,2,100,7,8,4,7,1.16
Public Constructor,"org.apache.commons.math3.ode.nonstiff.MidpointStepInterpolator.MidpointStepInterpolator",,,,,,,,,,,,,,13,2,0,1,0,1,1,1,0,,,,0,,,,,,,,,,,,,1,0,1,11,1,0,1,0,1,1,,,0,0,,1,1,1,1,5.50
Public Constructor,"org.apache.commons.math3.ode.nonstiff.MidpointStepInterpolator.MidpointStepInterpolator",,,,,,,,,,,,,,8,3,1,2,0,2,1,1,0,,,,0,,,,,,,,,,,,,2,0,1,5,1,1,1,1,1,1,,,0,0,,1,1,1,1,1.67
Protected Method,"org.apache.commons.math3.ode.nonstiff.MidpointStepInterpolator.computeInterpolatedStateAndDerivatives",,,,,,,,,,,,,,28,24,18,2,1,22,4,5,1,,,,0,,,,,,,,,,,,,8,3,12,1,4,18,13,9,4,1,,,0,2,,4,5,1,4,0.04
Protected Method,"org.apache.commons.math3.ode.nonstiff.MidpointStepInterpolator.doCopy",,,,,,,,,,,,,,4,3,1,2,0,2,1,1,0,,,,0,,,,,,,,,,,,,0,0,1,1,1,1,1,1,1,1,,,0,0,,1,1,1,1,0.33
Public Class,"org.apache.commons.math3.ode.nonstiff.MidpointStepInterpolatorTest",2,1,3,0,8,,0,,2,2,0,0,2,57,47,34,,,38,,,,4,1,1,,2,2,25,21,1,0,0,,,0,2,0,,10,26,0,,31,25,13,,,4,4,,2,0,5,5,2,5,0.00
Public Method,"org.apache.commons.math3.ode.nonstiff.MidpointStepInterpolatorTest.serialization",,,,,,,,,,,,,,43,36,30,19,1,32,4,4,0,,,,0,,,,,,,,,,,,,0,7,19,0,6,27,20,12,4,1,,,0,2,,4,4,1,4,0.00
Public Method,"org.apache.commons.math3.ode.nonstiff.MidpointStepInterpolatorTest.testDerivativesConsistency",,,,,,,,,,,,,,7,7,4,5,0,5,1,1,0,,,,0,,,,,,,,,,,,,0,0,4,0,1,4,4,1,1,1,,,0,0,,1,1,1,1,0.00
Public Abstract Class,"org.apache.commons.math3.ode.nonstiff.RungeKuttaIntegrator",6,1,10,11,6,,0,,2,25,0,0,1,158,79,55,,,73,,,,12,1,2,,6,6,56,35,1,6,0,,,5,2,1,,28,25,51,,62,26,47,,,12,12,,4,0,13,13,2,13,0.65
Protected Constructor,"org.apache.commons.math3.ode.nonstiff.RungeKuttaIntegrator.RungeKuttaIntegrator",,,,,,,,,,,,,,21,11,6,8,0,7,1,1,0,,,,0,,,,,,,,,,,,,12,0,4,10,1,6,1,6,1,1,,,0,0,,1,1,1,1,0.91
Public Method,"org.apache.commons.math3.ode.nonstiff.RungeKuttaIntegrator.integrate",,,,,,,,,,,,,,92,60,49,20,2,60,12,12,0,,,,0,,,,,,,,,,,,,11,20,14,12,72,51,19,41,12,1,,,0,4,,12,12,1,12,0.20
Abstract Class,"org.apache.commons.math3.ode.nonstiff.RungeKuttaStepInterpolator",3,1,3,9,2,,0,,6,36,0,0,5,184,83,47,,,68,,,,9,1,2,,3,3,25,12,1,8,0,,,3,6,1,,32,24,69,,51,22,46,,,9,9,,2,16,21,21,6,21,0.83
Public Constructor,"org.apache.commons.math3.ode.nonstiff.RungeKuttaStepInterpolator.RungeKuttaStepInterpolator",,,,,,,,,,,,,,40,14,10,6,0,12,3,3,1,,,,0,,,,,,,,,,,,,13,11,1,15,3,9,2,10,3,1,,,0,2,,3,3,1,3,1.07
Protected Constructor,"org.apache.commons.math3.ode.nonstiff.RungeKuttaStepInterpolator.RungeKuttaStepInterpolator",,,,,,,,,,,,,,15,5,3,4,0,4,1,1,0,,,,0,,,,,,,,,,,,,3,0,1,10,1,3,1,3,1,1,,,0,0,,1,1,1,1,2.00
Public Method,"org.apache.commons.math3.ode.nonstiff.RungeKuttaStepInterpolator.readExternal",,,,,,,,,,,,,,37,27,19,8,1,24,9,9,2,,,,0,,,,,,,,,,,,,4,6,5,4,18,18,7,17,9,1,,,0,2,,9,9,1,9,0.15
Public Method,"org.apache.commons.math3.ode.nonstiff.RungeKuttaStepInterpolator.reinitialize",,,,,,,,,,,,,,32,9,4,4,0,5,1,1,0,,,,0,,,,,,,,,,,,,13,0,4,23,1,4,1,4,1,1,,,0,0,,1,1,1,1,2.56
Public Method,"org.apache.commons.math3.ode.nonstiff.RungeKuttaStepInterpolator.shift",,,,,,,,,,,,,,5,4,2,3,0,3,1,1,0,,,,0,,,,,,,,,,,,,6,0,1,1,1,2,1,2,1,1,,,0,0,,1,1,1,1,0.25
Public Method,"org.apache.commons.math3.ode.nonstiff.RungeKuttaStepInterpolator.writeExternal",,,,,,,,,,,,,,24,15,9,3,1,16,6,6,0,,,,0,,,,,,,,,,,,,6,5,4,4,6,12,6,10,6,1,,,0,2,,6,6,1,6,0.27
Public Class,"org.apache.commons.math3.ode.nonstiff.StepProblem",1,1,0,0,1,,0,,8,8,0,0,8,42,32,9,,,21,,,,1,1,1,,1,1,3,3,3,0,0,,,3,8,0,,10,14,0,,12,12,9,,,1,1,,0,75,8,8,8,8,0.00
Public Constructor,"org.apache.commons.math3.ode.nonstiff.StepProblem.StepProblem",,,,,,,,,,,,,,6,6,3,4,0,4,1,1,0,,,,0,,,,,,,,,,,,,6,0,2,0,1,3,1,3,1,1,,,0,0,,1,1,1,1,0.00
Public Method,"org.apache.commons.math3.ode.nonstiff.StepProblem.computeDerivatives",,,,,,,,,,,,,,3,3,1,1,0,2,1,1,0,,,,0,,,,,,,,,,,,,1,0,1,0,1,1,1,1,1,1,,,0,0,,1,1,1,1,0.00
Public Method,"org.apache.commons.math3.ode.nonstiff.StepProblem.eventOccurred",,,,,,,,,,,,,,4,4,2,2,0,3,1,1,0,,,,0,,,,,,,,,,,,,1,0,1,0,1,2,1,2,1,1,,,0,0,,1,1,1,1,0.00
Public Method,"org.apache.commons.math3.ode.nonstiff.StepProblem.g",,,,,,,,,,,,,,3,3,1,1,0,2,1,1,0,,,,0,,,,,,,,,,,,,2,0,1,0,1,1,1,1,1,1,,,0,0,,1,1,1,1,0.00
Public Method,"org.apache.commons.math3.ode.nonstiff.StepProblem.getDimension",,,,,,,,,,,,,,3,3,1,1,0,2,1,1,0,,,,0,,,,,,,,,,,,,0,0,1,0,1,1,1,1,1,1,,,0,0,,1,1,1,1,0.00
Public Method,"org.apache.commons.math3.ode.nonstiff.StepProblem.init",,,,,,,,,,,,,,2,2,0,0,0,1,1,1,0,,,,0,,,,,,,,,,,,,0,0,1,0,1,0,1,0,1,1,,,0,0,,1,1,1,1,0.00
Public Method,"org.apache.commons.math3.ode.nonstiff.StepProblem.resetState",,,,,,,,,,,,,,2,2,0,0,0,1,1,1,0,,,,0,,,,,,,,,,,,,0,0,1,0,1,0,1,0,1,1,,,0,0,,1,1,1,1,0.00
Public Method,"org.apache.commons.math3.ode.nonstiff.StepProblem.setRate",,,,,,,,,,,,,,3,3,1,1,0,2,1,1,0,,,,0,,,,,,,,,,,,,3,0,1,0,1,1,1,1,1,1,,,0,0,,1,1,1,1,0.00
Public Class,"org.apache.commons.math3.ode.nonstiff.ThreeEighthesIntegrator",1,1,0,4,1,,3,,1,26,0,0,1,51,16,6,,,6,,,,1,1,3,,1,1,7,3,1,0,0,,,0,1,0,,5,13,30,,4,5,1,,,1,1,,0,0,1,1,1,1,1.88
Public Constructor,"org.apache.commons.math3.ode.nonstiff.ThreeEighthesIntegrator.ThreeEighthesIntegrator",,,,,,,,,,,,,,7,3,1,3,0,2,1,1,0,,,,0,,,,,,,,,,,,,13,0,1,4,1,1,1,1,1,1,,,0,0,,1,1,1,1,1.33
Public Class,"org.apache.commons.math3.ode.nonstiff.ThreeEighthesIntegratorTest",1,1,3,0,14,,0,,7,7,0,0,7,190,150,99,,,105,,,,7,1,1,,1,1,19,16,1,0,0,,,0,7,0,,37,56,3,,80,55,50,,,7,7,,3,0,13,13,7,13,0.02
Private Static Class,"org.apache.commons.math3.ode.nonstiff.ThreeEighthesIntegratorTest.KeplerHandler",1,1,0,1,2,,0,,3,3,0,0,3,33,24,13,,,18,,,,3,1,1,,1,1,8,6,2,0,0,,,2,3,0,,6,11,3,,12,11,7,,,3,3,,1,16,5,5,3,5,0.12
Public Constructor,"org.apache.commons.math3.ode.nonstiff.ThreeEighthesIntegratorTest.KeplerHandler.KeplerHandler",,,,,,,,,,,,,,4,4,2,3,0,3,1,1,0,,,,0,,,,,,,,,,,,,2,0,1,0,1,2,1,2,1,1,,,0,0,,1,1,1,1,0.00
Public Method,"org.apache.commons.math3.ode.nonstiff.ThreeEighthesIntegratorTest.KeplerHandler.handleStep",,,,,,,,,,,,,,17,13,9,5,1,10,3,3,0,,,,0,,,,,,,,,,,,,4,1,6,3,4,7,6,4,3,1,,,0,1,,3,3,1,3,0.23
Public Method,"org.apache.commons.math3.ode.nonstiff.ThreeEighthesIntegratorTest.KeplerHandler.init",,,,,,,,,,,,,,3,3,1,1,0,2,1,1,0,,,,0,,,,,,,,,,,,,0,0,1,0,1,1,1,1,1,1,,,0,0,,1,1,1,1,0.00
Public Method,"org.apache.commons.math3.ode.nonstiff.ThreeEighthesIntegratorTest.testBackward",,,,,,,,,,,,,,17,14,11,16,0,11,1,1,0,,,,0,,,,,,,,,,,,,0,3,5,0,1,10,5,6,1,1,,,0,0,,1,1,1,1,0.00
Public Method,"org.apache.commons.math3.ode.nonstiff.ThreeEighthesIntegratorTest.testBigStep",,,,,,,,,,,,,,17,13,10,14,0,10,1,1,0,,,,0,,,,,,,,,,,,,0,4,5,0,1,9,5,5,1,1,,,0,0,,1,1,1,1,0.00
Public Method,"org.apache.commons.math3.ode.nonstiff.ThreeEighthesIntegratorTest.testDecreasingSteps",,,,,,,,,,,,,,44,35,26,18,1,31,7,7,0,,,,0,,,,,,,,,,,,,1,9,13,0,18,24,15,16,7,1,,,0,3,,7,7,1,7,0.00
Public Method,"org.apache.commons.math3.ode.nonstiff.ThreeEighthesIntegratorTest.testDimensionCheck",,,,,,,,,,,,,,7,7,5,5,0,4,1,1,0,,,,0,,,,,,,,,,,,,0,0,2,0,1,3,2,2,1,1,,,0,0,,1,1,1,1,0.00
Public Method,"org.apache.commons.math3.ode.nonstiff.ThreeEighthesIntegratorTest.testKepler",,,,,,,,,,,,,,12,10,7,9,0,6,1,1,0,,,,0,,,,,,,,,,,,,0,2,4,0,1,5,4,2,1,1,,,0,0,,1,1,1,1,0.00
Public Method,"org.apache.commons.math3.ode.nonstiff.ThreeEighthesIntegratorTest.testSmallStep",,,,,,,,,,,,,,18,14,11,15,0,11,1,1,0,,,,0,,,,,,,,,,,,,0,4,5,0,1,10,5,6,1,1,,,0,0,,1,1,1,1,0.00
Public Method,"org.apache.commons.math3.ode.nonstiff.ThreeEighthesIntegratorTest.testStepSize",,,,,,,,,,,,,,24,24,16,3,0,13,1,1,0,,,,0,,,,,,,,,,,,,0,0,3,0,1,7,7,6,1,1,,,0,0,,1,1,1,1,0.00
Anonymous Class,"org.apache.commons.math3.ode.nonstiff.ThreeEighthesIntegratorTest.testStepSize.(Anon_1)",1,1,0,0,2,,0,,2,2,0,0,2,10,10,7,,,4,,,,2,1,1,,1,1,4,4,2,0,0,,,0,2,0,,0,0,0,,1,2,2,,,2,2,,1,0,3,3,2,3,0.00
Public Method,"org.apache.commons.math3.ode.nonstiff.ThreeEighthesIntegratorTest.testStepSize.(Anon_1).handleStep",,,,,,,,,,,,,,7,7,5,3,0,3,2,2,0,,,,0,,,,,,,,,,,,,2,0,0,0,2,1,1,2,2,1,,,0,1,,2,2,1,2,0.00
Public Method,"org.apache.commons.math3.ode.nonstiff.ThreeEighthesIntegratorTest.testStepSize.(Anon_1).init",,,,,,,,,,,,,,2,2,1,0,0,1,1,1,0,,,,0,,,,,,,,,,,,,0,0,0,0,1,0,1,0,1,1,,,0,0,,1,1,1,1,0.00
Anonymous Class,"org.apache.commons.math3.ode.nonstiff.ThreeEighthesIntegratorTest.testStepSize.(Anon_2)",1,1,0,0,0,,0,,2,2,0,0,2,7,7,5,,,4,,,,1,1,1,,1,1,3,3,2,0,0,,,0,2,0,,0,0,0,,2,2,2,,,1,1,,0,0,2,2,2,2,0.00
Public Method,"org.apache.commons.math3.ode.nonstiff.ThreeEighthesIntegratorTest.testStepSize.(Anon_2).computeDerivatives",,,,,,,,,,,,,,3,3,2,1,0,2,1,1,0,,,,0,,,,,,,,,,,,,0,0,0,0,1,1,1,1,1,1,,,0,0,,1,1,1,1,0.00
Public Method,"org.apache.commons.math3.ode.nonstiff.ThreeEighthesIntegratorTest.testStepSize.(Anon_2).getDimension",,,,,,,,,,,,,,3,3,2,1,0,2,1,1,0,,,,0,,,,,,,,,,,,,0,0,0,0,1,1,1,1,1,1,,,0,0,,1,1,1,1,0.00
Class,"org.apache.commons.math3.ode.nonstiff.ThreeEighthesStepInterpolator",1,1,1,4,0,,1,,4,40,0,0,2,122,56,39,,,43,,,,4,1,3,,1,2,18,12,1,0,0,,,0,4,2,,12,34,54,,35,32,11,,,4,5,,2,100,7,8,4,7,0.96
Public Constructor,"org.apache.commons.math3.ode.nonstiff.ThreeEighthesStepInterpolator.ThreeEighthesStepInterpolator",,,,,,,,,,,,,,13,2,0,1,0,1,1,1,0,,,,0,,,,,,,,,,,,,1,0,1,11,1,0,1,0,1,1,,,0,0,,1,1,1,1,5.50
Public Constructor,"org.apache.commons.math3.ode.nonstiff.ThreeEighthesStepInterpolator.ThreeEighthesStepInterpolator",,,,,,,,,,,,,,8,3,1,2,0,2,1,1,0,,,,0,,,,,,,,,,,,,2,0,1,5,1,1,1,1,1,1,,,0,0,,1,1,1,1,1.67
Protected Method,"org.apache.commons.math3.ode.nonstiff.ThreeEighthesStepInterpolator.computeInterpolatedStateAndDerivatives",,,,,,,,,,,,,,48,42,36,2,1,36,4,5,1,,,,0,,,,,,,,,,,,,8,5,26,1,4,32,27,9,4,1,,,0,2,,4,5,1,4,0.02
Protected Method,"org.apache.commons.math3.ode.nonstiff.ThreeEighthesStepInterpolator.doCopy",,,,,,,,,,,,,,4,3,1,2,0,2,1,1,0,,,,0,,,,,,,,,,,,,0,0,1,1,1,1,1,1,1,1,,,0,0,,1,1,1,1,0.33
Public Class,"org.apache.commons.math3.ode.nonstiff.ThreeEighthesStepInterpolatorTest",2,1,3,0,7,,0,,2,2,0,0,2,57,47,34,,,38,,,,4,1,1,,2,2,25,21,1,0,0,,,0,2,0,,10,26,0,,31,25,13,,,4,4,,2,0,5,5,2,5,0.00
Public Method,"org.apache.commons.math3.ode.nonstiff.ThreeEighthesStepInterpolatorTest.derivativesConsistency",,,,,,,,,,,,,,7,7,4,5,0,5,1,1,0,,,,0,,,,,,,,,,,,,0,0,4,0,1,4,4,1,1,1,,,0,0,,1,1,1,1,0.00
Public Method,"org.apache.commons.math3.ode.nonstiff.ThreeEighthesStepInterpolatorTest.serialization",,,,,,,,,,,,,,43,36,30,19,1,32,4,4,0,,,,0,,,,,,,,,,,,,0,7,19,0,6,27,20,12,4,1,,,0,2,,4,4,1,4,0.00
Package,"org.apache.commons.math3.ode.sampling",1,1,0,3,,22,3,18,146,,14,10,89,2739,1157,601,,,847,,,,8,1,,,1,1,12,7,,,2,,,46,148,35,,363,465,1219,,654,404,443,,,8,10,,3,,187,191,123,187,1.05
Public Abstract Class,"org.apache.commons.math3.ode.sampling.AbstractStepInterpolator",1,1,1,6,1,,0,,30,30,0,2,19,566,273,173,,,223,,,,5,1,1,,1,1,16,9,2,4,0,,,18,30,9,,84,62,209,,181,58,165,,,5,5,,3,74,43,43,26,43,0.77
Protected Constructor,"org.apache.commons.math3.ode.sampling.AbstractStepInterpolator.AbstractStepInterpolator",,,,,,,,,,,,,,53,32,28,21,0,29,4,4,1,,,,0,,,,,,,,,,,,,24,8,1,13,3,26,2,27,4,1,,,0,2,,4,4,1,4,0.41
Protected Constructor,"org.apache.commons.math3.ode.sampling.AbstractStepInterpolator.AbstractStepInterpolator",,,,,,,,,,,,,,26,15,13,14,0,14,1,1,0,,,,0,,,,,,,,,,,,,1,0,1,11,1,13,1,13,1,1,,,0,0,,1,1,1,1,0.73
Protected Constructor,"org.apache.commons.math3.ode.sampling.AbstractStepInterpolator.AbstractStepInterpolator",,,,,,,,,,,,,,26,17,13,15,0,14,2,2,0,,,,0,,,,,,,,,,,,,7,2,3,7,1,13,1,13,2,1,,,0,0,,2,2,1,2,0.41
Private Method,"org.apache.commons.math3.ode.sampling.AbstractStepInterpolator.allocateInterpolatedArrays",,,,,,,,,,,,,,29,26,21,7,1,22,4,4,2,,,,0,,,,,,,,,,,,,9,0,1,3,4,18,2,20,4,1,,,0,3,,4,4,1,4,0.12
Protected Abstract Method,"org.apache.commons.math3.ode.sampling.AbstractStepInterpolator.computeInterpolatedStateAndDerivatives",,,,,,,,,,,,,,10,2,0,0,0,1,0,0,0,,,,0,,,,,,,,,,,,,1,0,2,8,0,1,1,0,0,0,,,0,0,,0,0,0,0,4.00
Public Method,"org.apache.commons.math3.ode.sampling.AbstractStepInterpolator.copy",,,,,,,,,,,,,,10,4,2,3,0,3,1,1,0,,,,0,,,,,,,,,,,,,2,3,1,3,1,2,1,2,1,1,,,0,0,,1,1,1,1,0.75
Protected Abstract Method,"org.apache.commons.math3.ode.sampling.AbstractStepInterpolator.doCopy",,,,,,,,,,,,,,8,1,0,1,0,1,0,0,0,,,,0,,,,,,,,,,,,,1,0,1,7,0,1,1,0,0,0,,,0,0,,0,0,0,0,7.00
Protected Method,"org.apache.commons.math3.ode.sampling.AbstractStepInterpolator.doFinalize",,,,,,,,,,,,,,6,2,0,0,0,1,1,1,0,,,,0,,,,,,,,,,,,,1,0,1,4,1,0,1,0,1,1,,,0,0,,1,1,1,1,2.00
Private Method,"org.apache.commons.math3.ode.sampling.AbstractStepInterpolator.evaluateCompleteInterpolatedState",,,,,,,,,,,,,,11,8,5,2,0,6,3,3,0,,,,0,,,,,,,,,,,,,8,0,3,3,2,4,3,3,3,1,,,0,1,,3,3,1,3,0.38
Public Method,"org.apache.commons.math3.ode.sampling.AbstractStepInterpolator.finalizeStep",,,,,,,,,,,,,,45,6,3,2,0,4,2,2,0,,,,0,,,,,,,,,,,,,5,5,1,34,2,2,1,3,2,1,,,0,1,,2,2,1,2,5.67
Public Method,"org.apache.commons.math3.ode.sampling.AbstractStepInterpolator.getCurrentTime",,,,,,,,,,,,,,8,3,1,1,0,2,1,1,0,,,,0,,,,,,,,,,,,,2,0,1,5,1,1,1,1,1,1,,,0,0,,1,1,1,1,1.67
Public Method,"org.apache.commons.math3.ode.sampling.AbstractStepInterpolator.getGlobalCurrentTime",,,,,,,,,,,,,,7,3,1,1,0,2,1,1,0,,,,0,,,,,,,,,,,,,2,0,1,4,1,1,1,1,1,1,,,0,0,,1,1,1,1,1.33
Public Method,"org.apache.commons.math3.ode.sampling.AbstractStepInterpolator.getGlobalPreviousTime",,,,,,,,,,,,,,7,3,1,1,0,2,1,1,0,,,,0,,,,,,,,,,,,,3,0,1,4,1,1,1,1,1,1,,,0,0,,1,1,1,1,1.33
Public Method,"org.apache.commons.math3.ode.sampling.AbstractStepInterpolator.getInterpolatedDerivatives",,,,,,,,,,,,,,7,6,4,3,0,4,1,1,0,,,,0,,,,,,,,,,,,,3,0,1,1,1,3,1,3,1,1,,,0,0,,1,1,1,1,0.17
Public Method,"org.apache.commons.math3.ode.sampling.AbstractStepInterpolator.getInterpolatedSecondaryDerivatives",,,,,,,,,,,,,,7,6,4,3,0,4,1,1,0,,,,0,,,,,,,,,,,,,4,0,1,1,1,3,1,3,1,1,,,0,0,,1,1,1,1,0.17
Public Method,"org.apache.commons.math3.ode.sampling.AbstractStepInterpolator.getInterpolatedSecondaryState",,,,,,,,,,,,,,7,6,4,3,0,4,1,1,0,,,,0,,,,,,,,,,,,,4,0,1,1,1,3,1,3,1,1,,,0,0,,1,1,1,1,0.17
Public Method,"org.apache.commons.math3.ode.sampling.AbstractStepInterpolator.getInterpolatedState",,,,,,,,,,,,,,7,6,4,3,0,4,1,1,0,,,,0,,,,,,,,,,,,,13,0,1,1,1,3,1,3,1,1,,,0,0,,1,1,1,1,0.17
Public Method,"org.apache.commons.math3.ode.sampling.AbstractStepInterpolator.getInterpolatedTime",,,,,,,,,,,,,,4,3,1,1,0,2,1,1,0,,,,0,,,,,,,,,,,,,2,0,1,1,1,1,1,1,1,1,,,0,0,,1,1,1,1,0.33
Public Method,"org.apache.commons.math3.ode.sampling.AbstractStepInterpolator.getPreviousTime",,,,,,,,,,,,,,8,3,1,1,0,2,1,1,0,,,,0,,,,,,,,,,,,,2,0,1,5,1,1,1,1,1,1,,,0,0,,1,1,1,1,1.67
Public Method,"org.apache.commons.math3.ode.sampling.AbstractStepInterpolator.isForward",,,,,,,,,,,,,,4,3,1,1,0,2,1,1,0,,,,0,,,,,,,,,,,,,2,0,1,1,1,1,1,1,1,1,,,0,0,,1,1,1,1,0.33
Protected Method,"org.apache.commons.math3.ode.sampling.AbstractStepInterpolator.readBaseExternal",,,,,,,,,,,,,,46,28,22,19,1,26,4,4,1,,,,0,,,,,,,,,,,,,8,6,3,12,6,22,4,22,4,1,,,0,2,,4,4,1,4,0.43
Public Abstract Method,"org.apache.commons.math3.ode.sampling.AbstractStepInterpolator.readExternal",,,,,,,,,,,,,,3,2,0,0,0,1,0,0,0,,,,0,,,,,,,,,,,,,0,0,2,1,0,1,1,0,0,0,,,0,0,,0,0,0,0,0.50
Protected Method,"org.apache.commons.math3.ode.sampling.AbstractStepInterpolator.reinitialize",,,,,,,,,,,,,,25,17,13,14,0,14,1,1,0,,,,0,,,,,,,,,,,,,7,2,3,6,1,13,1,13,1,1,,,0,0,,1,1,1,1,0.35
Public Method,"org.apache.commons.math3.ode.sampling.AbstractStepInterpolator.setInterpolatedTime",,,,,,,,,,,,,,5,4,2,2,0,3,1,1,0,,,,0,,,,,,,,,,,,,14,0,1,1,1,2,1,2,1,1,,,0,0,,1,1,1,1,0.25
Public Method,"org.apache.commons.math3.ode.sampling.AbstractStepInterpolator.setSoftCurrentTime",,,,,,,,,,,,,,13,3,1,1,0,2,1,1,0,,,,0,,,,,,,,,,,,,2,0,1,10,1,1,1,1,1,1,,,0,0,,1,1,1,1,3.33
Public Method,"org.apache.commons.math3.ode.sampling.AbstractStepInterpolator.setSoftPreviousTime",,,,,,,,,,,,,,13,3,1,1,0,2,1,1,0,,,,0,,,,,,,,,,,,,2,0,1,10,1,1,1,1,1,1,,,0,0,,1,1,1,1,3.33
Public Method,"org.apache.commons.math3.ode.sampling.AbstractStepInterpolator.shift",,,,,,,,,,,,,,9,5,3,3,0,4,1,1,0,,,,0,,,,,,,,,,,,,12,0,1,4,1,3,1,3,1,1,,,0,0,,1,1,1,1,0.80
Public Method,"org.apache.commons.math3.ode.sampling.AbstractStepInterpolator.storeTime",,,,,,,,,,,,,,14,7,5,5,0,6,1,1,0,,,,0,,,,,,,,,,,,,19,3,1,4,1,5,1,5,1,1,,,0,0,,1,1,1,1,0.57
Protected Method,"org.apache.commons.math3.ode.sampling.AbstractStepInterpolator.writeBaseExternal",,,,,,,,,,,,,,41,26,19,6,1,22,5,5,1,,,,0,,,,,,,,,,,,,16,6,2,9,12,16,3,19,5,1,,,0,2,,5,5,1,5,0.35
Public Abstract Method,"org.apache.commons.math3.ode.sampling.AbstractStepInterpolator.writeExternal",,,,,,,,,,,,,,3,2,0,0,0,1,0,0,0,,,,0,,,,,,,,,,,,,0,0,2,1,0,1,1,0,0,0,,,0,0,,0,0,0,0,0.50
Public Class,"org.apache.commons.math3.ode.sampling.DummyStepHandler",1,1,0,4,2,,0,,4,5,0,2,3,70,17,3,,,10,,,,1,1,1,,1,1,7,2,2,0,1,,,0,5,0,,8,8,45,,3,8,2,,,1,1,,0,0,5,5,5,5,2.65
Private Constructor,"org.apache.commons.math3.ode.sampling.DummyStepHandler.DummyStepHandler",,,,,,,,,,,,,,6,2,0,1,0,1,1,1,0,,,,0,,,,,,,,,,,,,0,0,1,4,1,0,1,0,1,1,,,0,0,,1,1,1,1,2.00
Private Static Class,"org.apache.commons.math3.ode.sampling.DummyStepHandler.LazyHolder",0,0,0,0,1,,1,,0,0,0,0,0,7,3,1,,,2,,,,0,0,1,,0,0,0,0,1,0,0,,,0,0,0,,0,2,4,,1,2,0,,,0,0,,0,0,0,0,0,0,1.33
Public Static Method,"org.apache.commons.math3.ode.sampling.DummyStepHandler.getInstance",,,,,,,,,,,,,,6,3,1,1,0,2,1,1,0,,,,0,,,,,,,,,,,,,1,0,1,3,1,1,1,1,1,1,,,0,0,,1,1,1,1,1.00
Public Method,"org.apache.commons.math3.ode.sampling.DummyStepHandler.handleStep",,,,,,,,,,,,,,14,2,0,0,0,1,1,1,0,,,,0,,,,,,,,,,,,,0,0,1,12,1,0,1,0,1,1,,,0,0,,1,1,1,1,6.00
Public Method,"org.apache.commons.math3.ode.sampling.DummyStepHandler.init",,,,,,,,,,,,,,3,2,0,0,0,1,1,1,0,,,,0,,,,,,,,,,,,,0,0,1,1,1,0,1,0,1,1,,,0,0,,1,1,1,1,0.50
Private Method,"org.apache.commons.math3.ode.sampling.DummyStepHandler.readResolve",,,,,,,,,,,,,,7,3,1,1,0,2,1,1,0,,,,0,,,,,,,,,,,,,1,0,1,4,1,1,1,1,1,1,,,0,0,,1,1,1,1,1.33
Public Class,"org.apache.commons.math3.ode.sampling.DummyStepInterpolator",1,1,1,6,1,,1,,7,37,0,0,5,126,50,22,,,34,,,,3,1,2,,1,1,13,5,1,1,0,,,1,7,2,,17,18,59,,22,13,21,,,3,3,,2,57,11,11,7,11,1.18
Public Constructor,"org.apache.commons.math3.ode.sampling.DummyStepInterpolator.DummyStepInterpolator",,,,,,,,,,,,,,11,4,2,4,0,3,1,1,0,,,,0,,,,,,,,,,,,,10,0,1,7,1,2,1,2,1,1,,,0,0,,1,1,1,1,1.75
Public Constructor,"org.apache.commons.math3.ode.sampling.DummyStepInterpolator.DummyStepInterpolator",,,,,,,,,,,,,,14,4,2,3,0,3,1,1,0,,,,0,,,,,,,,,,,,,0,0,1,10,1,2,1,2,1,1,,,0,0,,1,1,1,1,2.50
Public Constructor,"org.apache.commons.math3.ode.sampling.DummyStepInterpolator.DummyStepInterpolator",,,,,,,,,,,,,,9,4,2,4,0,3,1,1,0,,,,0,,,,,,,,,,,,,3,0,1,5,1,2,1,2,1,1,,,0,0,,1,1,1,1,1.25
Protected Method,"org.apache.commons.math3.ode.sampling.DummyStepInterpolator.computeInterpolatedStateAndDerivatives",,,,,,,,,,,,,,12,4,2,1,0,3,1,1,0,,,,0,,,,,,,,,,,,,5,0,1,8,1,2,1,2,1,1,,,0,0,,1,1,1,1,2.00
Protected Method,"org.apache.commons.math3.ode.sampling.DummyStepInterpolator.doCopy",,,,,,,,,,,,,,6,3,1,2,0,2,1,1,0,,,,0,,,,,,,,,,,,,0,0,1,3,1,1,1,1,1,1,,,0,0,,1,1,1,1,1.00
Public Method,"org.apache.commons.math3.ode.sampling.DummyStepInterpolator.readExternal",,,,,,,,,,,,,,23,13,8,4,0,10,3,3,1,,,,0,,,,,,,,,,,,,4,4,3,6,3,7,3,7,3,1,,,0,2,,3,3,1,3,0.46
Public Method,"org.apache.commons.math3.ode.sampling.DummyStepInterpolator.writeExternal",,,,,,,,,,,,,,17,9,4,2,0,7,3,3,0,,,,0,,,,,,,,,,,,,3,3,2,5,3,4,2,5,3,1,,,0,2,,3,3,1,3,0.56
Public Class,"org.apache.commons.math3.ode.sampling.DummyStepInterpolatorTest",2,1,3,0,5,,0,,4,4,0,0,4,104,83,52,,,68,,,,3,1,1,,2,2,20,16,1,0,0,,,0,4,0,,20,35,1,,54,31,37,,,3,3,,1,0,9,9,4,9,0.01
Private Static Class,"org.apache.commons.math3.ode.sampling.DummyStepInterpolatorTest.BadStepInterpolator",1,1,0,0,2,,0,,3,40,0,0,2,12,12,2,,,6,,,,1,1,3,,1,1,2,2,1,0,0,,,0,3,1,,0,6,0,,2,4,2,,,1,1,,0,0,3,3,3,3,0.00
Public Constructor,"org.apache.commons.math3.ode.sampling.DummyStepInterpolatorTest.BadStepInterpolator.BadStepInterpolator",,,,,,,,,,,,,,2,2,0,1,0,1,1,1,0,,,,0,,,,,,,,,,,,,0,0,1,0,1,0,1,0,1,1,,,0,0,,1,1,1,1,0.00
Public Constructor,"org.apache.commons.math3.ode.sampling.DummyStepInterpolatorTest.BadStepInterpolator.BadStepInterpolator",,,,,,,,,,,,,,3,3,1,2,0,2,1,1,0,,,,0,,,,,,,,,,,,,4,0,1,0,1,1,1,1,1,1,,,0,0,,1,1,1,1,0.00
Protected Method,"org.apache.commons.math3.ode.sampling.DummyStepInterpolatorTest.BadStepInterpolator.doFinalize",,,,,,,,,,,,,,3,3,1,1,0,2,1,1,0,,,,0,,,,,,,,,,,,,1,0,1,0,1,1,1,1,1,1,,,0,0,,1,1,1,1,0.00
Public Method,"org.apache.commons.math3.ode.sampling.DummyStepInterpolatorTest.testFixedState",,,,,,,,,,,,,,21,17,13,7,1,18,3,3,0,,,,0,,,,,,,,,,,,,1,4,4,0,4,15,6,12,3,1,,,0,1,,3,3,1,3,0.00
Public Method,"org.apache.commons.math3.ode.sampling.DummyStepInterpolatorTest.testImpossibleSerialization",,,,,,,,,,,,,,19,16,12,8,0,12,2,2,1,,,,0,,,,,,,,,,,,,1,2,6,1,2,10,5,7,2,1,,,0,1,,2,2,1,2,0.06
Public Method,"org.apache.commons.math3.ode.sampling.DummyStepInterpolatorTest.testNoReset",,,,,,,,,,,,,,14,11,8,6,0,11,2,2,0,,,,0,,,,,,,,,,,,,1,3,4,0,2,9,5,6,2,1,,,0,1,,2,2,1,2,0.00
Public Method,"org.apache.commons.math3.ode.sampling.DummyStepInterpolatorTest.testSerialization",,,,,,,,,,,,,,27,21,17,11,0,20,2,2,0,,,,0,,,,,,,,,,,,,1,6,10,0,2,18,10,10,2,1,,,0,1,,2,2,1,2,0.00
Public Interface,"org.apache.commons.math3.ode.sampling.FixedStepHandler",0,0,0,0,0,,0,,2,2,2,0,0,33,4,0,,,3,,,,0,0,0,,0,0,0,0,0,3,0,,,0,2,0,,3,3,26,,2,3,0,,,0,0,,0,0,0,0,0,0,6.50
Abstract Method,"org.apache.commons.math3.ode.sampling.FixedStepHandler.handleStep",,,,,,,,,,,,,,17,1,0,0,0,1,0,0,0,,,,0,,,,,,,,,,,,,1,0,1,16,0,1,1,0,0,0,,,0,0,,0,0,0,0,16.00
Abstract Method,"org.apache.commons.math3.ode.sampling.FixedStepHandler.init",,,,,,,,,,,,,,11,1,0,0,0,1,0,0,0,,,,0,,,,,,,,,,,,,1,0,1,10,0,1,1,0,0,0,,,0,0,,0,0,0,0,10.00
Public Class,"org.apache.commons.math3.ode.sampling.NordsieckStepInterpolator",2,1,2,6,3,,1,,10,40,0,0,8,263,139,85,,,111,,,,6,1,2,,2,2,21,12,1,0,0,,,5,10,2,,40,44,84,,84,41,70,,,6,7,,2,53,28,29,10,28,0.60
Public Constructor,"org.apache.commons.math3.ode.sampling.NordsieckStepInterpolator.NordsieckStepInterpolator",,,,,,,,,,,,,,9,2,0,1,0,1,1,1,0,,,,0,,,,,,,,,,,,,2,0,1,7,1,0,1,0,1,1,,,0,0,,1,1,1,1,3.50
Public Constructor,"org.apache.commons.math3.ode.sampling.NordsieckStepInterpolator.NordsieckStepInterpolator",,,,,,,,,,,,,,19,14,9,10,1,10,4,4,0,,,,0,,,,,,,,,,,,,7,0,1,5,8,6,1,9,4,1,,,0,1,,4,4,1,4,0.36
Protected Method,"org.apache.commons.math3.ode.sampling.NordsieckStepInterpolator.computeInterpolatedStateAndDerivatives",,,,,,,,,,,,,,31,23,18,6,1,24,4,4,0,,,,0,,,,,,,,,,,,,9,5,8,3,6,20,11,13,4,1,,,0,2,,4,4,1,4,0.13
Protected Method,"org.apache.commons.math3.ode.sampling.NordsieckStepInterpolator.doCopy",,,,,,,,,,,,,,4,3,1,2,0,2,1,1,0,,,,0,,,,,,,,,,,,,0,0,1,1,1,1,1,1,1,1,,,0,0,,1,1,1,1,0.33
Public Method,"org.apache.commons.math3.ode.sampling.NordsieckStepInterpolator.getInterpolatedStateVariation",,,,,,,,,,,,,,17,4,2,2,0,3,1,1,0,,,,0,,,,,,,,,,,,,1,0,1,13,1,2,1,2,1,1,,,0,0,,1,1,1,1,3.25
Public Method,"org.apache.commons.math3.ode.sampling.NordsieckStepInterpolator.readExternal",,,,,,,,,,,,,,38,28,21,10,1,21,6,7,3,,,,0,,,,,,,,,,,,,3,6,6,4,12,16,6,15,6,1,,,0,2,,6,7,1,6,0.14
Public Method,"org.apache.commons.math3.ode.sampling.NordsieckStepInterpolator.reinitialize",,,,,,,,,,,,,,15,6,2,2,0,3,1,1,0,,,,0,,,,,,,,,,,,,7,0,3,9,1,2,1,2,1,1,,,0,0,,1,1,1,1,1.50
Public Method,"org.apache.commons.math3.ode.sampling.NordsieckStepInterpolator.reinitialize",,,,,,,,,,,,,,22,9,5,6,0,6,1,1,0,,,,0,,,,,,,,,,,,,6,2,3,11,1,5,1,5,1,1,,,0,0,,1,1,1,1,1.22
Public Method,"org.apache.commons.math3.ode.sampling.NordsieckStepInterpolator.rescale",,,,,,,,,,,,,,25,16,11,3,1,18,4,4,0,,,,0,,,,,,,,,,,,,7,4,5,5,6,14,8,10,4,1,,,0,2,,4,4,1,4,0.31
Public Method,"org.apache.commons.math3.ode.sampling.NordsieckStepInterpolator.writeExternal",,,,,,,,,,,,,,31,21,15,4,1,16,5,5,2,,,,0,,,,,,,,,,,,,7,6,3,4,6,12,3,13,5,1,,,0,2,,5,5,1,5,0.19
Public Class,"org.apache.commons.math3.ode.sampling.NordsieckStepInterpolatorTest",2,1,3,0,8,,0,,2,2,0,0,2,54,44,32,,,36,,,,4,1,1,,2,2,23,20,1,0,0,,,0,2,0,,10,24,0,,29,23,13,,,4,4,,2,0,5,5,2,5,0.00
Public Method,"org.apache.commons.math3.ode.sampling.NordsieckStepInterpolatorTest.derivativesConsistency",,,,,,,,,,,,,,5,5,3,3,0,4,1,1,0,,,,0,,,,,,,,,,,,,0,0,3,0,1,3,3,1,1,1,,,0,0,,1,1,1,1,0.00
Public Method,"org.apache.commons.math3.ode.sampling.NordsieckStepInterpolatorTest.serialization",,,,,,,,,,,,,,42,35,29,19,1,31,4,4,0,,,,0,,,,,,,,,,,,,0,7,18,0,6,26,19,12,4,1,,,0,2,,4,4,1,4,0.00
Public Interface,"org.apache.commons.math3.ode.sampling.StepHandler",0,0,0,0,1,,0,,2,2,2,0,0,31,4,0,,,3,,,,0,0,0,,0,0,0,0,0,26,0,,,0,2,0,,3,3,24,,2,3,0,,,0,0,,0,0,0,0,0,0,6.00
Abstract Method,"org.apache.commons.math3.ode.sampling.StepHandler.handleStep",,,,,,,,,,,,,,15,1,0,0,0,1,0,0,0,,,,0,,,,,,,,,,,,,1,0,1,14,0,1,1,0,0,0,,,0,0,,0,0,0,0,14.00
Abstract Method,"org.apache.commons.math3.ode.sampling.StepHandler.init",,,,,,,,,,,,,,11,1,0,0,0,1,0,0,0,,,,0,,,,,,,,,,,,,1,0,1,10,0,1,1,0,0,0,,,0,0,,0,0,0,0,10.00
Public Interface,"org.apache.commons.math3.ode.sampling.StepInterpolator",0,0,0,0,0,,0,,10,10,10,0,0,112,12,0,,,11,,,,0,0,2,,0,0,0,0,1,1,0,,,0,10,0,,11,11,89,,10,11,0,,,0,0,,0,0,0,0,0,0,7.42
Abstract Method,"org.apache.commons.math3.ode.sampling.StepInterpolator.copy",,,,,,,,,,,,,,8,1,0,1,0,1,0,0,0,,,,0,,,,,,,,,,,,,6,0,1,7,0,1,1,0,0,0,,,0,0,,0,0,0,0,7.00
Abstract Method,"org.apache.commons.math3.ode.sampling.StepInterpolator.getCurrentTime",,,,,,,,,,,,,,5,1,0,1,0,1,0,0,0,,,,0,,,,,,,,,,,,,30,0,1,4,0,1,1,0,0,0,,,0,0,,0,0,0,0,4.00
Abstract Method,"org.apache.commons.math3.ode.sampling.StepInterpolator.getInterpolatedDerivatives",,,,,,,,,,,,,,10,1,0,1,0,1,0,0,0,,,,0,,,,,,,,,,,,,5,0,1,9,0,1,1,0,0,0,,,0,0,,0,0,0,0,9.00
Abstract Method,"org.apache.commons.math3.ode.sampling.StepInterpolator.getInterpolatedSecondaryDerivatives",,,,,,,,,,,,,,16,1,0,1,0,1,0,0,0,,,,0,,,,,,,,,,,,,0,0,1,15,0,1,1,0,0,0,,,0,0,,0,0,0,0,15.00
Abstract Method,"org.apache.commons.math3.ode.sampling.StepInterpolator.getInterpolatedSecondaryState",,,,,,,,,,,,,,16,1,0,1,0,1,0,0,0,,,,0,,,,,,,,,,,,,0,0,1,15,0,1,1,0,0,0,,,0,0,,0,0,0,0,15.00
Abstract Method,"org.apache.commons.math3.ode.sampling.StepInterpolator.getInterpolatedState",,,,,,,,,,,,,,9,1,0,1,0,1,0,0,0,,,,0,,,,,,,,,,,,,19,0,1,8,0,1,1,0,0,0,,,0,0,,0,0,0,0,8.00
Abstract Method,"org.apache.commons.math3.ode.sampling.StepInterpolator.getInterpolatedTime",,,,,,,,,,,,,,7,1,0,1,0,1,0,0,0,,,,0,,,,,,,,,,,,,8,0,1,6,0,1,1,0,0,0,,,0,0,,0,0,0,0,6.00
Abstract Method,"org.apache.commons.math3.ode.sampling.StepInterpolator.getPreviousTime",,,,,,,,,,,,,,5,1,0,1,0,1,0,0,0,,,,0,,,,,,,,,,,,,25,0,1,4,0,1,1,0,0,0,,,0,0,,0,0,0,0,4.00
Abstract Method,"org.apache.commons.math3.ode.sampling.StepInterpolator.isForward",,,,,,,,,,,,,,10,1,0,1,0,1,0,0,0,,,,0,,,,,,,,,,,,,2,0,1,9,0,1,1,0,0,0,,,0,0,,0,0,0,0,9.00
Abstract Method,"org.apache.commons.math3.ode.sampling.StepInterpolator.setInterpolatedTime",,,,,,,,,,,,,,13,1,0,0,0,1,0,0,0,,,,0,,,,,,,,,,,,,17,0,1,12,0,1,1,0,0,0,,,0,0,,0,0,0,0,12.00
Public Class,"org.apache.commons.math3.ode.sampling.StepInterpolatorTestUtils",1,1,11,0,3,,0,,0,1,0,0,1,57,45,35,,,33,,,,1,1,1,,1,1,54,43,1,0,1,,,0,1,0,,12,17,0,,27,17,16,,,1,1,,0,0,1,1,1,1,0.00
Public Static Method,"org.apache.commons.math3.ode.sampling.StepInterpolatorTestUtils.checkDerivativesConsistency",,,,,,,,,,,,,,54,43,35,6,0,32,1,1,0,,,,0,,,,,,,,,,,,,12,11,16,0,1,27,16,16,1,1,,,0,0,,1,1,1,1,0.00
Anonymous Class,"org.apache.commons.math3.ode.sampling.StepInterpolatorTestUtils.checkDerivativesConsistency.(Anon_1)",2,1,3,0,3,,0,,2,2,0,0,2,43,35,31,,,29,,,,3,1,1,,2,2,20,17,2,0,0,,,0,2,0,,8,13,0,,25,15,14,,,3,3,,1,0,4,4,2,4,0.00
Public Method,"org.apache.commons.math3.ode.sampling.StepInterpolatorTestUtils.checkDerivativesConsistency.(Anon_1).handleStep",,,,,,,,,,,,,,38,32,29,9,0,28,3,3,1,,,,0,,,,,,,,,,,,,3,6,13,0,3,25,14,14,3,1,,,0,1,,3,3,1,3,0.00
Public Method,"org.apache.commons.math3.ode.sampling.StepInterpolatorTestUtils.checkDerivativesConsistency.(Anon_1).init",,,,,,,,,,,,,,2,2,1,0,0,1,1,1,0,,,,0,,,,,,,,,,,,,0,0,0,0,1,0,1,0,1,1,,,0,0,,1,1,1,1,0.00
Public Class,"org.apache.commons.math3.ode.sampling.StepNormalizer",2,1,1,7,6,,0,,9,9,0,3,6,271,100,59,,,69,,,,8,1,1,,2,2,18,9,2,0,0,,,9,9,0,,27,29,144,,52,22,47,,,8,10,,2,59,18,21,9,18,1.44
Public Constructor,"org.apache.commons.math3.ode.sampling.StepNormalizer.StepNormalizer",,,,,,,,,,,,,,10,4,2,2,0,2,1,1,0,,,,0,,,,,,,,,,,,,6,0,1,6,1,1,1,1,1,1,,,0,0,,1,1,1,1,1.50
Public Constructor,"org.apache.commons.math3.ode.sampling.StepNormalizer.StepNormalizer",,,,,,,,,,,,,,11,4,1,2,0,2,1,1,0,,,,0,,,,,,,,,,,,,4,0,2,7,1,1,1,1,1,1,,,0,0,,1,1,1,1,1.75
Public Constructor,"org.apache.commons.math3.ode.sampling.StepNormalizer.StepNormalizer",,,,,,,,,,,,,,11,4,1,2,0,2,1,1,0,,,,0,,,,,,,,,,,,,4,0,2,7,1,1,1,1,1,1,,,0,0,,1,1,1,1,1.75
Public Constructor,"org.apache.commons.math3.ode.sampling.StepNormalizer.StepNormalizer",,,,,,,,,,,,,,20,13,9,11,0,10,1,1,0,,,,0,,,,,,,,,,,,,8,0,3,7,1,9,1,9,1,1,,,0,0,,1,1,1,1,0.54
Private Method,"org.apache.commons.math3.ode.sampling.StepNormalizer.doNormalizedStep",,,,,,,,,,,,,,10,6,3,2,0,4,2,3,1,,,,0,,,,,,,,,,,,,8,0,1,4,2,2,1,3,2,1,,,0,1,,2,3,1,2,0.67
Public Method,"org.apache.commons.math3.ode.sampling.StepNormalizer.handleStep",,,,,,,,,,,,,,63,36,28,18,2,25,8,10,0,,,,0,,,,,,,,,,,,,10,6,6,21,36,18,4,21,8,1,,,0,2,,8,10,1,8,0.58
Public Method,"org.apache.commons.math3.ode.sampling.StepNormalizer.init",,,,,,,,,,,,,,13,8,6,6,0,7,1,1,0,,,,0,,,,,,,,,,,,,4,3,1,2,1,6,1,6,1,1,,,0,0,,1,1,1,1,0.25
Private Method,"org.apache.commons.math3.ode.sampling.StepNormalizer.isNextInStep",,,,,,,,,,,,,,15,6,3,2,0,2,2,2,0,,,,0,,,,,,,,,,,,,4,0,2,9,1,1,1,1,2,1,,,0,0,,2,2,1,2,1.50
Private Method,"org.apache.commons.math3.ode.sampling.StepNormalizer.storeStep",,,,,,,,,,,,,,14,8,6,5,0,5,1,1,0,,,,0,,,,,,,,,,,,,7,0,1,6,1,4,1,4,1,1,,,0,0,,1,1,1,1,0.75
Public Enum Type,"org.apache.commons.math3.ode.sampling.StepNormalizerBounds",1,1,0,3,1,,0,,5,5,0,1,4,65,18,4,,,10,,,,1,1,1,,1,1,5,2,1,0,0,,,6,5,0,,8,10,39,,7,6,4,,,1,1,,0,86,5,5,5,5,2.17
Private Constructor,"org.apache.commons.math3.ode.sampling.StepNormalizerBounds.StepNormalizerBounds",,,,,,,,,,,,,,11,4,2,3,0,3,1,1,0,,,,0,,,,,,,,,,,,,2,0,1,7,1,2,1,2,1,1,,,0,0,,1,1,1,1,1.75
Public Method,"org.apache.commons.math3.ode.sampling.StepNormalizerBounds.firstIncluded",,,,,,,,,,,,,,9,3,1,1,0,2,1,1,0,,,,0,,,,,,,,,,,,,2,0,1,6,1,1,1,1,1,1,,,0,0,,1,1,1,1,2.00
Public Method,"org.apache.commons.math3.ode.sampling.StepNormalizerBounds.lastIncluded",,,,,,,,,,,,,,9,3,1,1,0,2,1,1,0,,,,0,,,,,,,,,,,,,2,0,1,6,1,1,1,1,1,1,,,0,0,,1,1,1,1,2.00
Public Method,"org.apache.commons.math3.ode.sampling.StepNormalizerBounds.valueOf",,,,,,,,,,,,,,0,0,0,1,0,0,1,1,0,,,,0,,,,,,,,,,,,,0,0,0,0,0,0,0,0,1,1,,,0,0,,1,1,1,1,0.00
Public Method,"org.apache.commons.math3.ode.sampling.StepNormalizerBounds.values",,,,,,,,,,,,,,0,0,0,1,0,0,1,1,0,,,,0,,,,,,,,,,,,,0,0,0,0,0,0,0,0,1,1,,,0,0,,1,1,1,1,0.00
Public Enum Type,"org.apache.commons.math3.ode.sampling.StepNormalizerMode",1,1,0,0,1,,0,,2,2,0,0,2,50,4,0,,,1,,,,1,1,1,,1,1,0,0,1,0,0,,,2,2,0,,1,3,45,,1,1,0,,,1,1,,0,100,2,2,2,2,11.25
Public Method,"org.apache.commons.math3.ode.sampling.StepNormalizerMode.valueOf",,,,,,,,,,,,,,0,0,0,1,0,0,1,1,0,,,,0,,,,,,,,,,,,,0,0,0,0,0,0,0,0,1,1,,,0,0,,1,1,1,1,0.00
Public Method,"org.apache.commons.math3.ode.sampling.StepNormalizerMode.values",,,,,,,,,,,,,,0,0,0,1,0,0,1,1,0,,,,0,,,,,,,,,,,,,0,0,0,0,0,0,0,0,1,1,,,0,0,,1,1,1,1,0.00
Public Class,"org.apache.commons.math3.ode.sampling.StepNormalizerOutputOverlapTest",1,1,0,0,0,,0,,7,36,0,0,0,50,41,18,,,15,,,,1,1,2,,1,1,4,4,1,0,0,,,0,7,7,,6,15,3,,7,8,7,,,1,1,,0,0,7,7,7,7,0.07
Protected Method,"org.apache.commons.math3.ode.sampling.StepNormalizerOutputOverlapTest.getEnd",,,,,,,,,,,,,,3,3,1,1,0,2,1,1,0,,,,0,,,,,,,,,,,,,0,0,1,0,1,1,1,1,1,1,,,0,0,,1,1,1,1,0.00
Protected Method,"org.apache.commons.math3.ode.sampling.StepNormalizerOutputOverlapTest.getExpInc",,,,,,,,,,,,,,5,5,3,1,0,2,1,1,0,,,,0,,,,,,,,,,,,,0,0,1,0,1,1,1,1,1,1,,,0,0,,1,1,1,1,0.00
Protected Method,"org.apache.commons.math3.ode.sampling.StepNormalizerOutputOverlapTest.getExpIncRev",,,,,,,,,,,,,,5,5,3,1,0,2,1,1,0,,,,0,,,,,,,,,,,,,0,0,1,0,1,1,1,1,1,1,,,0,0,,1,1,1,1,0.00
Protected Method,"org.apache.commons.math3.ode.sampling.StepNormalizerOutputOverlapTest.getExpMul",,,,,,,,,,,,,,5,5,3,1,0,2,1,1,0,,,,0,,,,,,,,,,,,,0,0,1,0,1,1,1,1,1,1,,,0,0,,1,1,1,1,0.00
Protected Method,"org.apache.commons.math3.ode.sampling.StepNormalizerOutputOverlapTest.getExpMulRev",,,,,,,,,,,,,,5,5,3,1,0,2,1,1,0,,,,0,,,,,,,,,,,,,0,0,1,0,1,1,1,1,1,1,,,0,0,,1,1,1,1,0.00
Protected Method,"org.apache.commons.math3.ode.sampling.StepNormalizerOutputOverlapTest.getO",,,,,,,,,,,,,,6,6,4,1,0,2,1,1,0,,,,0,,,,,,,,,,,,,0,0,1,0,1,1,1,1,1,1,,,0,0,,1,1,1,1,0.00
Protected Method,"org.apache.commons.math3.ode.sampling.StepNormalizerOutputOverlapTest.getStart",,,,,,,,,,,,,,3,3,1,1,0,2,1,1,0,,,,0,,,,,,,,,,,,,0,0,1,0,1,1,1,1,1,1,,,0,0,,1,1,1,1,0.00
Public Class,"org.apache.commons.math3.ode.sampling.StepNormalizerOutputTest",1,1,0,0,0,,0,,7,36,0,0,0,50,41,18,,,15,,,,1,1,2,,1,1,4,4,1,0,0,,,0,7,7,,6,15,3,,7,8,7,,,1,1,,0,0,7,7,7,7,0.07
Protected Method,"org.apache.commons.math3.ode.sampling.StepNormalizerOutputTest.getEnd",,,,,,,,,,,,,,3,3,1,1,0,2,1,1,0,,,,0,,,,,,,,,,,,,0,0,1,0,1,1,1,1,1,1,,,0,0,,1,1,1,1,0.00
Protected Method,"org.apache.commons.math3.ode.sampling.StepNormalizerOutputTest.getExpInc",,,,,,,,,,,,,,5,5,3,1,0,2,1,1,0,,,,0,,,,,,,,,,,,,0,0,1,0,1,1,1,1,1,1,,,0,0,,1,1,1,1,0.00
Protected Method,"org.apache.commons.math3.ode.sampling.StepNormalizerOutputTest.getExpIncRev",,,,,,,,,,,,,,5,5,3,1,0,2,1,1,0,,,,0,,,,,,,,,,,,,0,0,1,0,1,1,1,1,1,1,,,0,0,,1,1,1,1,0.00
Protected Method,"org.apache.commons.math3.ode.sampling.StepNormalizerOutputTest.getExpMul",,,,,,,,,,,,,,5,5,3,1,0,2,1,1,0,,,,0,,,,,,,,,,,,,0,0,1,0,1,1,1,1,1,1,,,0,0,,1,1,1,1,0.00
Protected Method,"org.apache.commons.math3.ode.sampling.StepNormalizerOutputTest.getExpMulRev",,,,,,,,,,,,,,5,5,3,1,0,2,1,1,0,,,,0,,,,,,,,,,,,,0,0,1,0,1,1,1,1,1,1,,,0,0,,1,1,1,1,0.00
Protected Method,"org.apache.commons.math3.ode.sampling.StepNormalizerOutputTest.getO",,,,,,,,,,,,,,6,6,4,1,0,2,1,1,0,,,,0,,,,,,,,,,,,,0,0,1,0,1,1,1,1,1,1,,,0,0,,1,1,1,1,0.00
Protected Method,"org.apache.commons.math3.ode.sampling.StepNormalizerOutputTest.getStart",,,,,,,,,,,,,,3,3,1,1,0,2,1,1,0,,,,0,,,,,,,,,,,,,0,0,1,0,1,1,1,1,1,1,,,0,0,,1,1,1,1,0.00
Public Abstract Class,"org.apache.commons.math3.ode.sampling.StepNormalizerOutputTestBase",1,1,0,0,6,,0,,29,29,0,2,20,211,123,50,,,82,,,,4,1,1,,1,1,5,4,3,2,0,,,1,29,7,,31,72,57,,58,54,28,,,4,4,,1,90,25,25,22,25,0.46
Public Method,"org.apache.commons.math3.ode.sampling.StepNormalizerOutputTestBase.computeDerivatives",,,,,,,,,,,,,,4,3,1,1,0,2,1,1,0,,,,0,,,,,,,,,,,,,1,0,1,1,1,1,1,1,1,1,,,0,0,,1,1,1,1,0.33
Private Method,"org.apache.commons.math3.ode.sampling.StepNormalizerOutputTestBase.doTest",,,,,,,,,,,,,,26,16,12,10,0,14,4,4,0,,,,0,,,,,,,,,,,,,22,0,8,10,2,12,7,7,4,1,,,0,1,,4,4,1,4,0.62
Private Method,"org.apache.commons.math3.ode.sampling.StepNormalizerOutputTestBase.getArray",,,,,,,,,,,,,,12,5,3,2,0,4,1,1,0,,,,0,,,,,,,,,,,,,20,0,2,7,1,3,2,2,1,1,,,0,0,,1,1,1,1,1.40
Public Method,"org.apache.commons.math3.ode.sampling.StepNormalizerOutputTestBase.getDimension",,,,,,,,,,,,,,4,3,1,1,0,2,1,1,0,,,,0,,,,,,,,,,,,,0,0,1,1,1,1,1,1,1,1,,,0,0,,1,1,1,1,0.33
Protected Abstract Method,"org.apache.commons.math3.ode.sampling.StepNormalizerOutputTestBase.getEnd",,,,,,,,,,,,,,5,1,0,1,0,1,0,0,0,,,,0,,,,,,,,,,,,,1,0,1,4,0,1,1,0,0,0,,,0,0,,0,0,0,0,4.00
Protected Abstract Method,"org.apache.commons.math3.ode.sampling.StepNormalizerOutputTestBase.getExpInc",,,,,,,,,,,,,,5,1,0,1,0,1,0,0,0,,,,0,,,,,,,,,,,,,4,0,1,4,0,1,1,0,0,0,,,0,0,,0,0,0,0,4.00
Protected Abstract Method,"org.apache.commons.math3.ode.sampling.StepNormalizerOutputTestBase.getExpIncRev",,,,,,,,,,,,,,7,1,0,1,0,1,0,0,0,,,,0,,,,,,,,,,,,,4,0,1,6,0,1,1,0,0,0,,,0,0,,0,0,0,0,6.00
Protected Abstract Method,"org.apache.commons.math3.ode.sampling.StepNormalizerOutputTestBase.getExpMul",,,,,,,,,,,,,,5,1,0,1,0,1,0,0,0,,,,0,,,,,,,,,,,,,4,0,1,4,0,1,1,0,0,0,,,0,0,,0,0,0,0,4.00
Protected Abstract Method,"org.apache.commons.math3.ode.sampling.StepNormalizerOutputTestBase.getExpMulRev",,,,,,,,,,,,,,7,1,0,1,0,1,0,0,0,,,,0,,,,,,,,,,,,,4,0,1,6,0,1,1,0,0,0,,,0,0,,0,0,0,0,6.00
Protected Abstract Method,"org.apache.commons.math3.ode.sampling.StepNormalizerOutputTestBase.getO",,,,,,,,,,,,,,7,1,0,1,0,1,0,0,0,,,,0,,,,,,,,,,,,,16,0,1,6,0,1,1,0,0,0,,,0,0,,0,0,0,0,6.00
Protected Abstract Method,"org.apache.commons.math3.ode.sampling.StepNormalizerOutputTestBase.getStart",,,,,,,,,,,,,,5,1,0,1,0,1,0,0,0,,,,0,,,,,,,,,,,,,1,0,1,4,0,1,1,0,0,0,,,0,0,,0,0,0,0,4.00
Public Method,"org.apache.commons.math3.ode.sampling.StepNormalizerOutputTestBase.handleStep",,,,,,,,,,,,,,4,3,1,1,0,2,1,1,0,,,,0,,,,,,,,,,,,,2,0,1,1,1,1,1,1,1,1,,,0,0,,1,1,1,1,0.33
Public Method,"org.apache.commons.math3.ode.sampling.StepNormalizerOutputTestBase.init",,,,,,,,,,,,,,3,2,0,0,0,1,1,1,0,,,,0,,,,,,,,,,,,,0,0,1,1,1,0,1,0,1,1,,,0,0,,1,1,1,1,0.50
Public Method,"org.apache.commons.math3.ode.sampling.StepNormalizerOutputTestBase.testIncBoth",,,,,,,,,,,,,,4,4,2,4,0,3,1,1,0,,,,0,,,,,,,,,,,,,2,0,2,0,1,2,2,1,1,1,,,0,0,,1,1,1,1,0.00
Public Method,"org.apache.commons.math3.ode.sampling.StepNormalizerOutputTestBase.testIncBothRev",,,,,,,,,,,,,,4,4,2,4,0,3,1,1,0,,,,0,,,,,,,,,,,,,2,0,2,0,1,2,2,1,1,1,,,0,0,,1,1,1,1,0.00
Public Method,"org.apache.commons.math3.ode.sampling.StepNormalizerOutputTestBase.testIncFirst",,,,,,,,,,,,,,4,4,2,4,0,3,1,1,0,,,,0,,,,,,,,,,,,,2,0,2,0,1,2,2,1,1,1,,,0,0,,1,1,1,1,0.00
Public Method,"org.apache.commons.math3.ode.sampling.StepNormalizerOutputTestBase.testIncFirstRev",,,,,,,,,,,,,,4,4,2,4,0,3,1,1,0,,,,0,,,,,,,,,,,,,2,0,2,0,1,2,2,1,1,1,,,0,0,,1,1,1,1,0.00
Public Method,"org.apache.commons.math3.ode.sampling.StepNormalizerOutputTestBase.testIncLast",,,,,,,,,,,,,,4,4,2,4,0,3,1,1,0,,,,0,,,,,,,,,,,,,2,0,2,0,1,2,2,1,1,1,,,0,0,,1,1,1,1,0.00
Public Method,"org.apache.commons.math3.ode.sampling.StepNormalizerOutputTestBase.testIncLastRev",,,,,,,,,,,,,,4,4,2,4,0,3,1,1,0,,,,0,,,,,,,,,,,,,2,0,2,0,1,2,2,1,1,1,,,0,0,,1,1,1,1,0.00
Public Method,"org.apache.commons.math3.ode.sampling.StepNormalizerOutputTestBase.testIncNeither",,,,,,,,,,,,,,4,4,2,4,0,3,1,1,0,,,,0,,,,,,,,,,,,,2,0,2,0,1,2,2,1,1,1,,,0,0,,1,1,1,1,0.00
Public Method,"org.apache.commons.math3.ode.sampling.StepNormalizerOutputTestBase.testIncNeitherRev",,,,,,,,,,,,,,4,4,2,4,0,3,1,1,0,,,,0,,,,,,,,,,,,,2,0,2,0,1,2,2,1,1,1,,,0,0,,1,1,1,1,0.00
Public Method,"org.apache.commons.math3.ode.sampling.StepNormalizerOutputTestBase.testMulBoth",,,,,,,,,,,,,,4,4,2,4,0,3,1,1,0,,,,0,,,,,,,,,,,,,2,0,2,0,1,2,2,1,1,1,,,0,0,,1,1,1,1,0.00
Public Method,"org.apache.commons.math3.ode.sampling.StepNormalizerOutputTestBase.testMulBothRev",,,,,,,,,,,,,,4,4,2,4,0,3,1,1,0,,,,0,,,,,,,,,,,,,2,0,2,0,1,2,2,1,1,1,,,0,0,,1,1,1,1,0.00
Public Method,"org.apache.commons.math3.ode.sampling.StepNormalizerOutputTestBase.testMulFirst",,,,,,,,,,,,,,4,4,2,4,0,3,1,1,0,,,,0,,,,,,,,,,,,,2,0,2,0,1,2,2,1,1,1,,,0,0,,1,1,1,1,0.00
Public Method,"org.apache.commons.math3.ode.sampling.StepNormalizerOutputTestBase.testMulFirstRev",,,,,,,,,,,,,,4,4,2,4,0,3,1,1,0,,,,0,,,,,,,,,,,,,2,0,2,0,1,2,2,1,1,1,,,0,0,,1,1,1,1,0.00
Public Method,"org.apache.commons.math3.ode.sampling.StepNormalizerOutputTestBase.testMulLast",,,,,,,,,,,,,,4,4,2,4,0,3,1,1,0,,,,0,,,,,,,,,,,,,2,0,2,0,1,2,2,1,1,1,,,0,0,,1,1,1,1,0.00
Public Method,"org.apache.commons.math3.ode.sampling.StepNormalizerOutputTestBase.testMulLastRev",,,,,,,,,,,,,,4,4,2,4,0,3,1,1,0,,,,0,,,,,,,,,,,,,2,0,2,0,1,2,2,1,1,1,,,0,0,,1,1,1,1,0.00
Public Method,"org.apache.commons.math3.ode.sampling.StepNormalizerOutputTestBase.testMulNeither",,,,,,,,,,,,,,4,4,2,4,0,3,1,1,0,,,,0,,,,,,,,,,,,,2,0,2,0,1,2,2,1,1,1,,,0,0,,1,1,1,1,0.00
Public Method,"org.apache.commons.math3.ode.sampling.StepNormalizerOutputTestBase.testMulNeitherRev",,,,,,,,,,,,,,4,4,2,4,0,3,1,1,0,,,,0,,,,,,,,,,,,,2,0,2,0,1,2,2,1,1,1,,,0,0,,1,1,1,1,0.00
Public Class,"org.apache.commons.math3.ode.sampling.StepNormalizerTest",1,1,0,0,7,,0,,7,7,0,0,7,91,82,50,,,46,,,,1,1,1,,1,1,10,10,1,0,0,,,3,7,0,,9,19,0,,31,20,26,,,1,1,,0,33,7,7,7,7,0.00
Public Constructor,"org.apache.commons.math3.ode.sampling.StepNormalizerTest.StepNormalizerTest",,,,,,,,,,,,,,4,4,2,3,0,3,1,1,0,,,,0,,,,,,,,,,,,,0,0,1,0,1,2,1,2,1,1,,,0,0,,1,1,1,1,0.00
Public Method,"org.apache.commons.math3.ode.sampling.StepNormalizerTest.checkValue",,,,,,,,,,,,,,3,3,1,2,0,2,1,1,0,,,,0,,,,,,,,,,,,,4,0,1,0,1,1,1,1,1,1,,,0,0,,1,1,1,1,0.00
Public Method,"org.apache.commons.math3.ode.sampling.StepNormalizerTest.setLastSeen",,,,,,,,,,,,,,3,3,1,1,0,2,1,1,0,,,,0,,,,,,,,,,,,,5,0,1,0,1,1,1,1,1,1,,,0,0,,1,1,1,1,0.00
Public Method,"org.apache.commons.math3.ode.sampling.StepNormalizerTest.setUp",,,,,,,,,,,,,,7,7,5,7,0,6,1,1,0,,,,0,,,,,,,,,,,,,1,0,3,0,1,5,3,3,1,1,,,0,0,,1,1,1,1,0.00
Public Method,"org.apache.commons.math3.ode.sampling.StepNormalizerTest.tearDown",,,,,,,,,,,,,,4,4,2,2,0,3,1,1,0,,,,0,,,,,,,,,,,,,0,0,1,0,1,2,1,2,1,1,,,0,0,,1,1,1,1,0.00
Public Method,"org.apache.commons.math3.ode.sampling.StepNormalizerTest.testBeforeEnd",,,,,,,,,,,,,,24,24,18,9,0,11,1,1,0,,,,0,,,,,,,,,,,,,3,0,2,0,1,7,4,7,1,1,,,0,0,,1,1,1,1,0.00
Anonymous Class,"org.apache.commons.math3.ode.sampling.StepNormalizerTest.testBeforeEnd.(Anon_2)",1,1,0,0,2,,0,,2,2,0,0,2,13,13,10,,,5,,,,2,1,1,,1,1,6,6,2,0,0,,,0,2,0,,0,0,0,,2,2,3,,,2,2,,1,0,3,3,2,3,0.00
Public Method,"org.apache.commons.math3.ode.sampling.StepNormalizerTest.testBeforeEnd.(Anon_2).handleStep",,,,,,,,,,,,,,10,10,8,3,0,4,2,2,0,,,,0,,,,,,,,,,,,,3,0,0,0,2,2,1,3,2,1,,,0,1,,2,2,1,2,0.00
Public Method,"org.apache.commons.math3.ode.sampling.StepNormalizerTest.testBeforeEnd.(Anon_2).init",,,,,,,,,,,,,,2,2,1,0,0,1,1,1,0,,,,0,,,,,,,,,,,,,0,0,0,0,1,0,1,0,1,1,,,0,0,,1,1,1,1,0.00
Public Method,"org.apache.commons.math3.ode.sampling.StepNormalizerTest.testBoundaries",,,,,,,,,,,,,,28,28,21,9,0,15,1,1,0,,,,0,,,,,,,,,,,,,3,0,2,0,1,10,5,10,1,1,,,0,0,,1,1,1,1,0.00
Anonymous Class,"org.apache.commons.math3.ode.sampling.StepNormalizerTest.testBoundaries.(Anon_1)",2,1,0,0,2,,0,,2,2,0,0,2,17,17,13,,,9,,,,3,1,1,,2,2,7,7,2,0,0,,,1,2,0,,0,0,0,,5,3,6,,,3,3,,1,50,4,4,2,4,0.00
Public Method,"org.apache.commons.math3.ode.sampling.StepNormalizerTest.testBoundaries.(Anon_1).handleStep",,,,,,,,,,,,,,13,13,10,5,1,7,3,3,0,,,,0,,,,,,,,,,,,,4,0,0,0,4,4,1,6,3,1,,,0,1,,3,3,1,3,0.00
Public Method,"org.apache.commons.math3.ode.sampling.StepNormalizerTest.testBoundaries.(Anon_1).init",,,,,,,,,,,,,,2,2,1,0,0,1,1,1,0,,,,0,,,,,,,,,,,,,0,0,0,0,1,0,1,0,1,1,,,0,0,,1,1,1,1,0.00
Package,"org.apache.commons.math3.optimization",1,1,0,4,,38,7,27,87,,7,8,70,2346,807,336,,,569,,,,8,3,,,1,1,12,7,,,0,,,28,87,2,,206,412,1335,,415,348,221,,,8,8,,2,,133,138,87,133,1.65
Public Abstract Generic Class,"org.apache.commons.math3.optimization.AbstractConvergenceChecker",1,1,0,3,1,,2,,5,5,0,0,5,68,25,8,,,16,,,,1,1,1,,1,1,7,3,2,4,0,,,2,5,0,,5,14,38,,11,10,6,,,1,1,,0,50,4,4,4,4,1.52
Public Constructor,"org.apache.commons.math3.optimization.AbstractConvergenceChecker.AbstractConvergenceChecker",,,,,,,,,,,,,,7,4,2,3,0,3,1,1,0,,,,0,,,,,,,,,,,,,2,0,1,3,1,2,1,2,1,1,,,0,0,,1,1,1,1,0.75
Public Constructor,"org.apache.commons.math3.optimization.AbstractConvergenceChecker.AbstractConvergenceChecker",,,,,,,,,,,,,,11,5,2,3,0,3,1,1,0,,,,0,,,,,,,,,,,,,6,0,2,6,1,2,1,2,1,1,,,0,0,,1,1,1,1,1.20
TypeVariable,"org.apache.commons.math3.optimization.AbstractConvergenceChecker.PAIR",0,0,0,0,0,,0,,0,0,0,0,0,0,0,0,,,0,,,,0,0,1,,0,0,0,0,1,0,0,,,0,0,0,,0,0,0,,0,0,0,,,0,0,,0,0,0,0,0,0,0.00
Public Abstract Method,"org.apache.commons.math3.optimization.AbstractConvergenceChecker.converged",,,,,,,,,,,,,,6,3,0,1,0,1,0,0,0,,,,0,,,,,,,,,,,,,0,0,3,3,0,1,1,0,0,0,,,0,0,,0,0,0,0,1.00
Public Method,"org.apache.commons.math3.optimization.AbstractConvergenceChecker.getAbsoluteThreshold",,,,,,,,,,,,,,6,3,1,1,0,2,1,1,0,,,,0,,,,,,,,,,,,,5,0,1,3,1,1,1,1,1,1,,,0,0,,1,1,1,1,1.00
Public Method,"org.apache.commons.math3.optimization.AbstractConvergenceChecker.getRelativeThreshold",,,,,,,,,,,,,,6,3,1,1,0,2,1,1,0,,,,0,,,,,,,,,,,,,5,0,1,3,1,1,1,1,1,1,,,0,0,,1,1,1,1,1.00
Public Generic Class,"org.apache.commons.math3.optimization.BaseMultivariateMultiStartOptimizer",2,1,0,7,8,,0,,7,7,0,1,5,162,77,42,,,52,,,,5,1,1,,2,2,18,9,2,2,0,,,6,7,1,,13,22,73,,35,19,33,,,5,5,,2,66,14,15,7,14,0.95
Protected Constructor,"org.apache.commons.math3.optimization.BaseMultivariateMultiStartOptimizer.BaseMultivariateMultiStartOptimizer",,,,,,,,,,,,,,27,14,8,6,1,8,3,4,0,,,,0,,,,,,,,,,,,,5,1,3,12,4,5,1,7,3,1,,,0,1,,3,4,1,3,0.86
TypeVariable,"org.apache.commons.math3.optimization.BaseMultivariateMultiStartOptimizer.FUNC",0,0,0,0,0,,0,,0,0,0,0,0,0,0,0,,,0,,,,0,0,1,,0,0,0,0,2,0,0,,,0,0,0,,0,0,0,,0,0,0,,,0,0,,0,0,0,0,0,0,0.00
Public Method,"org.apache.commons.math3.optimization.BaseMultivariateMultiStartOptimizer.getConvergenceChecker",,,,,,,,,,,,,,4,3,1,2,0,2,1,1,0,,,,0,,,,,,,,,,,,,1,0,1,1,1,1,1,1,1,1,,,0,0,,1,1,1,1,0.33
Public Method,"org.apache.commons.math3.optimization.BaseMultivariateMultiStartOptimizer.getEvaluations",,,,,,,,,,,,,,4,3,1,1,0,2,1,1,0,,,,0,,,,,,,,,,,,,3,0,1,1,1,1,1,1,1,1,,,0,0,,1,1,1,1,0.33
Public Method,"org.apache.commons.math3.optimization.BaseMultivariateMultiStartOptimizer.getMaxEvaluations",,,,,,,,,,,,,,4,3,1,1,0,2,1,1,0,,,,0,,,,,,,,,,,,,2,0,1,1,1,1,1,1,1,1,,,0,0,,1,1,1,1,0.33
Public Method,"org.apache.commons.math3.optimization.BaseMultivariateMultiStartOptimizer.getOptima",,,,,,,,,,,,,,32,6,3,3,0,4,2,2,0,,,,0,,,,,,,,,,,,,3,0,1,26,2,2,1,3,2,1,,,0,1,,2,2,1,2,4.33
Public Method,"org.apache.commons.math3.optimization.BaseMultivariateMultiStartOptimizer.optimize",,,,,,,,,,,,,,35,23,16,8,1,17,5,5,1,,,,0,,,,,,,,,,,,,12,5,4,8,6,13,3,14,5,1,,,0,2,,5,5,1,5,0.35
Private Method,"org.apache.commons.math3.optimization.BaseMultivariateMultiStartOptimizer.sortPairs",,,,,,,,,,,,,,21,16,12,1,0,10,1,1,0,,,,0,,,,,,,,,,,,,2,0,3,5,1,6,4,6,1,1,,,0,0,,1,1,1,1,0.31
Anonymous Class,"org.apache.commons.math3.optimization.BaseMultivariateMultiStartOptimizer.sortPairs.(Anon_1)",5,3,0,0,4,,0,,1,1,0,0,1,13,13,11,,,8,,,,5,3,2,,5,5,12,12,1,0,0,,,0,1,0,,0,2,0,,5,3,5,,,5,5,,1,0,5,5,3,5,0.00
Public Method,"org.apache.commons.math3.optimization.BaseMultivariateMultiStartOptimizer.sortPairs.(Anon_1).compare",,,,,,,,,,,,,,12,12,10,3,0,8,5,5,2,,,,2,,,,,,,,,,,,,4,0,2,0,3,5,3,5,5,3,,,2,1,,5,5,3,5,0.00
Public Generic Interface,"org.apache.commons.math3.optimization.BaseMultivariateOptimizer",0,0,0,0,2,,0,,1,4,1,0,0,22,5,0,,,2,,,,0,0,1,,0,0,0,0,1,6,0,,,0,1,0,,0,4,17,,1,2,0,,,0,0,,0,0,0,0,0,0,3.40
TypeVariable,"org.apache.commons.math3.optimization.BaseMultivariateOptimizer.FUNC",0,0,0,0,0,,0,,0,0,0,0,0,0,0,0,,,0,,,,0,0,1,,0,0,0,0,2,0,0,,,0,0,0,,0,0,0,,0,0,0,,,0,0,,0,0,0,0,0,0,0.00
Abstract Method,"org.apache.commons.math3.optimization.BaseMultivariateOptimizer.optimize",,,,,,,,,,,,,,19,2,0,1,0,1,0,0,0,,,,0,,,,,,,,,,,,,3,0,2,17,0,1,1,0,0,0,,,0,0,,0,0,0,0,8.50
Public Generic Interface,"org.apache.commons.math3.optimization.BaseMultivariateSimpleBoundsOptimizer",0,0,0,0,2,,0,,1,5,1,0,0,29,6,0,,,2,,,,0,0,2,,0,0,0,0,1,1,0,,,0,1,0,,0,5,23,,1,2,0,,,0,0,,0,0,0,0,0,0,3.83
TypeVariable,"org.apache.commons.math3.optimization.BaseMultivariateSimpleBoundsOptimizer.FUNC",0,0,0,0,0,,0,,0,0,0,0,0,0,0,0,,,0,,,,0,0,1,,0,0,0,0,2,0,0,,,0,0,0,,0,0,0,,0,0,0,,,0,0,,0,0,0,0,0,0,0.00
Abstract Method,"org.apache.commons.math3.optimization.BaseMultivariateSimpleBoundsOptimizer.optimize",,,,,,,,,,,,,,26,3,0,1,0,1,0,0,0,,,,0,,,,,,,,,,,,,0,0,3,23,0,1,1,0,0,0,,,0,0,,0,0,0,0,7.67
Public Generic Class,"org.apache.commons.math3.optimization.BaseMultivariateVectorMultiStartOptimizer",2,1,1,8,8,,0,,7,7,0,1,5,173,86,48,,,60,,,,6,1,1,,2,2,19,11,2,1,0,,,6,7,1,,14,24,74,,41,22,38,,,6,6,,2,66,15,16,7,15,0.86
Protected Constructor,"org.apache.commons.math3.optimization.BaseMultivariateVectorMultiStartOptimizer.BaseMultivariateVectorMultiStartOptimizer",,,,,,,,,,,,,,27,14,8,6,1,8,3,4,0,,,,0,,,,,,,,,,,,,4,1,3,12,4,5,1,7,3,1,,,0,1,,3,4,1,3,0.86
TypeVariable,"org.apache.commons.math3.optimization.BaseMultivariateVectorMultiStartOptimizer.FUNC",0,0,0,0,0,,0,,0,0,0,0,0,0,0,0,,,0,,,,0,0,1,,0,0,0,0,2,0,0,,,0,0,0,,0,0,0,,0,0,0,,,0,0,,0,0,0,0,0,0,0.00
Public Method,"org.apache.commons.math3.optimization.BaseMultivariateVectorMultiStartOptimizer.getConvergenceChecker",,,,,,,,,,,,,,4,3,1,2,0,2,1,1,0,,,,0,,,,,,,,,,,,,1,0,1,1,1,1,1,1,1,1,,,0,0,,1,1,1,1,0.33
Public Method,"org.apache.commons.math3.optimization.BaseMultivariateVectorMultiStartOptimizer.getEvaluations",,,,,,,,,,,,,,4,3,1,1,0,2,1,1,0,,,,0,,,,,,,,,,,,,2,0,1,1,1,1,1,1,1,1,,,0,0,,1,1,1,1,0.33
Public Method,"org.apache.commons.math3.optimization.BaseMultivariateVectorMultiStartOptimizer.getMaxEvaluations",,,,,,,,,,,,,,4,3,1,1,0,2,1,1,0,,,,0,,,,,,,,,,,,,2,0,1,1,1,1,1,1,1,1,,,0,0,,1,1,1,1,0.33
Public Method,"org.apache.commons.math3.optimization.BaseMultivariateVectorMultiStartOptimizer.getOptima",,,,,,,,,,,,,,33,6,3,3,0,4,2,2,0,,,,0,,,,,,,,,,,,,3,0,1,27,2,2,1,3,2,1,,,0,1,,2,2,1,2,4.50
Public Method,"org.apache.commons.math3.optimization.BaseMultivariateVectorMultiStartOptimizer.optimize",,,,,,,,,,,,,,38,25,18,8,1,18,6,6,3,,,,0,,,,,,,,,,,,,13,6,4,8,8,14,3,15,6,1,,,0,2,,6,6,1,6,0.32
Private Method,"org.apache.commons.math3.optimization.BaseMultivariateVectorMultiStartOptimizer.sortPairs",,,,,,,,,,,,,,29,23,16,1,0,17,1,1,0,,,,0,,,,,,,,,,,,,2,0,5,6,1,11,7,10,1,1,,,0,0,,1,1,1,1,0.26
Anonymous Class,"org.apache.commons.math3.optimization.BaseMultivariateVectorMultiStartOptimizer.sortPairs.(Anon_1)",3,2,0,0,2,,0,,2,2,0,1,1,19,19,15,,,15,,,,4,3,2,,3,3,9,9,1,0,0,,,0,2,0,,0,3,0,,10,6,9,,,4,4,,1,0,6,6,4,6,0.00
Public Method,"org.apache.commons.math3.optimization.BaseMultivariateVectorMultiStartOptimizer.sortPairs.(Anon_1).compare",,,,,,,,,,,,,,9,9,7,3,0,6,4,4,2,,,,2,,,,,,,,,,,,,2,0,0,0,3,3,1,5,4,3,,,2,1,,4,4,3,4,0.00
Private Method,"org.apache.commons.math3.optimization.BaseMultivariateVectorMultiStartOptimizer.sortPairs.(Anon_1).weightedResidual",,,,,,,,,,,,,,9,9,7,2,0,9,2,2,0,,,,0,,,,,,,,,,,,,5,0,3,0,2,7,5,4,2,1,,,0,1,,2,2,1,2,0.00
Public Generic Interface,"org.apache.commons.math3.optimization.BaseMultivariateVectorOptimizer",0,0,0,0,1,,0,,1,4,1,0,0,25,5,0,,,2,,,,0,0,1,,0,0,0,0,1,3,0,,,0,1,0,,0,4,20,,1,2,0,,,0,0,,0,0,0,0,0,0,4.00
TypeVariable,"org.apache.commons.math3.optimization.BaseMultivariateVectorOptimizer.FUNC",0,0,0,0,0,,0,,0,0,0,0,0,0,0,0,,,0,,,,0,0,1,,0,0,0,0,2,0,0,,,0,0,0,,0,0,0,,0,0,0,,,0,0,,0,0,0,0,0,0,0.00
Abstract Method,"org.apache.commons.math3.optimization.BaseMultivariateVectorOptimizer.optimize",,,,,,,,,,,,,,22,2,0,1,0,1,0,0,0,,,,0,,,,,,,,,,,,,2,0,2,20,0,1,1,0,0,0,,,0,0,,0,0,0,0,10.00
Public Generic Interface,"org.apache.commons.math3.optimization.BaseOptimizer",0,0,0,0,1,,0,,3,3,3,0,0,25,5,0,,,4,,,,0,0,0,,0,0,0,0,0,3,0,,,0,3,0,,2,4,18,,3,4,0,,,0,0,,0,0,0,0,0,0,3.60
TypeVariable,"org.apache.commons.math3.optimization.BaseOptimizer.PAIR",0,0,0,0,0,,0,,0,0,0,0,0,0,0,0,,,0,,,,0,0,1,,0,0,0,0,1,0,0,,,0,0,0,,0,0,0,,0,0,0,,,0,0,,0,0,0,0,0,0,0.00
Abstract Method,"org.apache.commons.math3.optimization.BaseOptimizer.getConvergenceChecker",,,,,,,,,,,,,,6,1,0,1,0,1,0,0,0,,,,0,,,,,,,,,,,,,3,0,1,5,0,1,1,0,0,0,,,0,0,,0,0,0,0,5.00
Abstract Method,"org.apache.commons.math3.optimization.BaseOptimizer.getEvaluations",,,,,,,,,,,,,,9,1,0,1,0,1,0,0,0,,,,0,,,,,,,,,,,,,7,0,1,8,0,1,1,0,0,0,,,0,0,,0,0,0,0,8.00
Abstract Method,"org.apache.commons.math3.optimization.BaseOptimizer.getMaxEvaluations",,,,,,,,,,,,,,6,1,0,1,0,1,0,0,0,,,,0,,,,,,,,,,,,,1,0,1,5,0,1,1,0,0,0,,,0,0,,0,0,0,0,5.00
Public Generic Interface,"org.apache.commons.math3.optimization.ConvergenceChecker",0,0,0,0,0,,0,,1,1,1,0,0,11,3,0,,,2,,,,0,0,0,,0,0,0,0,0,1,0,,,0,1,0,,0,2,8,,1,2,0,,,0,0,,0,0,0,0,0,0,2.67
TypeVariable,"org.apache.commons.math3.optimization.ConvergenceChecker.PAIR",0,0,0,0,0,,0,,0,0,0,0,0,0,0,0,,,0,,,,0,0,1,,0,0,0,0,1,0,0,,,0,0,0,,0,0,0,,0,0,0,,,0,0,,0,0,0,0,0,0,0.00
Abstract Method,"org.apache.commons.math3.optimization.ConvergenceChecker.converged",,,,,,,,,,,,,,9,1,0,1,0,1,0,0,0,,,,0,,,,,,,,,,,,,7,0,1,8,0,1,1,0,0,0,,,0,0,,0,0,0,0,8.00
Public Class,"org.apache.commons.math3.optimization.DifferentiableMultivariateMultiStartOptimizer",1,1,0,9,1,,0,,1,8,0,0,1,29,9,1,,,3,,,,1,1,2,,1,1,14,5,2,0,0,,,0,1,0,,0,6,20,,1,2,1,,,1,1,,0,0,1,1,1,1,2.22
Public Constructor,"org.apache.commons.math3.optimization.DifferentiableMultivariateMultiStartOptimizer.DifferentiableMultivariateMultiStartOptimizer",,,,,,,,,,,,,,14,5,1,2,0,2,1,1,0,,,,0,,,,,,,,,,,,,4,0,3,9,1,1,1,1,1,1,,,0,0,,1,1,1,1,1.80
Public Class,"org.apache.commons.math3.optimization.DifferentiableMultivariateMultiStartOptimizerTest",2,1,0,0,14,,0,,1,1,0,0,1,105,88,56,,,67,,,,2,1,1,,2,2,31,31,1,0,0,,,0,1,0,,15,34,2,,47,35,32,,,2,2,,1,0,2,2,1,2,0.02
Private Static Class,"org.apache.commons.math3.optimization.DifferentiableMultivariateMultiStartOptimizerTest.Circle",1,1,0,0,1,,0,,7,7,0,1,6,69,54,32,,,42,,,,2,1,1,,1,1,8,7,2,0,0,,,1,7,0,,13,19,2,,26,24,18,,,2,2,,1,28,10,10,7,10,0.04
Public Constructor,"org.apache.commons.math3.optimization.DifferentiableMultivariateMultiStartOptimizerTest.Circle.Circle",,,,,,,,,,,,,,3,3,1,2,0,2,1,1,0,,,,0,,,,,,,,,,,,,1,0,1,0,1,1,1,1,1,1,,,0,0,,1,1,1,1,0.00
Public Method,"org.apache.commons.math3.optimization.DifferentiableMultivariateMultiStartOptimizerTest.Circle.addPoint",,,,,,,,,,,,,,3,3,1,1,0,2,1,1,0,,,,0,,,,,,,,,,,,,4,0,1,0,1,1,1,1,1,1,,,0,0,,1,1,1,1,0.00
Public Method,"org.apache.commons.math3.optimization.DifferentiableMultivariateMultiStartOptimizerTest.Circle.getRadius",,,,,,,,,,,,,,7,7,4,3,0,6,2,2,0,,,,0,,,,,,,,,,,,,5,0,2,0,2,3,3,3,2,1,,,0,1,,2,2,1,2,0.00
Private Method,"org.apache.commons.math3.optimization.DifferentiableMultivariateMultiStartOptimizerTest.Circle.gradient",,,,,,,,,,,,,,19,14,11,3,0,13,2,2,0,,,,0,,,,,,,,,,,,,6,3,6,2,2,10,7,6,2,1,,,0,1,,2,2,1,2,0.14
Public Method,"org.apache.commons.math3.optimization.DifferentiableMultivariateMultiStartOptimizerTest.Circle.gradient",,,,,,,,,,,,,,7,7,4,1,0,4,1,1,0,,,,0,,,,,,,,,,,,,0,0,1,0,1,2,2,2,1,1,,,0,0,,1,1,1,1,0.00
Anonymous Class,"org.apache.commons.math3.optimization.DifferentiableMultivariateMultiStartOptimizerTest.Circle.gradient.(Anon_1)",1,1,0,0,1,,0,,1,1,0,0,1,4,4,3,,,2,,,,1,1,1,,1,1,3,3,2,0,0,,,0,1,0,,0,0,0,,1,1,1,,,1,1,,0,0,1,1,1,1,0.00
Public Method,"org.apache.commons.math3.optimization.DifferentiableMultivariateMultiStartOptimizerTest.Circle.gradient.(Anon_1).value",,,,,,,,,,,,,,3,3,2,2,0,2,1,1,0,,,,0,,,,,,,,,,,,,1,0,0,0,1,1,1,1,1,1,,,0,0,,1,1,1,1,0.00
Public Method,"org.apache.commons.math3.optimization.DifferentiableMultivariateMultiStartOptimizerTest.Circle.partialDerivative",,,,,,,,,,,,,,7,7,4,1,0,4,1,1,0,,,,0,,,,,,,,,,,,,0,0,1,0,1,2,2,2,1,1,,,0,0,,1,1,1,1,0.00
Anonymous Class,"org.apache.commons.math3.optimization.DifferentiableMultivariateMultiStartOptimizerTest.Circle.partialDerivative.(Anon_2)",1,1,0,0,1,,0,,1,1,0,0,1,4,4,3,,,2,,,,1,1,1,,1,1,3,3,2,0,0,,,0,1,0,,0,0,0,,1,1,1,,,1,1,,0,0,1,1,1,1,0.00
Public Method,"org.apache.commons.math3.optimization.DifferentiableMultivariateMultiStartOptimizerTest.Circle.partialDerivative.(Anon_2).value",,,,,,,,,,,,,,3,3,2,2,0,2,1,1,0,,,,0,,,,,,,,,,,,,2,0,0,0,1,1,1,1,1,1,,,0,0,,1,1,1,1,0.00
Public Method,"org.apache.commons.math3.optimization.DifferentiableMultivariateMultiStartOptimizerTest.Circle.value",,,,,,,,,,,,,,12,10,7,3,0,9,2,2,0,,,,0,,,,,,,,,,,,,2,2,5,0,2,6,6,3,2,1,,,0,1,,2,2,1,2,0.00
Public Method,"org.apache.commons.math3.optimization.DifferentiableMultivariateMultiStartOptimizerTest.testCircleFitting",,,,,,,,,,,,,,31,31,24,17,0,24,2,2,0,,,,0,,,,,,,,,,,,,4,0,13,0,2,21,10,14,2,1,,,0,1,,2,2,1,2,0.00
Public Interface,"org.apache.commons.math3.optimization.DifferentiableMultivariateOptimizer",0,0,0,0,0,,0,,0,4,0,0,0,15,2,0,,,1,,,,0,0,2,,0,0,0,0,1,2,0,,,0,0,0,,0,2,13,,0,1,0,,,0,0,,0,0,0,0,0,0,6.50
Public Class,"org.apache.commons.math3.optimization.DifferentiableMultivariateVectorMultiStartOptimizer",1,1,0,9,1,,0,,1,8,0,0,1,30,10,1,,,3,,,,1,1,2,,1,1,15,6,2,0,0,,,0,1,0,,0,7,20,,1,2,1,,,1,1,,0,0,1,1,1,1,2.00
Public Constructor,"org.apache.commons.math3.optimization.DifferentiableMultivariateVectorMultiStartOptimizer.DifferentiableMultivariateVectorMultiStartOptimizer",,,,,,,,,,,,,,15,6,1,2,0,2,1,1,0,,,,0,,,,,,,,,,,,,5,0,4,9,1,1,1,1,1,1,,,0,0,,1,1,1,1,1.50
Public Class,"org.apache.commons.math3.optimization.DifferentiableMultivariateVectorMultiStartOptimizerTest",2,1,0,1,14,,0,,2,2,0,0,2,151,77,44,,,49,,,,3,1,1,,2,2,27,26,1,0,0,,,0,2,0,,12,32,62,,36,26,23,,,3,3,,1,0,4,4,2,4,0.81
Private Static Class,"org.apache.commons.math3.optimization.DifferentiableMultivariateVectorMultiStartOptimizerTest.LinearProblem",1,1,0,0,3,,0,,3,3,0,0,3,22,18,7,,,12,,,,1,1,1,,1,1,4,4,2,0,0,,,2,3,0,,4,6,0,,7,7,5,,,1,1,,0,50,3,3,3,3,0.00
Public Constructor,"org.apache.commons.math3.optimization.DifferentiableMultivariateVectorMultiStartOptimizerTest.LinearProblem.LinearProblem",,,,,,,,,,,,,,4,4,2,4,0,3,1,1,0,,,,0,,,,,,,,,,,,,3,0,1,0,1,2,1,2,1,1,,,0,0,,1,1,1,1,0.00
Public Method,"org.apache.commons.math3.optimization.DifferentiableMultivariateVectorMultiStartOptimizerTest.LinearProblem.jacobian",,,,,,,,,,,,,,7,7,4,1,0,4,1,1,0,,,,0,,,,,,,,,,,,,0,0,1,0,1,2,2,2,1,1,,,0,0,,1,1,1,1,0.00
Anonymous Class,"org.apache.commons.math3.optimization.DifferentiableMultivariateVectorMultiStartOptimizerTest.LinearProblem.jacobian.(Anon_2)",1,1,0,0,2,,0,,1,1,0,0,1,4,4,3,,,2,,,,1,1,1,,1,1,3,3,2,0,0,,,0,1,0,,0,0,0,,1,1,1,,,1,1,,0,0,1,1,1,1,0.00
Public Method,"org.apache.commons.math3.optimization.DifferentiableMultivariateVectorMultiStartOptimizerTest.LinearProblem.jacobian.(Anon_2).value",,,,,,,,,,,,,,3,3,2,2,0,2,1,1,0,,,,0,,,,,,,,,,,,,1,0,0,0,1,1,1,1,1,1,,,0,0,,1,1,1,1,0.00
Public Method,"org.apache.commons.math3.optimization.DifferentiableMultivariateVectorMultiStartOptimizerTest.LinearProblem.value",,,,,,,,,,,,,,3,3,1,2,0,2,1,1,0,,,,0,,,,,,,,,,,,,2,0,1,0,1,1,1,1,1,1,,,0,0,,1,1,1,1,0.00
Private Static Class,"org.apache.commons.math3.optimization.DifferentiableMultivariateVectorMultiStartOptimizerTest.TestException",0,0,0,0,0,,1,,0,0,0,0,0,3,3,1,,,2,,,,0,0,2,,0,0,0,0,1,0,0,,,0,0,0,,0,2,0,,1,2,0,,,0,0,,0,0,0,0,0,0,0.00
Public Method,"org.apache.commons.math3.optimization.DifferentiableMultivariateVectorMultiStartOptimizerTest.testNoOptimum",,,,,,,,,,,,,,20,20,13,7,0,11,1,1,0,,,,0,,,,,,,,,,,,,0,0,8,0,1,8,7,4,1,1,,,0,0,,1,1,1,1,0.00
Anonymous Class,"org.apache.commons.math3.optimization.DifferentiableMultivariateVectorMultiStartOptimizerTest.testNoOptimum.(Anon_1)",1,1,0,0,2,,0,,2,2,0,0,2,7,7,5,,,4,,,,1,1,1,,1,1,3,3,2,0,0,,,0,2,0,,0,0,0,,2,2,2,,,1,1,,0,0,2,2,2,2,0.00
Public Method,"org.apache.commons.math3.optimization.DifferentiableMultivariateVectorMultiStartOptimizerTest.testNoOptimum.(Anon_1).jacobian",,,,,,,,,,,,,,3,3,2,1,0,2,1,1,0,,,,0,,,,,,,,,,,,,0,0,0,0,1,1,1,1,1,1,,,0,0,,1,1,1,1,0.00
Public Method,"org.apache.commons.math3.optimization.DifferentiableMultivariateVectorMultiStartOptimizerTest.testNoOptimum.(Anon_1).value",,,,,,,,,,,,,,3,3,2,1,0,2,1,1,0,,,,0,,,,,,,,,,,,,0,0,0,0,1,1,1,1,1,1,,,0,0,,1,1,1,1,0.00
Public Method,"org.apache.commons.math3.optimization.DifferentiableMultivariateVectorMultiStartOptimizerTest.testTrivial",,,,,,,,,,,,,,35,32,23,16,1,23,3,3,1,,,,0,,,,,,,,,,,,,2,1,13,2,4,20,9,14,3,1,,,0,1,,3,3,1,3,0.06
Public Interface,"org.apache.commons.math3.optimization.DifferentiableMultivariateVectorOptimizer",0,0,0,0,0,,0,,0,4,0,0,0,10,2,0,,,1,,,,0,0,2,,0,0,0,0,1,2,0,,,0,0,0,,0,2,8,,0,1,0,,,0,0,,0,0,0,0,0,0,4.00
Public Enum Type,"org.apache.commons.math3.optimization.GoalType",1,1,0,0,1,,0,,2,2,0,0,2,14,4,0,,,1,,,,1,1,1,,1,1,0,0,2,0,0,,,2,2,0,,3,3,7,,0,1,0,,,1,1,,0,100,2,2,2,2,1.75
Public Method,"org.apache.commons.math3.optimization.GoalType.valueOf",,,,,,,,,,,,,,0,0,0,1,0,0,1,1,0,,,,0,,,,,,,,,,,,,0,0,0,0,0,0,0,0,1,1,,,0,0,,1,1,1,1,0.00
Public Method,"org.apache.commons.math3.optimization.GoalType.values",,,,,,,,,,,,,,0,0,0,1,0,0,1,1,0,,,,0,,,,,,,,,,,,,0,0,0,0,0,0,0,0,1,1,,,0,0,,1,1,1,1,0.00
Public Class,"org.apache.commons.math3.optimization.LeastSquaresConverter",3,1,0,13,4,,0,,4,4,0,0,4,156,58,33,,,47,,,,8,1,1,,3,3,27,13,2,0,0,,,4,4,0,,10,15,88,,31,16,31,,,8,8,,2,0,13,13,4,13,1.52
Public Constructor,"org.apache.commons.math3.optimization.LeastSquaresConverter.LeastSquaresConverter",,,,,,,,,,,,,,11,7,4,6,0,5,1,1,0,,,,0,,,,,,,,,,,,,3,0,2,4,1,4,1,4,1,1,,,0,0,,1,1,1,1,0.57
Public Constructor,"org.apache.commons.math3.optimization.LeastSquaresConverter.LeastSquaresConverter",,,,,,,,,,,,,,38,10,6,7,0,7,2,2,0,,,,0,,,,,,,,,,,,,5,0,2,28,2,5,1,6,2,1,,,0,1,,2,2,1,2,2.80
Public Constructor,"org.apache.commons.math3.optimization.LeastSquaresConverter.LeastSquaresConverter",,,,,,,,,,,,,,29,10,6,9,0,7,2,2,0,,,,0,,,,,,,,,,,,,5,0,2,19,2,5,1,6,2,1,,,0,1,,2,2,1,2,1.90
Public Method,"org.apache.commons.math3.optimization.LeastSquaresConverter.value",,,,,,,,,,,,,,30,25,17,4,1,23,8,8,2,,,,0,,,,,,,,,,,,,6,2,4,3,24,13,8,15,8,1,,,0,2,,8,8,1,8,0.12
Public Class,"org.apache.commons.math3.optimization.MultivariateMultiStartOptimizer",1,1,0,9,1,,0,,1,8,0,0,1,29,9,1,,,3,,,,1,1,2,,1,1,14,5,2,0,0,,,0,1,0,,0,6,20,,1,2,1,,,1,1,,0,0,1,1,1,1,2.22
Public Constructor,"org.apache.commons.math3.optimization.MultivariateMultiStartOptimizer.MultivariateMultiStartOptimizer",,,,,,,,,,,,,,14,5,1,2,0,2,1,1,0,,,,0,,,,,,,,,,,,,4,0,3,9,1,1,1,1,1,1,,,0,0,,1,1,1,1,1.80
Public Class,"org.apache.commons.math3.optimization.MultivariateMultiStartOptimizerTest",1,1,1,0,14,,0,,1,1,0,0,1,44,39,21,,,26,,,,1,1,1,,1,1,22,21,1,0,0,,,0,1,0,,5,22,0,,20,16,10,,,1,1,,0,0,1,1,1,1,0.00
Private Static Class,"org.apache.commons.math3.optimization.MultivariateMultiStartOptimizerTest.Rosenbrock",1,1,0,0,0,,0,,3,3,0,0,3,18,15,6,,,11,,,,1,1,1,,1,1,4,4,2,0,0,,,1,3,0,,3,7,0,,7,7,4,,,1,1,,0,0,3,3,3,3,0.00
Public Constructor,"org.apache.commons.math3.optimization.MultivariateMultiStartOptimizerTest.Rosenbrock.Rosenbrock",,,,,,,,,,,,,,3,3,1,2,0,2,1,1,0,,,,0,,,,,,,,,,,,,1,0,1,0,1,1,1,1,1,1,,,0,0,,1,1,1,1,0.00
Public Method,"org.apache.commons.math3.optimization.MultivariateMultiStartOptimizerTest.Rosenbrock.getCount",,,,,,,,,,,,,,3,3,1,1,0,2,1,1,0,,,,0,,,,,,,,,,,,,2,0,1,0,1,1,1,1,1,1,,,0,0,,1,1,1,1,0.00
Public Method,"org.apache.commons.math3.optimization.MultivariateMultiStartOptimizerTest.Rosenbrock.value",,,,,,,,,,,,,,6,6,4,2,0,5,1,1,0,,,,0,,,,,,,,,,,,,1,0,3,0,1,4,3,2,1,1,,,0,0,,1,1,1,1,0.00
Public Method,"org.apache.commons.math3.optimization.MultivariateMultiStartOptimizerTest.testRosenbrock",,,,,,,,,,,,,,22,21,15,15,0,14,1,1,0,,,,0,,,,,,,,,,,,,1,1,13,0,1,13,8,6,1,1,,,0,0,,1,1,1,1,0.00
Public Interface,"org.apache.commons.math3.optimization.MultivariateOptimizer",0,0,0,0,0,,0,,0,4,0,0,0,13,2,0,,,1,,,,0,0,2,,0,0,0,0,1,5,0,,,0,0,0,,0,2,11,,0,1,0,,,0,0,,0,0,0,0,0,0,5.50
Public Class,"org.apache.commons.math3.optimization.PointValuePair",1,1,0,5,1,,1,,5,11,0,1,4,105,37,14,,,22,,,,3,1,2,,1,1,10,4,2,0,0,,,0,5,0,,14,17,54,,13,14,8,,,3,3,,0,100,8,8,5,8,1.46
Private Static Class,"org.apache.commons.math3.optimization.PointValuePair.DataTransferObject",1,1,0,3,1,,1,,2,2,0,1,1,33,12,4,,,9,,,,1,1,1,,1,1,7,3,2,0,0,,,2,2,0,,6,6,15,,6,6,3,,,1,1,,0,33,2,2,2,2,1.25
Public Constructor,"org.apache.commons.math3.optimization.PointValuePair.DataTransferObject.DataTransferObject",,,,,,,,,,,,,,8,4,2,4,0,3,1,1,0,,,,0,,,,,,,,,,,,,3,0,1,4,1,2,1,2,1,1,,,0,0,,1,1,1,1,1.00
Private Method,"org.apache.commons.math3.optimization.PointValuePair.DataTransferObject.readResolve",,,,,,,,,,,,,,6,3,1,2,0,2,1,1,0,,,,0,,,,,,,,,,,,,2,0,1,3,1,1,1,1,1,1,,,0,0,,1,1,1,1,1.00
Public Constructor,"org.apache.commons.math3.optimization.PointValuePair.PointValuePair",,,,,,,,,,,,,,16,8,4,3,0,2,3,3,0,,,,0,,,,,,,,,,,,,8,0,3,8,1,1,1,1,3,1,,,0,0,,3,3,1,3,1.00
Public Constructor,"org.apache.commons.math3.optimization.PointValuePair.PointValuePair",,,,,,,,,,,,,,11,4,1,2,0,2,1,1,0,,,,0,,,,,,,,,,,,,45,0,2,7,1,1,1,1,1,1,,,0,0,,1,1,1,1,1.75
Public Method,"org.apache.commons.math3.optimization.PointValuePair.getPoint",,,,,,,,,,,,,,9,4,2,3,0,3,2,2,0,,,,0,,,,,,,,,,,,,46,0,2,5,1,2,2,1,2,1,,,0,0,,2,2,1,2,1.25
Public Method,"org.apache.commons.math3.optimization.PointValuePair.getPointRef",,,,,,,,,,,,,,8,3,1,2,0,2,1,1,0,,,,0,,,,,,,,,,,,,8,0,1,5,1,1,1,1,1,1,,,0,0,,1,1,1,1,1.67
Private Method,"org.apache.commons.math3.optimization.PointValuePair.writeReplace",,,,,,,,,,,,,,7,3,1,4,0,2,1,1,0,,,,0,,,,,,,,,,,,,0,0,1,4,1,1,1,1,1,1,,,0,0,,1,1,1,1,1.33
Public Class,"org.apache.commons.math3.optimization.PointValuePairTest",2,1,0,0,3,,0,,1,1,0,0,1,14,12,6,,,10,,,,2,1,1,,2,2,9,9,1,0,0,,,0,1,0,,2,5,0,,7,5,5,,,2,2,,1,0,2,2,1,2,0.00
Public Method,"org.apache.commons.math3.optimization.PointValuePairTest.testSerial",,,,,,,,,,,,,,9,9,6,5,0,9,2,2,0,,,,0,,,,,,,,,,,,,1,0,3,0,2,7,4,5,2,1,,,0,1,,2,2,1,2,0.00
Public Class,"org.apache.commons.math3.optimization.PointVectorValuePair",1,1,0,5,1,,1,,7,13,0,1,6,130,49,21,,,27,,,,5,1,2,,1,1,10,4,2,0,0,,,0,7,0,,16,21,65,,16,17,10,,,5,5,,0,100,13,13,7,13,1.33
Private Static Class,"org.apache.commons.math3.optimization.PointVectorValuePair.DataTransferObject",1,1,0,3,1,,1,,2,2,0,1,1,33,12,4,,,9,,,,1,1,1,,1,1,7,3,2,0,0,,,2,2,0,,6,6,15,,6,6,3,,,1,1,,0,33,2,2,2,2,1.25
Public Constructor,"org.apache.commons.math3.optimization.PointVectorValuePair.DataTransferObject.DataTransferObject",,,,,,,,,,,,,,8,4,2,4,0,3,1,1,0,,,,0,,,,,,,,,,,,,3,0,1,4,1,2,1,2,1,1,,,0,0,,1,1,1,1,1.00
Private Method,"org.apache.commons.math3.optimization.PointVectorValuePair.DataTransferObject.readResolve",,,,,,,,,,,,,,6,3,1,2,0,2,1,1,0,,,,0,,,,,,,,,,,,,2,0,1,3,1,1,1,1,1,1,,,0,0,,1,1,1,1,1.00
Public Constructor,"org.apache.commons.math3.optimization.PointVectorValuePair.PointVectorValuePair",,,,,,,,,,,,,,11,4,1,2,0,2,1,1,0,,,,0,,,,,,,,,,,,,5,0,2,7,1,1,1,1,1,1,,,0,0,,1,1,1,1,1.75
Public Constructor,"org.apache.commons.math3.optimization.PointVectorValuePair.PointVectorValuePair",,,,,,,,,,,,,,20,12,8,3,0,2,5,5,0,,,,0,,,,,,,,,,,,,5,0,3,8,1,1,1,1,5,1,,,0,0,,5,5,1,5,0.67
Public Method,"org.apache.commons.math3.optimization.PointVectorValuePair.getPoint",,,,,,,,,,,,,,9,4,2,3,0,3,2,2,0,,,,0,,,,,,,,,,,,,12,0,2,5,1,2,2,1,2,1,,,0,0,,2,2,1,2,1.25
Public Method,"org.apache.commons.math3.optimization.PointVectorValuePair.getPointRef",,,,,,,,,,,,,,8,3,1,2,0,2,1,1,0,,,,0,,,,,,,,,,,,,7,0,1,5,1,1,1,1,1,1,,,0,0,,1,1,1,1,1.67
Public Method,"org.apache.commons.math3.optimization.PointVectorValuePair.getValue",,,,,,,,,,,,,,9,4,2,3,0,3,2,2,0,,,,0,,,,,,,,,,,,,5,0,2,5,1,2,2,1,2,1,,,0,0,,2,2,1,2,1.25
Public Method,"org.apache.commons.math3.optimization.PointVectorValuePair.getValueRef",,,,,,,,,,,,,,9,3,1,2,0,2,1,1,0,,,,0,,,,,,,,,,,,,2,0,1,6,1,1,1,1,1,1,,,0,0,,1,1,1,1,2.00
Private Method,"org.apache.commons.math3.optimization.PointVectorValuePair.writeReplace",,,,,,,,,,,,,,7,3,1,4,0,2,1,1,0,,,,0,,,,,,,,,,,,,0,0,1,4,1,1,1,1,1,1,,,0,0,,1,1,1,1,1.33
Public Class,"org.apache.commons.math3.optimization.PointVectorValuePairTest",3,1,0,0,3,,0,,1,1,0,0,1,18,16,9,,,14,,,,3,1,1,,3,3,13,13,1,0,0,,,0,1,0,,2,6,0,,10,6,8,,,3,3,,1,0,3,3,1,3,0.00
Public Method,"org.apache.commons.math3.optimization.PointVectorValuePairTest.testSerial",,,,,,,,,,,,,,13,13,9,5,1,13,3,3,0,,,,0,,,,,,,,,,,,,2,0,4,0,4,10,5,8,3,1,,,0,1,,3,3,1,3,0.00
Public Generic Class,"org.apache.commons.math3.optimization.SimplePointChecker",1,1,0,9,2,,0,,3,8,0,0,3,71,26,12,,,17,,,,3,3,2,,1,2,16,7,1,0,0,,,0,3,0,,2,15,43,,11,11,6,,,3,4,,2,0,5,6,5,5,1.65
TypeVariable,"org.apache.commons.math3.optimization.SimplePointChecker.PAIR",0,0,0,0,0,,0,,0,0,0,0,0,0,0,0,,,0,,,,0,0,2,,0,0,0,0,1,0,0,,,0,0,0,,0,0,0,,0,0,0,,,0,0,,0,0,0,0,0,0,0.00
Public Constructor,"org.apache.commons.math3.optimization.SimplePointChecker.SimplePointChecker",,,,,,,,,,,,,,4,1,0,1,0,1,1,1,0,,,,0,,,,,,,,,,,,,0,0,1,3,1,0,1,0,1,1,,,0,0,,1,1,1,1,3.00
Public Constructor,"org.apache.commons.math3.optimization.SimplePointChecker.SimplePointChecker",,,,,,,,,,,,,,13,4,1,2,0,2,1,1,0,,,,0,,,,,,,,,,,,,4,0,2,9,1,1,1,1,1,1,,,0,0,,1,1,1,1,2.25
Public Method,"org.apache.commons.math3.optimization.SimplePointChecker.converged",,,,,,,,,,,,,,33,17,11,6,0,13,3,4,3,,,,3,,,,,,,,,,,,,3,0,9,16,3,10,8,5,3,3,,,3,2,,3,4,3,3,0.94
Public Class,"org.apache.commons.math3.optimization.SimpleValueChecker",1,1,0,9,3,,0,,3,8,0,0,3,61,19,7,,,10,,,,1,1,2,,1,1,14,5,1,0,0,,,0,3,0,,2,13,40,,6,8,2,,,1,2,,0,0,3,4,3,3,2.11
Public Constructor,"org.apache.commons.math3.optimization.SimpleValueChecker.SimpleValueChecker",,,,,,,,,,,,,,4,1,0,1,0,1,1,1,0,,,,0,,,,,,,,,,,,,4,0,1,3,1,0,1,0,1,1,,,0,0,,1,1,1,1,3.00
Public Constructor,"org.apache.commons.math3.optimization.SimpleValueChecker.SimpleValueChecker",,,,,,,,,,,,,,13,4,1,2,0,2,1,1,0,,,,0,,,,,,,,,,,,,18,0,2,9,1,1,1,1,1,1,,,0,0,,1,1,1,1,2.25
Public Method,"org.apache.commons.math3.optimization.SimpleValueChecker.converged",,,,,,,,,,,,,,26,10,6,6,0,6,1,2,0,,,,0,,,,,,,,,,,,,2,0,7,16,1,5,5,1,1,1,,,0,0,,1,2,1,1,1.60
Public Class,"org.apache.commons.math3.optimization.SimpleVectorValueChecker",1,1,0,9,2,,0,,3,8,0,0,3,69,26,12,,,17,,,,3,3,2,,1,2,17,7,1,0,0,,,0,3,0,,2,15,41,,11,11,6,,,3,4,,2,0,5,6,5,5,1.58
Public Constructor,"org.apache.commons.math3.optimization.SimpleVectorValueChecker.SimpleVectorValueChecker",,,,,,,,,,,,,,4,1,0,1,0,1,1,1,0,,,,0,,,,,,,,,,,,,2,0,1,3,1,0,1,0,1,1,,,0,0,,1,1,1,1,3.00
Public Constructor,"org.apache.commons.math3.optimization.SimpleVectorValueChecker.SimpleVectorValueChecker",,,,,,,,,,,,,,14,4,1,2,0,2,1,1,0,,,,0,,,,,,,,,,,,,6,0,2,10,1,1,1,1,1,1,,,0,0,,1,1,1,1,2.50
Public Method,"org.apache.commons.math3.optimization.SimpleVectorValueChecker.converged",,,,,,,,,,,,,,33,17,11,6,0,13,3,4,3,,,,3,,,,,,,,,,,,,3,0,9,16,3,10,8,5,3,3,,,3,2,,3,4,3,3,0.94
Package,"org.apache.commons.math3.optimization.direct",2,1,1,4,,75,35,20,307,,39,55,221,8498,5230,3277,,,4224,,,,129,31,,,2,2,19,13,,,31,,,168,338,23,,837,1938,2510,,3261,1895,2329,,,137,139,,6,,956,984,446,940,0.48
Public Abstract Class,"org.apache.commons.math3.optimization.direct.AbstractSimplex",2,1,0,8,10,,0,,14,15,0,1,7,313,144,80,,,117,,,,10,5,1,,2,2,18,9,1,2,1,,,3,15,7,,23,37,146,,77,43,74,,,10,10,,4,61,39,41,18,39,1.01
Protected Constructor,"org.apache.commons.math3.optimization.direct.AbstractSimplex.AbstractSimplex",,,,,,,,,,,,,,10,4,1,3,0,2,1,1,0,,,,0,,,,,,,,,,,,,5,0,2,6,1,1,1,1,1,1,,,0,0,,1,1,1,1,1.50
Protected Constructor,"org.apache.commons.math3.optimization.direct.AbstractSimplex.AbstractSimplex",,,,,,,,,,,,,,40,19,12,7,1,17,6,6,0,,,,0,,,,,,,,,,,,,8,1,2,20,16,11,4,13,6,1,,,0,3,,6,6,1,6,1.05
Protected Constructor,"org.apache.commons.math3.optimization.direct.AbstractSimplex.AbstractSimplex",,,,,,,,,,,,,,56,35,24,6,2,31,10,10,2,,,,2,,,,,,,,,,,,,8,4,6,17,86,21,10,21,10,5,,,2,4,,10,10,5,10,0.49
Protected Constructor,"org.apache.commons.math3.optimization.direct.AbstractSimplex.AbstractSimplex",,,,,,,,,,,,,,8,3,1,2,0,2,1,1,0,,,,0,,,,,,,,,,,,,1,0,1,5,1,1,1,1,1,1,,,0,0,,1,1,1,1,1.67
Public Method,"org.apache.commons.math3.optimization.direct.AbstractSimplex.build",,,,,,,,,,,,,,26,15,10,3,1,15,4,4,0,,,,0,,,,,,,,,,,,,5,2,3,9,6,11,5,10,4,1,,,0,2,,4,4,1,4,0.60
Private Static Method,"org.apache.commons.math3.optimization.direct.AbstractSimplex.createHypercubeSteps",,,,,,,,,,,,,,15,8,4,1,0,7,2,2,0,,,,0,,,,,,,,,,,,,3,0,3,7,2,5,3,4,2,1,,,0,1,,2,2,1,2,0.88
Public Method,"org.apache.commons.math3.optimization.direct.AbstractSimplex.evaluate",,,,,,,,,,,,,,22,11,6,7,0,9,3,3,0,,,,0,,,,,,,,,,,,,7,1,4,10,3,6,4,5,3,1,,,0,2,,3,3,1,3,0.91
Public Method,"org.apache.commons.math3.optimization.direct.AbstractSimplex.getDimension",,,,,,,,,,,,,,8,3,1,1,0,2,1,1,0,,,,0,,,,,,,,,,,,,3,0,1,5,1,1,1,1,1,1,,,0,0,,1,1,1,1,1.67
Public Method,"org.apache.commons.math3.optimization.direct.AbstractSimplex.getPoint",,,,,,,,,,,,,,13,7,4,2,0,4,2,3,0,,,,0,,,,,,,,,,,,,6,0,1,6,2,2,1,3,2,1,,,0,1,,2,3,1,2,0.86
Public Method,"org.apache.commons.math3.optimization.direct.AbstractSimplex.getPoints",,,,,,,,,,,,,,10,5,3,2,0,4,1,1,0,,,,0,,,,,,,,,,,,,4,0,2,5,1,3,2,2,1,1,,,0,0,,1,1,1,1,1.00
Public Method,"org.apache.commons.math3.optimization.direct.AbstractSimplex.getSize",,,,,,,,,,,,,,10,3,1,1,0,2,1,1,0,,,,0,,,,,,,,,,,,,4,0,1,7,1,1,1,1,1,1,,,0,0,,1,1,1,1,2.33
Public Abstract Method,"org.apache.commons.math3.optimization.direct.AbstractSimplex.iterate",,,,,,,,,,,,,,11,2,0,0,0,1,0,0,0,,,,0,,,,,,,,,,,,,1,0,2,9,0,1,1,0,0,0,,,0,0,,0,0,0,0,4.50
Protected Method,"org.apache.commons.math3.optimization.direct.AbstractSimplex.replaceWorstPoint",,,,,,,,,,,,,,18,11,6,2,0,9,3,3,0,,,,0,,,,,,,,,,,,,5,0,3,7,3,6,3,6,3,1,,,0,2,,3,3,1,3,0.64
Protected Method,"org.apache.commons.math3.optimization.direct.AbstractSimplex.setPoint",,,,,,,,,,,,,,14,7,4,2,0,4,2,3,0,,,,0,,,,,,,,,,,,,6,0,1,7,2,2,1,3,2,1,,,0,1,,2,3,1,2,1.00
Protected Method,"org.apache.commons.math3.optimization.direct.AbstractSimplex.setPoints",,,,,,,,,,,,,,12,6,3,2,0,4,2,2,0,,,,0,,,,,,,,,,,,,4,0,1,6,2,2,1,3,2,1,,,0,1,,2,2,1,2,1.00
Public Class,"org.apache.commons.math3.optimization.direct.BOBYQAOptimizer",22,5,11,38,10,,15,,10,30,0,11,2,2449,1623,1243,,,1491,,,,129,31,3,,23,24,159,112,2,0,4,,,22,14,1,,190,372,671,,1184,466,1025,,,137,139,,6,76,327,336,79,311,0.41
Public Constructor,"org.apache.commons.math3.optimization.direct.BOBYQAOptimizer.BOBYQAOptimizer",,,,,,,,,,,,,,11,5,3,2,0,2,1,1,0,,,,0,,,,,,,,,,,,,4,0,1,6,1,1,1,1,1,1,,,0,0,,1,1,1,1,1.20
Public Constructor,"org.apache.commons.math3.optimization.direct.BOBYQAOptimizer.BOBYQAOptimizer",,,,,,,,,,,,,,15,7,3,4,0,4,1,1,0,,,,0,,,,,,,,,,,,,4,0,3,8,1,3,1,3,1,1,,,0,0,,1,1,1,1,1.14
Private Static Class,"org.apache.commons.math3.optimization.direct.BOBYQAOptimizer.PathIsExploredException",1,1,0,0,1,,2,,1,1,1,0,0,14,8,3,,,5,,,,1,1,2,,1,1,3,3,1,0,0,,,0,1,0,,2,5,4,,3,4,1,,,1,1,,0,50,1,1,1,1,0.50
Constructor,"org.apache.commons.math3.optimization.direct.BOBYQAOptimizer.PathIsExploredException.PathIsExploredException",,,,,,,,,,,,,,3,3,1,2,0,2,1,1,0,,,,0,,,,,,,,,,,,,1,0,1,0,1,1,1,1,1,1,,,0,0,,1,1,1,1,0.00
Private Method,"org.apache.commons.math3.optimization.direct.BOBYQAOptimizer.altmov",,,,,,,,,,,,,,336,242,191,12,10,218,51,53,15,,,,5,,,,,,,,,,,,,19,28,62,68,999999999,167,77,141,51,6,,,8,5,,51,53,6,51,0.28
Private Method,"org.apache.commons.math3.optimization.direct.BOBYQAOptimizer.bobyqa",,,,,,,,,,,,,,84,35,28,9,1,29,6,6,3,,,,0,,,,,,,,,,,,,9,5,7,46,6,23,7,22,6,1,,,0,3,,6,6,1,6,1.31
Private Method,"org.apache.commons.math3.optimization.direct.BOBYQAOptimizer.bobyqb",,,,,,,,,,,,,,883,637,502,23,21,632,137,139,116,,,,110,,,,,,,,,,,,,37,66,137,194,999999999,505,205,427,129,31,,,114,6,,137,139,31,129,0.30
Private Static Method,"org.apache.commons.math3.optimization.direct.BOBYQAOptimizer.caller",,,,,,,,,,,,,,6,6,4,4,0,5,1,1,0,,,,0,,,,,,,,,,,,,2,0,4,0,1,4,4,1,1,1,,,0,0,,1,1,1,1,0.00
Protected Method,"org.apache.commons.math3.optimization.direct.BOBYQAOptimizer.doOptimize",,,,,,,,,,,,,,16,10,8,12,0,8,2,2,0,,,,0,,,,,,,,,,,,,3,4,4,2,1,7,4,4,2,1,,,0,0,,2,2,1,2,0.20
Private Static Method,"org.apache.commons.math3.optimization.direct.BOBYQAOptimizer.fillNewArray",,,,,,,,,,,,,,14,6,3,2,0,4,1,1,0,,,,0,,,,,,,,,,,,,2,0,3,8,1,3,2,2,1,1,,,0,0,,1,1,1,1,1.33
Private Method,"org.apache.commons.math3.optimization.direct.BOBYQAOptimizer.prelim",,,,,,,,,,,,,,194,138,113,15,5,119,28,30,5,,,,0,,,,,,,,,,,,,22,15,30,44,32400,93,36,83,28,1,,,0,6,,28,30,1,28,0.32
Private Static Method,"org.apache.commons.math3.optimization.direct.BOBYQAOptimizer.printMethod",,,,,,,,,,,,,,3,2,0,0,0,1,1,1,0,,,,0,,,,,,,,,,,,,7,0,1,1,1,0,1,0,1,1,,,0,0,,1,1,1,1,0.50
Private Static Method,"org.apache.commons.math3.optimization.direct.BOBYQAOptimizer.printState",,,,,,,,,,,,,,3,2,0,0,0,1,1,1,0,,,,0,,,,,,,,,,,,,2,0,1,1,1,0,1,0,1,1,,,0,0,,1,1,1,1,0.50
Private Method,"org.apache.commons.math3.optimization.direct.BOBYQAOptimizer.setup",,,,,,,,,,,,,,60,45,38,24,1,34,5,6,0,,,,0,,,,,,,,,,,,,9,5,7,11,16,29,7,27,5,1,,,0,1,,5,6,1,5,0.24
Private Method,"org.apache.commons.math3.optimization.direct.BOBYQAOptimizer.trsbox",,,,,,,,,,,,,,519,378,288,15,6,332,81,83,152,,,,144,,,,,,,,,,,,,23,33,41,119,2443342,261,49,283,73,31,,,146,6,,81,83,31,73,0.31
Private Method,"org.apache.commons.math3.optimization.direct.BOBYQAOptimizer.update",,,,,,,,,,,,,,93,60,44,10,2,59,11,11,0,,,,0,,,,,,,,,,,,,11,11,25,24,192,48,29,30,11,1,,,0,3,,11,11,1,11,0.40
Public Class,"org.apache.commons.math3.optimization.direct.BOBYQAOptimizerTest",1,1,0,1,21,,1,,21,23,0,4,19,593,443,241,,,318,,,,4,1,1,,1,1,11,9,1,0,2,,,0,23,0,,79,204,75,,223,175,143,,,4,4,,1,30,29,29,23,29,0.17
Private Static Class,"org.apache.commons.math3.optimization.direct.BOBYQAOptimizerTest.Ackley",1,1,0,0,0,,0,,3,3,1,0,2,25,22,12,,,18,,,,2,1,1,,1,1,6,6,2,0,0,,,1,3,0,,3,8,0,,13,9,9,,,2,2,,1,33,4,4,3,4,0.00
Constructor,"org.apache.commons.math3.optimization.direct.BOBYQAOptimizerTest.Ackley.Ackley",,,,,,,,,,,,,,3,3,1,2,0,2,1,1,0,,,,0,,,,,,,,,,,,,2,0,1,0,1,1,1,1,1,1,,,0,0,,1,1,1,1,0.00
Public Constructor,"org.apache.commons.math3.optimization.direct.BOBYQAOptimizerTest.Ackley.Ackley",,,,,,,,,,,,,,3,3,1,2,0,2,1,1,0,,,,0,,,,,,,,,,,,,0,0,1,0,1,1,1,1,1,1,,,0,0,,1,1,1,1,0.00
Public Method,"org.apache.commons.math3.optimization.direct.BOBYQAOptimizerTest.Ackley.value",,,,,,,,,,,,,,13,13,10,5,0,12,2,2,0,,,,0,,,,,,,,,,,,,3,0,4,0,2,10,5,7,2,1,,,0,1,,2,2,1,2,0.00
Private Static Class,"org.apache.commons.math3.optimization.direct.BOBYQAOptimizerTest.Basis",6,1,1,3,0,,0,,2,2,2,0,0,43,35,23,,,47,,,,10,1,1,,6,6,18,15,1,0,0,,,2,2,0,,4,8,8,,34,10,37,,,10,10,,3,25,13,13,2,13,0.23
Method,"org.apache.commons.math3.optimization.direct.BOBYQAOptimizerTest.Basis.GenBasis",,,,,,,,,,,,,,27,21,15,3,2,32,10,10,1,,,,0,,,,,,,,,,,,,5,2,3,7,42,23,3,29,10,1,,,0,3,,10,10,1,10,0.33
Method,"org.apache.commons.math3.optimization.direct.BOBYQAOptimizerTest.Basis.Rotate",,,,,,,,,,,,,,10,10,7,2,0,12,3,3,0,,,,0,,,,,,,,,,,,,4,0,2,0,3,9,4,8,3,1,,,0,2,,3,3,1,3,0.00
Private Static Class,"org.apache.commons.math3.optimization.direct.BOBYQAOptimizerTest.CigTab",1,1,0,0,0,,0,,3,3,2,0,1,19,16,7,,,14,,,,2,1,1,,1,1,4,4,2,0,0,,,1,3,0,,3,7,0,,9,8,6,,,2,2,,1,33,4,4,3,4,0.00
Constructor,"org.apache.commons.math3.optimization.direct.BOBYQAOptimizerTest.CigTab.CigTab",,,,,,,,,,,,,,3,3,1,2,0,2,1,1,0,,,,0,,,,,,,,,,,,,1,0,1,0,1,1,1,1,1,1,,,0,0,,1,1,1,1,0.00
Constructor,"org.apache.commons.math3.optimization.direct.BOBYQAOptimizerTest.CigTab.CigTab",,,,,,,,,,,,,,3,3,1,2,0,2,1,1,0,,,,0,,,,,,,,,,,,,2,0,1,0,1,1,1,1,1,1,,,0,0,,1,1,1,1,0.00
Public Method,"org.apache.commons.math3.optimization.direct.BOBYQAOptimizerTest.CigTab.value",,,,,,,,,,,,,,7,7,5,1,0,8,2,2,0,,,,0,,,,,,,,,,,,,3,0,3,0,2,6,4,4,2,1,,,0,1,,2,2,1,2,0.00
Private Static Class,"org.apache.commons.math3.optimization.direct.BOBYQAOptimizerTest.Cigar",1,1,0,0,0,,0,,3,3,2,0,1,18,15,6,,,13,,,,2,1,1,,1,1,4,4,2,0,0,,,1,3,0,,3,6,0,,8,7,6,,,2,2,,1,33,4,4,3,4,0.00
Constructor,"org.apache.commons.math3.optimization.direct.BOBYQAOptimizerTest.Cigar.Cigar",,,,,,,,,,,,,,3,3,1,2,0,2,1,1,0,,,,0,,,,,,,,,,,,,1,0,1,0,1,1,1,1,1,1,,,0,0,,1,1,1,1,0.00
Constructor,"org.apache.commons.math3.optimization.direct.BOBYQAOptimizerTest.Cigar.Cigar",,,,,,,,,,,,,,3,3,1,2,0,2,1,1,0,,,,0,,,,,,,,,,,,,2,0,1,0,1,1,1,1,1,1,,,0,0,,1,1,1,1,0.00
Public Method,"org.apache.commons.math3.optimization.direct.BOBYQAOptimizerTest.Cigar.value",,,,,,,,,,,,,,6,6,4,1,0,7,2,2,0,,,,0,,,,,,,,,,,,,3,0,2,0,2,5,3,4,2,1,,,0,1,,2,2,1,2,0.00
Private Static Class,"org.apache.commons.math3.optimization.direct.BOBYQAOptimizerTest.DiffPow",2,1,0,4,0,,0,,1,1,0,0,1,14,9,5,,,8,,,,2,1,1,,2,2,11,7,2,0,0,,,0,1,0,,0,3,5,,5,4,4,,,2,2,,1,0,2,2,1,2,0.56
Public Method,"org.apache.commons.math3.optimization.direct.BOBYQAOptimizerTest.DiffPow.value",,,,,,,,,,,,,,11,7,5,3,0,7,2,2,0,,,,0,,,,,,,,,,,,,3,0,2,4,2,5,3,4,2,1,,,0,1,,2,2,1,2,0.57
Private Static Class,"org.apache.commons.math3.optimization.direct.BOBYQAOptimizerTest.Elli",1,1,0,0,0,,0,,3,3,2,0,1,19,15,6,,,13,,,,2,1,1,,1,1,4,4,2,0,0,,,1,3,0,,4,6,0,,8,7,6,,,2,2,,1,33,4,4,3,4,0.00
Constructor,"org.apache.commons.math3.optimization.direct.BOBYQAOptimizerTest.Elli.Elli",,,,,,,,,,,,,,3,3,1,2,0,2,1,1,0,,,,0,,,,,,,,,,,,,1,0,1,0,1,1,1,1,1,1,,,0,0,,1,1,1,1,0.00
Constructor,"org.apache.commons.math3.optimization.direct.BOBYQAOptimizerTest.Elli.Elli",,,,,,,,,,,,,,3,3,1,2,0,2,1,1,0,,,,0,,,,,,,,,,,,,2,0,1,0,1,1,1,1,1,1,,,0,0,,1,1,1,1,0.00
Public Method,"org.apache.commons.math3.optimization.direct.BOBYQAOptimizerTest.Elli.value",,,,,,,,,,,,,,6,6,4,2,0,7,2,2,0,,,,0,,,,,,,,,,,,,4,0,2,0,2,5,3,4,2,1,,,0,1,,2,2,1,2,0.00
Private Static Class,"org.apache.commons.math3.optimization.direct.BOBYQAOptimizerTest.ElliRotated",1,1,0,0,1,,0,,3,3,2,0,1,20,17,8,,,15,,,,2,1,1,,1,1,4,4,2,0,0,,,2,3,0,,3,7,0,,10,8,7,,,2,2,,1,50,4,4,3,4,0.00
Constructor,"org.apache.commons.math3.optimization.direct.BOBYQAOptimizerTest.ElliRotated.ElliRotated",,,,,,,,,,,,,,3,3,1,2,0,2,1,1,0,,,,0,,,,,,,,,,,,,1,0,1,0,1,1,1,1,1,1,,,0,0,,1,1,1,1,0.00
Constructor,"org.apache.commons.math3.optimization.direct.BOBYQAOptimizerTest.ElliRotated.ElliRotated",,,,,,,,,,,,,,3,3,1,2,0,2,1,1,0,,,,0,,,,,,,,,,,,,2,0,1,0,1,1,1,1,1,1,,,0,0,,1,1,1,1,0.00
Public Method,"org.apache.commons.math3.optimization.direct.BOBYQAOptimizerTest.ElliRotated.value",,,,,,,,,,,,,,7,7,5,4,0,8,2,2,0,,,,0,,,,,,,,,,,,,4,0,2,0,2,6,3,5,2,1,,,0,1,,2,2,1,2,0.00
Private Static Class,"org.apache.commons.math3.optimization.direct.BOBYQAOptimizerTest.MinusElli",1,1,0,0,1,,0,,1,1,0,0,1,6,6,2,,,4,,,,1,1,1,,1,1,3,3,2,0,0,,,1,1,0,,0,3,0,,2,3,1,,,1,1,,0,0,1,1,1,1,0.00
Public Method,"org.apache.commons.math3.optimization.direct.BOBYQAOptimizerTest.MinusElli.value",,,,,,,,,,,,,,3,3,1,2,0,2,1,1,0,,,,0,,,,,,,,,,,,,2,0,1,0,1,1,1,1,1,1,,,0,0,,1,1,1,1,0.00
Private Static Class,"org.apache.commons.math3.optimization.direct.BOBYQAOptimizerTest.Rastrigin",1,1,0,0,0,,0,,3,3,2,0,1,27,23,11,,,19,,,,3,1,1,,1,2,6,6,2,0,0,,,2,3,0,,4,8,0,,13,9,10,,,3,4,,2,33,5,6,3,5,0.00
Constructor,"org.apache.commons.math3.optimization.direct.BOBYQAOptimizerTest.Rastrigin.Rastrigin",,,,,,,,,,,,,,3,3,1,2,0,2,1,1,0,,,,0,,,,,,,,,,,,,1,0,1,0,1,1,1,1,1,1,,,0,0,,1,1,1,1,0.00
Constructor,"org.apache.commons.math3.optimization.direct.BOBYQAOptimizerTest.Rastrigin.Rastrigin",,,,,,,,,,,,,,4,4,2,3,0,3,1,1,0,,,,0,,,,,,,,,,,,,3,0,1,0,1,2,1,2,1,1,,,0,0,,1,1,1,1,0.00
Public Method,"org.apache.commons.math3.optimization.direct.BOBYQAOptimizerTest.Rastrigin.value",,,,,,,,,,,,,,12,12,8,3,0,11,3,4,0,,,,0,,,,,,,,,,,,,4,0,3,0,3,8,4,7,3,1,,,0,2,,3,4,1,3,0.00
Private Static Class,"org.apache.commons.math3.optimization.direct.BOBYQAOptimizerTest.Rosen",2,1,0,0,0,,0,,1,1,0,0,1,10,9,5,,,8,,,,2,1,1,,2,2,7,7,2,0,0,,,0,1,0,,1,3,0,,5,4,4,,,2,2,,1,0,2,2,1,2,0.00
Public Method,"org.apache.commons.math3.optimization.direct.BOBYQAOptimizerTest.Rosen.value",,,,,,,,,,,,,,7,7,5,1,0,7,2,2,0,,,,0,,,,,,,,,,,,,2,0,2,0,2,5,3,4,2,1,,,0,1,,2,2,1,2,0.00
Private Static Class,"org.apache.commons.math3.optimization.direct.BOBYQAOptimizerTest.Sphere",2,1,0,0,0,,0,,1,1,0,0,1,9,8,4,,,8,,,,2,1,1,,2,2,6,6,2,0,0,,,0,1,0,,1,3,0,,5,4,4,,,2,2,,1,0,2,2,1,2,0.00
Public Method,"org.apache.commons.math3.optimization.direct.BOBYQAOptimizerTest.Sphere.value",,,,,,,,,,,,,,6,6,4,1,0,7,2,2,0,,,,0,,,,,,,,,,,,,2,0,2,0,2,5,3,4,2,1,,,0,1,,2,2,1,2,0.00
Private Static Class,"org.apache.commons.math3.optimization.direct.BOBYQAOptimizerTest.SsDiffPow",1,1,0,0,1,,0,,1,1,0,0,1,7,6,2,,,4,,,,1,1,1,,1,1,4,4,2,0,0,,,0,1,0,,1,3,0,,2,3,1,,,1,1,,0,0,1,1,1,1,0.00
Public Method,"org.apache.commons.math3.optimization.direct.BOBYQAOptimizerTest.SsDiffPow.value",,,,,,,,,,,,,,4,4,2,3,0,3,1,1,0,,,,0,,,,,,,,,,,,,1,0,2,0,1,2,2,1,1,1,,,0,0,,1,1,1,1,0.00
Private Static Class,"org.apache.commons.math3.optimization.direct.BOBYQAOptimizerTest.Tablet",1,1,0,0,0,,0,,3,3,2,0,1,18,15,6,,,13,,,,2,1,1,,1,1,4,4,2,0,0,,,1,3,0,,3,6,0,,8,7,6,,,2,2,,1,33,4,4,3,4,0.00
Constructor,"org.apache.commons.math3.optimization.direct.BOBYQAOptimizerTest.Tablet.Tablet",,,,,,,,,,,,,,3,3,1,2,0,2,1,1,0,,,,0,,,,,,,,,,,,,1,0,1,0,1,1,1,1,1,1,,,0,0,,1,1,1,1,0.00
Constructor,"org.apache.commons.math3.optimization.direct.BOBYQAOptimizerTest.Tablet.Tablet",,,,,,,,,,,,,,3,3,1,2,0,2,1,1,0,,,,0,,,,,,,,,,,,,2,0,1,0,1,1,1,1,1,1,,,0,0,,1,1,1,1,0.00
Public Method,"org.apache.commons.math3.optimization.direct.BOBYQAOptimizerTest.Tablet.value",,,,,,,,,,,,,,6,6,4,1,0,7,2,2,0,,,,0,,,,,,,,,,,,,3,0,2,0,2,5,3,4,2,1,,,0,1,,2,2,1,2,0.00
Private Static Class,"org.apache.commons.math3.optimization.direct.BOBYQAOptimizerTest.TwoAxes",1,1,0,0,0,,0,,3,3,2,0,1,19,15,6,,,13,,,,3,1,1,,1,1,4,4,2,0,0,,,1,3,0,,4,6,0,,8,7,6,,,3,3,,1,33,5,5,3,5,0.00
Constructor,"org.apache.commons.math3.optimization.direct.BOBYQAOptimizerTest.TwoAxes.TwoAxes",,,,,,,,,,,,,,3,3,1,2,0,2,1,1,0,,,,0,,,,,,,,,,,,,1,0,1,0,1,1,1,1,1,1,,,0,0,,1,1,1,1,0.00
Constructor,"org.apache.commons.math3.optimization.direct.BOBYQAOptimizerTest.TwoAxes.TwoAxes",,,,,,,,,,,,,,3,3,1,2,0,2,1,1,0,,,,0,,,,,,,,,,,,,2,0,1,0,1,1,1,1,1,1,,,0,0,,1,1,1,1,0.00
Public Method,"org.apache.commons.math3.optimization.direct.BOBYQAOptimizerTest.TwoAxes.value",,,,,,,,,,,,,,6,6,4,1,0,7,3,3,0,,,,0,,,,,,,,,,,,,3,0,2,0,2,5,3,4,3,1,,,0,1,,3,3,1,3,0.00
Private Static Method,"org.apache.commons.math3.optimization.direct.BOBYQAOptimizerTest.boundaries",,,,,,,,,,,,,,9,9,6,1,1,11,3,3,0,,,,0,,,,,,,,,,,,,8,0,3,0,4,8,4,7,3,1,,,0,1,,3,3,1,3,0.00
Private Method,"org.apache.commons.math3.optimization.direct.BOBYQAOptimizerTest.doTest",,,,,,,,,,,,,,29,19,10,1,0,2,1,1,0,,,,0,,,,,,,,,,,,,24,0,8,10,1,1,1,1,1,1,,,0,0,,1,1,1,1,0.53
Private Method,"org.apache.commons.math3.optimization.direct.BOBYQAOptimizerTest.doTest",,,,,,,,,,,,,,46,22,10,5,0,12,4,4,0,,,,0,,,,,,,,,,,,,13,3,16,21,2,10,8,4,4,1,,,0,1,,4,4,1,4,0.95
Private Static Method,"org.apache.commons.math3.optimization.direct.BOBYQAOptimizerTest.point",,,,,,,,,,,,,,5,5,3,2,0,4,1,1,0,,,,0,,,,,,,,,,,,,19,0,2,0,1,3,2,2,1,1,,,0,0,,1,1,1,1,0.00
Public Method,"org.apache.commons.math3.optimization.direct.BOBYQAOptimizerTest.testAckley",,,,,,,,,,,,,,1,1,0,0,0,1,1,1,0,,,,0,,,,,,,,,,,,,0,0,1,0,1,0,1,0,1,1,,,0,0,,1,1,1,1,0.00
Public Method,"org.apache.commons.math3.optimization.direct.BOBYQAOptimizerTest.testBoundariesDimensionMismatch",,,,,,,,,,,,,,7,7,5,3,0,4,1,1,0,,,,0,,,,,,,,,,,,,2,0,3,0,1,3,3,1,1,1,,,0,0,,1,1,1,1,0.00
Public Method,"org.apache.commons.math3.optimization.direct.BOBYQAOptimizerTest.testCigTab",,,,,,,,,,,,,,9,9,6,4,0,5,1,1,0,,,,0,,,,,,,,,,,,,2,0,5,0,1,4,4,1,1,1,,,0,0,,1,1,1,1,0.00
Public Method,"org.apache.commons.math3.optimization.direct.BOBYQAOptimizerTest.testCigar",,,,,,,,,,,,,,9,9,6,4,0,5,1,1,0,,,,0,,,,,,,,,,,,,2,0,5,0,1,4,4,1,1,1,,,0,0,,1,1,1,1,0.00
Public Method,"org.apache.commons.math3.optimization.direct.BOBYQAOptimizerTest.testConstrainedRosen",,,,,,,,,,,,,,10,9,6,4,0,5,1,1,0,,,,0,,,,,,,,,,,,,2,1,5,0,1,4,4,1,1,1,,,0,0,,1,1,1,1,0.00
Public Method,"org.apache.commons.math3.optimization.direct.BOBYQAOptimizerTest.testConstrainedRosenWithMoreInterpolationPoints",,,,,,,,,,,,,,21,14,11,4,0,9,2,2,0,,,,0,,,,,,,,,,,,,2,2,5,5,2,7,6,3,2,1,,,0,1,,2,2,1,2,0.36
Public Method,"org.apache.commons.math3.optimization.direct.BOBYQAOptimizerTest.testDiffPow",,,,,,,,,,,,,,1,1,0,0,0,1,1,1,0,,,,0,,,,,,,,,,,,,0,0,1,0,1,0,1,0,1,1,,,0,0,,1,1,1,1,0.00
Public Method,"org.apache.commons.math3.optimization.direct.BOBYQAOptimizerTest.testElliRotated",,,,,,,,,,,,,,9,9,6,4,0,5,1,1,0,,,,0,,,,,,,,,,,,,2,0,5,0,1,4,4,1,1,1,,,0,0,,1,1,1,1,0.00
Public Method,"org.apache.commons.math3.optimization.direct.BOBYQAOptimizerTest.testEllipse",,,,,,,,,,,,,,9,9,6,4,0,5,1,1,0,,,,0,,,,,,,,,,,,,2,0,5,0,1,4,4,1,1,1,,,0,0,,1,1,1,1,0.00
Public Method,"org.apache.commons.math3.optimization.direct.BOBYQAOptimizerTest.testInitOutOfBounds",,,,,,,,,,,,,,7,7,5,3,0,4,1,1,0,,,,0,,,,,,,,,,,,,2,0,3,0,1,3,3,1,1,1,,,0,0,,1,1,1,1,0.00
Public Method,"org.apache.commons.math3.optimization.direct.BOBYQAOptimizerTest.testMaxEvaluations",,,,,,,,,,,,,,8,8,6,2,0,5,1,1,0,,,,0,,,,,,,,,,,,,2,0,4,0,1,4,4,1,1,1,,,0,0,,1,1,1,1,0.00
Public Method,"org.apache.commons.math3.optimization.direct.BOBYQAOptimizerTest.testMaximize",,,,,,,,,,,,,,13,13,11,4,0,8,1,1,0,,,,0,,,,,,,,,,,,,2,0,4,0,1,7,4,4,1,1,,,0,0,,1,1,1,1,0.00
Public Method,"org.apache.commons.math3.optimization.direct.BOBYQAOptimizerTest.testProblemDimensionTooSmall",,,,,,,,,,,,,,6,6,4,2,0,3,1,1,0,,,,0,,,,,,,,,,,,,1,0,2,0,1,2,2,1,1,1,,,0,0,,1,1,1,1,0.00
Public Method,"org.apache.commons.math3.optimization.direct.BOBYQAOptimizerTest.testRastrigin",,,,,,,,,,,,,,10,9,6,4,0,5,1,1,0,,,,0,,,,,,,,,,,,,2,1,5,0,1,4,4,1,1,1,,,0,0,,1,1,1,1,0.00
Public Method,"org.apache.commons.math3.optimization.direct.BOBYQAOptimizerTest.testRosen",,,,,,,,,,,,,,8,8,6,3,0,5,1,1,0,,,,0,,,,,,,,,,,,,2,0,4,0,1,4,4,1,1,1,,,0,0,,1,1,1,1,0.00
Public Method,"org.apache.commons.math3.optimization.direct.BOBYQAOptimizerTest.testSphere",,,,,,,,,,,,,,9,9,6,3,0,5,1,1,0,,,,0,,,,,,,,,,,,,2,0,5,0,1,4,4,1,1,1,,,0,0,,1,1,1,1,0.00
Public Method,"org.apache.commons.math3.optimization.direct.BOBYQAOptimizerTest.testSsDiffPow",,,,,,,,,,,,,,9,9,6,3,0,5,1,1,0,,,,0,,,,,,,,,,,,,2,0,5,0,1,4,4,1,1,1,,,0,0,,1,1,1,1,0.00
Public Method,"org.apache.commons.math3.optimization.direct.BOBYQAOptimizerTest.testTablet",,,,,,,,,,,,,,9,9,6,4,0,5,1,1,0,,,,0,,,,,,,,,,,,,2,0,5,0,1,4,4,1,1,1,,,0,0,,1,1,1,1,0.00
Public Method,"org.apache.commons.math3.optimization.direct.BOBYQAOptimizerTest.testTwoAxes",,,,,,,,,,,,,,9,9,6,4,0,5,1,1,0,,,,0,,,,,,,,,,,,,2,0,5,0,1,4,4,1,1,1,,,0,0,,1,1,1,1,0.00
Public Abstract Generic Class,"org.apache.commons.math3.optimization.direct.BaseAbstractMultivariateOptimizer",1,1,0,3,9,,0,,10,10,0,0,6,119,56,25,,,39,,,,4,1,1,,1,1,8,5,2,4,0,,,5,10,4,,12,18,51,,25,16,23,,,4,4,,1,73,13,13,9,13,0.91
Protected Constructor,"org.apache.commons.math3.optimization.direct.BaseAbstractMultivariateOptimizer.BaseAbstractMultivariateOptimizer",,,,,,,,,,,,,,6,3,1,2,0,2,1,1,0,,,,0,,,,,,,,,,,,,6,0,1,3,1,1,1,1,1,1,,,0,0,,1,1,1,1,1.00
Protected Constructor,"org.apache.commons.math3.optimization.direct.BaseAbstractMultivariateOptimizer.BaseAbstractMultivariateOptimizer",,,,,,,,,,,,,,8,3,1,3,0,2,1,1,0,,,,0,,,,,,,,,,,,,0,0,1,5,1,1,1,1,1,1,,,0,0,,1,1,1,1,1.67
TypeVariable,"org.apache.commons.math3.optimization.direct.BaseAbstractMultivariateOptimizer.FUNC",0,0,0,0,0,,0,,0,0,0,0,0,0,0,0,,,0,,,,0,0,1,,0,0,0,0,2,0,0,,,0,0,0,,0,0,0,,0,0,0,,,0,0,,0,0,0,0,0,0,0.00
Protected Method,"org.apache.commons.math3.optimization.direct.BaseAbstractMultivariateOptimizer.computeObjectiveValue",,,,,,,,,,,,,,16,8,5,5,0,5,2,2,1,,,,0,,,,,,,,,,,,,11,0,1,8,2,3,1,4,2,1,,,0,1,,2,2,1,2,1.00
Protected Abstract Method,"org.apache.commons.math3.optimization.direct.BaseAbstractMultivariateOptimizer.doOptimize",,,,,,,,,,,,,,7,1,0,1,0,1,0,0,0,,,,0,,,,,,,,,,,,,1,0,1,6,0,1,1,0,0,0,,,0,0,,0,0,0,0,6.00
Public Method,"org.apache.commons.math3.optimization.direct.BaseAbstractMultivariateOptimizer.getConvergenceChecker",,,,,,,,,,,,,,4,3,1,1,0,2,1,1,0,,,,0,,,,,,,,,,,,,5,0,1,1,1,1,1,1,1,1,,,0,0,,1,1,1,1,0.33
Public Method,"org.apache.commons.math3.optimization.direct.BaseAbstractMultivariateOptimizer.getEvaluations",,,,,,,,,,,,,,4,3,1,2,0,2,1,1,0,,,,0,,,,,,,,,,,,,18,0,1,1,1,1,1,1,1,1,,,0,0,,1,1,1,1,0.33
Public Method,"org.apache.commons.math3.optimization.direct.BaseAbstractMultivariateOptimizer.getGoalType",,,,,,,,,,,,,,6,3,1,1,0,2,1,1,0,,,,0,,,,,,,,,,,,,7,0,1,3,1,1,1,1,1,1,,,0,0,,1,1,1,1,1.00
Public Method,"org.apache.commons.math3.optimization.direct.BaseAbstractMultivariateOptimizer.getMaxEvaluations",,,,,,,,,,,,,,4,3,1,2,0,2,1,1,0,,,,0,,,,,,,,,,,,,3,0,1,1,1,1,1,1,1,1,,,0,0,,1,1,1,1,0.33
Public Method,"org.apache.commons.math3.optimization.direct.BaseAbstractMultivariateOptimizer.getStartPoint",,,,,,,,,,,,,,6,3,1,2,0,2,1,1,0,,,,0,,,,,,,,,,,,,8,0,1,3,1,1,1,1,1,1,,,0,0,,1,1,1,1,1.00
Public Method,"org.apache.commons.math3.optimization.direct.BaseAbstractMultivariateOptimizer.optimize",,,,,,,,,,,,,,26,18,12,9,1,13,4,4,0,,,,0,,,,,,,,,,,,,33,3,2,5,8,9,1,12,4,1,,,0,1,,4,4,1,4,0.28
Public Abstract Generic Class,"org.apache.commons.math3.optimization.direct.BaseAbstractMultivariateSimpleBoundsOptimizer",3,1,0,3,6,,0,,6,16,0,0,4,111,67,34,,,49,,,,13,1,2,,3,3,14,10,3,2,0,,,2,6,2,,8,20,36,,30,18,31,,,13,13,,3,66,18,18,6,18,0.54
Protected Constructor,"org.apache.commons.math3.optimization.direct.BaseAbstractMultivariateSimpleBoundsOptimizer.BaseAbstractMultivariateSimpleBoundsOptimizer",,,,,,,,,,,,,,6,3,1,2,0,2,1,1,0,,,,0,,,,,,,,,,,,,2,0,1,3,1,1,1,1,1,1,,,0,0,,1,1,1,1,1.00
Protected Constructor,"org.apache.commons.math3.optimization.direct.BaseAbstractMultivariateSimpleBoundsOptimizer.BaseAbstractMultivariateSimpleBoundsOptimizer",,,,,,,,,,,,,,9,1,0,1,0,1,1,1,0,,,,0,,,,,,,,,,,,,0,0,1,8,1,0,1,0,1,1,,,0,0,,1,1,1,1,8.00
TypeVariable,"org.apache.commons.math3.optimization.direct.BaseAbstractMultivariateSimpleBoundsOptimizer.FUNC",0,0,0,0,0,,0,,0,0,0,0,0,0,0,0,,,0,,,,0,0,1,,0,0,0,0,2,0,0,,,0,0,0,,0,0,0,,0,0,0,,,0,0,,0,0,0,0,0,0,0.00
Public Method,"org.apache.commons.math3.optimization.direct.BaseAbstractMultivariateSimpleBoundsOptimizer.getLowerBound",,,,,,,,,,,,,,6,3,1,2,0,2,1,1,0,,,,0,,,,,,,,,,,,,3,0,1,3,1,1,1,1,1,1,,,0,0,,1,1,1,1,1.00
Public Method,"org.apache.commons.math3.optimization.direct.BaseAbstractMultivariateSimpleBoundsOptimizer.getUpperBound",,,,,,,,,,,,,,6,3,1,2,0,2,1,1,0,,,,0,,,,,,,,,,,,,3,0,1,3,1,1,1,1,1,1,,,0,0,,1,1,1,1,1.00
Public Method,"org.apache.commons.math3.optimization.direct.BaseAbstractMultivariateSimpleBoundsOptimizer.optimize",,,,,,,,,,,,,,52,46,30,8,3,37,13,13,2,,,,0,,,,,,,,,,,,,10,2,8,4,441,24,10,27,13,1,,,0,3,,13,13,1,13,0.09
Public Method,"org.apache.commons.math3.optimization.direct.BaseAbstractMultivariateSimpleBoundsOptimizer.optimize",,,,,,,,,,,,,,5,4,1,2,0,2,1,1,0,,,,0,,,,,,,,,,,,,4,0,2,1,1,1,1,1,1,1,,,0,0,,1,1,1,1,0.25
Public Abstract Generic Class,"org.apache.commons.math3.optimization.direct.BaseAbstractMultivariateVectorOptimizer",1,1,0,3,9,,0,,11,11,0,0,5,134,67,31,,,47,,,,6,1,1,,1,1,9,5,2,1,0,,,6,11,6,,12,20,55,,30,18,29,,,6,6,,1,76,16,16,10,16,0.82
Protected Constructor,"org.apache.commons.math3.optimization.direct.BaseAbstractMultivariateVectorOptimizer.BaseAbstractMultivariateVectorOptimizer",,,,,,,,,,,,,,6,3,1,2,0,2,1,1,0,,,,0,,,,,,,,,,,,,3,0,1,3,1,1,1,1,1,1,,,0,0,,1,1,1,1,1.00
Protected Constructor,"org.apache.commons.math3.optimization.direct.BaseAbstractMultivariateVectorOptimizer.BaseAbstractMultivariateVectorOptimizer",,,,,,,,,,,,,,8,3,1,3,0,2,1,1,0,,,,0,,,,,,,,,,,,,0,0,1,5,1,1,1,1,1,1,,,0,0,,1,1,1,1,1.67
TypeVariable,"org.apache.commons.math3.optimization.direct.BaseAbstractMultivariateVectorOptimizer.FUNC",0,0,0,0,0,,0,,0,0,0,0,0,0,0,0,,,0,,,,0,0,1,,0,0,0,0,2,0,0,,,0,0,0,,0,0,0,,0,0,0,,,0,0,,0,0,0,0,0,0,0.00
Protected Method,"org.apache.commons.math3.optimization.direct.BaseAbstractMultivariateVectorOptimizer.computeObjectiveValue",,,,,,,,,,,,,,16,8,5,5,0,5,2,2,1,,,,0,,,,,,,,,,,,,5,0,1,8,2,3,1,4,2,1,,,0,1,,2,2,1,2,1.00
Protected Abstract Method,"org.apache.commons.math3.optimization.direct.BaseAbstractMultivariateVectorOptimizer.doOptimize",,,,,,,,,,,,,,7,1,0,1,0,1,0,0,0,,,,0,,,,,,,,,,,,,1,0,1,6,0,1,1,0,0,0,,,0,0,,0,0,0,0,6.00
Public Method,"org.apache.commons.math3.optimization.direct.BaseAbstractMultivariateVectorOptimizer.getConvergenceChecker",,,,,,,,,,,,,,4,3,1,1,0,2,1,1,0,,,,0,,,,,,,,,,,,,3,0,1,1,1,1,1,1,1,1,,,0,0,,1,1,1,1,0.33
Public Method,"org.apache.commons.math3.optimization.direct.BaseAbstractMultivariateVectorOptimizer.getEvaluations",,,,,,,,,,,,,,4,3,1,2,0,2,1,1,0,,,,0,,,,,,,,,,,,,3,0,1,1,1,1,1,1,1,1,,,0,0,,1,1,1,1,0.33
Public Method,"org.apache.commons.math3.optimization.direct.BaseAbstractMultivariateVectorOptimizer.getMaxEvaluations",,,,,,,,,,,,,,4,3,1,2,0,2,1,1,0,,,,0,,,,,,,,,,,,,1,0,1,1,1,1,1,1,1,1,,,0,0,,1,1,1,1,0.33
Public Method,"org.apache.commons.math3.optimization.direct.BaseAbstractMultivariateVectorOptimizer.getStartPoint",,,,,,,,,,,,,,6,3,1,2,0,2,1,1,0,,,,0,,,,,,,,,,,,,1,0,1,3,1,1,1,1,1,1,,,0,0,,1,1,1,1,1.00
Protected Method,"org.apache.commons.math3.optimization.direct.BaseAbstractMultivariateVectorOptimizer.getTargetRef",,,,,,,,,,,,,,6,3,1,1,0,2,1,1,0,,,,0,,,,,,,,,,,,,3,0,1,3,1,1,1,1,1,1,,,0,0,,1,1,1,1,1.00
Protected Method,"org.apache.commons.math3.optimization.direct.BaseAbstractMultivariateVectorOptimizer.getWeightRef",,,,,,,,,,,,,,6,3,1,1,0,2,1,1,0,,,,0,,,,,,,,,,,,,4,0,1,3,1,1,1,1,1,1,,,0,0,,1,1,1,1,1.00
Public Method,"org.apache.commons.math3.optimization.direct.BaseAbstractMultivariateVectorOptimizer.optimize",,,,,,,,,,,,,,33,25,17,11,2,18,6,6,0,,,,0,,,,,,,,,,,,,8,3,2,5,32,12,1,17,6,1,,,0,1,,6,6,1,6,0.20
Public Class,"org.apache.commons.math3.optimization.direct.CMAESOptimizer",3,1,0,6,19,,6,,19,57,0,31,9,1303,786,504,,,650,,,,30,21,3,,3,3,21,15,2,0,22,,,46,41,1,,78,233,466,,484,264,386,,,30,36,,4,93,146,156,66,146,0.59
Public Constructor,"org.apache.commons.math3.optimization.direct.CMAESOptimizer.CMAESOptimizer",,,,,,,,,,,,,,22,8,3,3,0,2,1,1,0,,,,0,,,,,,,,,,,,,12,0,4,14,1,1,1,1,1,1,,,0,0,,1,1,1,1,1.75
Public Constructor,"org.apache.commons.math3.optimization.direct.CMAESOptimizer.CMAESOptimizer",,,,,,,,,,,,,,6,3,1,2,0,2,1,1,0,,,,0,,,,,,,,,,,,,0,0,1,3,1,1,1,1,1,1,,,0,0,,1,1,1,1,1.00
Public Constructor,"org.apache.commons.math3.optimization.direct.CMAESOptimizer.CMAESOptimizer",,,,,,,,,,,,,,8,5,3,2,0,2,1,1,0,,,,0,,,,,,,,,,,,,8,0,1,3,1,1,1,1,1,1,,,0,0,,1,1,1,1,0.60
Public Constructor,"org.apache.commons.math3.optimization.direct.CMAESOptimizer.CMAESOptimizer",,,,,,,,,,,,,,9,5,3,2,0,2,1,1,0,,,,0,,,,,,,,,,,,,8,0,1,4,1,1,1,1,1,1,,,0,0,,1,1,1,1,0.80
Public Constructor,"org.apache.commons.math3.optimization.direct.CMAESOptimizer.CMAESOptimizer",,,,,,,,,,,,,,31,16,10,12,0,11,2,2,0,,,,0,,,,,,,,,,,,,11,0,5,15,1,10,1,10,2,1,,,0,0,,2,2,1,2,0.94
Private Static Class,"org.apache.commons.math3.optimization.direct.CMAESOptimizer.DoubleIndex",1,1,1,1,0,,0,,4,4,1,0,3,48,26,10,,,17,,,,3,3,1,,1,1,7,5,2,0,0,,,2,4,0,,9,10,13,,10,8,9,,,3,3,,1,37,6,6,6,6,0.50
Constructor,"org.apache.commons.math3.optimization.direct.CMAESOptimizer.DoubleIndex.DoubleIndex",,,,,,,,,,,,,,8,4,2,3,0,3,1,1,0,,,,0,,,,,,,,,,,,,3,0,1,4,1,2,1,2,1,1,,,0,0,,1,1,1,1,1.00
Public Method,"org.apache.commons.math3.optimization.direct.CMAESOptimizer.DoubleIndex.compareTo",,,,,,,,,,,,,,4,3,1,2,0,2,1,1,0,,,,0,,,,,,,,,,,,,2,0,1,1,1,1,1,1,1,1,,,0,0,,1,1,1,1,0.33
Public Method,"org.apache.commons.math3.optimization.direct.CMAESOptimizer.DoubleIndex.equals",,,,,,,,,,,,,,14,9,5,2,0,6,3,3,2,,,,2,,,,,,,,,,,,,2,4,1,1,3,3,1,5,3,3,,,2,1,,3,3,3,3,0.11
Public Method,"org.apache.commons.math3.optimization.direct.CMAESOptimizer.DoubleIndex.hashCode",,,,,,,,,,,,,,5,4,2,2,0,3,1,1,0,,,,0,,,,,,,,,,,,,1,0,2,1,1,2,2,1,1,1,,,0,0,,1,1,1,1,0.25
Private Class,"org.apache.commons.math3.optimization.direct.CMAESOptimizer.FitnessFunction",2,1,0,3,2,,0,,8,8,0,2,6,129,81,48,,,65,,,,5,5,1,,2,3,13,9,1,0,0,,,2,8,0,,8,20,40,,43,25,40,,,5,5,,2,68,23,24,12,23,0.49
Public Constructor,"org.apache.commons.math3.optimization.direct.CMAESOptimizer.FitnessFunction.FitnessFunction",,,,,,,,,,,,,,6,4,2,3,0,3,1,1,0,,,,0,,,,,,,,,,,,,1,0,1,2,1,2,1,2,1,1,,,0,0,,1,1,1,1,0.50
Public Method,"org.apache.commons.math3.optimization.direct.CMAESOptimizer.FitnessFunction.decode",,,,,,,,,,,,,,15,11,7,1,0,10,3,3,1,,,,0,,,,,,,,,,,,,5,0,3,4,3,7,4,6,3,1,,,0,1,,3,3,1,3,0.36
Public Method,"org.apache.commons.math3.optimization.direct.CMAESOptimizer.FitnessFunction.encode",,,,,,,,,,,,,,15,11,7,1,0,10,3,3,1,,,,0,,,,,,,,,,,,,4,0,3,4,3,7,4,6,3,1,,,0,1,,3,3,1,3,0.36
Public Method,"org.apache.commons.math3.optimization.direct.CMAESOptimizer.FitnessFunction.isFeasible",,,,,,,,,,,,,,18,14,8,1,1,11,5,5,7,,,,7,,,,,,,,,,,,,4,0,1,4,5,6,2,9,5,5,,,7,2,,5,5,5,5,0.29
Private Method,"org.apache.commons.math3.optimization.direct.CMAESOptimizer.FitnessFunction.penalty",,,,,,,,,,,,,,13,8,5,2,0,8,3,3,0,,,,0,,,,,,,,,,,,,6,0,3,5,2,6,4,4,3,1,,,0,1,,3,3,1,3,0.62
Private Method,"org.apache.commons.math3.optimization.direct.CMAESOptimizer.FitnessFunction.repair",,,,,,,,,,,,,,17,13,9,1,1,11,4,4,2,,,,0,,,,,,,,,,,,,3,0,2,4,4,7,3,8,4,1,,,0,2,,4,4,1,4,0.31
Public Method,"org.apache.commons.math3.optimization.direct.CMAESOptimizer.FitnessFunction.setValueRange",,,,,,,,,,,,,,6,3,1,1,0,2,1,1,0,,,,0,,,,,,,,,,,,,2,0,1,3,1,1,1,1,1,1,,,0,0,,1,1,1,1,1.00
Public Method,"org.apache.commons.math3.optimization.direct.CMAESOptimizer.FitnessFunction.value",,,,,,,,,,,,,,17,13,9,5,0,7,3,4,1,,,,0,,,,,,,,,,,,,5,0,3,4,2,5,3,4,3,1,,,0,1,,3,4,1,3,0.31
Private Method,"org.apache.commons.math3.optimization.direct.CMAESOptimizer.checkParameters",,,,,,,,,,,,,,59,47,33,9,2,36,13,15,6,,,,5,,,,,,,,,,,,,4,3,6,9,315,23,9,27,13,6,,,6,4,,13,15,6,13,0.19
Private Static Method,"org.apache.commons.math3.optimization.direct.CMAESOptimizer.copyColumn",,,,,,,,,,,,,,13,5,2,3,0,5,2,2,0,,,,0,,,,,,,,,,,,,5,0,1,8,2,3,2,3,2,1,,,0,1,,2,2,1,2,1.60
Private Static Method,"org.apache.commons.math3.optimization.direct.CMAESOptimizer.diag",,,,,,,,,,,,,,20,15,10,5,1,14,4,4,1,,,,0,,,,,,,,,,,,,5,0,3,5,4,10,5,9,4,1,,,0,2,,4,4,1,4,0.33
Private Static Method,"org.apache.commons.math3.optimization.direct.CMAESOptimizer.divide",,,,,,,,,,,,,,14,9,5,5,0,10,3,3,0,,,,0,,,,,,,,,,,,,3,0,2,5,3,7,4,6,3,1,,,0,2,,3,3,1,3,0.56
Protected Method,"org.apache.commons.math3.optimization.direct.CMAESOptimizer.doOptimize",,,,,,,,,,,,,,146,128,100,49,6,97,30,36,36,,,,32,,,,,,,,,,,,,32,2,25,20,760321,71,27,70,30,21,,,36,4,,30,36,21,30,0.16
Private Static Method,"org.apache.commons.math3.optimization.direct.CMAESOptimizer.eye",,,,,,,,,,,,,,14,9,5,2,0,8,3,3,0,,,,0,,,,,,,,,,,,,5,0,2,5,3,5,3,5,3,1,,,0,2,,3,3,1,3,0.56
Public Method,"org.apache.commons.math3.optimization.direct.CMAESOptimizer.getStatisticsDHistory",,,,,,,,,,,,,,6,3,1,1,0,2,1,1,0,,,,0,,,,,,,,,,,,,1,0,1,3,1,1,1,1,1,1,,,0,0,,1,1,1,1,1.00
Public Method,"org.apache.commons.math3.optimization.direct.CMAESOptimizer.getStatisticsFitnessHistory",,,,,,,,,,,,,,6,3,1,1,0,2,1,1,0,,,,0,,,,,,,,,,,,,1,0,1,3,1,1,1,1,1,1,,,0,0,,1,1,1,1,1.00
Public Method,"org.apache.commons.math3.optimization.direct.CMAESOptimizer.getStatisticsMeanHistory",,,,,,,,,,,,,,6,3,1,1,0,2,1,1,0,,,,0,,,,,,,,,,,,,1,0,1,3,1,1,1,1,1,1,,,0,0,,1,1,1,1,1.00
Public Method,"org.apache.commons.math3.optimization.direct.CMAESOptimizer.getStatisticsSigmaHistory",,,,,,,,,,,,,,6,3,1,1,0,2,1,1,0,,,,0,,,,,,,,,,,,,1,0,1,3,1,1,1,1,1,1,,,0,0,,1,1,1,1,1.00
Private Method,"org.apache.commons.math3.optimization.direct.CMAESOptimizer.initializeCMA",,,,,,,,,,,,,,73,58,52,53,1,52,7,7,0,,,,0,,,,,,,,,,,,,22,4,7,21,16,47,10,42,7,1,,,0,1,,7,7,1,7,0.36
Private Static Method,"org.apache.commons.math3.optimization.direct.CMAESOptimizer.inverse",,,,,,,,,,,,,,11,7,4,1,0,7,2,2,0,,,,0,,,,,,,,,,,,,3,0,2,4,2,5,3,4,2,1,,,0,1,,2,2,1,2,0.57
Private Static Method,"org.apache.commons.math3.optimization.direct.CMAESOptimizer.log",,,,,,,,,,,,,,13,9,5,6,0,10,3,3,0,,,,0,,,,,,,,,,,,,2,0,2,4,3,7,4,6,3,1,,,0,2,,3,3,1,3,0.44
Private Static Method,"org.apache.commons.math3.optimization.direct.CMAESOptimizer.max",,,,,,,,,,,,,,16,12,7,4,1,12,4,4,0,,,,0,,,,,,,,,,,,,5,0,3,4,4,8,5,7,4,1,,,0,3,,4,4,1,4,0.33
Private Static Method,"org.apache.commons.math3.optimization.direct.CMAESOptimizer.max",,,,,,,,,,,,,,13,9,5,1,0,8,3,3,0,,,,0,,,,,,,,,,,,,4,0,2,4,3,5,3,5,3,1,,,0,2,,3,3,1,3,0.44
Private Static Method,"org.apache.commons.math3.optimization.direct.CMAESOptimizer.min",,,,,,,,,,,,,,16,12,7,4,1,12,4,4,0,,,,0,,,,,,,,,,,,,4,0,3,4,4,8,5,7,4,1,,,0,3,,4,4,1,4,0.33
Private Static Method,"org.apache.commons.math3.optimization.direct.CMAESOptimizer.min",,,,,,,,,,,,,,13,9,5,1,0,8,3,3,0,,,,0,,,,,,,,,,,,,4,0,2,4,3,5,3,5,3,1,,,0,2,,3,3,1,3,0.44
Private Static Method,"org.apache.commons.math3.optimization.direct.CMAESOptimizer.ones",,,,,,,,,,,,,,12,7,4,3,0,7,2,2,0,,,,0,,,,,,,,,,,,,4,0,2,5,2,5,3,4,2,1,,,0,1,,2,2,1,2,0.71
Private Static Method,"org.apache.commons.math3.optimization.direct.CMAESOptimizer.push",,,,,,,,,,,,,,12,6,3,1,0,6,2,2,0,,,,0,,,,,,,,,,,,,4,0,1,6,2,4,2,4,2,1,,,0,1,,2,2,1,2,1.00
Private Method,"org.apache.commons.math3.optimization.direct.CMAESOptimizer.randn",,,,,,,,,,,,,,11,7,4,2,0,7,2,2,0,,,,0,,,,,,,,,,,,,3,0,2,4,2,5,3,4,2,1,,,0,1,,2,2,1,2,0.57
Private Method,"org.apache.commons.math3.optimization.direct.CMAESOptimizer.randn1",,,,,,,,,,,,,,14,9,5,3,0,10,3,3,0,,,,0,,,,,,,,,,,,,4,0,2,5,3,7,4,6,3,1,,,0,2,,3,3,1,3,0.56
Private Static Method,"org.apache.commons.math3.optimization.direct.CMAESOptimizer.repmat",,,,,,,,,,,,,,17,11,7,5,0,12,3,3,0,,,,0,,,,,,,,,,,,,6,0,4,6,3,9,6,6,3,1,,,0,2,,3,3,1,3,0.55
Private Static Method,"org.apache.commons.math3.optimization.direct.CMAESOptimizer.reverse",,,,,,,,,,,,,,11,7,4,1,0,7,2,2,0,,,,0,,,,,,,,,,,,,3,0,2,4,2,5,3,4,2,1,,,0,1,,2,2,1,2,0.57
Private Static Method,"org.apache.commons.math3.optimization.direct.CMAESOptimizer.selectColumns",,,,,,,,,,,,,,14,9,5,4,0,10,3,3,0,,,,0,,,,,,,,,,,,,5,0,2,5,3,7,4,6,3,1,,,0,2,,3,3,1,3,0.56
Private Static Method,"org.apache.commons.math3.optimization.direct.CMAESOptimizer.sequence",,,,,,,,,,,,,,16,10,7,2,0,10,2,2,0,,,,0,,,,,,,,,,,,,4,0,4,6,2,8,5,5,2,1,,,0,1,,2,2,1,2,0.60
Private Method,"org.apache.commons.math3.optimization.direct.CMAESOptimizer.sortedIndices",,,,,,,,,,,,,,18,12,8,3,1,13,3,3,0,,,,0,,,,,,,,,,,,,5,0,3,6,4,10,5,8,3,1,,,0,1,,3,3,1,3,0.50
Private Static Method,"org.apache.commons.math3.optimization.direct.CMAESOptimizer.sqrt",,,,,,,,,,,,,,14,9,5,6,0,10,3,3,0,,,,0,,,,,,,,,,,,,5,0,2,5,3,7,4,6,3,1,,,0,2,,3,3,1,3,0.56
Private Static Method,"org.apache.commons.math3.optimization.direct.CMAESOptimizer.square",,,,,,,,,,,,,,14,10,6,5,0,11,3,3,0,,,,0,,,,,,,,,,,,,4,0,3,4,3,8,5,6,3,1,,,0,2,,3,3,1,3,0.40
Private Static Method,"org.apache.commons.math3.optimization.direct.CMAESOptimizer.sumRows",,,,,,,,,,,,,,15,11,7,5,0,12,3,3,0,,,,0,,,,,,,,,,,,,2,0,3,4,3,9,5,7,3,1,,,0,2,,3,3,1,3,0.36
Private Static Method,"org.apache.commons.math3.optimization.direct.CMAESOptimizer.times",,,,,,,,,,,,,,14,9,5,5,0,10,3,3,0,,,,0,,,,,,,,,,,,,7,0,2,5,3,7,4,6,3,1,,,0,2,,3,3,1,3,0.56
Private Static Method,"org.apache.commons.math3.optimization.direct.CMAESOptimizer.triu",,,,,,,,,,,,,,14,9,5,5,0,10,4,4,0,,,,0,,,,,,,,,,,,,3,0,2,5,3,7,4,6,4,1,,,0,2,,4,4,1,4,0.56
Private Method,"org.apache.commons.math3.optimization.direct.CMAESOptimizer.updateBD",,,,,,,,,,,,,,35,28,21,23,1,23,6,7,0,,,,0,,,,,,,,,,,,,10,0,4,10,9,17,5,18,6,1,,,0,4,,6,7,1,6,0.36
Private Method,"org.apache.commons.math3.optimization.direct.CMAESOptimizer.updateCovariance",,,,,,,,,,,,,,78,55,48,22,1,31,5,5,1,,,,0,,,,,,,,,,,,,18,0,25,28,4,27,19,12,5,1,,,0,3,,5,5,1,5,0.51
Private Method,"org.apache.commons.math3.optimization.direct.CMAESOptimizer.updateCovarianceDiagonalOnly",,,,,,,,,,,,,,29,17,12,14,0,10,3,4,0,,,,0,,,,,,,,,,,,,13,0,4,14,2,8,2,8,3,1,,,0,1,,3,4,1,3,0.82
Private Method,"org.apache.commons.math3.optimization.direct.CMAESOptimizer.updateEvolutionPaths",,,,,,,,,,,,,,23,15,12,11,0,8,2,2,0,,,,0,,,,,,,,,,,,,15,0,3,8,2,6,2,6,2,1,,,0,1,,2,2,1,2,0.53
Private Static Method,"org.apache.commons.math3.optimization.direct.CMAESOptimizer.zeros",,,,,,,,,,,,,,8,3,1,2,0,2,1,1,0,,,,0,,,,,,,,,,,,,4,0,1,5,1,1,1,1,1,1,,,0,0,,1,1,1,1,1.67
Public Class,"org.apache.commons.math3.optimization.direct.CMAESOptimizerTest",1,1,0,0,27,,2,,24,26,0,3,23,660,561,337,,,384,,,,4,1,1,,1,1,13,12,1,0,2,,,0,26,0,,76,268,27,,287,222,162,,,4,4,,1,17,31,31,26,31,0.05
Private Static Class,"org.apache.commons.math3.optimization.direct.CMAESOptimizerTest.Ackley",1,1,0,0,0,,0,,3,3,1,0,2,25,22,12,,,18,,,,2,1,1,,1,1,6,6,2,0,0,,,1,3,0,,3,8,0,,13,9,9,,,2,2,,1,33,4,4,3,4,0.00
Constructor,"org.apache.commons.math3.optimization.direct.CMAESOptimizerTest.Ackley.Ackley",,,,,,,,,,,,,,3,3,1,2,0,2,1,1,0,,,,0,,,,,,,,,,,,,2,0,1,0,1,1,1,1,1,1,,,0,0,,1,1,1,1,0.00
Public Constructor,"org.apache.commons.math3.optimization.direct.CMAESOptimizerTest.Ackley.Ackley",,,,,,,,,,,,,,3,3,1,2,0,2,1,1,0,,,,0,,,,,,,,,,,,,1,0,1,0,1,1,1,1,1,1,,,0,0,,1,1,1,1,0.00
Public Method,"org.apache.commons.math3.optimization.direct.CMAESOptimizerTest.Ackley.value",,,,,,,,,,,,,,13,13,10,5,0,12,2,2,0,,,,0,,,,,,,,,,,,,3,0,4,0,2,10,5,7,2,1,,,0,1,,2,2,1,2,0.00
Private Static Class,"org.apache.commons.math3.optimization.direct.CMAESOptimizerTest.Basis",6,1,1,3,0,,0,,2,2,2,0,0,43,35,23,,,47,,,,10,1,1,,6,6,18,15,1,0,0,,,2,2,0,,4,8,8,,34,10,37,,,10,10,,3,25,13,13,2,13,0.23
Method,"org.apache.commons.math3.optimization.direct.CMAESOptimizerTest.Basis.GenBasis",,,,,,,,,,,,,,27,21,15,3,2,32,10,10,1,,,,0,,,,,,,,,,,,,5,2,3,7,42,23,3,29,10,1,,,0,3,,10,10,1,10,0.33
Method,"org.apache.commons.math3.optimization.direct.CMAESOptimizerTest.Basis.Rotate",,,,,,,,,,,,,,10,10,7,2,0,12,3,3,0,,,,0,,,,,,,,,,,,,4,0,2,0,3,9,4,8,3,1,,,0,2,,3,3,1,3,0.00
Private Static Class,"org.apache.commons.math3.optimization.direct.CMAESOptimizerTest.CigTab",1,1,0,0,0,,0,,3,3,2,0,1,19,16,7,,,14,,,,2,1,1,,1,1,4,4,2,0,0,,,1,3,0,,3,7,0,,9,8,6,,,2,2,,1,33,4,4,3,4,0.00
Constructor,"org.apache.commons.math3.optimization.direct.CMAESOptimizerTest.CigTab.CigTab",,,,,,,,,,,,,,3,3,1,2,0,2,1,1,0,,,,0,,,,,,,,,,,,,1,0,1,0,1,1,1,1,1,1,,,0,0,,1,1,1,1,0.00
Constructor,"org.apache.commons.math3.optimization.direct.CMAESOptimizerTest.CigTab.CigTab",,,,,,,,,,,,,,3,3,1,2,0,2,1,1,0,,,,0,,,,,,,,,,,,,2,0,1,0,1,1,1,1,1,1,,,0,0,,1,1,1,1,0.00
Public Method,"org.apache.commons.math3.optimization.direct.CMAESOptimizerTest.CigTab.value",,,,,,,,,,,,,,7,7,5,1,0,8,2,2,0,,,,0,,,,,,,,,,,,,3,0,3,0,2,6,4,4,2,1,,,0,1,,2,2,1,2,0.00
Private Static Class,"org.apache.commons.math3.optimization.direct.CMAESOptimizerTest.Cigar",1,1,0,0,0,,0,,3,3,2,0,1,18,15,6,,,13,,,,2,1,1,,1,1,4,4,2,0,0,,,1,3,0,,3,6,0,,8,7,6,,,2,2,,1,33,4,4,3,4,0.00
Constructor,"org.apache.commons.math3.optimization.direct.CMAESOptimizerTest.Cigar.Cigar",,,,,,,,,,,,,,3,3,1,2,0,2,1,1,0,,,,0,,,,,,,,,,,,,1,0,1,0,1,1,1,1,1,1,,,0,0,,1,1,1,1,0.00
Constructor,"org.apache.commons.math3.optimization.direct.CMAESOptimizerTest.Cigar.Cigar",,,,,,,,,,,,,,3,3,1,2,0,2,1,1,0,,,,0,,,,,,,,,,,,,2,0,1,0,1,1,1,1,1,1,,,0,0,,1,1,1,1,0.00
Public Method,"org.apache.commons.math3.optimization.direct.CMAESOptimizerTest.Cigar.value",,,,,,,,,,,,,,6,6,4,1,0,7,2,2,0,,,,0,,,,,,,,,,,,,3,0,2,0,2,5,3,4,2,1,,,0,1,,2,2,1,2,0.00
Private Static Class,"org.apache.commons.math3.optimization.direct.CMAESOptimizerTest.DiffPow",2,1,0,0,0,,0,,1,1,0,0,1,10,9,5,,,8,,,,2,1,1,,2,2,7,7,2,0,0,,,0,1,0,,1,3,0,,5,4,4,,,2,2,,1,0,2,2,1,2,0.00
Public Method,"org.apache.commons.math3.optimization.direct.CMAESOptimizerTest.DiffPow.value",,,,,,,,,,,,,,7,7,5,3,0,7,2,2,0,,,,0,,,,,,,,,,,,,3,0,2,0,2,5,3,4,2,1,,,0,1,,2,2,1,2,0.00
Private Static Class,"org.apache.commons.math3.optimization.direct.CMAESOptimizerTest.Elli",1,1,0,0,0,,0,,3,3,2,0,1,19,15,6,,,13,,,,2,1,1,,1,1,4,4,2,0,0,,,1,3,0,,4,6,0,,8,7,6,,,2,2,,1,33,4,4,3,4,0.00
Constructor,"org.apache.commons.math3.optimization.direct.CMAESOptimizerTest.Elli.Elli",,,,,,,,,,,,,,3,3,1,2,0,2,1,1,0,,,,0,,,,,,,,,,,,,2,0,1,0,1,1,1,1,1,1,,,0,0,,1,1,1,1,0.00
Constructor,"org.apache.commons.math3.optimization.direct.CMAESOptimizerTest.Elli.Elli",,,,,,,,,,,,,,3,3,1,2,0,2,1,1,0,,,,0,,,,,,,,,,,,,2,0,1,0,1,1,1,1,1,1,,,0,0,,1,1,1,1,0.00
Public Method,"org.apache.commons.math3.optimization.direct.CMAESOptimizerTest.Elli.value",,,,,,,,,,,,,,6,6,4,2,0,7,2,2,0,,,,0,,,,,,,,,,,,,4,0,2,0,2,5,3,4,2,1,,,0,1,,2,2,1,2,0.00
Private Static Class,"org.apache.commons.math3.optimization.direct.CMAESOptimizerTest.ElliRotated",1,1,0,0,1,,0,,3,3,2,0,1,20,17,8,,,15,,,,2,1,1,,1,1,4,4,2,0,0,,,2,3,0,,3,7,0,,10,8,7,,,2,2,,1,50,4,4,3,4,0.00
Constructor,"org.apache.commons.math3.optimization.direct.CMAESOptimizerTest.ElliRotated.ElliRotated",,,,,,,,,,,,,,3,3,1,2,0,2,1,1,0,,,,0,,,,,,,,,,,,,1,0,1,0,1,1,1,1,1,1,,,0,0,,1,1,1,1,0.00
Constructor,"org.apache.commons.math3.optimization.direct.CMAESOptimizerTest.ElliRotated.ElliRotated",,,,,,,,,,,,,,3,3,1,2,0,2,1,1,0,,,,0,,,,,,,,,,,,,2,0,1,0,1,1,1,1,1,1,,,0,0,,1,1,1,1,0.00
Public Method,"org.apache.commons.math3.optimization.direct.CMAESOptimizerTest.ElliRotated.value",,,,,,,,,,,,,,7,7,5,4,0,8,2,2,0,,,,0,,,,,,,,,,,,,4,0,2,0,2,6,3,5,2,1,,,0,1,,2,2,1,2,0.00
Private Static Class,"org.apache.commons.math3.optimization.direct.CMAESOptimizerTest.MinusElli",1,1,0,0,1,,0,,1,1,0,0,1,6,5,1,,,3,,,,1,1,1,,1,1,3,3,2,0,0,,,0,1,0,,1,2,0,,1,2,1,,,1,1,,0,0,1,1,1,1,0.00
Public Method,"org.apache.commons.math3.optimization.direct.CMAESOptimizerTest.MinusElli.value",,,,,,,,,,,,,,3,3,1,3,0,2,1,1,0,,,,0,,,,,,,,,,,,,1,0,1,0,1,1,1,1,1,1,,,0,0,,1,1,1,1,0.00
Private Static Class,"org.apache.commons.math3.optimization.direct.CMAESOptimizerTest.Rastrigin",1,1,0,0,0,,0,,3,3,2,0,1,27,23,11,,,19,,,,3,1,1,,1,2,6,6,2,0,0,,,2,3,0,,4,8,0,,13,9,10,,,3,4,,2,33,5,6,3,5,0.00
Constructor,"org.apache.commons.math3.optimization.direct.CMAESOptimizerTest.Rastrigin.Rastrigin",,,,,,,,,,,,,,3,3,1,2,0,2,1,1,0,,,,0,,,,,,,,,,,,,1,0,1,0,1,1,1,1,1,1,,,0,0,,1,1,1,1,0.00
Constructor,"org.apache.commons.math3.optimization.direct.CMAESOptimizerTest.Rastrigin.Rastrigin",,,,,,,,,,,,,,4,4,2,3,0,3,1,1,0,,,,0,,,,,,,,,,,,,3,0,1,0,1,2,1,2,1,1,,,0,0,,1,1,1,1,0.00
Public Method,"org.apache.commons.math3.optimization.direct.CMAESOptimizerTest.Rastrigin.value",,,,,,,,,,,,,,12,12,8,3,0,11,3,4,0,,,,0,,,,,,,,,,,,,4,0,3,0,3,8,4,7,3,1,,,0,2,,3,4,1,3,0.00
Private Static Class,"org.apache.commons.math3.optimization.direct.CMAESOptimizerTest.Rosen",2,1,0,0,0,,0,,1,1,0,0,1,10,9,5,,,8,,,,2,1,1,,2,2,7,7,2,0,0,,,0,1,0,,1,3,0,,5,4,4,,,2,2,,1,0,2,2,1,2,0.00
Public Method,"org.apache.commons.math3.optimization.direct.CMAESOptimizerTest.Rosen.value",,,,,,,,,,,,,,7,7,5,1,0,7,2,2,0,,,,0,,,,,,,,,,,,,2,0,2,0,2,5,3,4,2,1,,,0,1,,2,2,1,2,0.00
Private Static Class,"org.apache.commons.math3.optimization.direct.CMAESOptimizerTest.Sphere",2,1,0,0,0,,0,,1,1,0,0,1,9,8,4,,,8,,,,2,1,1,,2,2,6,6,2,0,0,,,0,1,0,,1,3,0,,5,4,4,,,2,2,,1,0,2,2,1,2,0.00
Public Method,"org.apache.commons.math3.optimization.direct.CMAESOptimizerTest.Sphere.value",,,,,,,,,,,,,,6,6,4,1,0,7,2,2,0,,,,0,,,,,,,,,,,,,2,0,2,0,2,5,3,4,2,1,,,0,1,,2,2,1,2,0.00
Private Static Class,"org.apache.commons.math3.optimization.direct.CMAESOptimizerTest.SsDiffPow",1,1,0,0,1,,0,,1,1,0,0,1,7,6,2,,,4,,,,1,1,1,,1,1,4,4,2,0,0,,,0,1,0,,1,3,0,,2,3,1,,,1,1,,0,0,1,1,1,1,0.00
Public Method,"org.apache.commons.math3.optimization.direct.CMAESOptimizerTest.SsDiffPow.value",,,,,,,,,,,,,,4,4,2,3,0,3,1,1,0,,,,0,,,,,,,,,,,,,1,0,2,0,1,2,2,1,1,1,,,0,0,,1,1,1,1,0.00
Private Static Class,"org.apache.commons.math3.optimization.direct.CMAESOptimizerTest.Tablet",1,1,0,0,0,,0,,3,3,2,0,1,18,15,6,,,13,,,,2,1,1,,1,1,4,4,2,0,0,,,1,3,0,,3,6,0,,8,7,6,,,2,2,,1,33,4,4,3,4,0.00
Constructor,"org.apache.commons.math3.optimization.direct.CMAESOptimizerTest.Tablet.Tablet",,,,,,,,,,,,,,3,3,1,2,0,2,1,1,0,,,,0,,,,,,,,,,,,,1,0,1,0,1,1,1,1,1,1,,,0,0,,1,1,1,1,0.00
Constructor,"org.apache.commons.math3.optimization.direct.CMAESOptimizerTest.Tablet.Tablet",,,,,,,,,,,,,,3,3,1,2,0,2,1,1,0,,,,0,,,,,,,,,,,,,2,0,1,0,1,1,1,1,1,1,,,0,0,,1,1,1,1,0.00
Public Method,"org.apache.commons.math3.optimization.direct.CMAESOptimizerTest.Tablet.value",,,,,,,,,,,,,,6,6,4,1,0,7,2,2,0,,,,0,,,,,,,,,,,,,3,0,2,0,2,5,3,4,2,1,,,0,1,,2,2,1,2,0.00
Private Static Class,"org.apache.commons.math3.optimization.direct.CMAESOptimizerTest.TwoAxes",1,1,0,0,0,,0,,3,3,2,0,1,19,15,6,,,13,,,,3,1,1,,1,1,4,4,2,0,0,,,1,3,0,,4,6,0,,8,7,6,,,3,3,,1,33,5,5,3,5,0.00
Constructor,"org.apache.commons.math3.optimization.direct.CMAESOptimizerTest.TwoAxes.TwoAxes",,,,,,,,,,,,,,3,3,1,2,0,2,1,1,0,,,,0,,,,,,,,,,,,,1,0,1,0,1,1,1,1,1,1,,,0,0,,1,1,1,1,0.00
Constructor,"org.apache.commons.math3.optimization.direct.CMAESOptimizerTest.TwoAxes.TwoAxes",,,,,,,,,,,,,,3,3,1,2,0,2,1,1,0,,,,0,,,,,,,,,,,,,2,0,1,0,1,1,1,1,1,1,,,0,0,,1,1,1,1,0.00
Public Method,"org.apache.commons.math3.optimization.direct.CMAESOptimizerTest.TwoAxes.value",,,,,,,,,,,,,,6,6,4,1,0,7,3,3,0,,,,0,,,,,,,,,,,,,3,0,2,0,2,5,3,4,3,1,,,0,1,,3,3,1,3,0.00
Private Static Method,"org.apache.commons.math3.optimization.direct.CMAESOptimizerTest.boundaries",,,,,,,,,,,,,,9,9,6,1,1,11,3,3,0,,,,0,,,,,,,,,,,,,10,0,3,0,4,8,4,7,3,1,,,0,1,,3,3,1,3,0.00
Private Method,"org.apache.commons.math3.optimization.direct.CMAESOptimizerTest.doTest",,,,,,,,,,,,,,43,27,12,6,0,11,4,4,0,,,,0,,,,,,,,,,,,,37,0,19,16,2,9,7,4,4,1,,,0,1,,4,4,1,4,0.59
Private Static Method,"org.apache.commons.math3.optimization.direct.CMAESOptimizerTest.point",,,,,,,,,,,,,,5,5,3,2,0,4,1,1,0,,,,0,,,,,,,,,,,,,25,0,2,0,1,3,2,2,1,1,,,0,0,,1,1,1,1,0.00
Public Method,"org.apache.commons.math3.optimization.direct.CMAESOptimizerTest.testAckley",,,,,,,,,,,,,,13,13,10,4,0,7,1,1,0,,,,0,,,,,,,,,,,,,3,0,6,0,1,6,5,2,1,1,,,0,0,,1,1,1,1,0.00
Public Method,"org.apache.commons.math3.optimization.direct.CMAESOptimizerTest.testBoundariesDimensionMismatch",,,,,,,,,,,,,,10,10,7,4,0,6,1,1,0,,,,0,,,,,,,,,,,,,3,0,6,0,1,5,5,1,1,1,,,0,0,,1,1,1,1,0.00
Public Method,"org.apache.commons.math3.optimization.direct.CMAESOptimizerTest.testCigTab",,,,,,,,,,,,,,13,13,10,4,0,7,1,1,0,,,,0,,,,,,,,,,,,,3,0,6,0,1,6,5,2,1,1,,,0,0,,1,1,1,1,0.00
Public Method,"org.apache.commons.math3.optimization.direct.CMAESOptimizerTest.testCigar",,,,,,,,,,,,,,13,13,10,4,0,7,1,1,0,,,,0,,,,,,,,,,,,,3,0,6,0,1,6,5,2,1,1,,,0,0,,1,1,1,1,0.00
Public Method,"org.apache.commons.math3.optimization.direct.CMAESOptimizerTest.testConstrainedRosen",,,,,,,,,,,,,,13,13,10,4,0,7,1,1,0,,,,0,,,,,,,,,,,,,3,0,6,0,1,6,5,2,1,1,,,0,0,,1,1,1,1,0.00
Public Method,"org.apache.commons.math3.optimization.direct.CMAESOptimizerTest.testDiagonalRosen",,,,,,,,,,,,,,10,10,7,3,0,6,1,1,0,,,,0,,,,,,,,,,,,,3,0,6,0,1,5,5,1,1,1,,,0,0,,1,1,1,1,0.00
Public Method,"org.apache.commons.math3.optimization.direct.CMAESOptimizerTest.testDiffPow",,,,,,,,,,,,,,13,13,10,3,0,7,1,1,0,,,,0,,,,,,,,,,,,,2,0,6,0,1,6,5,2,1,1,,,0,0,,1,1,1,1,0.00
Public Method,"org.apache.commons.math3.optimization.direct.CMAESOptimizerTest.testElliRotated",,,,,,,,,,,,,,13,13,10,4,0,7,1,1,0,,,,0,,,,,,,,,,,,,3,0,6,0,1,6,5,2,1,1,,,0,0,,1,1,1,1,0.00
Public Method,"org.apache.commons.math3.optimization.direct.CMAESOptimizerTest.testEllipse",,,,,,,,,,,,,,13,13,10,4,0,7,1,1,0,,,,0,,,,,,,,,,,,,3,0,6,0,1,6,5,2,1,1,,,0,0,,1,1,1,1,0.00
Public Method,"org.apache.commons.math3.optimization.direct.CMAESOptimizerTest.testInitOutofbounds1",,,,,,,,,,,,,,10,10,7,4,0,6,1,1,0,,,,0,,,,,,,,,,,,,3,0,6,0,1,5,5,1,1,1,,,0,0,,1,1,1,1,0.00
Public Method,"org.apache.commons.math3.optimization.direct.CMAESOptimizerTest.testInitOutofbounds2",,,,,,,,,,,,,,10,10,7,4,0,6,1,1,0,,,,0,,,,,,,,,,,,,3,0,6,0,1,5,5,1,1,1,,,0,0,,1,1,1,1,0.00
Public Method,"org.apache.commons.math3.optimization.direct.CMAESOptimizerTest.testInputSigmaDimensionMismatch",,,,,,,,,,,,,,10,10,7,3,0,6,1,1,0,,,,0,,,,,,,,,,,,,3,0,6,0,1,5,5,1,1,1,,,0,0,,1,1,1,1,0.00
Public Method,"org.apache.commons.math3.optimization.direct.CMAESOptimizerTest.testInputSigmaNegative",,,,,,,,,,,,,,10,10,7,3,0,6,1,1,0,,,,0,,,,,,,,,,,,,3,0,6,0,1,5,5,1,1,1,,,0,0,,1,1,1,1,0.00
Public Method,"org.apache.commons.math3.optimization.direct.CMAESOptimizerTest.testInputSigmaOutOfRange",,,,,,,,,,,,,,10,10,7,4,0,6,1,1,0,,,,0,,,,,,,,,,,,,3,0,6,0,1,5,5,1,1,1,,,0,0,,1,1,1,1,0.00
Public Method,"org.apache.commons.math3.optimization.direct.CMAESOptimizerTest.testMaximize",,,,,,,,,,,,,,18,18,15,4,0,10,1,1,0,,,,0,,,,,,,,,,,,,3,0,6,0,1,9,5,5,1,1,,,0,0,,1,1,1,1,0.00
Public Method,"org.apache.commons.math3.optimization.direct.CMAESOptimizerTest.testRastrigin",,,,,,,,,,,,,,13,13,10,5,0,7,1,1,0,,,,0,,,,,,,,,,,,,2,0,6,0,1,6,5,2,1,1,,,0,0,,1,1,1,1,0.00
Public Method,"org.apache.commons.math3.optimization.direct.CMAESOptimizerTest.testRosen",,,,,,,,,,,,,,13,13,10,3,0,7,1,1,0,,,,0,,,,,,,,,,,,,3,0,6,0,1,6,5,2,1,1,,,0,0,,1,1,1,1,0.00
Public Method,"org.apache.commons.math3.optimization.direct.CMAESOptimizerTest.testSphere",,,,,,,,,,,,,,13,13,10,3,0,7,1,1,0,,,,0,,,,,,,,,,,,,3,0,6,0,1,6,5,2,1,1,,,0,0,,1,1,1,1,0.00
Public Method,"org.apache.commons.math3.optimization.direct.CMAESOptimizerTest.testSsDiffPow",,,,,,,,,,,,,,13,13,10,3,0,7,1,1,0,,,,0,,,,,,,,,,,,,2,0,6,0,1,6,5,2,1,1,,,0,0,,1,1,1,1,0.00
Public Method,"org.apache.commons.math3.optimization.direct.CMAESOptimizerTest.testTablet",,,,,,,,,,,,,,13,13,10,4,0,7,1,1,0,,,,0,,,,,,,,,,,,,3,0,6,0,1,6,5,2,1,1,,,0,0,,1,1,1,1,0.00
Public Method,"org.apache.commons.math3.optimization.direct.CMAESOptimizerTest.testTwoAxes",,,,,,,,,,,,,,13,13,10,4,0,7,1,1,0,,,,0,,,,,,,,,,,,,3,0,6,0,1,6,5,2,1,1,,,0,0,,1,1,1,1,0.00
Public Method,"org.apache.commons.math3.optimization.direct.CMAESOptimizerTest.testUnsupportedBoundaries1",,,,,,,,,,,,,,10,10,7,4,0,6,1,1,0,,,,0,,,,,,,,,,,,,3,0,6,0,1,5,5,1,1,1,,,0,0,,1,1,1,1,0.00
Public Method,"org.apache.commons.math3.optimization.direct.CMAESOptimizerTest.testUnsupportedBoundaries2",,,,,,,,,,,,,,14,14,11,3,0,10,1,1,0,,,,0,,,,,,,,,,,,,3,0,8,0,1,9,7,3,1,1,,,0,0,,1,1,1,1,0.00
Public Class,"org.apache.commons.math3.optimization.direct.MultiDirectionalSimplex",1,1,0,8,2,,2,,10,25,0,1,9,193,76,39,,,54,,,,3,1,2,,1,1,16,6,1,0,0,,,2,10,0,,18,35,99,,39,26,28,,,3,3,,2,65,14,14,10,14,1.30
Public Constructor,"org.apache.commons.math3.optimization.direct.MultiDirectionalSimplex.MultiDirectionalSimplex",,,,,,,,,,,,,,9,3,1,2,0,2,1,1,0,,,,0,,,,,,,,,,,,,3,0,1,6,1,1,1,1,1,1,,,0,0,,1,1,1,1,2.00
Public Constructor,"org.apache.commons.math3.optimization.direct.MultiDirectionalSimplex.MultiDirectionalSimplex",,,,,,,,,,,,,,11,3,1,2,0,2,1,1,0,,,,0,,,,,,,,,,,,,5,0,1,8,1,1,1,1,1,1,,,0,0,,1,1,1,1,2.67
Public Constructor,"org.apache.commons.math3.optimization.direct.MultiDirectionalSimplex.MultiDirectionalSimplex",,,,,,,,,,,,,,12,4,1,2,0,2,1,1,0,,,,0,,,,,,,,,,,,,3,0,2,8,1,1,1,1,1,1,,,0,0,,1,1,1,1,2.00
Public Constructor,"org.apache.commons.math3.optimization.direct.MultiDirectionalSimplex.MultiDirectionalSimplex",,,,,,,,,,,,,,17,6,3,4,0,4,1,1,0,,,,0,,,,,,,,,,,,,6,1,2,10,1,3,1,3,1,1,,,0,0,,1,1,1,1,1.67
Public Constructor,"org.apache.commons.math3.optimization.direct.MultiDirectionalSimplex.MultiDirectionalSimplex",,,,,,,,,,,,,,10,3,1,2,0,2,1,1,0,,,,0,,,,,,,,,,,,,7,0,1,7,1,1,1,1,1,1,,,0,0,,1,1,1,1,2.33
Public Constructor,"org.apache.commons.math3.optimization.direct.MultiDirectionalSimplex.MultiDirectionalSimplex",,,,,,,,,,,,,,16,6,3,4,0,4,1,1,0,,,,0,,,,,,,,,,,,,4,1,2,9,1,3,1,3,1,1,,,0,0,,1,1,1,1,1.50
Public Constructor,"org.apache.commons.math3.optimization.direct.MultiDirectionalSimplex.MultiDirectionalSimplex",,,,,,,,,,,,,,10,3,1,2,0,2,1,1,0,,,,0,,,,,,,,,,,,,4,0,1,7,1,1,1,1,1,1,,,0,0,,1,1,1,1,2.33
Public Constructor,"org.apache.commons.math3.optimization.direct.MultiDirectionalSimplex.MultiDirectionalSimplex",,,,,,,,,,,,,,19,6,3,4,0,4,1,1,0,,,,0,,,,,,,,,,,,,4,1,2,12,1,3,1,3,1,1,,,0,0,,1,1,1,1,2.00
Private Method,"org.apache.commons.math3.optimization.direct.MultiDirectionalSimplex.evaluateNewSimplex",,,,,,,,,,,,,,35,18,11,8,0,16,3,3,0,,,,0,,,,,,,,,,,,,5,2,8,15,3,13,7,9,3,1,,,0,2,,3,3,1,3,0.83
Public Method,"org.apache.commons.math3.optimization.direct.MultiDirectionalSimplex.iterate",,,,,,,,,,,,,,27,17,12,4,0,11,3,3,1,,,,0,,,,,,,,,,,,,4,3,9,7,3,8,6,5,3,1,,,0,2,,3,3,1,3,0.41
Public Class,"org.apache.commons.math3.optimization.direct.MultivariateFunctionMappingAdapter",3,1,2,9,8,,0,,4,4,0,0,4,271,103,41,,,76,,,,8,1,1,,3,3,23,11,2,0,0,,,2,4,0,,44,33,124,,45,36,40,,,8,8,,3,37,13,13,4,13,1.20
Private Static Class,"org.apache.commons.math3.optimization.direct.MultivariateFunctionMappingAdapter.LowerBoundMapper",1,1,0,1,1,,0,,3,3,0,0,3,24,12,3,,,8,,,,1,1,1,,1,1,4,3,2,0,0,,,1,3,0,,5,5,7,,4,5,3,,,1,1,,0,0,3,3,3,3,0.58
Public Constructor,"org.apache.commons.math3.optimization.direct.MultivariateFunctionMappingAdapter.LowerBoundMapper.LowerBoundMapper",,,,,,,,,,,,,,6,3,1,2,0,2,1,1,0,,,,0,,,,,,,,,,,,,2,0,1,3,1,1,1,1,1,1,,,0,0,,1,1,1,1,1.00
Public Method,"org.apache.commons.math3.optimization.direct.MultivariateFunctionMappingAdapter.LowerBoundMapper.boundedToUnbounded",,,,,,,,,,,,,,4,3,1,2,0,2,1,1,0,,,,0,,,,,,,,,,,,,2,0,1,1,1,1,1,1,1,1,,,0,0,,1,1,1,1,0.33
Public Method,"org.apache.commons.math3.optimization.direct.MultivariateFunctionMappingAdapter.LowerBoundMapper.unboundedToBounded",,,,,,,,,,,,,,4,3,1,2,0,2,1,1,0,,,,0,,,,,,,,,,,,,2,0,1,1,1,1,1,1,1,1,,,0,0,,1,1,1,1,0.33
Private Static Class,"org.apache.commons.math3.optimization.direct.MultivariateFunctionMappingAdapter.LowerUpperBoundMapper",1,1,0,2,3,,0,,3,3,0,0,3,29,14,4,,,10,,,,1,1,1,,1,1,5,3,2,0,0,,,2,3,0,,6,6,9,,6,6,4,,,1,1,,0,33,3,3,3,3,0.64
Public Constructor,"org.apache.commons.math3.optimization.direct.MultivariateFunctionMappingAdapter.LowerUpperBoundMapper.LowerUpperBoundMapper",,,,,,,,,,,,,,8,4,2,5,0,3,1,1,0,,,,0,,,,,,,,,,,,,3,0,1,4,1,2,1,2,1,1,,,0,0,,1,1,1,1,1.00
Public Method,"org.apache.commons.math3.optimization.direct.MultivariateFunctionMappingAdapter.LowerUpperBoundMapper.boundedToUnbounded",,,,,,,,,,,,,,4,3,1,2,0,2,1,1,0,,,,0,,,,,,,,,,,,,2,0,1,1,1,1,1,1,1,1,,,0,0,,1,1,1,1,0.33
Public Method,"org.apache.commons.math3.optimization.direct.MultivariateFunctionMappingAdapter.LowerUpperBoundMapper.unboundedToBounded",,,,,,,,,,,,,,4,3,1,2,0,2,1,1,0,,,,0,,,,,,,,,,,,,2,0,1,1,1,1,1,1,1,1,,,0,0,,1,1,1,1,0.33
Private Interface,"org.apache.commons.math3.optimization.direct.MultivariateFunctionMappingAdapter.Mapper",0,0,0,0,0,,0,,2,2,2,0,0,15,4,0,,,3,,,,0,0,0,,0,0,0,0,0,4,0,,,0,2,0,,3,3,8,,2,3,0,,,0,0,,0,0,0,0,0,0,2.00
Abstract Method,"org.apache.commons.math3.optimization.direct.MultivariateFunctionMappingAdapter.Mapper.boundedToUnbounded",,,,,,,,,,,,,,5,1,0,1,0,1,0,0,0,,,,0,,,,,,,,,,,,,1,0,1,4,0,1,1,0,0,0,,,0,0,,0,0,0,0,4.00
Abstract Method,"org.apache.commons.math3.optimization.direct.MultivariateFunctionMappingAdapter.Mapper.unboundedToBounded",,,,,,,,,,,,,,5,1,0,1,0,1,0,0,0,,,,0,,,,,,,,,,,,,1,0,1,4,0,1,1,0,0,0,,,0,0,,0,0,0,0,4.00
Public Constructor,"org.apache.commons.math3.optimization.direct.MultivariateFunctionMappingAdapter.MultivariateFunctionMappingAdapter",,,,,,,,,,,,,,50,30,20,11,1,22,8,8,3,,,,0,,,,,,,,,,,,,9,3,2,17,30,14,3,19,8,1,,,0,3,,8,8,1,8,0.57
Private Static Class,"org.apache.commons.math3.optimization.direct.MultivariateFunctionMappingAdapter.NoBoundsMapper",1,1,0,1,0,,0,,3,3,0,0,3,20,10,2,,,6,,,,1,1,1,,1,1,4,2,2,0,0,,,0,3,0,,4,4,6,,2,4,2,,,1,1,,0,0,3,3,3,3,0.60
Public Constructor,"org.apache.commons.math3.optimization.direct.MultivariateFunctionMappingAdapter.NoBoundsMapper.NoBoundsMapper",,,,,,,,,,,,,,4,2,0,1,0,1,1,1,0,,,,0,,,,,,,,,,,,,1,0,1,2,1,0,1,0,1,1,,,0,0,,1,1,1,1,1.00
Public Method,"org.apache.commons.math3.optimization.direct.MultivariateFunctionMappingAdapter.NoBoundsMapper.boundedToUnbounded",,,,,,,,,,,,,,4,3,1,1,0,2,1,1,0,,,,0,,,,,,,,,,,,,1,0,1,1,1,1,1,1,1,1,,,0,0,,1,1,1,1,0.33
Public Method,"org.apache.commons.math3.optimization.direct.MultivariateFunctionMappingAdapter.NoBoundsMapper.unboundedToBounded",,,,,,,,,,,,,,4,3,1,1,0,2,1,1,0,,,,0,,,,,,,,,,,,,1,0,1,1,1,1,1,1,1,1,,,0,0,,1,1,1,1,0.33
Private Static Class,"org.apache.commons.math3.optimization.direct.MultivariateFunctionMappingAdapter.UpperBoundMapper",1,1,0,1,1,,0,,3,3,0,0,3,24,12,3,,,8,,,,1,1,1,,1,1,4,3,2,0,0,,,1,3,0,,5,5,7,,4,5,3,,,1,1,,0,0,3,3,3,3,0.58
Public Constructor,"org.apache.commons.math3.optimization.direct.MultivariateFunctionMappingAdapter.UpperBoundMapper.UpperBoundMapper",,,,,,,,,,,,,,6,3,1,2,0,2,1,1,0,,,,0,,,,,,,,,,,,,2,0,1,3,1,1,1,1,1,1,,,0,0,,1,1,1,1,1.00
Public Method,"org.apache.commons.math3.optimization.direct.MultivariateFunctionMappingAdapter.UpperBoundMapper.boundedToUnbounded",,,,,,,,,,,,,,4,3,1,2,0,2,1,1,0,,,,0,,,,,,,,,,,,,2,0,1,1,1,1,1,1,1,1,,,0,0,,1,1,1,1,0.33
Public Method,"org.apache.commons.math3.optimization.direct.MultivariateFunctionMappingAdapter.UpperBoundMapper.unboundedToBounded",,,,,,,,,,,,,,4,3,1,2,0,2,1,1,0,,,,0,,,,,,,,,,,,,2,0,1,1,1,1,1,1,1,1,,,0,0,,1,1,1,1,0.33
Public Method,"org.apache.commons.math3.optimization.direct.MultivariateFunctionMappingAdapter.boundedToUnbounded",,,,,,,,,,,,,,15,7,4,2,0,7,2,2,0,,,,0,,,,,,,,,,,,,7,3,2,5,2,5,3,4,2,1,,,0,1,,2,2,1,2,0.71
Public Method,"org.apache.commons.math3.optimization.direct.MultivariateFunctionMappingAdapter.unboundedToBounded",,,,,,,,,,,,,,15,7,4,2,0,7,2,2,0,,,,0,,,,,,,,,,,,,8,3,2,5,2,5,3,4,2,1,,,0,1,,2,2,1,2,0.71
Public Method,"org.apache.commons.math3.optimization.direct.MultivariateFunctionMappingAdapter.value",,,,,,,,,,,,,,13,3,1,3,0,2,1,1,0,,,,0,,,,,,,,,,,,,2,0,1,10,1,1,1,1,1,1,,,0,0,,1,1,1,1,3.33
Public Class,"org.apache.commons.math3.optimization.direct.MultivariateFunctionMappingAdapterTest",1,1,5,0,7,,0,,4,4,0,0,4,164,125,81,,,67,,,,1,1,1,,1,1,25,20,1,0,0,,,0,4,0,,38,60,1,,55,40,27,,,1,1,,0,0,4,4,4,4,0.01
Private Static Class,"org.apache.commons.math3.optimization.direct.MultivariateFunctionMappingAdapterTest.BiQuadratic",1,1,0,0,0,,0,,6,6,0,0,6,52,39,17,,,30,,,,3,1,1,,1,1,5,5,2,0,0,,,6,6,0,,12,17,1,,23,15,15,,,3,3,,0,38,10,10,6,10,0.03
Public Constructor,"org.apache.commons.math3.optimization.direct.MultivariateFunctionMappingAdapterTest.BiQuadratic.BiQuadratic",,,,,,,,,,,,,,10,10,6,7,0,7,1,1,0,,,,0,,,,,,,,,,,,,10,0,3,0,1,6,1,6,1,1,,,0,0,,1,1,1,1,0.00
Public Method,"org.apache.commons.math3.optimization.direct.MultivariateFunctionMappingAdapterTest.BiQuadratic.getBoundedXOptimum",,,,,,,,,,,,,,3,3,1,1,0,2,3,3,0,,,,0,,,,,,,,,,,,,7,0,1,0,1,1,1,1,3,1,,,0,0,,3,3,1,3,0.00
Public Method,"org.apache.commons.math3.optimization.direct.MultivariateFunctionMappingAdapterTest.BiQuadratic.getBoundedYOptimum",,,,,,,,,,,,,,3,3,1,1,0,2,3,3,0,,,,0,,,,,,,,,,,,,7,0,1,0,1,1,1,1,3,1,,,0,0,,3,3,1,3,0.00
Public Method,"org.apache.commons.math3.optimization.direct.MultivariateFunctionMappingAdapterTest.BiQuadratic.getLower",,,,,,,,,,,,,,3,3,1,1,0,2,1,1,0,,,,0,,,,,,,,,,,,,6,0,1,0,1,1,1,1,1,1,,,0,0,,1,1,1,1,0.00
Public Method,"org.apache.commons.math3.optimization.direct.MultivariateFunctionMappingAdapterTest.BiQuadratic.getUpper",,,,,,,,,,,,,,3,3,1,1,0,2,1,1,0,,,,0,,,,,,,,,,,,,6,0,1,0,1,1,1,1,1,1,,,0,0,,1,1,1,1,0.00
Public Method,"org.apache.commons.math3.optimization.direct.MultivariateFunctionMappingAdapterTest.BiQuadratic.value",,,,,,,,,,,,,,13,9,7,2,0,8,1,1,0,,,,0,,,,,,,,,,,,,7,3,3,1,1,7,3,5,1,1,,,0,0,,1,1,1,1,0.11
Public Method,"org.apache.commons.math3.optimization.direct.MultivariateFunctionMappingAdapterTest.testHalfBounded",,,,,,,,,,,,,,26,21,17,14,0,9,1,1,0,,,,0,,,,,,,,,,,,,1,5,10,0,1,8,6,3,1,1,,,0,0,,1,1,1,1,0.00
Public Method,"org.apache.commons.math3.optimization.direct.MultivariateFunctionMappingAdapterTest.testOptimumOutsideRange",,,,,,,,,,,,,,24,19,15,14,0,9,1,1,0,,,,0,,,,,,,,,,,,,1,5,9,0,1,8,6,3,1,1,,,0,0,,1,1,1,1,0.00
Public Method,"org.apache.commons.math3.optimization.direct.MultivariateFunctionMappingAdapterTest.testStartSimplexInsideRange",,,,,,,,,,,,,,24,19,15,14,0,9,1,1,0,,,,0,,,,,,,,,,,,,1,5,9,0,1,8,6,3,1,1,,,0,0,,1,1,1,1,0.00
Public Method,"org.apache.commons.math3.optimization.direct.MultivariateFunctionMappingAdapterTest.testUnbounded",,,,,,,,,,,,,,26,21,17,14,0,9,1,1,0,,,,0,,,,,,,,,,,,,1,5,10,0,1,8,6,3,1,1,,,0,0,,1,1,1,1,0.00
Public Class,"org.apache.commons.math3.optimization.direct.MultivariateFunctionPenaltyAdapter",5,2,3,28,4,,0,,2,2,0,0,2,163,50,28,,,42,,,,6,3,1,,5,6,52,21,2,0,0,,,5,2,0,,14,12,99,,30,13,29,,,6,7,,4,0,11,12,4,11,1.98
Public Constructor,"org.apache.commons.math3.optimization.direct.MultivariateFunctionPenaltyAdapter.MultivariateFunctionPenaltyAdapter",,,,,,,,,,,,,,69,23,15,10,1,18,5,5,0,,,,0,,,,,,,,,,,,,11,3,3,43,12,13,2,16,5,1,,,0,2,,5,5,1,5,1.87
Public Method,"org.apache.commons.math3.optimization.direct.MultivariateFunctionPenaltyAdapter.value",,,,,,,,,,,,,,36,20,13,3,1,18,6,7,5,,,,3,,,,,,,,,,,,,7,3,3,13,6,12,5,13,6,3,,,4,4,,6,7,3,6,0.65
Public Class,"org.apache.commons.math3.optimization.direct.MultivariateFunctionPenaltyAdapterTest",1,1,5,0,8,,0,,5,5,0,0,5,165,120,71,,,71,,,,1,1,1,,1,1,19,14,1,0,0,,,0,5,0,,44,60,1,,58,41,30,,,1,1,,0,0,5,5,5,5,0.01
Private Static Class,"org.apache.commons.math3.optimization.direct.MultivariateFunctionPenaltyAdapterTest.BiQuadratic",1,1,0,0,0,,0,,6,6,0,0,6,52,39,17,,,30,,,,3,1,1,,1,1,5,5,2,0,0,,,6,6,0,,12,17,1,,23,15,15,,,3,3,,0,38,10,10,6,10,0.03
Public Constructor,"org.apache.commons.math3.optimization.direct.MultivariateFunctionPenaltyAdapterTest.BiQuadratic.BiQuadratic",,,,,,,,,,,,,,10,10,6,7,0,7,1,1,0,,,,0,,,,,,,,,,,,,11,0,3,0,1,6,1,6,1,1,,,0,0,,1,1,1,1,0.00
Public Method,"org.apache.commons.math3.optimization.direct.MultivariateFunctionPenaltyAdapterTest.BiQuadratic.getBoundedXOptimum",,,,,,,,,,,,,,3,3,1,1,0,2,3,3,0,,,,0,,,,,,,,,,,,,8,0,1,0,1,1,1,1,3,1,,,0,0,,3,3,1,3,0.00
Public Method,"org.apache.commons.math3.optimization.direct.MultivariateFunctionPenaltyAdapterTest.BiQuadratic.getBoundedYOptimum",,,,,,,,,,,,,,3,3,1,1,0,2,3,3,0,,,,0,,,,,,,,,,,,,8,0,1,0,1,1,1,1,3,1,,,0,0,,3,3,1,3,0.00
Public Method,"org.apache.commons.math3.optimization.direct.MultivariateFunctionPenaltyAdapterTest.BiQuadratic.getLower",,,,,,,,,,,,,,3,3,1,1,0,2,1,1,0,,,,0,,,,,,,,,,,,,7,0,1,0,1,1,1,1,1,1,,,0,0,,1,1,1,1,0.00
Public Method,"org.apache.commons.math3.optimization.direct.MultivariateFunctionPenaltyAdapterTest.BiQuadratic.getUpper",,,,,,,,,,,,,,3,3,1,1,0,2,1,1,0,,,,0,,,,,,,,,,,,,7,0,1,0,1,1,1,1,1,1,,,0,0,,1,1,1,1,0.00
Public Method,"org.apache.commons.math3.optimization.direct.MultivariateFunctionPenaltyAdapterTest.BiQuadratic.value",,,,,,,,,,,,,,13,9,7,2,0,8,1,1,0,,,,0,,,,,,,,,,,,,7,3,3,1,1,7,3,5,1,1,,,0,0,,1,1,1,1,0.11
Public Method,"org.apache.commons.math3.optimization.direct.MultivariateFunctionPenaltyAdapterTest.testHalfBounded",,,,,,,,,,,,,,21,16,12,13,0,8,1,1,0,,,,0,,,,,,,,,,,,,1,5,8,0,1,7,5,3,1,1,,,0,0,,1,1,1,1,0.00
Public Method,"org.apache.commons.math3.optimization.direct.MultivariateFunctionPenaltyAdapterTest.testOptimumOutsideRange",,,,,,,,,,,,,,19,14,10,13,0,8,1,1,0,,,,0,,,,,,,,,,,,,1,5,7,0,1,7,5,3,1,1,,,0,0,,1,1,1,1,0.00
Public Method,"org.apache.commons.math3.optimization.direct.MultivariateFunctionPenaltyAdapterTest.testStartSimplexInsideRange",,,,,,,,,,,,,,19,14,10,12,0,8,1,1,0,,,,0,,,,,,,,,,,,,1,5,7,0,1,7,5,3,1,1,,,0,0,,1,1,1,1,0.00
Public Method,"org.apache.commons.math3.optimization.direct.MultivariateFunctionPenaltyAdapterTest.testStartSimplexOutsideRange",,,,,,,,,,,,,,19,14,10,12,0,8,1,1,0,,,,0,,,,,,,,,,,,,1,5,7,0,1,7,5,3,1,1,,,0,0,,1,1,1,1,0.00
Public Method,"org.apache.commons.math3.optimization.direct.MultivariateFunctionPenaltyAdapterTest.testUnbounded",,,,,,,,,,,,,,21,16,12,12,0,8,1,1,0,,,,0,,,,,,,,,,,,,1,5,8,0,1,7,5,3,1,1,,,0,0,,1,1,1,1,0.00
Public Class,"org.apache.commons.math3.optimization.direct.NelderMeadSimplex",2,1,1,10,2,,4,,9,24,0,0,9,258,130,78,,,105,,,,16,6,2,,2,2,24,13,1,0,0,,,4,9,0,,19,50,109,,80,45,60,,,16,17,,3,61,24,25,14,24,0.84
Public Constructor,"org.apache.commons.math3.optimization.direct.NelderMeadSimplex.NelderMeadSimplex",,,,,,,,,,,,,,10,3,1,2,0,2,1,1,0,,,,0,,,,,,,,,,,,,6,0,1,7,1,1,1,1,1,1,,,0,0,,1,1,1,1,2.33
Public Constructor,"org.apache.commons.math3.optimization.direct.NelderMeadSimplex.NelderMeadSimplex",,,,,,,,,,,,,,11,3,1,2,0,2,1,1,0,,,,0,,,,,,,,,,,,,14,0,1,8,1,1,1,1,1,1,,,0,0,,1,1,1,1,2.67
Public Constructor,"org.apache.commons.math3.optimization.direct.NelderMeadSimplex.NelderMeadSimplex",,,,,,,,,,,,,,11,3,1,2,0,2,1,1,0,,,,0,,,,,,,,,,,,,11,0,1,8,1,1,1,1,1,1,,,0,0,,1,1,1,1,2.67
Public Constructor,"org.apache.commons.math3.optimization.direct.NelderMeadSimplex.NelderMeadSimplex",,,,,,,,,,,,,,13,4,2,2,0,2,1,1,0,,,,0,,,,,,,,,,,,,7,0,1,9,1,1,1,1,1,1,,,0,0,,1,1,1,1,2.25
Public Constructor,"org.apache.commons.math3.optimization.direct.NelderMeadSimplex.NelderMeadSimplex",,,,,,,,,,,,,,22,9,5,6,0,6,1,1,0,,,,0,,,,,,,,,,,,,8,1,3,12,1,5,1,5,1,1,,,0,0,,1,1,1,1,1.33
Public Constructor,"org.apache.commons.math3.optimization.direct.NelderMeadSimplex.NelderMeadSimplex",,,,,,,,,,,,,,15,5,1,2,0,2,1,1,0,,,,0,,,,,,,,,,,,,5,0,3,10,1,1,1,1,1,1,,,0,0,,1,1,1,1,2.00
Public Constructor,"org.apache.commons.math3.optimization.direct.NelderMeadSimplex.NelderMeadSimplex",,,,,,,,,,,,,,22,9,5,6,0,6,1,1,0,,,,0,,,,,,,,,,,,,6,1,3,12,1,5,1,5,1,1,,,0,0,,1,1,1,1,1.33
Public Constructor,"org.apache.commons.math3.optimization.direct.NelderMeadSimplex.NelderMeadSimplex",,,,,,,,,,,,,,24,9,5,6,0,6,1,1,0,,,,0,,,,,,,,,,,,,6,1,3,14,1,5,1,5,1,1,,,0,0,,1,1,1,1,1.56
Public Method,"org.apache.commons.math3.optimization.direct.NelderMeadSimplex.iterate",,,,,,,,,,,,,,96,74,53,10,2,68,16,17,12,,,,11,,,,,,,,,,,,,6,7,24,15,252,52,28,40,16,6,,,11,3,,16,17,6,16,0.20
Public Class,"org.apache.commons.math3.optimization.direct.PowellOptimizer",5,1,4,9,9,,1,,4,14,0,1,2,270,147,101,,,115,,,,14,4,2,,5,5,40,27,2,0,0,,,3,4,1,,25,63,99,,91,57,58,,,14,14,,3,56,20,20,7,20,0.67
Private Class,"org.apache.commons.math3.optimization.direct.PowellOptimizer.LineSearch",1,1,0,10,7,,2,,2,17,1,0,1,68,28,18,,,20,,,,1,1,3,,1,1,22,11,1,0,0,,,1,2,0,,3,13,37,,15,13,7,,,1,1,,0,50,2,2,2,2,1.32
Constructor,"org.apache.commons.math3.optimization.direct.PowellOptimizer.LineSearch.LineSearch",,,,,,,,,,,,,,14,6,3,3,0,2,1,1,0,,,,0,,,,,,,,,,,,,5,0,2,8,1,1,1,1,1,1,,,0,0,,1,1,1,1,1.33
Public Method,"org.apache.commons.math3.optimization.direct.PowellOptimizer.LineSearch.search",,,,,,,,,,,,,,30,17,12,7,0,14,1,1,0,,,,0,,,,,,,,,,,,,4,1,7,12,1,11,8,6,1,1,,,0,0,,1,1,1,1,0.71
Anonymous Class,"org.apache.commons.math3.optimization.direct.PowellOptimizer.LineSearch.search.(Anon_1)",2,1,0,0,3,,0,,1,1,0,0,1,9,9,7,,,8,,,,2,1,1,,2,2,8,8,2,0,0,,,0,1,0,,0,3,0,,6,4,4,,,2,2,,1,0,2,2,1,2,0.00
Public Method,"org.apache.commons.math3.optimization.direct.PowellOptimizer.LineSearch.search.(Anon_1).value",,,,,,,,,,,,,,8,8,6,2,0,8,2,2,0,,,,0,,,,,,,,,,,,,3,0,2,0,2,6,4,4,2,1,,,0,1,,2,2,1,2,0.00
Public Constructor,"org.apache.commons.math3.optimization.direct.PowellOptimizer.PowellOptimizer",,,,,,,,,,,,,,13,4,1,2,0,2,1,1,0,,,,0,,,,,,,,,,,,,4,0,2,9,1,1,1,1,1,1,,,0,0,,1,1,1,1,2.25
Public Constructor,"org.apache.commons.math3.optimization.direct.PowellOptimizer.PowellOptimizer",,,,,,,,,,,,,,30,15,9,9,1,9,3,3,0,,,,0,,,,,,,,,,,,,5,2,3,13,4,6,1,8,3,1,,,0,1,,3,3,1,3,0.87
Protected Method,"org.apache.commons.math3.optimization.direct.PowellOptimizer.doOptimize",,,,,,,,,,,,,,95,78,64,14,2,68,14,14,5,,,,5,,,,,,,,,,,,,5,15,30,3,146,56,31,37,14,4,,,5,3,,14,14,4,14,0.04
Private Method,"org.apache.commons.math3.optimization.direct.PowellOptimizer.newPointAndDirection",,,,,,,,,,,,,,24,13,8,1,0,11,2,2,0,,,,0,,,,,,,,,,,,,5,0,7,11,2,9,6,5,2,1,,,0,1,,2,2,1,2,0.85
Public Class,"org.apache.commons.math3.optimization.direct.PowellOptimizerTest",3,1,4,5,9,,0,,5,5,0,1,4,177,118,77,,,106,,,,4,1,1,,3,3,32,22,1,0,0,,,0,5,0,,28,55,31,,84,58,48,,,4,4,,1,0,17,17,5,17,0.26
Private Method,"org.apache.commons.math3.optimization.direct.PowellOptimizerTest.doTest",,,,,,,,,,,,,,25,14,6,6,0,8,2,2,0,,,,0,,,,,,,,,,,,,10,2,9,9,2,6,5,3,2,1,,,0,1,,2,2,1,2,0.64
Public Method,"org.apache.commons.math3.optimization.direct.PowellOptimizerTest.testMaximizeQuadratic",,,,,,,,,,,,,,29,23,16,1,1,23,4,4,0,,,,0,,,,,,,,,,,,,1,4,8,2,8,18,11,12,4,1,,,0,1,,4,4,1,4,0.09
Anonymous Class,"org.apache.commons.math3.optimization.direct.PowellOptimizerTest.testMaximizeQuadratic.(Anon_2)",1,1,0,0,0,,0,,1,1,0,0,1,6,6,5,,,4,,,,1,1,1,,1,1,5,5,2,0,0,,,0,1,0,,0,3,0,,3,3,1,,,1,1,,0,0,1,1,1,1,0.00
Public Method,"org.apache.commons.math3.optimization.direct.PowellOptimizerTest.testMaximizeQuadratic.(Anon_2).value",,,,,,,,,,,,,,5,5,4,1,0,4,1,1,0,,,,0,,,,,,,,,,,,,1,0,2,0,1,3,3,1,1,1,,,0,0,,1,1,1,1,0.00
Public Method,"org.apache.commons.math3.optimization.direct.PowellOptimizerTest.testQuadratic",,,,,,,,,,,,,,29,23,16,1,1,23,4,4,0,,,,0,,,,,,,,,,,,,1,4,8,2,8,18,11,12,4,1,,,0,1,,4,4,1,4,0.09
Anonymous Class,"org.apache.commons.math3.optimization.direct.PowellOptimizerTest.testQuadratic.(Anon_1)",1,1,0,0,0,,0,,1,1,0,0,1,6,6,5,,,4,,,,1,1,1,,1,1,5,5,2,0,0,,,0,1,0,,0,3,0,,3,3,1,,,1,1,,0,0,1,1,1,1,0.00
Public Method,"org.apache.commons.math3.optimization.direct.PowellOptimizerTest.testQuadratic.(Anon_1).value",,,,,,,,,,,,,,5,5,4,1,0,4,1,1,0,,,,0,,,,,,,,,,,,,1,0,2,0,1,3,3,1,1,1,,,0,0,,1,1,1,1,0.00
Public Method,"org.apache.commons.math3.optimization.direct.PowellOptimizerTest.testRelativeToleranceOnScaledValues",,,,,,,,,,,,,,57,35,27,6,1,32,3,3,0,,,,0,,,,,,,,,,,,,1,9,20,13,4,27,22,10,3,1,,,0,0,,3,3,1,3,0.37
Anonymous Class,"org.apache.commons.math3.optimization.direct.PowellOptimizerTest.testRelativeToleranceOnScaledValues.(Anon_3)",1,1,0,0,1,,0,,1,1,0,0,1,6,6,5,,,4,,,,1,1,1,,1,1,5,5,2,0,0,,,0,1,0,,0,3,0,,3,3,1,,,1,1,,0,0,1,1,1,1,0.00
Public Method,"org.apache.commons.math3.optimization.direct.PowellOptimizerTest.testRelativeToleranceOnScaledValues.(Anon_3).value",,,,,,,,,,,,,,5,5,4,3,0,4,1,1,0,,,,0,,,,,,,,,,,,,1,0,2,0,1,3,3,1,1,1,,,0,0,,1,1,1,1,0.00
Anonymous Class,"org.apache.commons.math3.optimization.direct.PowellOptimizerTest.testRelativeToleranceOnScaledValues.(Anon_4)",1,1,0,0,1,,0,,1,1,0,0,1,4,4,3,,,2,,,,1,1,1,,1,1,3,3,2,0,0,,,0,1,0,,0,1,0,,1,1,1,,,1,1,,0,0,1,1,1,1,0.00
Public Method,"org.apache.commons.math3.optimization.direct.PowellOptimizerTest.testRelativeToleranceOnScaledValues.(Anon_4).value",,,,,,,,,,,,,,3,3,2,2,0,2,1,1,0,,,,0,,,,,,,,,,,,,1,0,0,0,1,1,1,1,1,1,,,0,0,,1,1,1,1,0.00
Public Method,"org.apache.commons.math3.optimization.direct.PowellOptimizerTest.testSumSinc",,,,,,,,,,,,,,23,17,12,2,1,19,4,4,0,,,,0,,,,,,,,,,,,,1,4,5,2,8,15,8,11,4,1,,,0,1,,4,4,1,4,0.12
Public Class,"org.apache.commons.math3.optimization.direct.SimplexOptimizer",2,1,1,4,7,,0,,5,15,0,0,4,148,59,32,,,40,,,,6,4,2,,2,2,16,10,2,0,0,,,1,5,1,,10,24,79,,27,20,20,,,6,6,,3,60,10,10,8,10,1.34
Public Constructor,"org.apache.commons.math3.optimization.direct.SimplexOptimizer.SimplexOptimizer",,,,,,,,,,,,,,7,3,1,3,0,2,1,1,0,,,,0,,,,,,,,,,,,,24,0,1,4,1,1,1,1,1,1,,,0,0,,1,1,1,1,1.33
Public Constructor,"org.apache.commons.math3.optimization.direct.SimplexOptimizer.SimplexOptimizer",,,,,,,,,,,,,,7,3,1,3,0,2,1,1,0,,,,0,,,,,,,,,,,,,1,0,1,4,1,1,1,1,1,1,,,0,0,,1,1,1,1,1.33
Public Constructor,"org.apache.commons.math3.optimization.direct.SimplexOptimizer.SimplexOptimizer",,,,,,,,,,,,,,6,3,1,2,0,2,1,1,0,,,,0,,,,,,,,,,,,,7,0,1,3,1,1,1,1,1,1,,,0,0,,1,1,1,1,1.00
Protected Method,"org.apache.commons.math3.optimization.direct.SimplexOptimizer.doOptimize",,,,,,,,,,,,,,52,41,28,12,1,30,6,6,3,,,,3,,,,,,,,,,,,,2,5,15,6,12,22,14,16,6,4,,,3,3,,6,6,4,6,0.15
Anonymous Class,"org.apache.commons.math3.optimization.direct.SimplexOptimizer.doOptimize.(Anon_1)",1,1,0,0,1,,0,,1,1,0,0,1,4,4,3,,,2,,,,1,1,1,,1,1,3,3,2,0,0,,,0,1,0,,0,1,0,,1,1,1,,,1,1,,0,0,1,1,1,1,0.00
Public Method,"org.apache.commons.math3.optimization.direct.SimplexOptimizer.doOptimize.(Anon_1).value",,,,,,,,,,,,,,3,3,2,2,0,2,1,1,0,,,,0,,,,,,,,,,,,,1,0,0,0,1,1,1,1,1,1,,,0,0,,1,1,1,1,0.00
Anonymous Class,"org.apache.commons.math3.optimization.direct.SimplexOptimizer.doOptimize.(Anon_2)",2,1,0,0,3,,0,,1,1,0,0,1,7,7,6,,,4,,,,2,1,2,,2,2,6,6,1,0,0,,,0,1,0,,0,3,0,,3,3,1,,,2,2,,0,0,2,2,1,2,0.00
Public Method,"org.apache.commons.math3.optimization.direct.SimplexOptimizer.doOptimize.(Anon_2).compare",,,,,,,,,,,,,,6,6,5,3,0,4,2,2,0,,,,0,,,,,,,,,,,,,2,0,2,0,1,3,3,1,2,1,,,0,0,,2,2,1,2,0.00
Public Method,"org.apache.commons.math3.optimization.direct.SimplexOptimizer.setSimplex",,,,,,,,,,,,,,8,3,1,1,0,2,1,1,0,,,,0,,,,,,,,,,,,,28,0,1,5,1,1,1,1,1,1,,,0,0,,1,1,1,1,1.67
Public Class,"org.apache.commons.math3.optimization.direct.SimplexOptimizerMultiDirectionalTest",1,1,1,0,10,,0,,7,7,0,0,7,177,152,100,,,114,,,,1,1,1,,1,1,16,15,1,0,0,,,1,7,0,,22,78,7,,97,64,50,,,1,1,,0,71,7,7,7,7,0.05
Private Static Class,"org.apache.commons.math3.optimization.direct.SimplexOptimizerMultiDirectionalTest.FourExtrema",2,1,0,0,1,,0,,1,1,0,0,1,18,16,12,,,13,,,,2,1,1,,2,3,6,6,2,0,0,,,8,1,0,,1,12,5,,11,12,1,,,2,3,,0,100,2,3,1,2,0.31
Public Method,"org.apache.commons.math3.optimization.direct.SimplexOptimizerMultiDirectionalTest.FourExtrema.value",,,,,,,,,,,,,,6,6,4,2,0,4,2,3,0,,,,0,,,,,,,,,,,,,1,0,3,0,1,3,3,1,2,1,,,0,0,,2,3,1,2,0.00
Private Static Class,"org.apache.commons.math3.optimization.direct.SimplexOptimizerMultiDirectionalTest.Gaussian2D",1,1,0,0,1,,0,,4,4,0,0,4,23,19,7,,,14,,,,1,1,1,,1,1,3,3,2,0,0,,,2,4,0,,4,9,0,,9,9,5,,,1,1,,0,37,4,4,4,4,0.00
Public Constructor,"org.apache.commons.math3.optimization.direct.SimplexOptimizerMultiDirectionalTest.Gaussian2D.Gaussian2D",,,,,,,,,,,,,,4,4,2,3,0,3,1,1,0,,,,0,,,,,,,,,,,,,4,0,1,0,1,2,1,2,1,1,,,0,0,,1,1,1,1,0.00
Public Method,"org.apache.commons.math3.optimization.direct.SimplexOptimizerMultiDirectionalTest.Gaussian2D.getMaximum",,,,,,,,,,,,,,3,3,1,2,0,2,1,1,0,,,,0,,,,,,,,,,,,,2,0,1,0,1,1,1,1,1,1,,,0,0,,1,1,1,1,0.00
Public Method,"org.apache.commons.math3.optimization.direct.SimplexOptimizerMultiDirectionalTest.Gaussian2D.getMaximumPosition",,,,,,,,,,,,,,3,3,1,2,0,2,1,1,0,,,,0,,,,,,,,,,,,,2,0,1,0,1,1,1,1,1,1,,,0,0,,1,1,1,1,0.00
Public Method,"org.apache.commons.math3.optimization.direct.SimplexOptimizerMultiDirectionalTest.Gaussian2D.value",,,,,,,,,,,,,,5,5,3,2,0,4,1,1,0,,,,0,,,,,,,,,,,,,4,0,3,0,1,3,3,1,1,1,,,0,0,,1,1,1,1,0.00
Public Method,"org.apache.commons.math3.optimization.direct.SimplexOptimizerMultiDirectionalTest.testMath283",,,,,,,,,,,,,,18,15,13,10,0,13,1,1,0,,,,0,,,,,,,,,,,,,1,1,10,2,1,12,9,4,1,1,,,0,0,,1,1,1,1,0.13
Public Method,"org.apache.commons.math3.optimization.direct.SimplexOptimizerMultiDirectionalTest.testMaximize1",,,,,,,,,,,,,,13,12,9,9,0,10,1,1,0,,,,0,,,,,,,,,,,,,4,1,5,0,1,9,4,6,1,1,,,0,0,,1,1,1,1,0.00
Public Method,"org.apache.commons.math3.optimization.direct.SimplexOptimizerMultiDirectionalTest.testMaximize2",,,,,,,,,,,,,,13,12,9,10,0,10,1,1,0,,,,0,,,,,,,,,,,,,4,1,5,0,1,9,4,6,1,1,,,0,0,,1,1,1,1,0.00
Public Method,"org.apache.commons.math3.optimization.direct.SimplexOptimizerMultiDirectionalTest.testMinimize1",,,,,,,,,,,,,,13,12,9,9,0,10,1,1,0,,,,0,,,,,,,,,,,,,4,1,5,0,1,9,4,6,1,1,,,0,0,,1,1,1,1,0.00
Public Method,"org.apache.commons.math3.optimization.direct.SimplexOptimizerMultiDirectionalTest.testMinimize2",,,,,,,,,,,,,,13,12,9,9,0,10,1,1,0,,,,0,,,,,,,,,,,,,4,1,5,0,1,9,4,6,1,1,,,0,0,,1,1,1,1,0.00
Public Method,"org.apache.commons.math3.optimization.direct.SimplexOptimizerMultiDirectionalTest.testPowell",,,,,,,,,,,,,,23,22,16,9,0,17,1,1,0,,,,0,,,,,,,,,,,,,2,1,10,0,1,15,9,8,1,1,,,0,0,,1,1,1,1,0.00
Anonymous Class,"org.apache.commons.math3.optimization.direct.SimplexOptimizerMultiDirectionalTest.testPowell.(Anon_2)",1,1,0,0,1,,0,,1,1,0,0,1,9,9,8,,,7,,,,1,1,1,,1,1,8,8,2,0,0,,,0,1,0,,0,4,0,,6,5,2,,,1,1,,0,0,1,1,1,1,0.00
Public Method,"org.apache.commons.math3.optimization.direct.SimplexOptimizerMultiDirectionalTest.testPowell.(Anon_2).value",,,,,,,,,,,,,,8,8,7,2,0,7,1,1,0,,,,0,,,,,,,,,,,,,1,0,4,0,1,6,5,2,1,1,,,0,0,,1,1,1,1,0.00
Public Method,"org.apache.commons.math3.optimization.direct.SimplexOptimizerMultiDirectionalTest.testRosenbrock",,,,,,,,,,,,,,24,22,16,9,0,15,1,1,0,,,,0,,,,,,,,,,,,,2,2,8,0,1,13,7,8,1,1,,,0,0,,1,1,1,1,0.00
Anonymous Class,"org.apache.commons.math3.optimization.direct.SimplexOptimizerMultiDirectionalTest.testRosenbrock.(Anon_1)",1,1,0,0,1,,0,,1,1,0,0,1,7,7,6,,,5,,,,1,1,1,,1,1,6,6,2,0,0,,,0,1,0,,0,2,0,,4,3,2,,,1,1,,0,0,1,1,1,1,0.00
Public Method,"org.apache.commons.math3.optimization.direct.SimplexOptimizerMultiDirectionalTest.testRosenbrock.(Anon_1).value",,,,,,,,,,,,,,6,6,5,2,0,5,1,1,0,,,,0,,,,,,,,,,,,,1,0,2,0,1,4,3,2,1,1,,,0,0,,1,1,1,1,0.00
Public Class,"org.apache.commons.math3.optimization.direct.SimplexOptimizerNelderMeadTest",1,1,1,0,13,,0,,10,10,0,0,10,233,203,134,,,140,,,,1,1,1,,1,1,15,14,1,0,0,,,0,10,0,,29,96,5,,116,74,66,,,1,1,,0,0,10,10,10,10,0.02
Private Static Class,"org.apache.commons.math3.optimization.direct.SimplexOptimizerNelderMeadTest.FourExtrema",2,1,0,0,1,,0,,1,1,0,0,1,18,16,12,,,13,,,,2,1,1,,2,3,6,6,2,0,0,,,8,1,0,,1,12,5,,11,12,1,,,2,3,,0,100,2,3,1,2,0.31
Public Method,"org.apache.commons.math3.optimization.direct.SimplexOptimizerNelderMeadTest.FourExtrema.value",,,,,,,,,,,,,,6,6,4,2,0,4,2,3,0,,,,0,,,,,,,,,,,,,1,0,3,0,1,3,3,1,2,1,,,0,0,,2,3,1,2,0.00
Private Static Class,"org.apache.commons.math3.optimization.direct.SimplexOptimizerNelderMeadTest.Powell",1,1,0,0,0,,0,,3,3,0,0,3,20,17,8,,,13,,,,1,1,1,,1,1,4,4,2,0,0,,,1,3,0,,3,9,0,,9,9,4,,,1,1,,0,0,3,3,3,3,0.00
Public Constructor,"org.apache.commons.math3.optimization.direct.SimplexOptimizerNelderMeadTest.Powell.Powell",,,,,,,,,,,,,,3,3,1,2,0,2,1,1,0,,,,0,,,,,,,,,,,,,2,0,1,0,1,1,1,1,1,1,,,0,0,,1,1,1,1,0.00
Public Method,"org.apache.commons.math3.optimization.direct.SimplexOptimizerNelderMeadTest.Powell.getCount",,,,,,,,,,,,,,3,3,1,1,0,2,1,1,0,,,,0,,,,,,,,,,,,,2,0,1,0,1,1,1,1,1,1,,,0,0,,1,1,1,1,0.00
Public Method,"org.apache.commons.math3.optimization.direct.SimplexOptimizerNelderMeadTest.Powell.value",,,,,,,,,,,,,,8,8,6,2,0,7,1,1,0,,,,0,,,,,,,,,,,,,1,0,5,0,1,6,5,2,1,1,,,0,0,,1,1,1,1,0.00
Private Static Class,"org.apache.commons.math3.optimization.direct.SimplexOptimizerNelderMeadTest.Rosenbrock",1,1,0,0,0,,0,,3,3,0,0,3,18,15,6,,,11,,,,1,1,1,,1,1,4,4,2,0,0,,,1,3,0,,3,7,0,,7,7,4,,,1,1,,0,0,3,3,3,3,0.00
Public Constructor,"org.apache.commons.math3.optimization.direct.SimplexOptimizerNelderMeadTest.Rosenbrock.Rosenbrock",,,,,,,,,,,,,,3,3,1,2,0,2,1,1,0,,,,0,,,,,,,,,,,,,1,0,1,0,1,1,1,1,1,1,,,0,0,,1,1,1,1,0.00
Public Method,"org.apache.commons.math3.optimization.direct.SimplexOptimizerNelderMeadTest.Rosenbrock.getCount",,,,,,,,,,,,,,3,3,1,1,0,2,1,1,0,,,,0,,,,,,,,,,,,,2,0,1,0,1,1,1,1,1,1,,,0,0,,1,1,1,1,0.00
Public Method,"org.apache.commons.math3.optimization.direct.SimplexOptimizerNelderMeadTest.Rosenbrock.value",,,,,,,,,,,,,,6,6,4,2,0,5,1,1,0,,,,0,,,,,,,,,,,,,1,0,3,0,1,4,3,2,1,1,,,0,0,,1,1,1,1,0.00
Public Method,"org.apache.commons.math3.optimization.direct.SimplexOptimizerNelderMeadTest.testLeastSquares1",,,,,,,,,,,,,,22,21,16,11,0,13,1,1,0,,,,0,,,,,,,,,,,,,1,1,8,0,1,11,6,7,1,1,,,0,0,,1,1,1,1,0.00
Anonymous Class,"org.apache.commons.math3.optimization.direct.SimplexOptimizerNelderMeadTest.testLeastSquares1.(Anon_1)",1,1,0,0,2,,0,,1,1,0,0,1,4,4,3,,,2,,,,1,1,1,,1,1,3,3,2,0,0,,,0,1,0,,0,1,0,,1,1,1,,,1,1,,0,0,1,1,1,1,0.00
Public Method,"org.apache.commons.math3.optimization.direct.SimplexOptimizerNelderMeadTest.testLeastSquares1.(Anon_1).value",,,,,,,,,,,,,,3,3,2,2,0,2,1,1,0,,,,0,,,,,,,,,,,,,1,0,0,0,1,1,1,1,1,1,,,0,0,,1,1,1,1,0.00
Public Method,"org.apache.commons.math3.optimization.direct.SimplexOptimizerNelderMeadTest.testLeastSquares2",,,,,,,,,,,,,,22,21,16,11,0,13,1,1,0,,,,0,,,,,,,,,,,,,1,1,8,0,1,11,6,7,1,1,,,0,0,,1,1,1,1,0.00
Anonymous Class,"org.apache.commons.math3.optimization.direct.SimplexOptimizerNelderMeadTest.testLeastSquares2.(Anon_2)",1,1,0,0,2,,0,,1,1,0,0,1,4,4,3,,,2,,,,1,1,1,,1,1,3,3,2,0,0,,,0,1,0,,0,1,0,,1,1,1,,,1,1,,0,0,1,1,1,1,0.00
Public Method,"org.apache.commons.math3.optimization.direct.SimplexOptimizerNelderMeadTest.testLeastSquares2.(Anon_2).value",,,,,,,,,,,,,,3,3,2,2,0,2,1,1,0,,,,0,,,,,,,,,,,,,1,0,0,0,1,1,1,1,1,1,,,0,0,,1,1,1,1,0.00
Public Method,"org.apache.commons.math3.optimization.direct.SimplexOptimizerNelderMeadTest.testLeastSquares3",,,,,,,,,,,,,,24,23,18,12,0,13,1,1,0,,,,0,,,,,,,,,,,,,1,1,8,0,1,11,6,7,1,1,,,0,0,,1,1,1,1,0.00
Anonymous Class,"org.apache.commons.math3.optimization.direct.SimplexOptimizerNelderMeadTest.testLeastSquares3.(Anon_3)",1,1,0,0,2,,0,,1,1,0,0,1,4,4,3,,,2,,,,1,1,1,,1,1,3,3,2,0,0,,,0,1,0,,0,1,0,,1,1,1,,,1,1,,0,0,1,1,1,1,0.00
Public Method,"org.apache.commons.math3.optimization.direct.SimplexOptimizerNelderMeadTest.testLeastSquares3.(Anon_3).value",,,,,,,,,,,,,,3,3,2,2,0,2,1,1,0,,,,0,,,,,,,,,,,,,1,0,0,0,1,1,1,1,1,1,,,0,0,,1,1,1,1,0.00
Public Method,"org.apache.commons.math3.optimization.direct.SimplexOptimizerNelderMeadTest.testMaxIterations",,,,,,,,,,,,,,6,6,4,5,0,5,1,1,0,,,,0,,,,,,,,,,,,,1,0,3,0,1,4,3,2,1,1,,,0,0,,1,1,1,1,0.00
Public Method,"org.apache.commons.math3.optimization.direct.SimplexOptimizerNelderMeadTest.testMaximize1",,,,,,,,,,,,,,13,12,9,9,0,10,1,1,0,,,,0,,,,,,,,,,,,,4,1,5,0,1,9,4,6,1,1,,,0,0,,1,1,1,1,0.00
Public Method,"org.apache.commons.math3.optimization.direct.SimplexOptimizerNelderMeadTest.testMaximize2",,,,,,,,,,,,,,13,12,9,9,0,10,1,1,0,,,,0,,,,,,,,,,,,,4,1,5,0,1,9,4,6,1,1,,,0,0,,1,1,1,1,0.00
Public Method,"org.apache.commons.math3.optimization.direct.SimplexOptimizerNelderMeadTest.testMinimize1",,,,,,,,,,,,,,13,12,9,9,0,10,1,1,0,,,,0,,,,,,,,,,,,,4,1,5,0,1,9,4,6,1,1,,,0,0,,1,1,1,1,0.00
Public Method,"org.apache.commons.math3.optimization.direct.SimplexOptimizerNelderMeadTest.testMinimize2",,,,,,,,,,,,,,13,12,9,9,0,10,1,1,0,,,,0,,,,,,,,,,,,,4,1,5,0,1,9,4,6,1,1,,,0,0,,1,1,1,1,0.00
Public Method,"org.apache.commons.math3.optimization.direct.SimplexOptimizerNelderMeadTest.testPowell",,,,,,,,,,,,,,12,11,8,10,0,9,1,1,0,,,,0,,,,,,,,,,,,,1,1,5,0,1,8,4,5,1,1,,,0,0,,1,1,1,1,0.00
Public Method,"org.apache.commons.math3.optimization.direct.SimplexOptimizerNelderMeadTest.testRosenbrock",,,,,,,,,,,,,,15,13,10,10,0,9,1,1,0,,,,0,,,,,,,,,,,,,1,2,5,0,1,8,4,5,1,1,,,0,0,,1,1,1,1,0.00
Package,"org.apache.commons.math3.optimization.fitting",1,1,1,4,,17,6,10,67,,0,11,56,1855,968,624,,,647,,,,10,10,,,1,2,17,11,,,1,,,14,68,1,,191,395,696,,502,353,294,,,10,11,,4,,131,139,81,131,0.72
Public Class,"org.apache.commons.math3.optimization.fitting.CurveFitter",1,1,0,8,6,,0,,8,8,0,0,8,178,68,32,,,49,,,,2,1,1,,1,1,13,4,1,3,0,,,2,8,0,,17,27,93,,29,28,21,,,2,2,,1,50,9,9,8,9,1.37
Public Constructor,"org.apache.commons.math3.optimization.fitting.CurveFitter.CurveFitter",,,,,,,,,,,,,,7,4,2,3,0,3,1,1,0,,,,0,,,,,,,,,,,,,7,0,1,3,1,2,1,2,1,1,,,0,0,,1,1,1,1,0.75
Private Class,"org.apache.commons.math3.optimization.fitting.CurveFitter.TheoreticalValuesFunction",1,1,1,2,4,,0,,3,3,0,0,3,41,27,14,,,20,,,,2,1,1,,1,1,10,7,2,0,0,,,1,3,0,,6,10,8,,11,12,8,,,2,2,,1,33,4,4,3,4,0.30
Public Constructor,"org.apache.commons.math3.optimization.fitting.CurveFitter.TheoreticalValuesFunction.TheoreticalValuesFunction",,,,,,,,,,,,,,6,3,1,2,0,2,1,1,0,,,,0,,,,,,,,,,,,,2,0,1,3,1,1,1,1,1,1,,,0,0,,1,1,1,1,1.00
Public Method,"org.apache.commons.math3.optimization.fitting.CurveFitter.TheoreticalValuesFunction.jacobian",,,,,,,,,,,,,,15,12,8,1,0,9,1,1,0,,,,0,,,,,,,,,,,,,0,2,3,1,1,5,5,4,1,1,,,0,0,,1,1,1,1,0.08
Anonymous Class,"org.apache.commons.math3.optimization.fitting.CurveFitter.TheoreticalValuesFunction.jacobian.(Anon_1)",2,1,2,0,4,,0,,1,1,0,0,1,11,9,7,,,7,,,,2,1,1,,2,2,10,8,2,0,0,,,0,1,0,,2,2,0,,4,4,3,,,2,2,,1,0,2,2,1,2,0.00
Public Method,"org.apache.commons.math3.optimization.fitting.CurveFitter.TheoreticalValuesFunction.jacobian.(Anon_1).value",,,,,,,,,,,,,,10,8,6,4,0,7,2,2,0,,,,0,,,,,,,,,,,,,3,2,2,0,2,4,4,3,2,1,,,0,1,,2,2,1,2,0.00
Public Method,"org.apache.commons.math3.optimization.fitting.CurveFitter.TheoreticalValuesFunction.value",,,,,,,,,,,,,,11,8,5,4,0,7,2,2,0,,,,0,,,,,,,,,,,,,3,1,3,2,2,4,4,3,2,1,,,0,1,,2,2,1,2,0.25
Public Method,"org.apache.commons.math3.optimization.fitting.CurveFitter.addObservedPoint",,,,,,,,,,,,,,13,3,1,1,0,2,1,1,0,,,,0,,,,,,,,,,,,,7,0,1,10,1,1,1,1,1,1,,,0,0,,1,1,1,1,3.33
Public Method,"org.apache.commons.math3.optimization.fitting.CurveFitter.addObservedPoint",,,,,,,,,,,,,,12,3,1,2,0,2,1,1,0,,,,0,,,,,,,,,,,,,14,0,1,9,1,1,1,1,1,1,,,0,0,,1,1,1,1,3.00
Public Method,"org.apache.commons.math3.optimization.fitting.CurveFitter.addObservedPoint",,,,,,,,,,,,,,9,3,1,1,0,2,1,1,0,,,,0,,,,,,,,,,,,,2,0,1,6,1,1,1,1,1,1,,,0,0,,1,1,1,1,2.00
Public Method,"org.apache.commons.math3.optimization.fitting.CurveFitter.clearObservations",,,,,,,,,,,,,,6,3,1,1,0,2,1,1,0,,,,0,,,,,,,,,,,,,2,0,1,3,1,1,1,1,1,1,,,0,0,,1,1,1,1,1.00
Public Method,"org.apache.commons.math3.optimization.fitting.CurveFitter.fit",,,,,,,,,,,,,,16,3,1,2,0,2,1,1,0,,,,0,,,,,,,,,,,,,8,0,1,13,1,1,1,1,1,1,,,0,0,,1,1,1,1,4.33
Public Method,"org.apache.commons.math3.optimization.fitting.CurveFitter.fit",,,,,,,,,,,,,,37,15,10,7,0,11,2,2,0,,,,0,,,,,,,,,,,,,6,2,7,20,2,8,6,5,2,1,,,0,1,,2,2,1,2,1.33
Public Method,"org.apache.commons.math3.optimization.fitting.CurveFitter.getObservations",,,,,,,,,,,,,,9,3,1,3,0,2,1,1,0,,,,0,,,,,,,,,,,,,3,0,1,6,1,1,1,1,1,1,,,0,0,,1,1,1,1,2.00
Public Class,"org.apache.commons.math3.optimization.fitting.CurveFitterTest",1,1,9,1,5,,0,,3,3,0,0,3,127,88,67,,,74,,,,1,1,1,,1,1,34,23,1,0,0,,,0,3,0,,34,37,5,,64,35,39,,,1,1,,0,0,3,3,3,3,0.06
Private Static Class,"org.apache.commons.math3.optimization.fitting.CurveFitterTest.SimpleInverseFunction",2,1,0,0,0,,0,,2,2,0,0,2,15,13,6,,,9,,,,2,1,1,,2,2,5,5,2,0,0,,,0,2,0,,2,4,0,,5,4,5,,,2,2,,1,0,4,4,2,4,0.00
Public Method,"org.apache.commons.math3.optimization.fitting.CurveFitterTest.SimpleInverseFunction.gradient",,,,,,,,,,,,,,8,8,5,1,0,6,2,2,0,,,,0,,,,,,,,,,,,,3,0,2,0,2,4,2,4,2,1,,,0,1,,2,2,1,2,0.00
Public Method,"org.apache.commons.math3.optimization.fitting.CurveFitterTest.SimpleInverseFunction.value",,,,,,,,,,,,,,3,3,1,1,0,2,2,2,0,,,,0,,,,,,,,,,,,,3,0,1,0,1,1,1,1,2,1,,,0,0,,2,2,1,2,0.00
Public Method,"org.apache.commons.math3.optimization.fitting.CurveFitterTest.testMath303",,,,,,,,,,,,,,21,16,14,5,0,15,1,1,0,,,,0,,,,,,,,,,,,,1,5,6,0,1,14,6,9,1,1,,,0,0,,1,1,1,1,0.00
Public Method,"org.apache.commons.math3.optimization.fitting.CurveFitterTest.testMath304",,,,,,,,,,,,,,20,15,13,5,0,14,1,1,0,,,,0,,,,,,,,,,,,,0,5,6,0,1,13,6,8,1,1,,,0,0,,1,1,1,1,0.00
Public Method,"org.apache.commons.math3.optimization.fitting.CurveFitterTest.testMath372",,,,,,,,,,,,,,61,39,34,7,0,35,1,1,0,,,,0,,,,,,,,,,,,,0,17,17,5,1,32,18,17,1,1,,,0,0,,1,1,1,1,0.13
Anonymous Class,"org.apache.commons.math3.optimization.fitting.CurveFitterTest.testMath372.(Anon_1)",1,1,5,2,1,,0,,2,2,0,0,2,38,21,19,,,18,,,,1,1,1,,1,1,17,10,2,0,0,,,0,2,0,,12,11,5,,16,12,6,,,1,1,,0,0,2,2,2,2,0.24
Public Method,"org.apache.commons.math3.optimization.fitting.CurveFitterTest.testMath372.(Anon_1).gradient",,,,,,,,,,,,,,26,13,12,3,0,12,1,1,0,,,,0,,,,,,,,,,,,,2,8,6,5,1,11,7,5,1,1,,,0,0,,1,1,1,1,0.38
Public Method,"org.apache.commons.math3.optimization.fitting.CurveFitterTest.testMath372.(Anon_1).value",,,,,,,,,,,,,,9,7,6,2,0,6,1,1,0,,,,0,,,,,,,,,,,,,2,2,4,0,1,5,5,1,1,1,,,0,0,,1,1,1,1,0.00
Public Class,"org.apache.commons.math3.optimization.fitting.GaussianFitter",1,1,1,8,3,,0,,3,11,0,0,3,303,159,98,,,106,,,,1,1,2,,1,1,20,10,1,0,0,,,0,3,0,,18,38,126,,65,38,68,,,1,1,,0,0,3,3,3,3,0.79
Public Constructor,"org.apache.commons.math3.optimization.fitting.GaussianFitter.GaussianFitter",,,,,,,,,,,,,,8,3,1,2,0,2,1,1,0,,,,0,,,,,,,,,,,,,9,0,1,5,1,1,1,1,1,1,,,0,0,,1,1,1,1,1.67
Public Static Class,"org.apache.commons.math3.optimization.fitting.GaussianFitter.ParameterGuesser",2,1,0,8,6,,0,,8,8,0,6,2,212,126,78,,,86,,,,7,3,1,,2,3,24,15,1,0,0,,,2,8,0,,12,27,74,,53,27,59,,,7,7,,2,81,23,26,12,23,0.59
Public Constructor,"org.apache.commons.math3.optimization.fitting.GaussianFitter.ParameterGuesser.ParameterGuesser",,,,,,,,,,,,,,14,9,5,5,1,6,3,3,0,,,,0,,,,,,,,,,,,,4,0,1,5,4,3,1,5,3,1,,,0,1,,3,3,1,3,0.56
Private Method,"org.apache.commons.math3.optimization.fitting.GaussianFitter.ParameterGuesser.basicGuess",,,,,,,,,,,,,,27,18,14,9,0,15,2,2,1,,,,0,,,,,,,,,,,,,3,3,7,6,2,13,7,8,2,1,,,0,1,,2,2,1,2,0.33
Private Method,"org.apache.commons.math3.optimization.fitting.GaussianFitter.ParameterGuesser.createWeightedObservedPointComparator",,,,,,,,,,,,,,40,34,22,1,0,22,1,1,0,,,,0,,,,,,,,,,,,,1,0,1,6,1,11,2,20,1,1,,,0,0,,1,1,1,1,0.18
Anonymous Class,"org.apache.commons.math3.optimization.fitting.GaussianFitter.ParameterGuesser.createWeightedObservedPointComparator.(Anon_2)",10,10,0,0,1,,0,,1,1,0,0,1,31,31,21,,,20,,,,10,10,2,,10,11,30,30,1,0,0,,,0,1,0,,0,0,0,,10,1,19,,,10,11,,1,0,10,11,10,10,0.00
Public Method,"org.apache.commons.math3.optimization.fitting.GaussianFitter.ParameterGuesser.createWeightedObservedPointComparator.(Anon_2).compare",,,,,,,,,,,,,,30,30,20,4,1,20,10,11,9,,,,9,,,,,,,,,,,,,2,0,0,0,10,10,1,19,10,10,,,9,1,,10,11,10,10,0.00
Private Method,"org.apache.commons.math3.optimization.fitting.GaussianFitter.ParameterGuesser.findMaxY",,,,,,,,,,,,,,15,9,5,2,0,8,3,3,0,,,,0,,,,,,,,,,,,,3,0,2,6,3,5,3,5,3,1,,,0,2,,3,3,1,3,0.67
Private Method,"org.apache.commons.math3.optimization.fitting.GaussianFitter.ParameterGuesser.getInterpolationPointsForY",,,,,,,,,,,,,,39,23,15,7,1,15,7,7,3,,,,3,,,,,,,,,,,,,6,1,5,15,10,9,5,10,7,3,,,3,2,,7,7,3,7,0.65
Public Method,"org.apache.commons.math3.optimization.fitting.GaussianFitter.ParameterGuesser.guess",,,,,,,,,,,,,,11,6,3,4,0,4,2,2,0,,,,0,,,,,,,,,,,,,3,0,1,5,2,2,1,3,2,1,,,0,1,,2,2,1,2,0.83
Private Method,"org.apache.commons.math3.optimization.fitting.GaussianFitter.ParameterGuesser.interpolateXAtY",,,,,,,,,,,,,,33,19,12,5,1,11,4,4,2,,,,2,,,,,,,,,,,,,5,0,6,14,6,7,4,7,4,3,,,2,1,,4,4,3,4,0.74
Private Method,"org.apache.commons.math3.optimization.fitting.GaussianFitter.ParameterGuesser.isBetween",,,,,,,,,,,,,,14,4,2,1,0,2,1,4,0,,,,0,,,,,,,,,,,,,4,0,1,10,1,1,1,1,1,1,,,0,0,,1,4,1,1,2.50
Public Method,"org.apache.commons.math3.optimization.fitting.GaussianFitter.fit",,,,,,,,,,,,,,42,24,17,2,0,14,1,1,0,,,,0,,,,,,,,,,,,,2,3,7,15,1,9,7,7,1,1,,,0,0,,1,1,1,1,0.62
Public Method,"org.apache.commons.math3.optimization.fitting.GaussianFitter.fit",,,,,,,,,,,,,,10,4,2,5,0,3,1,1,0,,,,0,,,,,,,,,,,,,8,0,2,6,1,2,2,1,1,1,,,0,0,,1,1,1,1,1.50
Anonymous Class,"org.apache.commons.math3.optimization.fitting.GaussianFitter.fit.(Anon_1)",2,1,0,1,3,,0,,2,2,0,0,2,24,20,16,,,11,,,,2,1,1,,2,2,10,9,2,0,0,,,1,2,0,,2,5,2,,7,5,6,,,2,2,,1,0,4,4,2,4,0.10
Public Method,"org.apache.commons.math3.optimization.fitting.GaussianFitter.fit.(Anon_1).gradient",,,,,,,,,,,,,,11,10,8,2,0,5,2,2,1,,,,0,,,,,,,,,,,,,3,0,3,1,2,3,2,3,2,1,,,0,1,,2,2,1,2,0.10
Public Method,"org.apache.commons.math3.optimization.fitting.GaussianFitter.fit.(Anon_1).value",,,,,,,,,,,,,,9,8,6,2,0,5,2,2,1,,,,0,,,,,,,,,,,,,3,0,1,1,2,3,2,3,2,1,,,0,1,,2,2,1,2,0.12
Public Class,"org.apache.commons.math3.optimization.fitting.GaussianFitterTest",1,1,0,3,4,,5,,8,9,0,0,8,311,249,211,,,63,,,,2,1,1,,1,1,15,10,1,0,1,,,0,9,1,,17,71,45,,51,32,31,,,2,2,,1,88,11,11,9,11,0.18
Protected Static Method,"org.apache.commons.math3.optimization.fitting.GaussianFitterTest.addDatasetToGaussianFitter",,,,,,,,,,,,,,17,6,2,1,0,5,2,2,0,,,,0,,,,,,,,,,,,,9,0,2,11,2,3,2,3,2,1,,,0,1,,2,2,1,2,1.83
Public Method,"org.apache.commons.math3.optimization.fitting.GaussianFitterTest.testFit01",,,,,,,,,,,,,,12,8,6,5,0,7,1,1,0,,,,0,,,,,,,,,,,,,1,1,3,3,1,6,3,4,1,1,,,0,0,,1,1,1,1,0.38
Public Method,"org.apache.commons.math3.optimization.fitting.GaussianFitterTest.testFit02",,,,,,,,,,,,,,7,4,2,3,0,3,1,1,0,,,,0,,,,,,,,,,,,,0,0,2,3,1,2,2,1,1,1,,,0,0,,1,1,1,1,0.75
Public Method,"org.apache.commons.math3.optimization.fitting.GaussianFitterTest.testFit03",,,,,,,,,,,,,,11,8,6,4,0,4,1,1,0,,,,0,,,,,,,,,,,,,0,0,2,3,1,3,2,2,1,1,,,0,0,,1,1,1,1,0.38
Public Method,"org.apache.commons.math3.optimization.fitting.GaussianFitterTest.testFit04",,,,,,,,,,,,,,12,8,6,5,0,7,1,1,0,,,,0,,,,,,,,,,,,,1,1,3,3,1,6,3,4,1,1,,,0,0,,1,1,1,1,0.38
Public Method,"org.apache.commons.math3.optimization.fitting.GaussianFitterTest.testFit05",,,,,,,,,,,,,,12,8,6,5,0,7,1,1,0,,,,0,,,,,,,,,,,,,1,1,3,3,1,6,3,4,1,1,,,0,0,,1,1,1,1,0.38
Public Method,"org.apache.commons.math3.optimization.fitting.GaussianFitterTest.testFit06",,,,,,,,,,,,,,12,8,6,5,0,7,1,1,0,,,,0,,,,,,,,,,,,,1,1,3,3,1,6,3,4,1,1,,,0,0,,1,1,1,1,0.38
Public Method,"org.apache.commons.math3.optimization.fitting.GaussianFitterTest.testFit07",,,,,,,,,,,,,,12,8,6,5,0,7,1,1,0,,,,0,,,,,,,,,,,,,1,1,3,3,1,6,3,4,1,1,,,0,0,,1,1,1,1,0.38
Public Method,"org.apache.commons.math3.optimization.fitting.GaussianFitterTest.testMath519",,,,,,,,,,,,,,43,38,33,5,0,10,2,2,0,,,,0,,,,,,,,,,,,,1,3,31,2,2,8,5,5,2,1,,,0,1,,2,2,1,2,0.05
Public Class,"org.apache.commons.math3.optimization.fitting.HarmonicFitter",1,1,0,9,4,,0,,3,11,0,0,3,327,125,88,,,108,,,,1,1,2,,1,1,12,3,1,0,0,,,0,3,0,,18,54,184,,86,57,51,,,1,1,,0,0,3,3,3,3,1.47
Public Constructor,"org.apache.commons.math3.optimization.fitting.HarmonicFitter.HarmonicFitter",,,,,,,,,,,,,,7,3,1,2,0,2,1,1,0,,,,0,,,,,,,,,,,,,7,0,1,4,1,1,1,1,1,1,,,0,0,,1,1,1,1,1.33
Public Static Class,"org.apache.commons.math3.optimization.fitting.HarmonicFitter.ParameterGuesser",3,1,2,8,5,,0,,5,5,0,3,2,274,114,85,,,101,,,,7,1,1,,3,3,32,21,1,0,0,,,4,5,0,,15,50,145,,83,53,48,,,7,8,,4,44,17,19,5,17,1.27
Public Constructor,"org.apache.commons.math3.optimization.fitting.HarmonicFitter.ParameterGuesser.ParameterGuesser",,,,,,,,,,,,,,14,7,4,4,0,4,2,2,0,,,,0,,,,,,,,,,,,,4,1,1,6,2,2,1,3,2,1,,,0,1,,2,2,1,2,0.86
Public Method,"org.apache.commons.math3.optimization.fitting.HarmonicFitter.ParameterGuesser.guess",,,,,,,,,,,,,,16,6,4,4,0,5,1,1,0,,,,0,,,,,,,,,,,,,4,0,1,10,1,4,1,4,1,1,,,0,0,,1,1,1,1,1.67
Private Method,"org.apache.commons.math3.optimization.fitting.HarmonicFitter.ParameterGuesser.guessAOmega",,,,,,,,,,,,,,77,57,48,6,1,52,7,8,1,,,,0,,,,,,,,,,,,,3,6,27,14,22,45,28,24,7,1,,,0,3,,7,8,1,7,0.25
Private Method,"org.apache.commons.math3.optimization.fitting.HarmonicFitter.ParameterGuesser.guessPhi",,,,,,,,,,,,,,27,19,16,6,0,19,2,2,0,,,,0,,,,,,,,,,,,,4,3,11,5,2,17,12,7,2,1,,,0,1,,2,2,1,2,0.26
Private Method,"org.apache.commons.math3.optimization.fitting.HarmonicFitter.ParameterGuesser.sortObservations",,,,,,,,,,,,,,26,19,13,2,1,16,5,6,0,,,,0,,,,,,,,,,,,,3,0,5,7,5,11,6,10,5,1,,,0,4,,5,6,1,5,0.37
Public Method,"org.apache.commons.math3.optimization.fitting.HarmonicFitter.fit",,,,,,,,,,,,,,15,3,1,2,0,2,1,1,0,,,,0,,,,,,,,,,,,,3,0,1,12,1,1,1,1,1,1,,,0,0,,1,1,1,1,4.00
Public Method,"org.apache.commons.math3.optimization.fitting.HarmonicFitter.fit",,,,,,,,,,,,,,14,3,1,5,0,2,1,1,0,,,,0,,,,,,,,,,,,,5,0,1,11,1,1,1,1,1,1,,,0,0,,1,1,1,1,3.67
Public Class,"org.apache.commons.math3.optimization.fitting.HarmonicFitterTest",2,1,2,0,7,,0,,6,6,0,0,6,149,108,74,,,95,,,,4,1,1,,2,2,20,16,1,0,0,,,0,6,0,,24,57,17,,80,53,42,,,4,4,,1,0,14,14,6,14,0.16
Public Method,"org.apache.commons.math3.optimization.fitting.HarmonicFitterTest.test1PercentError",,,,,,,,,,,,,,19,17,13,9,0,15,2,2,0,,,,0,,,,,,,,,,,,,0,2,9,0,2,13,9,6,2,1,,,0,1,,2,2,1,2,0.00
Public Method,"org.apache.commons.math3.optimization.fitting.HarmonicFitterTest.testInitialGuess",,,,,,,,,,,,,,19,17,13,9,0,15,2,2,0,,,,0,,,,,,,,,,,,,0,2,9,0,2,13,9,6,2,1,,,0,1,,2,2,1,2,0.00
Public Method,"org.apache.commons.math3.optimization.fitting.HarmonicFitterTest.testNoError",,,,,,,,,,,,,,23,19,14,10,1,19,3,3,0,,,,0,,,,,,,,,,,,,0,4,9,0,4,16,10,9,3,1,,,0,1,,3,3,1,3,0.00
Public Method,"org.apache.commons.math3.optimization.fitting.HarmonicFitterTest.testPreconditions1",,,,,,,,,,,,,,6,5,2,3,0,3,1,1,0,,,,0,,,,,,,,,,,,,0,1,3,0,1,2,2,1,1,1,,,0,0,,1,1,1,1,0.00
Public Method,"org.apache.commons.math3.optimization.fitting.HarmonicFitterTest.testTinyVariationsData",,,,,,,,,,,,,,13,9,5,5,0,8,2,2,0,,,,0,,,,,,,,,,,,,0,2,4,2,2,6,4,4,2,1,,,0,1,,2,2,1,2,0.22
Public Method,"org.apache.commons.math3.optimization.fitting.HarmonicFitterTest.testUnsorted",,,,,,,,,,,,,,41,33,27,10,1,34,4,4,0,,,,0,,,,,,,,,,,,,0,5,16,3,8,30,18,16,4,1,,,0,1,,4,4,1,4,0.09
Public Class,"org.apache.commons.math3.optimization.fitting.PolynomialFitter",1,1,0,7,3,,0,,2,10,0,0,2,35,10,3,,,7,,,,1,1,2,,1,1,11,3,1,0,0,,,1,2,0,,2,4,23,,4,4,3,,,1,1,,0,0,2,2,2,2,2.30
Public Constructor,"org.apache.commons.math3.optimization.fitting.PolynomialFitter.PolynomialFitter",,,,,,,,,,,,,,12,4,2,3,0,3,1,1,0,,,,0,,,,,,,,,,,,,6,0,1,8,1,2,1,2,1,1,,,0,0,,1,1,1,1,2.00
Public Method,"org.apache.commons.math3.optimization.fitting.PolynomialFitter.fit",,,,,,,,,,,,,,10,3,1,2,0,2,1,1,0,,,,0,,,,,,,,,,,,,5,0,1,7,1,1,1,1,1,1,,,0,0,,1,1,1,1,2.33
Public Class,"org.apache.commons.math3.optimization.fitting.PolynomialFitterTest",2,1,1,1,8,,0,,6,6,0,2,4,98,76,44,,,65,,,,4,1,1,,2,3,14,11,1,0,0,,,0,6,0,,16,33,6,,48,32,33,,,4,6,,2,0,16,18,6,16,0.08
Private Method,"org.apache.commons.math3.optimization.fitting.PolynomialFitterTest.buildRandomPolynomial",,,,,,,,,,,,,,7,7,4,3,0,7,2,2,0,,,,0,,,,,,,,,,,,,5,0,2,0,2,5,3,4,2,1,,,0,1,,2,2,1,2,0.00
Private Method,"org.apache.commons.math3.optimization.fitting.PolynomialFitterTest.checkUnsolvableProblem",,,,,,,,,,,,,,24,17,11,6,1,15,4,6,1,,,,0,,,,,,,,,,,,,4,3,5,4,5,11,6,9,4,1,,,0,2,,4,6,1,4,0.24
Public Method,"org.apache.commons.math3.optimization.fitting.PolynomialFitterTest.testNoError",,,,,,,,,,,,,,20,17,11,9,1,17,4,4,0,,,,0,,,,,,,,,,,,,0,3,8,0,5,13,9,8,4,1,,,0,2,,4,4,1,4,0.00
Public Method,"org.apache.commons.math3.optimization.fitting.PolynomialFitterTest.testRedundantSolvable",,,,,,,,,,,,,,4,3,1,2,0,2,1,1,0,,,,0,,,,,,,,,,,,,0,0,1,1,1,1,1,1,1,1,,,0,0,,1,1,1,1,0.33
Public Method,"org.apache.commons.math3.optimization.fitting.PolynomialFitterTest.testRedundantUnsolvable",,,,,,,,,,,,,,6,5,2,2,0,3,1,1,0,,,,0,,,,,,,,,,,,,0,0,3,1,1,2,2,1,1,1,,,0,0,,1,1,1,1,0.20
Public Method,"org.apache.commons.math3.optimization.fitting.PolynomialFitterTest.testSmallError",,,,,,,,,,,,,,25,21,15,11,1,20,4,4,0,,,,0,,,,,,,,,,,,,0,4,9,0,5,16,10,10,4,1,,,0,2,,4,4,1,4,0.00
Public Class,"org.apache.commons.math3.optimization.fitting.WeightedObservedPoint",1,1,0,3,0,,1,,4,4,0,0,4,53,20,7,,,15,,,,1,1,1,,1,1,7,3,2,0,0,,,3,4,0,,9,9,24,,10,9,6,,,1,1,,0,62,4,4,4,4,1.20
Public Constructor,"org.apache.commons.math3.optimization.fitting.WeightedObservedPoint.WeightedObservedPoint",,,,,,,,,,,,,,10,5,3,4,0,4,1,1,0,,,,0,,,,,,,,,,,,,4,0,1,5,1,3,1,3,1,1,,,0,0,,1,1,1,1,1.00
Public Method,"org.apache.commons.math3.optimization.fitting.WeightedObservedPoint.getWeight",,,,,,,,,,,,,,6,3,1,1,0,2,1,1,0,,,,0,,,,,,,,,,,,,3,0,1,3,1,1,1,1,1,1,,,0,0,,1,1,1,1,1.00
Public Method,"org.apache.commons.math3.optimization.fitting.WeightedObservedPoint.getX",,,,,,,,,,,,,,6,3,1,1,0,2,1,1,0,,,,0,,,,,,,,,,,,,9,0,1,3,1,1,1,1,1,1,,,0,0,,1,1,1,1,1.00
Public Method,"org.apache.commons.math3.optimization.fitting.WeightedObservedPoint.getY",,,,,,,,,,,,,,6,3,1,1,0,2,1,1,0,,,,0,,,,,,,,,,,,,9,0,1,3,1,1,1,1,1,1,,,0,0,,1,1,1,1,1.00
Package,"org.apache.commons.math3.optimization.general",1,1,0,2,,68,33,23,282,,1,20,256,6638,4121,2634,,,2915,,,,36,8,,,1,2,16,12,,,9,,,81,291,14,,690,1690,1834,,2310,1529,1386,,,36,43,,5,,555,571,304,555,0.45
Public Abstract Class,"org.apache.commons.math3.optimization.general.AbstractLeastSquaresOptimizer",1,1,0,9,12,,1,,12,23,0,0,8,282,113,61,,,98,,,,4,1,2,,1,1,18,8,2,4,0,,,9,12,4,,22,44,147,,74,45,53,,,4,4,,3,75,23,23,12,23,1.30
Protected Constructor,"org.apache.commons.math3.optimization.general.AbstractLeastSquaresOptimizer.AbstractLeastSquaresOptimizer",,,,,,,,,,,,,,6,3,1,2,0,2,1,1,0,,,,0,,,,,,,,,,,,,3,0,1,3,1,1,1,1,1,1,,,0,0,,1,1,1,1,1.00
Protected Constructor,"org.apache.commons.math3.optimization.general.AbstractLeastSquaresOptimizer.AbstractLeastSquaresOptimizer",,,,,,,,,,,,,,6,1,0,1,0,1,1,1,0,,,,0,,,,,,,,,,,,,0,0,1,5,1,0,1,0,1,1,,,0,0,,1,1,1,1,5.00
Public Method,"org.apache.commons.math3.optimization.general.AbstractLeastSquaresOptimizer.getChiSquare",,,,,,,,,,,,,,9,3,1,1,0,2,1,1,0,,,,0,,,,,,,,,,,,,7,0,1,6,1,1,1,1,1,1,,,0,0,,1,1,1,1,2.00
Public Method,"org.apache.commons.math3.optimization.general.AbstractLeastSquaresOptimizer.getCovariances",,,,,,,,,,,,,,12,3,1,2,0,2,1,1,0,,,,0,,,,,,,,,,,,,6,0,1,9,1,1,1,1,1,1,,,0,0,,1,1,1,1,3.00
Public Method,"org.apache.commons.math3.optimization.general.AbstractLeastSquaresOptimizer.getCovariances",,,,,,,,,,,,,,37,17,11,7,1,18,4,4,0,,,,0,,,,,,,,,,,,,6,2,5,18,4,14,7,11,4,1,,,0,3,,4,4,1,4,1.06
Public Method,"org.apache.commons.math3.optimization.general.AbstractLeastSquaresOptimizer.getJacobianEvaluations",,,,,,,,,,,,,,6,3,1,1,0,2,1,1,0,,,,0,,,,,,,,,,,,,3,0,1,3,1,1,1,1,1,1,,,0,0,,1,1,1,1,1.00
Public Method,"org.apache.commons.math3.optimization.general.AbstractLeastSquaresOptimizer.getRMS",,,,,,,,,,,,,,13,3,1,3,0,2,1,1,0,,,,0,,,,,,,,,,,,,20,0,1,10,1,1,1,1,1,1,,,0,0,,1,1,1,1,3.33
Public Method,"org.apache.commons.math3.optimization.general.AbstractLeastSquaresOptimizer.getSigma",,,,,,,,,,,,,,21,8,5,3,0,8,2,2,0,,,,0,,,,,,,,,,,,,5,0,3,13,2,6,4,4,2,1,,,0,1,,2,2,1,2,1.62
Public Method,"org.apache.commons.math3.optimization.general.AbstractLeastSquaresOptimizer.guessParametersErrors",,,,,,,,,,,,,,42,13,9,5,1,11,3,3,0,,,,0,,,,,,,,,,,,,8,0,4,29,4,8,5,6,3,1,,,0,1,,3,3,1,3,2.23
Public Method,"org.apache.commons.math3.optimization.general.AbstractLeastSquaresOptimizer.optimize",,,,,,,,,,,,,,23,14,9,12,0,10,1,1,0,,,,0,,,,,,,,,,,,,36,5,4,4,1,9,1,9,1,1,,,0,0,,1,1,1,1,0.29
Protected Method,"org.apache.commons.math3.optimization.general.AbstractLeastSquaresOptimizer.updateJacobian",,,,,,,,,,,,,,24,15,10,6,1,15,4,4,0,,,,0,,,,,,,,,,,,,10,2,4,7,6,11,6,9,4,1,,,0,2,,4,4,1,4,0.47
Protected Method,"org.apache.commons.math3.optimization.general.AbstractLeastSquaresOptimizer.updateResidualsAndCost",,,,,,,,,,,,,,24,15,11,8,1,14,3,3,0,,,,0,,,,,,,,,,,,,9,2,4,7,4,11,5,9,3,1,,,0,1,,3,3,1,3,0.47
Public Abstract Class,"org.apache.commons.math3.optimization.general.AbstractLeastSquaresOptimizerAbstractTest",1,1,0,0,12,,0,,20,20,0,0,20,494,386,288,,,231,,,,2,1,1,,1,1,17,16,1,2,0,,,1,20,0,,45,149,63,,200,107,124,,,2,2,,1,89,25,25,19,25,0.16
Static Class,"org.apache.commons.math3.optimization.general.AbstractLeastSquaresOptimizerAbstractTest.LinearProblem",1,1,0,0,3,,1,,3,3,0,0,3,22,19,8,,,13,,,,1,1,1,,1,1,4,4,3,0,0,,,2,3,0,,3,7,0,,8,8,5,,,1,1,,0,66,3,3,3,3,0.00
Public Constructor,"org.apache.commons.math3.optimization.general.AbstractLeastSquaresOptimizerAbstractTest.LinearProblem.LinearProblem",,,,,,,,,,,,,,4,4,2,4,0,3,1,1,0,,,,0,,,,,,,,,,,,,16,0,1,0,1,2,1,2,1,1,,,0,0,,1,1,1,1,0.00
Public Method,"org.apache.commons.math3.optimization.general.AbstractLeastSquaresOptimizerAbstractTest.LinearProblem.jacobian",,,,,,,,,,,,,,7,7,4,1,0,4,1,1,0,,,,0,,,,,,,,,,,,,0,0,1,0,1,2,2,2,1,1,,,0,0,,1,1,1,1,0.00
Anonymous Class,"org.apache.commons.math3.optimization.general.AbstractLeastSquaresOptimizerAbstractTest.LinearProblem.jacobian.(Anon_1)",1,1,0,0,2,,0,,1,1,0,0,1,4,4,3,,,2,,,,1,1,1,,1,1,3,3,2,0,0,,,0,1,0,,0,0,0,,1,1,1,,,1,1,,0,0,1,1,1,1,0.00
Public Method,"org.apache.commons.math3.optimization.general.AbstractLeastSquaresOptimizerAbstractTest.LinearProblem.jacobian.(Anon_1).value",,,,,,,,,,,,,,3,3,2,2,0,2,1,1,0,,,,0,,,,,,,,,,,,,1,0,0,0,1,1,1,1,1,1,,,0,0,,1,1,1,1,0.00
Public Method,"org.apache.commons.math3.optimization.general.AbstractLeastSquaresOptimizerAbstractTest.LinearProblem.value",,,,,,,,,,,,,,3,3,1,2,0,2,1,1,0,,,,0,,,,,,,,,,,,,2,0,1,0,1,1,1,1,1,1,,,0,0,,1,1,1,1,0.00
Public Abstract Method,"org.apache.commons.math3.optimization.general.AbstractLeastSquaresOptimizerAbstractTest.createOptimizer",,,,,,,,,,,,,,1,1,0,1,0,1,0,0,0,,,,0,,,,,,,,,,,,,17,0,1,0,0,1,1,0,0,0,,,0,0,,0,0,0,0,0.00
Public Method,"org.apache.commons.math3.optimization.general.AbstractLeastSquaresOptimizerAbstractTest.doTestStRD",,,,,,,,,,,,,,26,24,18,14,0,21,2,2,0,,,,0,,,,,,,,,,,,,6,2,12,0,2,19,12,9,2,1,,,0,1,,2,2,1,2,0.00
Public Method,"org.apache.commons.math3.optimization.general.AbstractLeastSquaresOptimizerAbstractTest.testCircleFitting",,,,,,,,,,,,,,47,45,41,18,0,43,2,2,0,,,,0,,,,,,,,,,,,,3,1,12,1,2,41,12,31,2,1,,,0,1,,2,2,1,2,0.02
Public Method,"org.apache.commons.math3.optimization.general.AbstractLeastSquaresOptimizerAbstractTest.testCircleFittingBadInit",,,,,,,,,,,,,,21,21,17,12,0,20,2,2,0,,,,0,,,,,,,,,,,,,5,0,9,0,2,18,9,11,2,1,,,0,1,,2,2,1,2,0.00
Public Method,"org.apache.commons.math3.optimization.general.AbstractLeastSquaresOptimizerAbstractTest.testCircleFittingGoodInit",,,,,,,,,,,,,,17,17,13,8,0,16,2,2,0,,,,0,,,,,,,,,,,,,2,0,8,0,2,14,8,8,2,1,,,0,1,,2,2,1,2,0.00
Public Method,"org.apache.commons.math3.optimization.general.AbstractLeastSquaresOptimizerAbstractTest.testHahn1",,,,,,,,,,,,,,3,3,1,2,0,2,1,1,0,,,,0,,,,,,,,,,,,,1,0,1,0,1,1,1,1,1,1,,,0,0,,1,1,1,1,0.00
Public Method,"org.apache.commons.math3.optimization.general.AbstractLeastSquaresOptimizerAbstractTest.testIllConditioned",,,,,,,,,,,,,,32,31,27,6,0,16,1,1,0,,,,0,,,,,,,,,,,,,1,1,10,0,1,15,6,10,1,1,,,0,0,,1,1,1,1,0.00
Public Method,"org.apache.commons.math3.optimization.general.AbstractLeastSquaresOptimizerAbstractTest.testInconsistentEquations",,,,,,,,,,,,,,11,10,8,5,0,5,1,1,0,,,,0,,,,,,,,,,,,,1,1,4,0,1,4,3,2,1,1,,,0,0,,1,1,1,1,0.00
Public Method,"org.apache.commons.math3.optimization.general.AbstractLeastSquaresOptimizerAbstractTest.testInconsistentSizes1",,,,,,,,,,,,,,14,13,9,6,0,8,1,1,0,,,,0,,,,,,,,,,,,,1,1,6,0,1,7,4,4,1,1,,,0,0,,1,1,1,1,0.00
Public Method,"org.apache.commons.math3.optimization.general.AbstractLeastSquaresOptimizerAbstractTest.testInconsistentSizes2",,,,,,,,,,,,,,14,13,9,6,0,8,1,1,0,,,,0,,,,,,,,,,,,,1,1,6,0,1,7,4,4,1,1,,,0,0,,1,1,1,1,0.00
Public Method,"org.apache.commons.math3.optimization.general.AbstractLeastSquaresOptimizerAbstractTest.testKirby2",,,,,,,,,,,,,,3,3,1,2,0,2,1,1,0,,,,0,,,,,,,,,,,,,0,0,1,0,1,1,1,1,1,1,,,0,0,,1,1,1,1,0.00
Public Method,"org.apache.commons.math3.optimization.general.AbstractLeastSquaresOptimizerAbstractTest.testMoreEstimatedParametersSimple",,,,,,,,,,,,,,13,11,9,5,0,5,1,1,0,,,,0,,,,,,,,,,,,,2,2,4,0,1,4,3,2,1,1,,,0,0,,1,1,1,1,0.00
Public Method,"org.apache.commons.math3.optimization.general.AbstractLeastSquaresOptimizerAbstractTest.testMoreEstimatedParametersUnsorted",,,,,,,,,,,,,,19,18,15,6,0,9,1,1,0,,,,0,,,,,,,,,,,,,2,1,6,0,1,8,4,5,1,1,,,0,0,,1,1,1,1,0.00
Public Method,"org.apache.commons.math3.optimization.general.AbstractLeastSquaresOptimizerAbstractTest.testNoDependency",,,,,,,,,,,,,,18,18,14,6,0,9,2,2,0,,,,0,,,,,,,,,,,,,2,0,6,0,2,7,5,4,2,1,,,0,1,,2,2,1,2,0.00
Public Method,"org.apache.commons.math3.optimization.general.AbstractLeastSquaresOptimizerAbstractTest.testNonInvertible",,,,,,,,,,,,,,12,9,7,3,0,4,1,1,0,,,,0,,,,,,,,,,,,,1,3,4,0,1,3,3,1,1,1,,,0,0,,1,1,1,1,0.00
Public Method,"org.apache.commons.math3.optimization.general.AbstractLeastSquaresOptimizerAbstractTest.testOneSet",,,,,,,,,,,,,,15,14,11,6,0,8,1,1,0,,,,0,,,,,,,,,,,,,1,1,6,0,1,7,4,4,1,1,,,0,0,,1,1,1,1,0.00
Public Method,"org.apache.commons.math3.optimization.general.AbstractLeastSquaresOptimizerAbstractTest.testQRColumnsPermutation",,,,,,,,,,,,,,16,14,10,7,0,10,1,1,0,,,,0,,,,,,,,,,,,,1,2,6,0,1,9,4,6,1,1,,,0,0,,1,1,1,1,0.00
Public Method,"org.apache.commons.math3.optimization.general.AbstractLeastSquaresOptimizerAbstractTest.testRedundantEquations",,,,,,,,,,,,,,15,14,11,6,0,7,1,1,0,,,,0,,,,,,,,,,,,,1,1,6,0,1,6,4,3,1,1,,,0,0,,1,1,1,1,0.00
Public Method,"org.apache.commons.math3.optimization.general.AbstractLeastSquaresOptimizerAbstractTest.testTrivial",,,,,,,,,,,,,,16,15,10,9,0,10,2,2,1,,,,0,,,,,,,,,,,,,1,0,6,1,2,8,4,6,2,1,,,0,1,,2,2,1,2,0.07
Public Method,"org.apache.commons.math3.optimization.general.AbstractLeastSquaresOptimizerAbstractTest.testTwoSets",,,,,,,,,,,,,,23,22,19,6,0,12,1,1,0,,,,0,,,,,,,,,,,,,1,1,7,0,1,11,5,7,1,1,,,0,0,,1,1,1,1,0.00
Public Class,"org.apache.commons.math3.optimization.general.AbstractLeastSquaresOptimizerTest",1,1,1,0,4,,0,,3,4,0,0,4,74,66,45,,,51,,,,2,1,1,,1,1,16,15,1,0,1,,,0,4,0,,8,32,0,,44,30,21,,,2,2,,1,0,5,5,4,5,0.00
Public Static Method,"org.apache.commons.math3.optimization.general.AbstractLeastSquaresOptimizerTest.createOptimizer",,,,,,,,,,,,,,11,10,7,1,0,6,1,1,0,,,,0,,,,,,,,,,,,,3,1,1,0,1,4,2,4,1,1,,,0,0,,1,1,1,1,0.00
Anonymous Class,"org.apache.commons.math3.optimization.general.AbstractLeastSquaresOptimizerTest.createOptimizer.(Anon_1)",1,1,0,0,1,,0,,1,24,0,0,0,8,7,6,,,4,,,,1,1,3,,1,1,5,5,1,0,0,,,0,1,1,,1,0,0,,3,1,3,,,1,1,,0,0,1,1,1,1,0.00
Protected Method,"org.apache.commons.math3.optimization.general.AbstractLeastSquaresOptimizerTest.createOptimizer.(Anon_1).doOptimize",,,,,,,,,,,,,,5,5,4,3,0,4,1,1,0,,,,0,,,,,,,,,,,,,0,0,0,0,1,3,1,3,1,1,,,0,0,,1,1,1,1,0.00
Public Method,"org.apache.commons.math3.optimization.general.AbstractLeastSquaresOptimizerTest.testGetChiSquare",,,,,,,,,,,,,,16,15,11,11,0,13,1,1,0,,,,0,,,,,,,,,,,,,1,1,8,0,1,12,8,5,1,1,,,0,0,,1,1,1,1,0.00
Public Method,"org.apache.commons.math3.optimization.general.AbstractLeastSquaresOptimizerTest.testGetRMS",,,,,,,,,,,,,,18,17,13,13,0,13,1,1,0,,,,0,,,,,,,,,,,,,1,1,9,0,1,12,8,5,1,1,,,0,0,,1,1,1,1,0.00
Public Method,"org.apache.commons.math3.optimization.general.AbstractLeastSquaresOptimizerTest.testGetSigma",,,,,,,,,,,,,,20,19,14,13,0,18,2,2,0,,,,0,,,,,,,,,,,,,1,1,10,0,2,16,11,7,2,1,,,0,1,,2,2,1,2,0.00
Public Class,"org.apache.commons.math3.optimization.general.AbstractLeastSquaresOptimizerTestValidation",5,1,12,28,7,,1,,3,3,0,1,2,273,134,107,,,114,,,,8,1,1,,5,5,82,42,1,0,0,,,0,3,0,,40,64,103,,95,65,49,,,8,8,,2,33,16,16,3,16,0.77
Private Method,"org.apache.commons.math3.optimization.general.AbstractLeastSquaresOptimizerTestValidation.getChi2N",,,,,,,,,,,,,,13,8,4,5,0,5,1,1,0,,,,0,,,,,,,,,,,,,5,2,5,3,1,4,3,2,1,1,,,0,0,,1,1,1,1,0.38
Public Method,"org.apache.commons.math3.optimization.general.AbstractLeastSquaresOptimizerTestValidation.testParametersErrorMonteCarloObservations",,,,,,,,,,,,,,110,60,51,17,2,51,7,7,0,,,,0,,,,,,,,,,,,,3,16,22,35,40,44,25,26,7,1,,,0,2,,7,7,1,7,0.58
Public Method,"org.apache.commons.math3.optimization.general.AbstractLeastSquaresOptimizerTestValidation.testParametersErrorMonteCarloParameters",,,,,,,,,,,,,,124,60,50,12,2,56,8,8,0,,,,0,,,,,,,,,,,,,3,19,32,48,54,46,35,21,8,1,,,0,2,,8,8,1,8,0.80
Public Abstract Class,"org.apache.commons.math3.optimization.general.AbstractScalarDifferentiableOptimizer",1,1,0,4,5,,0,,4,14,0,0,1,54,20,4,,,10,,,,1,1,2,,1,1,8,3,2,1,0,,,1,4,3,,4,12,30,,5,6,4,,,1,1,,0,50,4,4,4,4,1.50
Protected Constructor,"org.apache.commons.math3.optimization.general.AbstractScalarDifferentiableOptimizer.AbstractScalarDifferentiableOptimizer",,,,,,,,,,,,,,7,1,0,1,0,1,1,1,0,,,,0,,,,,,,,,,,,,0,0,1,6,1,0,1,0,1,1,,,0,0,,1,1,1,1,6.00
Protected Constructor,"org.apache.commons.math3.optimization.general.AbstractScalarDifferentiableOptimizer.AbstractScalarDifferentiableOptimizer",,,,,,,,,,,,,,6,3,1,2,0,2,1,1,0,,,,0,,,,,,,,,,,,,2,0,1,3,1,1,1,1,1,1,,,0,0,,1,1,1,1,1.00
Protected Method,"org.apache.commons.math3.optimization.general.AbstractScalarDifferentiableOptimizer.computeObjectiveGradient",,,,,,,,,,,,,,11,3,1,2,0,2,1,1,0,,,,0,,,,,,,,,,,,,4,0,1,8,1,1,1,1,1,1,,,0,0,,1,1,1,1,2.67
Public Method,"org.apache.commons.math3.optimization.general.AbstractScalarDifferentiableOptimizer.optimize",,,,,,,,,,,,,,10,7,2,4,0,3,1,1,0,,,,0,,,,,,,,,,,,,16,1,4,2,1,2,1,2,1,1,,,0,0,,1,1,1,1,0.29
Class,"org.apache.commons.math3.optimization.general.CircleProblem",1,1,1,2,3,,0,,8,8,0,1,7,147,94,62,,,84,,,,4,1,1,,1,1,14,11,2,0,0,,,4,8,0,,18,43,35,,68,46,38,,,4,4,,3,62,14,14,8,14,0.37
Public Constructor,"org.apache.commons.math3.optimization.general.CircleProblem.CircleProblem",,,,,,,,,,,,,,14,8,4,5,0,5,1,1,0,,,,0,,,,,,,,,,,,,4,0,3,6,1,4,1,4,1,1,,,0,0,,1,1,1,1,0.75
Public Constructor,"org.apache.commons.math3.optimization.general.CircleProblem.CircleProblem",,,,,,,,,,,,,,8,4,1,2,0,2,1,1,0,,,,0,,,,,,,,,,,,,3,0,2,4,1,1,1,1,1,1,,,0,0,,1,1,1,1,1.00
Public Method,"org.apache.commons.math3.optimization.general.CircleProblem.addPoint",,,,,,,,,,,,,,3,3,1,1,0,2,1,1,0,,,,0,,,,,,,,,,,,,4,0,1,0,1,1,1,1,1,1,,,0,0,,1,1,1,1,0.00
Public Method,"org.apache.commons.math3.optimization.general.CircleProblem.jacobian",,,,,,,,,,,,,,7,7,4,1,0,4,1,1,0,,,,0,,,,,,,,,,,,,0,0,1,0,1,2,2,2,1,1,,,0,0,,1,1,1,1,0.00
Private Method,"org.apache.commons.math3.optimization.general.CircleProblem.jacobian",,,,,,,,,,,,,,19,14,11,3,0,14,2,2,0,,,,0,,,,,,,,,,,,,3,2,4,3,2,12,5,9,2,1,,,0,1,,2,2,1,2,0.21
Anonymous Class,"org.apache.commons.math3.optimization.general.CircleProblem.jacobian.(Anon_1)",1,1,0,0,1,,0,,1,1,0,0,1,4,4,3,,,2,,,,1,1,1,,1,1,3,3,2,0,0,,,0,1,0,,0,0,0,,1,1,1,,,1,1,,0,0,1,1,1,1,0.00
Public Method,"org.apache.commons.math3.optimization.general.CircleProblem.jacobian.(Anon_1).value",,,,,,,,,,,,,,3,3,2,2,0,2,1,1,0,,,,0,,,,,,,,,,,,,1,0,0,0,1,1,1,1,1,1,,,0,0,,1,1,1,1,0.00
Public Method,"org.apache.commons.math3.optimization.general.CircleProblem.target",,,,,,,,,,,,,,11,10,7,3,0,10,2,2,0,,,,0,,,,,,,,,,,,,2,1,4,0,2,8,5,5,2,1,,,0,1,,2,2,1,2,0.00
Public Method,"org.apache.commons.math3.optimization.general.CircleProblem.value",,,,,,,,,,,,,,40,31,26,5,1,31,4,4,0,,,,0,,,,,,,,,,,,,4,6,18,3,4,27,20,11,4,1,,,0,3,,4,4,1,4,0.10
Public Method,"org.apache.commons.math3.optimization.general.CircleProblem.weight",,,,,,,,,,,,,,12,11,8,2,0,11,2,2,0,,,,0,,,,,,,,,,,,,4,1,5,0,2,9,6,5,2,1,,,0,1,,2,2,1,2,0.00
Class,"org.apache.commons.math3.optimization.general.CircleScalar",1,1,0,0,1,,0,,7,7,0,1,6,70,54,32,,,42,,,,2,1,1,,1,1,8,7,2,0,0,,,1,7,0,,11,19,5,,26,24,18,,,2,2,,1,28,10,10,7,10,0.09
Public Constructor,"org.apache.commons.math3.optimization.general.CircleScalar.CircleScalar",,,,,,,,,,,,,,3,3,1,2,0,2,1,1,0,,,,0,,,,,,,,,,,,,1,0,1,0,1,1,1,1,1,1,,,0,0,,1,1,1,1,0.00
Public Method,"org.apache.commons.math3.optimization.general.CircleScalar.addPoint",,,,,,,,,,,,,,3,3,1,1,0,2,1,1,0,,,,0,,,,,,,,,,,,,4,0,1,0,1,1,1,1,1,1,,,0,0,,1,1,1,1,0.00
Public Method,"org.apache.commons.math3.optimization.general.CircleScalar.getRadius",,,,,,,,,,,,,,7,7,4,3,0,6,2,2,0,,,,0,,,,,,,,,,,,,5,0,2,0,2,3,3,3,2,1,,,0,1,,2,2,1,2,0.00
Private Method,"org.apache.commons.math3.optimization.general.CircleScalar.gradient",,,,,,,,,,,,,,18,14,11,3,0,13,2,2,0,,,,0,,,,,,,,,,,,,6,2,6,2,2,10,7,6,2,1,,,0,1,,2,2,1,2,0.14
Public Method,"org.apache.commons.math3.optimization.general.CircleScalar.gradient",,,,,,,,,,,,,,7,7,4,1,0,4,1,1,0,,,,0,,,,,,,,,,,,,0,0,1,0,1,2,2,2,1,1,,,0,0,,1,1,1,1,0.00
Anonymous Class,"org.apache.commons.math3.optimization.general.CircleScalar.gradient.(Anon_1)",1,1,0,0,1,,0,,1,1,0,0,1,4,4,3,,,2,,,,1,1,1,,1,1,3,3,2,0,0,,,0,1,0,,0,0,0,,1,1,1,,,1,1,,0,0,1,1,1,1,0.00
Public Method,"org.apache.commons.math3.optimization.general.CircleScalar.gradient.(Anon_1).value",,,,,,,,,,,,,,3,3,2,2,0,2,1,1,0,,,,0,,,,,,,,,,,,,1,0,0,0,1,1,1,1,1,1,,,0,0,,1,1,1,1,0.00
Public Method,"org.apache.commons.math3.optimization.general.CircleScalar.partialDerivative",,,,,,,,,,,,,,7,7,4,1,0,4,1,1,0,,,,0,,,,,,,,,,,,,0,0,1,0,1,2,2,2,1,1,,,0,0,,1,1,1,1,0.00
Anonymous Class,"org.apache.commons.math3.optimization.general.CircleScalar.partialDerivative.(Anon_2)",1,1,0,0,1,,0,,1,1,0,0,1,4,4,3,,,2,,,,1,1,1,,1,1,3,3,2,0,0,,,0,1,0,,0,0,0,,1,1,1,,,1,1,,0,0,1,1,1,1,0.00
Public Method,"org.apache.commons.math3.optimization.general.CircleScalar.partialDerivative.(Anon_2).value",,,,,,,,,,,,,,3,3,2,2,0,2,1,1,0,,,,0,,,,,,,,,,,,,2,0,0,0,1,1,1,1,1,1,,,0,0,,1,1,1,1,0.00
Public Method,"org.apache.commons.math3.optimization.general.CircleScalar.value",,,,,,,,,,,,,,12,10,7,3,0,9,2,2,0,,,,0,,,,,,,,,,,,,2,2,5,0,2,6,6,3,2,1,,,0,1,,2,2,1,2,0.00
Class,"org.apache.commons.math3.optimization.general.CircleVectorial",1,1,0,0,1,,0,,7,7,0,1,6,73,56,34,,,48,,,,3,1,1,,1,1,8,7,2,0,0,,,1,7,0,,12,21,5,,33,26,22,,,3,3,,1,14,11,11,7,11,0.09
Public Constructor,"org.apache.commons.math3.optimization.general.CircleVectorial.CircleVectorial",,,,,,,,,,,,,,3,3,1,2,0,2,1,1,0,,,,0,,,,,,,,,,,,,5,0,1,0,1,1,1,1,1,1,,,0,0,,1,1,1,1,0.00
Public Method,"org.apache.commons.math3.optimization.general.CircleVectorial.addPoint",,,,,,,,,,,,,,3,3,1,1,0,2,1,1,0,,,,0,,,,,,,,,,,,,8,0,1,0,1,1,1,1,1,1,,,0,0,,1,1,1,1,0.00
Public Method,"org.apache.commons.math3.optimization.general.CircleVectorial.getN",,,,,,,,,,,,,,3,3,1,2,0,2,1,1,0,,,,0,,,,,,,,,,,,,2,0,1,0,1,1,1,1,1,1,,,0,0,,1,1,1,1,0.00
Public Method,"org.apache.commons.math3.optimization.general.CircleVectorial.getRadius",,,,,,,,,,,,,,7,7,4,3,0,6,2,2,0,,,,0,,,,,,,,,,,,,5,0,2,0,2,3,3,3,2,1,,,0,1,,2,2,1,2,0.00
Private Method,"org.apache.commons.math3.optimization.general.CircleVectorial.jacobian",,,,,,,,,,,,,,26,21,17,4,1,21,3,3,0,,,,0,,,,,,,,,,,,,5,3,9,2,4,17,11,10,3,1,,,0,1,,3,3,1,3,0.10
Public Method,"org.apache.commons.math3.optimization.general.CircleVectorial.jacobian",,,,,,,,,,,,,,7,7,4,1,0,4,1,1,0,,,,0,,,,,,,,,,,,,0,0,1,0,1,2,2,2,1,1,,,0,0,,1,1,1,1,0.00
Anonymous Class,"org.apache.commons.math3.optimization.general.CircleVectorial.jacobian.(Anon_1)",1,1,0,0,1,,0,,1,1,0,0,1,4,4,3,,,2,,,,1,1,1,,1,1,3,3,2,0,0,,,0,1,0,,0,0,0,,1,1,1,,,1,1,,0,0,1,1,1,1,0.00
Public Method,"org.apache.commons.math3.optimization.general.CircleVectorial.jacobian.(Anon_1).value",,,,,,,,,,,,,,3,3,2,2,0,2,1,1,0,,,,0,,,,,,,,,,,,,1,0,0,0,1,1,1,1,1,1,,,0,0,,1,1,1,1,0.00
Public Method,"org.apache.commons.math3.optimization.general.CircleVectorial.value",,,,,,,,,,,,,,11,9,6,5,0,9,2,2,0,,,,0,,,,,,,,,,,,,3,2,4,0,2,7,5,4,2,1,,,0,1,,2,2,1,2,0.00
Public Enum Type,"org.apache.commons.math3.optimization.general.ConjugateGradientFormula",1,1,0,0,1,,0,,2,2,0,0,2,30,4,0,,,1,,,,1,1,1,,1,1,0,0,1,0,0,,,2,2,0,,3,3,23,,0,1,0,,,1,1,,0,100,2,2,2,2,5.75
Public Method,"org.apache.commons.math3.optimization.general.ConjugateGradientFormula.valueOf",,,,,,,,,,,,,,0,0,0,1,0,0,1,1,0,,,,0,,,,,,,,,,,,,0,0,0,0,0,0,0,0,1,1,,,0,0,,1,1,1,1,0.00
Public Method,"org.apache.commons.math3.optimization.general.ConjugateGradientFormula.values",,,,,,,,,,,,,,0,0,0,1,0,0,1,1,0,,,,0,,,,,,,,,,,,,0,0,0,0,0,0,0,0,1,1,,,0,0,,1,1,1,1,0.00
Class,"org.apache.commons.math3.optimization.general.DummyOptimizer",1,1,1,5,1,,0,,1,24,0,0,1,17,7,2,,,4,,,,1,1,3,,1,1,10,4,1,0,0,,,0,1,0,,1,3,9,,2,2,2,,,1,1,,0,0,1,1,1,1,1.29
Public Method,"org.apache.commons.math3.optimization.general.DummyOptimizer.doOptimize",,,,,,,,,,,,,,10,4,2,2,0,3,1,1,0,,,,0,,,,,,,,,,,,,0,1,1,5,1,2,1,2,1,1,,,0,0,,1,1,1,1,1.25
Public Class,"org.apache.commons.math3.optimization.general.GaussNewtonOptimizer",3,1,2,7,13,,0,,5,28,0,0,5,135,69,44,,,59,,,,11,1,3,,3,3,22,13,1,0,0,,,1,5,0,,15,28,51,,45,30,29,,,11,11,,4,60,15,15,5,15,0.74
Public Constructor,"org.apache.commons.math3.optimization.general.GaussNewtonOptimizer.GaussNewtonOptimizer",,,,,,,,,,,,,,9,3,1,2,0,2,1,1,0,,,,0,,,,,,,,,,,,,0,0,1,6,1,1,1,1,1,1,,,0,0,,1,1,1,1,2.00
Public Constructor,"org.apache.commons.math3.optimization.general.GaussNewtonOptimizer.GaussNewtonOptimizer",,,,,,,,,,,,,,9,3,1,2,0,2,1,1,0,,,,0,,,,,,,,,,,,,3,0,1,6,1,1,1,1,1,1,,,0,0,,1,1,1,1,2.00
Public Constructor,"org.apache.commons.math3.optimization.general.GaussNewtonOptimizer.GaussNewtonOptimizer",,,,,,,,,,,,,,12,3,1,3,0,2,1,1,0,,,,0,,,,,,,,,,,,,4,0,1,9,1,1,1,1,1,1,,,0,0,,1,1,1,1,3.00
Public Constructor,"org.apache.commons.math3.optimization.general.GaussNewtonOptimizer.GaussNewtonOptimizer",,,,,,,,,,,,,,11,5,2,3,0,3,1,1,0,,,,0,,,,,,,,,,,,,6,0,2,6,1,2,1,2,1,1,,,0,0,,1,1,1,1,1.20
Public Method,"org.apache.commons.math3.optimization.general.GaussNewtonOptimizer.doOptimize",,,,,,,,,,,,,,71,51,39,18,2,48,11,11,1,,,,0,,,,,,,,,,,,,7,10,20,10,64,39,24,24,11,1,,,0,4,,11,11,1,11,0.20
Public Class,"org.apache.commons.math3.optimization.general.GaussNewtonOptimizerTest",1,1,0,2,6,,0,,6,26,0,0,6,125,42,15,,,20,,,,1,1,2,,1,1,7,4,1,0,0,,,0,6,0,,10,22,73,,13,9,11,,,1,1,,0,0,6,6,6,6,1.74
Public Method,"org.apache.commons.math3.optimization.general.GaussNewtonOptimizerTest.createOptimizer",,,,,,,,,,,,,,3,3,1,3,0,2,1,1,0,,,,0,,,,,,,,,,,,,0,0,1,0,1,1,1,1,1,1,,,0,0,,1,1,1,1,0.00
Public Method,"org.apache.commons.math3.optimization.general.GaussNewtonOptimizerTest.testCircleFittingBadInit",,,,,,,,,,,,,,6,3,1,1,0,2,1,1,0,,,,0,,,,,,,,,,,,,0,0,1,3,1,1,1,1,1,1,,,0,0,,1,1,1,1,1.00
Public Method,"org.apache.commons.math3.optimization.general.GaussNewtonOptimizerTest.testHahn1",,,,,,,,,,,,,,8,4,1,1,0,2,1,1,0,,,,0,,,,,,,,,,,,,0,0,2,4,1,1,1,1,1,1,,,0,0,,1,1,1,1,1.00
Public Method,"org.apache.commons.math3.optimization.general.GaussNewtonOptimizerTest.testMaxEvaluations",,,,,,,,,,,,,,15,13,10,5,0,9,1,1,0,,,,0,,,,,,,,,,,,,0,2,4,0,1,8,3,6,1,1,,,0,0,,1,1,1,1,0.00
Public Method,"org.apache.commons.math3.optimization.general.GaussNewtonOptimizerTest.testMoreEstimatedParametersSimple",,,,,,,,,,,,,,6,3,1,1,0,2,1,1,0,,,,0,,,,,,,,,,,,,0,0,1,3,1,1,1,1,1,1,,,0,0,,1,1,1,1,1.00
Public Method,"org.apache.commons.math3.optimization.general.GaussNewtonOptimizerTest.testMoreEstimatedParametersUnsorted",,,,,,,,,,,,,,6,3,1,1,0,2,1,1,0,,,,0,,,,,,,,,,,,,0,0,1,3,1,1,1,1,1,1,,,0,0,,1,1,1,1,1.00
Public Class,"org.apache.commons.math3.optimization.general.LevenbergMarquardtOptimizer",10,2,5,23,6,,0,,10,33,0,4,5,879,488,353,,,469,,,,36,8,3,,10,11,76,47,1,0,0,,,13,10,1,,63,134,328,,373,170,299,,,36,43,,5,69,100,112,22,100,0.67
Public Constructor,"org.apache.commons.math3.optimization.general.LevenbergMarquardtOptimizer.LevenbergMarquardtOptimizer",,,,,,,,,,,,,,17,3,1,2,0,2,1,1,0,,,,0,,,,,,,,,,,,,24,0,1,14,1,1,1,1,1,1,,,0,0,,1,1,1,1,4.67
Public Constructor,"org.apache.commons.math3.optimization.general.LevenbergMarquardtOptimizer.LevenbergMarquardtOptimizer",,,,,,,,,,,,,,18,3,1,2,0,2,1,1,0,,,,0,,,,,,,,,,,,,2,0,1,15,1,1,1,1,1,1,,,0,0,,1,1,1,1,5.00
Public Constructor,"org.apache.commons.math3.optimization.general.LevenbergMarquardtOptimizer.LevenbergMarquardtOptimizer",,,,,,,,,,,,,,35,13,6,7,0,7,1,1,0,,,,0,,,,,,,,,,,,,7,0,6,22,1,6,1,6,1,1,,,0,0,,1,1,1,1,1.69
Public Constructor,"org.apache.commons.math3.optimization.general.LevenbergMarquardtOptimizer.LevenbergMarquardtOptimizer",,,,,,,,,,,,,,25,7,3,2,0,2,1,1,0,,,,0,,,,,,,,,,,,,5,0,3,18,1,1,1,1,1,1,,,0,0,,1,1,1,1,2.57
Public Constructor,"org.apache.commons.math3.optimization.general.LevenbergMarquardtOptimizer.LevenbergMarquardtOptimizer",,,,,,,,,,,,,,34,11,5,6,0,6,1,1,0,,,,0,,,,,,,,,,,,,9,0,5,23,1,5,1,5,1,1,,,0,0,,1,1,1,1,2.09
Private Method,"org.apache.commons.math3.optimization.general.LevenbergMarquardtOptimizer.determineLMDirection",,,,,,,,,,,,,,120,71,51,7,3,71,16,17,1,,,,0,,,,,,,,,,,,,11,11,18,38,1560,55,26,45,16,1,,,0,4,,16,17,1,16,0.54
Private Method,"org.apache.commons.math3.optimization.general.LevenbergMarquardtOptimizer.determineLMParameter",,,,,,,,,,,,,,170,118,90,9,6,125,26,29,4,,,,3,,,,,,,,,,,,,15,13,28,39,598776,99,44,81,26,4,,,4,3,,26,29,4,26,0.33
Protected Method,"org.apache.commons.math3.optimization.general.LevenbergMarquardtOptimizer.doOptimize",,,,,,,,,,,,,,236,179,147,27,6,168,36,43,16,,,,13,,,,,,,,,,,,,20,23,42,34,1966321,136,55,113,36,8,,,15,5,,36,43,8,36,0.19
Private Method,"org.apache.commons.math3.optimization.general.LevenbergMarquardtOptimizer.qTy",,,,,,,,,,,,,,18,13,8,1,1,15,4,4,0,,,,0,,,,,,,,,,,,,7,0,3,5,5,11,6,9,4,1,,,0,2,,4,4,1,4,0.38
Private Method,"org.apache.commons.math3.optimization.general.LevenbergMarquardtOptimizer.qrDecomposition",,,,,,,,,,,,,,88,54,41,10,2,57,13,14,3,,,,3,,,,,,,,,,,,,9,6,12,28,165,45,20,37,13,3,,,3,3,,13,14,3,13,0.52
Public Class,"org.apache.commons.math3.optimization.general.LevenbergMarquardtOptimizerTest",2,1,2,3,16,,0,,7,27,0,1,6,370,242,163,,,162,,,,5,1,2,,2,2,27,21,1,0,0,,,0,7,0,,43,110,85,,127,82,80,,,5,5,,2,0,16,16,7,16,0.35
Private Static Class,"org.apache.commons.math3.optimization.general.LevenbergMarquardtOptimizerTest.BevingtonProblem",1,1,0,0,1,,0,,5,5,0,1,4,53,46,28,,,37,,,,2,1,1,,1,1,8,8,2,0,0,,,2,5,0,,7,17,0,,28,19,18,,,2,2,,1,40,7,7,5,7,0.00
Public Constructor,"org.apache.commons.math3.optimization.general.LevenbergMarquardtOptimizerTest.BevingtonProblem.BevingtonProblem",,,,,,,,,,,,,,4,4,2,3,0,3,1,1,0,,,,0,,,,,,,,,,,,,1,0,1,0,1,2,1,2,1,1,,,0,0,,1,1,1,1,0.00
Public Method,"org.apache.commons.math3.optimization.general.LevenbergMarquardtOptimizerTest.BevingtonProblem.addPoint",,,,,,,,,,,,,,4,4,2,1,0,3,1,1,0,,,,0,,,,,,,,,,,,,5,0,1,0,1,2,1,2,1,1,,,0,0,,1,1,1,1,0.00
Private Method,"org.apache.commons.math3.optimization.general.LevenbergMarquardtOptimizerTest.BevingtonProblem.jacobian",,,,,,,,,,,,,,18,16,13,4,0,16,2,2,0,,,,0,,,,,,,,,,,,,4,2,7,0,2,14,8,8,2,1,,,0,1,,2,2,1,2,0.00
Public Method,"org.apache.commons.math3.optimization.general.LevenbergMarquardtOptimizerTest.BevingtonProblem.jacobian",,,,,,,,,,,,,,7,7,4,1,0,4,1,1,0,,,,0,,,,,,,,,,,,,0,0,1,0,1,2,2,2,1,1,,,0,0,,1,1,1,1,0.00
Anonymous Class,"org.apache.commons.math3.optimization.general.LevenbergMarquardtOptimizerTest.BevingtonProblem.jacobian.(Anon_2)",1,1,0,0,1,,0,,1,1,0,0,1,4,4,3,,,2,,,,1,1,1,,1,1,3,3,2,0,0,,,0,1,0,,0,0,0,,1,1,1,,,1,1,,0,0,1,1,1,1,0.00
Public Method,"org.apache.commons.math3.optimization.general.LevenbergMarquardtOptimizerTest.BevingtonProblem.jacobian.(Anon_2).value",,,,,,,,,,,,,,3,3,2,2,0,2,1,1,0,,,,0,,,,,,,,,,,,,1,0,0,0,1,1,1,1,1,1,,,0,0,,1,1,1,1,0.00
Public Method,"org.apache.commons.math3.optimization.general.LevenbergMarquardtOptimizerTest.BevingtonProblem.value",,,,,,,,,,,,,,10,10,7,4,0,8,2,2,0,,,,0,,,,,,,,,,,,,3,0,3,0,2,6,4,4,2,1,,,0,1,,2,2,1,2,0.00
Private Static Class,"org.apache.commons.math3.optimization.general.LevenbergMarquardtOptimizerTest.QuadraticProblem",1,1,0,0,1,,1,,5,5,0,1,4,42,36,19,,,30,,,,2,1,1,,1,1,6,6,3,0,0,,,2,5,0,,6,11,0,,21,14,16,,,2,2,,1,60,7,7,5,7,0.00
Public Constructor,"org.apache.commons.math3.optimization.general.LevenbergMarquardtOptimizerTest.QuadraticProblem.QuadraticProblem",,,,,,,,,,,,,,4,4,2,3,0,3,1,1,0,,,,0,,,,,,,,,,,,,1,0,1,0,1,2,1,2,1,1,,,0,0,,1,1,1,1,0.00
Public Method,"org.apache.commons.math3.optimization.general.LevenbergMarquardtOptimizerTest.QuadraticProblem.addPoint",,,,,,,,,,,,,,4,4,2,1,0,3,1,1,0,,,,0,,,,,,,,,,,,,5,0,1,0,1,2,1,2,1,1,,,0,0,,1,1,1,1,0.00
Private Method,"org.apache.commons.math3.optimization.general.LevenbergMarquardtOptimizerTest.QuadraticProblem.jacobian",,,,,,,,,,,,,,9,9,6,3,0,9,2,2,0,,,,0,,,,,,,,,,,,,3,0,2,0,2,7,3,6,2,1,,,0,1,,2,2,1,2,0.00
Public Method,"org.apache.commons.math3.optimization.general.LevenbergMarquardtOptimizerTest.QuadraticProblem.jacobian",,,,,,,,,,,,,,7,7,4,1,0,4,1,1,0,,,,0,,,,,,,,,,,,,0,0,1,0,1,2,2,2,1,1,,,0,0,,1,1,1,1,0.00
Anonymous Class,"org.apache.commons.math3.optimization.general.LevenbergMarquardtOptimizerTest.QuadraticProblem.jacobian.(Anon_1)",1,1,0,0,1,,0,,1,1,0,0,1,4,4,3,,,2,,,,1,1,1,,1,1,3,3,2,0,0,,,0,1,0,,0,0,0,,1,1,1,,,1,1,,0,0,1,1,1,1,0.00
Public Method,"org.apache.commons.math3.optimization.general.LevenbergMarquardtOptimizerTest.QuadraticProblem.jacobian.(Anon_1).value",,,,,,,,,,,,,,3,3,2,2,0,2,1,1,0,,,,0,,,,,,,,,,,,,1,0,0,0,1,1,1,1,1,1,,,0,0,,1,1,1,1,0.00
Public Method,"org.apache.commons.math3.optimization.general.LevenbergMarquardtOptimizerTest.QuadraticProblem.value",,,,,,,,,,,,,,7,7,4,3,0,7,2,2,0,,,,0,,,,,,,,,,,,,3,0,2,0,2,5,3,4,2,1,,,0,1,,2,2,1,2,0.00
Private Method,"org.apache.commons.math3.optimization.general.LevenbergMarquardtOptimizerTest.checkEstimate",,,,,,,,,,,,,,21,21,14,3,0,7,3,3,3,,,,0,,,,,,,,,,,,,9,0,7,0,3,5,2,5,3,1,,,0,1,,3,3,1,3,0.00
Public Method,"org.apache.commons.math3.optimization.general.LevenbergMarquardtOptimizerTest.createOptimizer",,,,,,,,,,,,,,3,3,1,2,0,2,1,1,0,,,,0,,,,,,,,,,,,,1,0,1,0,1,1,1,1,1,1,,,0,0,,1,1,1,1,0.00
Public Method,"org.apache.commons.math3.optimization.general.LevenbergMarquardtOptimizerTest.testBevington",,,,,,,,,,,,,,75,53,41,10,1,30,5,5,0,,,,0,,,,,,,,,,,,,1,10,35,12,12,25,18,12,5,1,,,0,2,,5,5,1,5,0.23
Public Method,"org.apache.commons.math3.optimization.general.LevenbergMarquardtOptimizerTest.testCircleFitting2",,,,,,,,,,,,,,47,32,26,13,1,26,3,3,0,,,,0,,,,,,,,,,,,,3,7,20,8,4,22,18,8,3,1,,,0,1,,3,3,1,3,0.25
Public Method,"org.apache.commons.math3.optimization.general.LevenbergMarquardtOptimizerTest.testControlParameters",,,,,,,,,,,,,,13,13,11,3,0,12,1,1,0,,,,0,,,,,,,,,,,,,0,0,2,0,1,11,2,10,1,1,,,0,0,,1,1,1,1,0.00
Public Method,"org.apache.commons.math3.optimization.general.LevenbergMarquardtOptimizerTest.testMath199",,,,,,,,,,,,,,19,18,14,5,0,11,2,2,1,,,,0,,,,,,,,,,,,,0,0,4,1,2,9,3,8,2,1,,,0,1,,2,2,1,2,0.06
Public Method,"org.apache.commons.math3.optimization.general.LevenbergMarquardtOptimizerTest.testNonInvertible",,,,,,,,,,,,,,17,11,9,7,0,6,1,1,0,,,,0,,,,,,,,,,,,,2,2,5,4,1,5,4,2,1,1,,,0,0,,1,1,1,1,0.36
Public Class,"org.apache.commons.math3.optimization.general.MinpackTest",1,1,0,0,24,,0,,19,19,0,1,18,1510,1266,876,,,723,,,,2,1,1,,1,1,20,20,1,0,0,,,0,19,0,,182,476,62,,557,395,328,,,2,2,,1,0,20,20,19,20,0.05
Private Static Class,"org.apache.commons.math3.optimization.general.MinpackTest.BardFunction",2,1,0,0,0,,2,,3,16,0,0,3,50,44,27,,,32,,,,3,1,2,,2,2,11,11,1,0,0,,,0,3,0,,6,29,0,,26,22,10,,,3,3,,1,83,7,7,3,7,0.00
Public Constructor,"org.apache.commons.math3.optimization.general.MinpackTest.BardFunction.BardFunction",,,,,,,,,,,,,,7,7,2,3,0,2,1,1,0,,,,0,,,,,,,,,,,,,4,0,4,0,1,1,1,1,1,1,,,0,0,,1,1,1,1,0.00
Public Method,"org.apache.commons.math3.optimization.general.MinpackTest.BardFunction.jacobian",,,,,,,,,,,,,,14,14,11,1,0,14,3,3,0,,,,0,,,,,,,,,,,,,2,0,8,0,2,12,9,5,3,1,,,0,1,,3,3,1,3,0.00
Public Method,"org.apache.commons.math3.optimization.general.MinpackTest.BardFunction.value",,,,,,,,,,,,,,13,13,10,1,0,13,3,3,0,,,,0,,,,,,,,,,,,,3,0,8,0,2,11,9,4,3,1,,,0,1,,3,3,1,3,0.00
Private Static Class,"org.apache.commons.math3.optimization.general.MinpackTest.Box3DimensionalFunction",1,1,0,0,1,,1,,3,16,0,0,3,41,36,23,,,25,,,,2,1,2,,1,1,10,10,1,0,0,,,0,3,0,,5,17,0,,19,16,9,,,2,2,,1,100,5,5,3,5,0.00
Public Constructor,"org.apache.commons.math3.optimization.general.MinpackTest.Box3DimensionalFunction.Box3DimensionalFunction",,,,,,,,,,,,,,5,5,2,2,0,2,1,1,0,,,,0,,,,,,,,,,,,,3,0,2,0,1,1,1,1,1,1,,,0,0,,1,1,1,1,0.00
Public Method,"org.apache.commons.math3.optimization.general.MinpackTest.Box3DimensionalFunction.jacobian",,,,,,,,,,,,,,14,14,11,2,0,10,2,2,0,,,,0,,,,,,,,,,,,,2,0,5,0,2,8,6,4,2,1,,,0,1,,2,2,1,2,0.00
Public Method,"org.apache.commons.math3.optimization.general.MinpackTest.Box3DimensionalFunction.value",,,,,,,,,,,,,,12,12,9,2,0,11,2,2,0,,,,0,,,,,,,,,,,,,2,0,6,0,2,9,7,4,2,1,,,0,1,,2,2,1,2,0.00
Private Static Class,"org.apache.commons.math3.optimization.general.MinpackTest.BrownAlmostLinearFunction",4,1,1,0,0,,1,,3,16,0,0,3,63,54,32,,,49,,,,8,1,2,,4,4,17,16,1,0,0,,,0,3,0,,9,16,0,,36,18,31,,,8,8,,4,100,12,12,3,12,0.00
Public Constructor,"org.apache.commons.math3.optimization.general.MinpackTest.BrownAlmostLinearFunction.BrownAlmostLinearFunction",,,,,,,,,,,,,,7,7,2,3,0,2,1,1,0,,,,0,,,,,,,,,,,,,5,0,4,0,1,1,1,1,1,1,,,0,0,,1,1,1,1,0.00
Public Method,"org.apache.commons.math3.optimization.general.MinpackTest.BrownAlmostLinearFunction.jacobian",,,,,,,,,,,,,,32,28,19,1,1,30,8,8,0,,,,0,,,,,,,,,,,,,3,4,4,0,30,22,9,21,8,1,,,0,4,,8,8,1,8,0.00
Public Method,"org.apache.commons.math3.optimization.general.MinpackTest.BrownAlmostLinearFunction.value",,,,,,,,,,,,,,14,14,10,1,1,15,3,3,0,,,,0,,,,,,,,,,,,,3,0,4,0,4,12,6,9,3,1,,,0,1,,3,3,1,3,0.00
Private Static Class,"org.apache.commons.math3.optimization.general.MinpackTest.BrownDennisFunction",1,1,0,0,1,,1,,3,16,0,0,3,49,44,29,,,34,,,,2,1,2,,1,1,13,13,1,0,0,,,0,3,0,,5,27,0,,28,24,10,,,2,2,,1,100,5,5,3,5,0.00
Public Constructor,"org.apache.commons.math3.optimization.general.MinpackTest.BrownDennisFunction.BrownDennisFunction",,,,,,,,,,,,,,8,8,3,3,0,3,1,1,0,,,,0,,,,,,,,,,,,,5,0,4,0,1,2,1,2,1,1,,,0,0,,1,1,1,1,0.00
Public Method,"org.apache.commons.math3.optimization.general.MinpackTest.BrownDennisFunction.jacobian",,,,,,,,,,,,,,17,17,14,4,0,15,2,2,0,,,,0,,,,,,,,,,,,,2,0,10,0,2,13,11,4,2,1,,,0,1,,2,2,1,2,0.00
Public Method,"org.apache.commons.math3.optimization.general.MinpackTest.BrownDennisFunction.value",,,,,,,,,,,,,,14,14,11,4,0,14,2,2,0,,,,0,,,,,,,,,,,,,2,0,9,0,2,12,10,4,2,1,,,0,1,,2,2,1,2,0.00
Private Static Class,"org.apache.commons.math3.optimization.general.MinpackTest.ChebyquadFunction",3,1,2,0,0,,1,,3,17,0,1,3,83,68,45,,,63,,,,5,1,2,,3,3,18,15,1,0,1,,,0,4,0,,15,28,0,,50,30,33,,,5,5,,2,100,12,12,4,12,0.00
Public Constructor,"org.apache.commons.math3.optimization.general.MinpackTest.ChebyquadFunction.ChebyquadFunction",,,,,,,,,,,,,,7,7,2,3,0,2,1,1,0,,,,0,,,,,,,,,,,,,6,0,4,0,1,1,1,1,1,1,,,0,0,,1,1,1,1,0.00
Private Static Method,"org.apache.commons.math3.optimization.general.MinpackTest.ChebyquadFunction.buildChebyquadArray",,,,,,,,,,,,,,8,8,5,1,0,8,2,2,0,,,,0,,,,,,,,,,,,,3,0,3,0,2,6,4,4,2,1,,,0,1,,2,2,1,2,0.00
Public Method,"org.apache.commons.math3.optimization.general.MinpackTest.ChebyquadFunction.jacobian",,,,,,,,,,,,,,28,24,19,1,1,26,4,4,0,,,,0,,,,,,,,,,,,,3,4,9,0,6,22,12,14,4,1,,,0,2,,4,4,1,4,0.00
Public Method,"org.apache.commons.math3.optimization.general.MinpackTest.ChebyquadFunction.value",,,,,,,,,,,,,,29,24,18,1,1,25,5,5,0,,,,0,,,,,,,,,,,,,3,5,8,0,9,20,11,14,5,1,,,0,2,,5,5,1,5,0.00
Private Static Class,"org.apache.commons.math3.optimization.general.MinpackTest.FreudensteinRothFunction",1,1,0,0,0,,1,,3,16,0,0,3,32,27,14,,,11,,,,1,1,2,,1,1,7,7,1,0,0,,,0,3,0,,5,13,0,,7,8,3,,,1,1,,0,100,3,3,3,3,0.00
Public Constructor,"org.apache.commons.math3.optimization.general.MinpackTest.FreudensteinRothFunction.FreudensteinRothFunction",,,,,,,,,,,,,,7,7,2,2,0,2,1,1,0,,,,0,,,,,,,,,,,,,4,0,4,0,1,1,1,1,1,1,,,0,0,,1,1,1,1,0.00
Public Method,"org.apache.commons.math3.optimization.general.MinpackTest.FreudensteinRothFunction.jacobian",,,,,,,,,,,,,,7,7,5,1,0,3,1,1,0,,,,0,,,,,,,,,,,,,1,0,2,0,1,2,2,1,1,1,,,0,0,,1,1,1,1,0.00
Public Method,"org.apache.commons.math3.optimization.general.MinpackTest.FreudensteinRothFunction.value",,,,,,,,,,,,,,8,8,6,1,0,4,1,1,0,,,,0,,,,,,,,,,,,,1,0,3,0,1,3,3,1,1,1,,,0,0,,1,1,1,1,0.00
Private Static Class,"org.apache.commons.math3.optimization.general.MinpackTest.HelicalValleyFunction",2,1,0,0,1,,2,,3,16,0,0,3,48,42,28,,,24,,,,4,1,2,,2,2,12,12,1,0,0,,,0,3,0,,6,19,0,,18,16,8,,,4,4,,2,66,6,6,3,6,0.00
Public Constructor,"org.apache.commons.math3.optimization.general.MinpackTest.HelicalValleyFunction.HelicalValleyFunction",,,,,,,,,,,,,,4,4,1,2,0,2,1,1,0,,,,0,,,,,,,,,,,,,2,0,2,0,1,1,1,1,1,1,,,0,0,,1,1,1,1,0.00
Public Method,"org.apache.commons.math3.optimization.general.MinpackTest.HelicalValleyFunction.jacobian",,,,,,,,,,,,,,12,12,10,2,0,7,1,1,0,,,,0,,,,,,,,,,,,,2,0,6,0,1,6,6,1,1,1,,,0,0,,1,1,1,1,0.00
Public Method,"org.apache.commons.math3.optimization.general.MinpackTest.HelicalValleyFunction.value",,,,,,,,,,,,,,20,20,15,3,0,12,4,4,1,,,,0,,,,,,,,,,,,,2,0,6,0,3,9,6,6,4,1,,,0,2,,4,4,1,4,0.00
Private Static Class,"org.apache.commons.math3.optimization.general.MinpackTest.JennrichSampsonFunction",1,1,0,0,1,,1,,3,16,0,0,3,37,32,17,,,24,,,,2,1,2,,1,1,9,9,1,0,0,,,0,3,0,,5,18,0,,18,15,9,,,2,2,,1,100,5,5,3,5,0.00
Public Constructor,"org.apache.commons.math3.optimization.general.MinpackTest.JennrichSampsonFunction.JennrichSampsonFunction",,,,,,,,,,,,,,7,7,2,2,0,2,1,1,0,,,,0,,,,,,,,,,,,,5,0,4,0,1,1,1,1,1,1,,,0,0,,1,1,1,1,0.00
Public Method,"org.apache.commons.math3.optimization.general.MinpackTest.JennrichSampsonFunction.jacobian",,,,,,,,,,,,,,10,10,7,2,0,10,2,2,0,,,,0,,,,,,,,,,,,,2,0,5,0,2,8,6,4,2,1,,,0,1,,2,2,1,2,0.00
Public Method,"org.apache.commons.math3.optimization.general.MinpackTest.JennrichSampsonFunction.value",,,,,,,,,,,,,,10,10,7,2,0,10,2,2,0,,,,0,,,,,,,,,,,,,2,0,5,0,2,8,6,4,2,1,,,0,1,,2,2,1,2,0.00
Private Static Class,"org.apache.commons.math3.optimization.general.MinpackTest.KowalikOsborneFunction",2,1,0,0,0,,3,,3,16,0,0,3,57,50,30,,,36,,,,2,1,2,,2,2,12,12,1,0,0,,,0,3,0,,7,32,0,,29,24,12,,,2,2,,1,66,6,6,3,6,0.00
Public Constructor,"org.apache.commons.math3.optimization.general.MinpackTest.KowalikOsborneFunction.KowalikOsborneFunction",,,,,,,,,,,,,,11,11,5,4,0,5,2,2,0,,,,0,,,,,,,,,,,,,5,0,4,0,2,3,1,4,2,1,,,0,1,,2,2,1,2,0.00
Public Method,"org.apache.commons.math3.optimization.general.MinpackTest.KowalikOsborneFunction.jacobian",,,,,,,,,,,,,,16,16,13,1,0,16,2,2,0,,,,0,,,,,,,,,,,,,3,0,11,0,2,14,12,4,2,1,,,0,1,,2,2,1,2,0.00
Public Method,"org.apache.commons.math3.optimization.general.MinpackTest.KowalikOsborneFunction.value",,,,,,,,,,,,,,11,11,8,1,0,11,2,2,0,,,,0,,,,,,,,,,,,,4,0,6,0,2,9,7,4,2,1,,,0,1,,2,2,1,2,0.00
Private Static Class,"org.apache.commons.math3.optimization.general.MinpackTest.LinearFullRankFunction",2,1,0,0,0,,1,,3,16,0,0,3,40,35,19,,,30,,,,4,1,2,,2,2,10,10,1,0,0,,,0,3,0,,5,14,0,,22,14,16,,,4,4,,2,100,8,8,3,8,0.00
Public Constructor,"org.apache.commons.math3.optimization.general.MinpackTest.LinearFullRankFunction.LinearFullRankFunction",,,,,,,,,,,,,,6,6,2,3,0,2,1,1,0,,,,0,,,,,,,,,,,,,5,0,3,0,1,1,1,1,1,1,,,0,0,,1,1,1,1,0.00
Public Method,"org.apache.commons.math3.optimization.general.MinpackTest.LinearFullRankFunction.jacobian",,,,,,,,,,,,,,11,11,7,1,0,12,4,4,0,,,,0,,,,,,,,,,,,,2,0,3,0,3,9,5,7,4,1,,,0,2,,4,4,1,4,0.00
Public Method,"org.apache.commons.math3.optimization.general.MinpackTest.LinearFullRankFunction.value",,,,,,,,,,,,,,13,13,9,2,1,14,3,3,0,,,,0,,,,,,,,,,,,,3,0,4,0,4,11,6,8,3,1,,,0,1,,3,3,1,3,0.00
Private Static Class,"org.apache.commons.math3.optimization.general.MinpackTest.LinearRank1Function",2,1,0,0,0,,1,,3,16,0,0,3,36,31,15,,,27,,,,3,1,2,,2,2,8,8,1,0,0,,,0,3,0,,5,12,0,,19,12,15,,,3,3,,2,100,7,7,3,7,0.00
Public Constructor,"org.apache.commons.math3.optimization.general.MinpackTest.LinearRank1Function.LinearRank1Function",,,,,,,,,,,,,,5,5,1,3,0,2,1,1,0,,,,0,,,,,,,,,,,,,5,0,3,0,1,1,1,1,1,1,,,0,0,,1,1,1,1,0.00
Public Method,"org.apache.commons.math3.optimization.general.MinpackTest.LinearRank1Function.jacobian",,,,,,,,,,,,,,10,10,6,1,0,11,3,3,0,,,,0,,,,,,,,,,,,,2,0,2,0,3,8,4,7,3,1,,,0,2,,3,3,1,3,0.00
Public Method,"org.apache.commons.math3.optimization.general.MinpackTest.LinearRank1Function.value",,,,,,,,,,,,,,11,11,7,1,1,12,3,3,0,,,,0,,,,,,,,,,,,,3,0,3,0,4,9,5,7,3,1,,,0,1,,3,3,1,3,0.00
Private Static Class,"org.apache.commons.math3.optimization.general.MinpackTest.LinearRank1ZeroColsAndRowsFunction",3,1,0,0,1,,1,,3,16,0,0,3,45,40,25,,,34,,,,5,1,2,,3,3,11,11,1,0,0,,,0,3,0,,5,10,0,,24,12,22,,,5,5,,3,100,9,9,3,9,0.00
Public Constructor,"org.apache.commons.math3.optimization.general.MinpackTest.LinearRank1ZeroColsAndRowsFunction.LinearRank1ZeroColsAndRowsFunction",,,,,,,,,,,,,,5,5,3,4,0,2,1,1,0,,,,0,,,,,,,,,,,,,4,0,1,0,1,1,1,1,1,1,,,0,0,,1,1,1,1,0.00
Public Method,"org.apache.commons.math3.optimization.general.MinpackTest.LinearRank1ZeroColsAndRowsFunction.jacobian",,,,,,,,,,,,,,18,18,13,1,1,17,5,5,2,,,,0,,,,,,,,,,,,,2,0,2,0,5,12,4,13,5,1,,,0,3,,5,5,1,5,0.00
Public Method,"org.apache.commons.math3.optimization.general.MinpackTest.LinearRank1ZeroColsAndRowsFunction.value",,,,,,,,,,,,,,12,12,8,1,1,13,3,3,0,,,,0,,,,,,,,,,,,,3,0,3,0,4,10,5,8,3,1,,,0,1,,3,3,1,3,0.00
Private Static Class,"org.apache.commons.math3.optimization.general.MinpackTest.MeyerFunction",2,1,0,0,1,,2,,3,16,0,0,3,52,46,28,,,32,,,,2,1,2,,2,2,11,11,1,0,0,,,0,3,0,,6,28,0,,25,20,12,,,2,2,,1,83,6,6,3,6,0.00
Public Constructor,"org.apache.commons.math3.optimization.general.MinpackTest.MeyerFunction.MeyerFunction",,,,,,,,,,,,,,11,11,5,4,0,5,2,2,0,,,,0,,,,,,,,,,,,,5,0,4,0,2,3,1,4,2,1,,,0,1,,2,2,1,2,0.00
Public Method,"org.apache.commons.math3.optimization.general.MinpackTest.MeyerFunction.jacobian",,,,,,,,,,,,,,14,14,11,2,0,14,2,2,0,,,,0,,,,,,,,,,,,,2,0,9,0,2,12,10,4,2,1,,,0,1,,2,2,1,2,0.00
Public Method,"org.apache.commons.math3.optimization.general.MinpackTest.MeyerFunction.value",,,,,,,,,,,,,,10,10,7,2,0,10,2,2,0,,,,0,,,,,,,,,,,,,3,0,5,0,2,8,6,4,2,1,,,0,1,,2,2,1,2,0.00
Private Static Abstract Class,"org.apache.commons.math3.optimization.general.MinpackTest.MinpackFunction",1,1,0,0,3,,1,,12,13,0,0,9,82,67,29,,,51,,,,3,1,1,,1,1,4,4,3,18,1,,,7,13,4,,15,29,0,,36,29,22,,,3,3,,2,79,13,13,11,13,0.00
Protected Constructor,"org.apache.commons.math3.optimization.general.MinpackTest.MinpackFunction.MinpackFunction",,,,,,,,,,,,,,10,10,7,9,0,8,1,1,0,,,,0,,,,,,,,,,,,,23,0,2,0,1,7,1,7,1,1,,,0,0,,1,1,1,1,0.00
Protected Static Method,"org.apache.commons.math3.optimization.general.MinpackTest.MinpackFunction.buildArray",,,,,,,,,,,,,,5,5,3,2,0,4,1,1,0,,,,0,,,,,,,,,,,,,12,0,2,0,1,3,2,2,1,1,,,0,0,,1,1,1,1,0.00
Public Method,"org.apache.commons.math3.optimization.general.MinpackTest.MinpackFunction.checkTheoreticalMinCost",,,,,,,,,,,,,,4,4,2,2,0,3,1,1,0,,,,0,,,,,,,,,,,,,5,0,2,0,1,2,2,1,1,1,,,0,0,,1,1,1,1,0.00
Public Method,"org.apache.commons.math3.optimization.general.MinpackTest.MinpackFunction.checkTheoreticalMinParams",,,,,,,,,,,,,,10,10,6,3,0,9,3,3,0,,,,0,,,,,,,,,,,,,5,0,4,0,3,6,5,4,3,1,,,0,2,,3,3,1,3,0.00
Public Method,"org.apache.commons.math3.optimization.general.MinpackTest.MinpackFunction.getN",,,,,,,,,,,,,,3,3,1,1,0,2,1,1,0,,,,0,,,,,,,,,,,,,3,0,1,0,1,1,1,1,1,1,,,0,0,,1,1,1,1,0.00
Public Method,"org.apache.commons.math3.optimization.general.MinpackTest.MinpackFunction.getStartPoint",,,,,,,,,,,,,,3,3,1,2,0,2,1,1,0,,,,0,,,,,,,,,,,,,2,0,1,0,1,1,1,1,1,1,,,0,0,,1,1,1,1,0.00
Public Method,"org.apache.commons.math3.optimization.general.MinpackTest.MinpackFunction.getTarget",,,,,,,,,,,,,,3,3,1,2,0,2,1,1,0,,,,0,,,,,,,,,,,,,2,0,1,0,1,1,1,1,1,1,,,0,0,,1,1,1,1,0.00
Public Method,"org.apache.commons.math3.optimization.general.MinpackTest.MinpackFunction.getWeight",,,,,,,,,,,,,,3,3,1,2,0,2,1,1,0,,,,0,,,,,,,,,,,,,2,0,1,0,1,1,1,1,1,1,,,0,0,,1,1,1,1,0.00
Public Method,"org.apache.commons.math3.optimization.general.MinpackTest.MinpackFunction.jacobian",,,,,,,,,,,,,,7,7,4,1,0,4,1,1,0,,,,0,,,,,,,,,,,,,0,0,1,0,1,2,2,2,1,1,,,0,0,,1,1,1,1,0.00
Public Abstract Method,"org.apache.commons.math3.optimization.general.MinpackTest.MinpackFunction.jacobian",,,,,,,,,,,,,,1,1,0,1,0,1,0,0,0,,,,0,,,,,,,,,,,,,1,0,1,0,0,1,1,0,0,0,,,0,0,,0,0,0,0,0.00
Anonymous Class,"org.apache.commons.math3.optimization.general.MinpackTest.MinpackFunction.jacobian.(Anon_1)",1,1,0,0,1,,0,,1,1,0,0,1,4,4,3,,,2,,,,1,1,1,,1,1,3,3,2,0,0,,,0,1,0,,0,0,0,,1,1,1,,,1,1,,0,0,1,1,1,1,0.00
Public Method,"org.apache.commons.math3.optimization.general.MinpackTest.MinpackFunction.jacobian.(Anon_1).value",,,,,,,,,,,,,,3,3,2,2,0,2,1,1,0,,,,0,,,,,,,,,,,,,1,0,0,0,1,1,1,1,1,1,,,0,0,,1,1,1,1,0.00
Protected Method,"org.apache.commons.math3.optimization.general.MinpackTest.MinpackFunction.setCostAccuracy",,,,,,,,,,,,,,3,3,1,1,0,2,1,1,0,,,,0,,,,,,,,,,,,,4,0,1,0,1,1,1,1,1,1,,,0,0,,1,1,1,1,0.00
Protected Method,"org.apache.commons.math3.optimization.general.MinpackTest.MinpackFunction.setParamsAccuracy",,,,,,,,,,,,,,3,3,1,1,0,2,1,1,0,,,,0,,,,,,,,,,,,,3,0,1,0,1,1,1,1,1,1,,,0,0,,1,1,1,1,0.00
Public Abstract Method,"org.apache.commons.math3.optimization.general.MinpackTest.MinpackFunction.value",,,,,,,,,,,,,,1,1,0,1,0,1,0,0,0,,,,0,,,,,,,,,,,,,0,0,1,0,0,1,1,0,0,0,,,0,0,,0,0,0,0,0.00
Private Static Class,"org.apache.commons.math3.optimization.general.MinpackTest.Osborne1Function",1,1,0,0,1,,2,,3,16,0,0,3,54,48,31,,,34,,,,2,1,2,,1,1,12,12,1,0,0,,,0,3,0,,6,32,0,,28,25,9,,,2,2,,1,83,5,5,3,5,0.00
Public Constructor,"org.apache.commons.math3.optimization.general.MinpackTest.Osborne1Function.Osborne1Function",,,,,,,,,,,,,,7,7,2,2,0,2,1,1,0,,,,0,,,,,,,,,,,,,4,0,4,0,1,1,1,1,1,1,,,0,0,,1,1,1,1,0.00
Public Method,"org.apache.commons.math3.optimization.general.MinpackTest.Osborne1Function.jacobian",,,,,,,,,,,,,,16,16,13,2,0,14,2,2,0,,,,0,,,,,,,,,,,,,2,0,9,0,2,12,10,4,2,1,,,0,1,,2,2,1,2,0.00
Public Method,"org.apache.commons.math3.optimization.general.MinpackTest.Osborne1Function.value",,,,,,,,,,,,,,15,15,12,2,0,15,2,2,0,,,,0,,,,,,,,,,,,,3,0,10,0,2,13,11,4,2,1,,,0,1,,2,2,1,2,0.00
Private Static Class,"org.apache.commons.math3.optimization.general.MinpackTest.Osborne2Function",1,1,0,0,1,,2,,3,16,0,0,3,91,85,68,,,51,,,,2,1,2,,1,1,21,21,1,0,0,,,0,3,0,,6,59,0,,45,42,9,,,2,2,,1,83,5,5,3,5,0.00
Public Constructor,"org.apache.commons.math3.optimization.general.MinpackTest.Osborne2Function.Osborne2Function",,,,,,,,,,,,,,7,7,2,2,0,2,1,1,0,,,,0,,,,,,,,,,,,,4,0,4,0,1,1,1,1,1,1,,,0,0,,1,1,1,1,0.00
Public Method,"org.apache.commons.math3.optimization.general.MinpackTest.Osborne2Function.jacobian",,,,,,,,,,,,,,35,35,32,2,0,23,2,2,0,,,,0,,,,,,,,,,,,,2,0,18,0,2,21,19,4,2,1,,,0,1,,2,2,1,2,0.00
Public Method,"org.apache.commons.math3.optimization.general.MinpackTest.Osborne2Function.value",,,,,,,,,,,,,,23,23,20,2,0,23,2,2,0,,,,0,,,,,,,,,,,,,3,0,18,0,2,21,19,4,2,1,,,0,1,,2,2,1,2,0.00
Private Static Class,"org.apache.commons.math3.optimization.general.MinpackTest.PowellSingularFunction",1,1,0,0,1,,3,,3,16,0,0,3,41,35,24,,,18,,,,1,1,2,,1,1,9,9,1,0,0,,,0,3,0,,6,18,0,,14,15,3,,,1,1,,0,55,3,3,3,3,0.00
Public Constructor,"org.apache.commons.math3.optimization.general.MinpackTest.PowellSingularFunction.PowellSingularFunction",,,,,,,,,,,,,,4,4,1,3,0,2,1,1,0,,,,0,,,,,,,,,,,,,2,0,2,0,1,1,1,1,1,1,,,0,0,,1,1,1,1,0.00
Public Method,"org.apache.commons.math3.optimization.general.MinpackTest.PowellSingularFunction.jacobian",,,,,,,,,,,,,,12,12,10,1,0,6,1,1,0,,,,0,,,,,,,,,,,,,3,0,5,0,1,5,5,1,1,1,,,0,0,,1,1,1,1,0.00
Public Method,"org.apache.commons.math3.optimization.general.MinpackTest.PowellSingularFunction.value",,,,,,,,,,,,,,12,12,10,1,0,6,1,1,0,,,,0,,,,,,,,,,,,,3,0,5,0,1,5,5,1,1,1,,,0,0,,1,1,1,1,0.00
Private Static Class,"org.apache.commons.math3.optimization.general.MinpackTest.RosenbrockFunction",1,1,0,0,0,,1,,3,16,0,0,3,22,17,7,,,11,,,,1,1,2,,1,1,4,4,1,0,0,,,0,3,0,,5,10,0,,7,8,3,,,1,1,,0,100,3,3,3,3,0.00
Public Constructor,"org.apache.commons.math3.optimization.general.MinpackTest.RosenbrockFunction.RosenbrockFunction",,,,,,,,,,,,,,3,3,1,3,0,2,1,1,0,,,,0,,,,,,,,,,,,,2,0,1,0,1,1,1,1,1,1,,,0,0,,1,1,1,1,0.00
Public Method,"org.apache.commons.math3.optimization.general.MinpackTest.RosenbrockFunction.jacobian",,,,,,,,,,,,,,4,4,2,1,0,3,1,1,0,,,,0,,,,,,,,,,,,,1,0,2,0,1,2,2,1,1,1,,,0,0,,1,1,1,1,0.00
Public Method,"org.apache.commons.math3.optimization.general.MinpackTest.RosenbrockFunction.value",,,,,,,,,,,,,,5,5,3,1,0,4,1,1,0,,,,0,,,,,,,,,,,,,1,0,3,0,1,3,3,1,1,1,,,0,0,,1,1,1,1,0.00
Private Static Class,"org.apache.commons.math3.optimization.general.MinpackTest.WatsonFunction",3,1,3,0,0,,1,,3,16,0,0,3,75,61,42,,,57,,,,4,1,2,,3,3,21,18,1,0,0,,,0,3,0,,14,22,0,,47,23,34,,,4,4,,2,100,9,9,3,9,0.00
Public Constructor,"org.apache.commons.math3.optimization.general.MinpackTest.WatsonFunction.WatsonFunction",,,,,,,,,,,,,,7,7,2,3,0,2,1,1,0,,,,0,,,,,,,,,,,,,5,0,4,0,1,1,1,1,1,1,,,0,0,,1,1,1,1,0.00
Public Method,"org.apache.commons.math3.optimization.general.MinpackTest.WatsonFunction.jacobian",,,,,,,,,,,,,,31,25,20,1,1,27,4,4,0,,,,0,,,,,,,,,,,,,3,6,6,0,5,23,9,18,4,1,,,0,2,,4,4,1,4,0.00
Public Method,"org.apache.commons.math3.optimization.general.MinpackTest.WatsonFunction.value",,,,,,,,,,,,,,27,24,19,1,1,26,4,4,0,,,,0,,,,,,,,,,,,,3,3,8,0,5,22,11,15,4,1,,,0,2,,4,4,1,4,0.00
Private Method,"org.apache.commons.math3.optimization.general.MinpackTest.minpackTest",,,,,,,,,,,,,,18,17,12,12,0,8,2,2,1,,,,0,,,,,,,,,,,,,20,0,6,1,2,6,3,5,2,1,,,0,1,,2,2,1,2,0.06
Public Method,"org.apache.commons.math3.optimization.general.MinpackTest.testMinpackBard",,,,,,,,,,,,,,20,20,18,2,0,4,1,1,0,,,,0,,,,,,,,,,,,,0,0,1,0,1,3,1,3,1,1,,,0,0,,1,1,1,1,0.00
Public Method,"org.apache.commons.math3.optimization.general.MinpackTest.testMinpackBox3Dimensional",,,,,,,,,,,,,,4,4,2,2,0,2,1,1,0,,,,0,,,,,,,,,,,,,0,0,1,0,1,1,1,1,1,1,,,0,0,,1,1,1,1,0.00
Public Method,"org.apache.commons.math3.optimization.general.MinpackTest.testMinpackBrownAlmostLinear",,,,,,,,,,,,,,67,67,65,2,0,6,1,1,0,,,,0,,,,,,,,,,,,,0,0,1,0,1,5,1,5,1,1,,,0,0,,1,1,1,1,0.00
Public Method,"org.apache.commons.math3.optimization.general.MinpackTest.testMinpackBrownDennis",,,,,,,,,,,,,,23,23,21,2,0,4,1,1,0,,,,0,,,,,,,,,,,,,0,0,1,0,1,3,1,3,1,1,,,0,0,,1,1,1,1,0.00
Public Method,"org.apache.commons.math3.optimization.general.MinpackTest.testMinpackChebyquad",,,,,,,,,,,,,,37,37,35,2,0,7,1,1,0,,,,0,,,,,,,,,,,,,0,0,1,0,1,6,1,6,1,1,,,0,0,,1,1,1,1,0.00
Public Method,"org.apache.commons.math3.optimization.general.MinpackTest.testMinpackFreudensteinRoth",,,,,,,,,,,,,,20,20,18,2,0,4,1,1,0,,,,0,,,,,,,,,,,,,0,0,1,0,1,3,1,3,1,1,,,0,0,,1,1,1,1,0.00
Public Method,"org.apache.commons.math3.optimization.general.MinpackTest.testMinpackHelicalValley",,,,,,,,,,,,,,8,8,6,2,0,4,1,1,0,,,,0,,,,,,,,,,,,,0,0,1,0,1,3,1,3,1,1,,,0,0,,1,1,1,1,0.00
Public Method,"org.apache.commons.math3.optimization.general.MinpackTest.testMinpackJennrichSampson",,,,,,,,,,,,,,8,7,5,2,0,2,1,1,0,,,,0,,,,,,,,,,,,,0,0,1,1,1,1,1,1,1,1,,,0,0,,1,1,1,1,0.14
Public Method,"org.apache.commons.math3.optimization.general.MinpackTest.testMinpackKowalikOsborne",,,,,,,,,,,,,,29,29,27,2,0,4,1,1,0,,,,0,,,,,,,,,,,,,0,0,1,0,1,3,1,3,1,1,,,0,0,,1,1,1,1,0.00
Public Method,"org.apache.commons.math3.optimization.general.MinpackTest.testMinpackLinearFullRank",,,,,,,,,,,,,,6,6,4,2,0,3,1,1,0,,,,0,,,,,,,,,,,,,0,0,1,0,1,2,1,2,1,1,,,0,0,,1,1,1,1,0.00
Public Method,"org.apache.commons.math3.optimization.general.MinpackTest.testMinpackLinearRank1",,,,,,,,,,,,,,6,6,4,2,0,3,1,1,0,,,,0,,,,,,,,,,,,,0,0,1,0,1,2,1,2,1,1,,,0,0,,1,1,1,1,0.00
Public Method,"org.apache.commons.math3.optimization.general.MinpackTest.testMinpackLinearRank1ZeroColsAndRows",,,,,,,,,,,,,,4,4,2,2,0,3,1,1,0,,,,0,,,,,,,,,,,,,0,0,1,0,1,2,1,2,1,1,,,0,0,,1,1,1,1,0.00
Public Method,"org.apache.commons.math3.optimization.general.MinpackTest.testMinpackMeyer",,,,,,,,,,,,,,16,16,14,2,0,3,1,1,0,,,,0,,,,,,,,,,,,,0,0,1,0,1,2,1,2,1,1,,,0,0,,1,1,1,1,0.00
Public Method,"org.apache.commons.math3.optimization.general.MinpackTest.testMinpackOsborne1",,,,,,,,,,,,,,9,9,7,2,0,2,1,1,0,,,,0,,,,,,,,,,,,,0,0,1,0,1,1,1,1,1,1,,,0,0,,1,1,1,1,0.00
Public Method,"org.apache.commons.math3.optimization.general.MinpackTest.testMinpackOsborne2",,,,,,,,,,,,,,16,15,13,2,0,2,1,1,0,,,,0,,,,,,,,,,,,,0,1,1,0,1,1,1,1,1,1,,,0,0,,1,1,1,1,0.00
Public Method,"org.apache.commons.math3.optimization.general.MinpackTest.testMinpackPowellSingular",,,,,,,,,,,,,,8,8,6,2,0,4,1,1,0,,,,0,,,,,,,,,,,,,0,0,1,0,1,3,1,3,1,1,,,0,0,,1,1,1,1,0.00
Public Method,"org.apache.commons.math3.optimization.general.MinpackTest.testMinpackRosenbrok",,,,,,,,,,,,,,8,8,6,3,0,4,1,1,0,,,,0,,,,,,,,,,,,,0,0,1,0,1,3,1,3,1,1,,,0,0,,1,1,1,1,0.00
Public Method,"org.apache.commons.math3.optimization.general.MinpackTest.testMinpackWatson",,,,,,,,,,,,,,84,80,78,2,0,10,1,1,0,,,,0,,,,,,,,,,,,,0,4,1,0,1,9,1,9,1,1,,,0,0,,1,1,1,1,0.00
Public Class,"org.apache.commons.math3.optimization.general.NonLinearConjugateGradientOptimizer",3,1,1,9,15,,0,,7,21,0,1,5,280,151,90,,,119,,,,15,4,3,,3,3,28,17,1,0,0,,,5,7,1,,27,53,103,,87,54,65,,,15,16,,3,71,24,25,12,24,0.68
Public Static Class,"org.apache.commons.math3.optimization.general.NonLinearConjugateGradientOptimizer.IdentityPreconditioner",1,1,0,1,0,,0,,1,1,0,0,1,8,5,1,,,3,,,,1,1,1,,1,1,4,3,2,0,0,,,0,1,0,,1,2,2,,1,2,1,,,1,1,,0,0,1,1,1,1,0.40
Public Method,"org.apache.commons.math3.optimization.general.NonLinearConjugateGradientOptimizer.IdentityPreconditioner.precondition",,,,,,,,,,,,,,4,3,1,2,0,2,1,1,0,,,,0,,,,,,,,,,,,,1,0,1,1,1,1,1,1,1,1,,,0,0,,1,1,1,1,0.33
Private Class,"org.apache.commons.math3.optimization.general.NonLinearConjugateGradientOptimizer.LineSearchFunction",2,1,1,3,2,,0,,2,2,0,0,2,40,18,9,,,17,,,,3,1,1,,2,2,12,7,2,0,0,,,1,2,0,,5,7,17,,12,9,8,,,3,3,,1,0,4,4,2,4,0.94
Public Constructor,"org.apache.commons.math3.optimization.general.NonLinearConjugateGradientOptimizer.LineSearchFunction.LineSearchFunction",,,,,,,,,,,,,,6,3,1,2,0,2,1,1,0,,,,0,,,,,,,,,,,,,2,0,1,3,1,1,1,1,1,1,,,0,0,,1,1,1,1,1.00
Public Method,"org.apache.commons.math3.optimization.general.NonLinearConjugateGradientOptimizer.LineSearchFunction.value",,,,,,,,,,,,,,19,12,8,3,1,13,3,3,0,,,,0,,,,,,,,,,,,,4,3,4,4,4,10,6,7,3,1,,,0,1,,3,3,1,3,0.33
Public Constructor,"org.apache.commons.math3.optimization.general.NonLinearConjugateGradientOptimizer.NonLinearConjugateGradientOptimizer",,,,,,,,,,,,,,13,4,2,3,0,2,1,1,0,,,,0,,,,,,,,,,,,,1,0,1,9,1,1,1,1,1,1,,,0,0,,1,1,1,1,2.25
Public Constructor,"org.apache.commons.math3.optimization.general.NonLinearConjugateGradientOptimizer.NonLinearConjugateGradientOptimizer",,,,,,,,,,,,,,16,7,4,3,0,2,1,1,0,,,,0,,,,,,,,,,,,,13,0,2,9,1,1,1,1,1,1,,,0,0,,1,1,1,1,1.29
Public Constructor,"org.apache.commons.math3.optimization.general.NonLinearConjugateGradientOptimizer.NonLinearConjugateGradientOptimizer",,,,,,,,,,,,,,17,8,4,2,0,2,1,1,0,,,,0,,,,,,,,,,,,,5,0,3,9,1,1,1,1,1,1,,,0,0,,1,1,1,1,1.12
Public Constructor,"org.apache.commons.math3.optimization.general.NonLinearConjugateGradientOptimizer.NonLinearConjugateGradientOptimizer",,,,,,,,,,,,,,19,10,5,6,0,6,1,1,0,,,,0,,,,,,,,,,,,,7,1,4,8,1,5,1,5,1,1,,,0,0,,1,1,1,1,0.80
Protected Method,"org.apache.commons.math3.optimization.general.NonLinearConjugateGradientOptimizer.doOptimize",,,,,,,,,,,,,,92,70,53,16,3,66,15,16,5,,,,3,,,,,,,,,,,,,8,10,20,13,1308,51,27,39,15,4,,,4,3,,15,16,4,15,0.19
Private Method,"org.apache.commons.math3.optimization.general.NonLinearConjugateGradientOptimizer.findUpperBound",,,,,,,,,,,,,,22,13,8,4,0,11,3,3,3,,,,3,,,,,,,,,,,,,5,0,5,9,3,8,5,6,3,3,,,3,2,,3,3,3,3,0.69
Public Method,"org.apache.commons.math3.optimization.general.NonLinearConjugateGradientOptimizer.setInitialStep",,,,,,,,,,,,,,17,7,4,1,0,4,2,2,1,,,,0,,,,,,,,,,,,,1,0,1,10,2,2,1,3,2,1,,,0,1,,2,2,1,2,1.43
Public Class,"org.apache.commons.math3.optimization.general.NonLinearConjugateGradientOptimizerTest",1,1,1,0,11,,0,,12,12,0,0,12,361,267,179,,,139,,,,2,1,1,,1,1,18,17,1,0,0,,,0,12,0,,34,120,60,,113,76,63,,,2,2,,1,0,13,13,12,13,0.22
Private Static Class,"org.apache.commons.math3.optimization.general.NonLinearConjugateGradientOptimizerTest.LinearProblem",1,1,0,0,3,,1,,5,5,0,1,4,48,43,24,,,36,,,,3,1,1,,1,1,7,7,3,0,0,,,2,5,0,,5,14,0,,25,19,17,,,3,3,,1,60,8,8,5,8,0.00
Public Constructor,"org.apache.commons.math3.optimization.general.NonLinearConjugateGradientOptimizerTest.LinearProblem.LinearProblem",,,,,,,,,,,,,,4,4,2,4,0,3,1,1,0,,,,0,,,,,,,,,,,,,13,0,1,0,1,2,1,2,1,1,,,0,0,,1,1,1,1,0.00
Private Method,"org.apache.commons.math3.optimization.general.NonLinearConjugateGradientOptimizerTest.LinearProblem.gradient",,,,,,,,,,,,,,11,11,7,3,1,12,3,3,0,,,,0,,,,,,,,,,,,,6,0,3,0,4,9,5,7,3,1,,,0,1,,3,3,1,3,0.00
Public Method,"org.apache.commons.math3.optimization.general.NonLinearConjugateGradientOptimizerTest.LinearProblem.gradient",,,,,,,,,,,,,,7,7,4,1,0,4,1,1,0,,,,0,,,,,,,,,,,,,0,0,1,0,1,2,2,2,1,1,,,0,0,,1,1,1,1,0.00
Anonymous Class,"org.apache.commons.math3.optimization.general.NonLinearConjugateGradientOptimizerTest.LinearProblem.gradient.(Anon_2)",1,1,0,0,1,,0,,1,1,0,0,1,4,4,3,,,2,,,,1,1,1,,1,1,3,3,2,0,0,,,0,1,0,,0,0,0,,1,1,1,,,1,1,,0,0,1,1,1,1,0.00
Public Method,"org.apache.commons.math3.optimization.general.NonLinearConjugateGradientOptimizerTest.LinearProblem.gradient.(Anon_2).value",,,,,,,,,,,,,,3,3,2,2,0,2,1,1,0,,,,0,,,,,,,,,,,,,1,0,0,0,1,1,1,1,1,1,,,0,0,,1,1,1,1,0.00
Public Method,"org.apache.commons.math3.optimization.general.NonLinearConjugateGradientOptimizerTest.LinearProblem.partialDerivative",,,,,,,,,,,,,,7,7,4,1,0,4,1,1,0,,,,0,,,,,,,,,,,,,0,0,1,0,1,2,2,2,1,1,,,0,0,,1,1,1,1,0.00
Anonymous Class,"org.apache.commons.math3.optimization.general.NonLinearConjugateGradientOptimizerTest.LinearProblem.partialDerivative.(Anon_3)",1,1,0,0,1,,0,,1,1,0,0,1,4,4,3,,,2,,,,1,1,1,,1,1,3,3,2,0,0,,,0,1,0,,0,0,0,,1,1,1,,,1,1,,0,0,1,1,1,1,0.00
Public Method,"org.apache.commons.math3.optimization.general.NonLinearConjugateGradientOptimizerTest.LinearProblem.partialDerivative.(Anon_3).value",,,,,,,,,,,,,,3,3,2,2,0,2,1,1,0,,,,0,,,,,,,,,,,,,2,0,0,0,1,1,1,1,1,1,,,0,0,,1,1,1,1,0.00
Public Method,"org.apache.commons.math3.optimization.general.NonLinearConjugateGradientOptimizerTest.LinearProblem.value",,,,,,,,,,,,,,9,9,6,2,0,9,2,2,0,,,,0,,,,,,,,,,,,,4,0,4,0,2,7,5,4,2,1,,,0,1,,2,2,1,2,0.00
Public Method,"org.apache.commons.math3.optimization.general.NonLinearConjugateGradientOptimizerTest.testCircleFitting",,,,,,,,,,,,,,18,18,14,9,0,13,1,1,0,,,,0,,,,,,,,,,,,,4,0,7,0,1,12,5,8,1,1,,,0,0,,1,1,1,1,0.00
Public Method,"org.apache.commons.math3.optimization.general.NonLinearConjugateGradientOptimizerTest.testColumnsPermutation",,,,,,,,,,,,,,15,13,8,7,0,7,1,1,0,,,,0,,,,,,,,,,,,,2,2,7,0,1,6,4,3,1,1,,,0,0,,1,1,1,1,0.00
Public Method,"org.apache.commons.math3.optimization.general.NonLinearConjugateGradientOptimizerTest.testIllConditioned",,,,,,,,,,,,,,32,30,25,7,0,14,1,1,0,,,,0,,,,,,,,,,,,,2,2,11,0,1,13,6,8,1,1,,,0,0,,1,1,1,1,0.00
Public Method,"org.apache.commons.math3.optimization.general.NonLinearConjugateGradientOptimizerTest.testInconsistentEquations",,,,,,,,,,,,,,15,13,9,6,0,5,1,1,0,,,,0,,,,,,,,,,,,,2,2,7,0,1,4,4,1,1,1,,,0,0,,1,1,1,1,0.00
Public Method,"org.apache.commons.math3.optimization.general.NonLinearConjugateGradientOptimizerTest.testMoreEstimatedParametersSimple",,,,,,,,,,,,,,15,13,9,6,0,5,1,1,0,,,,0,,,,,,,,,,,,,2,2,7,0,1,4,4,1,1,1,,,0,0,,1,1,1,1,0.00
Public Method,"org.apache.commons.math3.optimization.general.NonLinearConjugateGradientOptimizerTest.testMoreEstimatedParametersUnsorted",,,,,,,,,,,,,,15,15,11,6,0,5,1,1,0,,,,0,,,,,,,,,,,,,2,0,7,0,1,4,4,1,1,1,,,0,0,,1,1,1,1,0.00
Public Method,"org.apache.commons.math3.optimization.general.NonLinearConjugateGradientOptimizerTest.testNoDependency",,,,,,,,,,,,,,18,18,13,6,0,8,2,2,0,,,,0,,,,,,,,,,,,,4,0,7,0,2,6,5,3,2,1,,,0,1,,2,2,1,2,0.00
Public Method,"org.apache.commons.math3.optimization.general.NonLinearConjugateGradientOptimizerTest.testNonInversible",,,,,,,,,,,,,,13,13,9,6,0,5,1,1,0,,,,0,,,,,,,,,,,,,2,0,7,0,1,4,4,1,1,1,,,0,0,,1,1,1,1,0.00
Public Method,"org.apache.commons.math3.optimization.general.NonLinearConjugateGradientOptimizerTest.testOneSet",,,,,,,,,,,,,,16,15,11,6,0,7,1,1,0,,,,0,,,,,,,,,,,,,2,1,7,0,1,6,4,3,1,1,,,0,0,,1,1,1,1,0.00
Public Method,"org.apache.commons.math3.optimization.general.NonLinearConjugateGradientOptimizerTest.testRedundantEquations",,,,,,,,,,,,,,16,14,10,6,0,6,1,1,0,,,,0,,,,,,,,,,,,,2,2,7,0,1,5,4,2,1,1,,,0,0,,1,1,1,1,0.00
Public Method,"org.apache.commons.math3.optimization.general.NonLinearConjugateGradientOptimizerTest.testTrivial",,,,,,,,,,,,,,11,11,6,7,0,6,1,1,0,,,,0,,,,,,,,,,,,,2,0,7,0,1,5,4,2,1,1,,,0,0,,1,1,1,1,0.00
Public Method,"org.apache.commons.math3.optimization.general.NonLinearConjugateGradientOptimizerTest.testTwoSets",,,,,,,,,,,,,,41,37,30,7,0,21,1,1,0,,,,0,,,,,,,,,,,,,2,4,12,0,1,19,8,13,1,1,,,0,0,,1,1,1,1,0.00
Anonymous Class,"org.apache.commons.math3.optimization.general.NonLinearConjugateGradientOptimizerTest.testTwoSets.(Anon_1)",1,1,0,0,1,,0,,1,1,0,0,1,11,11,10,,,9,,,,1,1,1,,1,1,10,10,2,0,0,,,0,1,0,,0,2,0,,8,2,7,,,1,1,,0,0,1,1,1,1,0.00
Public Method,"org.apache.commons.math3.optimization.general.NonLinearConjugateGradientOptimizerTest.testTwoSets.(Anon_1).precondition",,,,,,,,,,,,,,10,10,9,2,0,9,1,1,0,,,,0,,,,,,,,,,,,,1,0,1,0,1,8,2,7,1,1,,,0,0,,1,1,1,1,0.00
Public Interface,"org.apache.commons.math3.optimization.general.Preconditioner",0,0,0,0,0,,0,,1,1,1,0,0,20,3,0,,,2,,,,0,0,0,,0,0,0,0,0,2,0,,,0,1,0,,0,2,17,,1,2,0,,,0,0,,0,0,0,0,0,0,5.67
Abstract Method,"org.apache.commons.math3.optimization.general.Preconditioner.precondition",,,,,,,,,,,,,,18,1,0,1,0,1,0,0,0,,,,0,,,,,,,,,,,,,1,0,1,17,0,1,1,0,0,0,,,0,0,,0,0,0,0,17.00
Public Class,"org.apache.commons.math3.optimization.general.RandomCirclePointGenerator",1,1,0,6,5,,0,,3,3,0,1,2,69,36,16,,,28,,,,2,1,1,,1,1,16,9,1,0,0,,,6,3,0,,5,21,28,,23,17,11,,,2,2,,1,33,4,4,3,4,0.78
Public Constructor,"org.apache.commons.math3.optimization.general.RandomCirclePointGenerator.RandomCirclePointGenerator",,,,,,,,,,,,,,21,13,6,9,0,7,1,1,0,,,,0,,,,,,,,,,,,,7,0,6,8,1,6,1,6,1,1,,,0,0,,1,1,1,1,0.62
Private Method,"org.apache.commons.math3.optimization.general.RandomCirclePointGenerator.create",,,,,,,,,,,,,,15,8,6,5,0,7,1,1,0,,,,0,,,,,,,,,,,,,8,2,6,5,1,6,6,1,1,1,,,0,0,,1,1,1,1,0.62
Public Method,"org.apache.commons.math3.optimization.general.RandomCirclePointGenerator.generate",,,,,,,,,,,,,,13,7,4,2,0,7,2,2,0,,,,0,,,,,,,,,,,,,2,0,2,6,2,5,3,4,2,1,,,0,1,,2,2,1,2,0.86
Public Class,"org.apache.commons.math3.optimization.general.RandomStraightLinePointGenerator",1,1,0,9,3,,0,,3,3,0,1,2,75,34,14,,,26,,,,2,1,1,,1,1,18,8,1,0,0,,,6,3,0,,4,19,37,,21,15,11,,,2,2,,1,33,4,4,3,4,1.09
Public Constructor,"org.apache.commons.math3.optimization.general.RandomStraightLinePointGenerator.RandomStraightLinePointGenerator",,,,,,,,,,,,,,30,13,6,9,0,7,1,1,0,,,,0,,,,,,,,,,,,,8,0,6,17,1,6,1,6,1,1,,,0,0,,1,1,1,1,1.31
Private Method,"org.apache.commons.math3.optimization.general.RandomStraightLinePointGenerator.create",,,,,,,,,,,,,,12,6,4,3,0,5,1,1,0,,,,0,,,,,,,,,,,,,7,1,4,5,1,4,4,1,1,1,,,0,0,,1,1,1,1,0.83
Public Method,"org.apache.commons.math3.optimization.general.RandomStraightLinePointGenerator.generate",,,,,,,,,,,,,,13,7,4,2,0,7,2,2,0,,,,0,,,,,,,,,,,,,3,0,2,6,2,5,3,4,2,1,,,0,1,,2,2,1,2,0.86
Public Abstract Class,"org.apache.commons.math3.optimization.general.StatisticalReferenceDataset",1,1,0,6,2,,0,,17,18,0,1,17,350,169,99,,,131,,,,14,3,1,,1,2,16,9,1,4,1,,,11,18,0,,36,54,145,,92,59,72,,,14,14,,2,85,31,34,18,31,0.86
Public Constructor,"org.apache.commons.math3.optimization.general.StatisticalReferenceDataset.StatisticalReferenceDataset",,,,,,,,,,,,,,106,91,70,23,4,77,14,14,0,,,,0,,,,,,,,,,,,,4,7,16,8,3200,57,25,52,14,1,,,0,0,,14,14,1,14,0.09
Anonymous Class,"org.apache.commons.math3.optimization.general.StatisticalReferenceDataset.StatisticalReferenceDataset.(Anon_1)",1,1,0,0,2,,0,,2,2,0,0,2,23,22,17,,,18,,,,2,1,1,,1,1,10,10,2,0,0,,,0,2,0,,1,4,0,,13,9,9,,,2,2,,1,0,3,3,2,3,0.00
Public Method,"org.apache.commons.math3.optimization.general.StatisticalReferenceDataset.StatisticalReferenceDataset.(Anon_1).jacobian",,,,,,,,,,,,,,13,13,10,1,0,10,1,1,0,,,,0,,,,,,,,,,,,,0,0,2,0,1,7,5,5,1,1,,,0,0,,1,1,1,1,0.00
Anonymous Class,"org.apache.commons.math3.optimization.general.StatisticalReferenceDataset.StatisticalReferenceDataset.(Anon_1).jacobian.(Anon_2)",2,1,0,0,1,,0,,1,1,0,0,1,10,10,8,,,8,,,,2,1,1,,2,2,9,9,2,0,0,,,0,1,0,,0,2,0,,6,4,4,,,2,2,,1,0,2,2,1,2,0.00
Public Method,"org.apache.commons.math3.optimization.general.StatisticalReferenceDataset.StatisticalReferenceDataset.(Anon_1).jacobian.(Anon_2).value",,,,,,,,,,,,,,9,9,7,4,0,8,2,2,0,,,,0,,,,,,,,,,,,,1,0,2,0,2,6,4,4,2,1,,,0,1,,2,2,1,2,0.00
Public Method,"org.apache.commons.math3.optimization.general.StatisticalReferenceDataset.StatisticalReferenceDataset.(Anon_1).value",,,,,,,,,,,,,,8,8,6,4,0,8,2,2,0,,,,0,,,,,,,,,,,,,1,0,2,0,2,6,4,4,2,1,,,0,1,,2,2,1,2,0.00
Private Static Method,"org.apache.commons.math3.optimization.general.StatisticalReferenceDataset.findLineNumbers",,,,,,,,,,,,,,39,18,13,6,0,12,3,6,3,,,,3,,,,,,,,,,,,,3,0,9,21,3,8,6,6,3,3,,,3,2,,3,6,3,3,1.17
Public Method,"org.apache.commons.math3.optimization.general.StatisticalReferenceDataset.getData",,,,,,,,,,,,,,11,5,3,2,0,2,1,1,0,,,,0,,,,,,,,,,,,,6,0,1,6,1,1,1,1,1,1,,,0,0,,1,1,1,1,1.20
Public Method,"org.apache.commons.math3.optimization.general.StatisticalReferenceDataset.getLeastSquaresProblem",,,,,,,,,,,,,,9,3,1,1,0,2,1,1,0,,,,0,,,,,,,,,,,,,5,0,1,6,1,1,1,1,1,1,,,0,0,,1,1,1,1,2.00
Public Abstract Method,"org.apache.commons.math3.optimization.general.StatisticalReferenceDataset.getModelDerivatives",,,,,,,,,,,,,,10,2,0,1,0,1,0,0,0,,,,0,,,,,,,,,,,,,1,0,2,8,0,1,1,0,0,0,,,0,0,,0,0,0,0,4.00
Public Abstract Method,"org.apache.commons.math3.optimization.general.StatisticalReferenceDataset.getModelValue",,,,,,,,,,,,,,9,1,0,1,0,1,0,0,0,,,,0,,,,,,,,,,,,,1,0,1,8,0,1,1,0,0,0,,,0,0,,0,0,0,0,8.00
Public Method,"org.apache.commons.math3.optimization.general.StatisticalReferenceDataset.getName",,,,,,,,,,,,,,8,3,1,1,0,2,1,1,0,,,,0,,,,,,,,,,,,,5,0,1,5,1,1,1,1,1,1,,,0,0,,1,1,1,1,1.67
Public Method,"org.apache.commons.math3.optimization.general.StatisticalReferenceDataset.getNumObservations",,,,,,,,,,,,,,8,3,1,1,0,2,1,1,0,,,,0,,,,,,,,,,,,,5,0,1,5,1,1,1,1,1,1,,,0,0,,1,1,1,1,1.67
Public Method,"org.apache.commons.math3.optimization.general.StatisticalReferenceDataset.getNumParameters",,,,,,,,,,,,,,8,3,1,1,0,2,1,1,0,,,,0,,,,,,,,,,,,,1,0,1,5,1,1,1,1,1,1,,,0,0,,1,1,1,1,1.67
Public Method,"org.apache.commons.math3.optimization.general.StatisticalReferenceDataset.getNumStartingPoints",,,,,,,,,,,,,,9,3,1,1,0,2,1,1,0,,,,0,,,,,,,,,,,,,1,0,1,6,1,1,1,1,1,1,,,0,0,,1,1,1,1,2.00
Public Method,"org.apache.commons.math3.optimization.general.StatisticalReferenceDataset.getParameter",,,,,,,,,,,,,,9,3,1,1,0,2,1,1,0,,,,0,,,,,,,,,,,,,3,0,1,6,1,1,1,1,1,1,,,0,0,,1,1,1,1,2.00
Public Method,"org.apache.commons.math3.optimization.general.StatisticalReferenceDataset.getParameterStandardDeviation",,,,,,,,,,,,,,10,3,1,1,0,2,1,1,0,,,,0,,,,,,,,,,,,,3,0,1,7,1,1,1,1,1,1,,,0,0,,1,1,1,1,2.33
Public Method,"org.apache.commons.math3.optimization.general.StatisticalReferenceDataset.getParameters",,,,,,,,,,,,,,8,3,1,2,0,2,1,1,0,,,,0,,,,,,,,,,,,,4,0,1,5,1,1,1,1,1,1,,,0,0,,1,1,1,1,1.67
Public Method,"org.apache.commons.math3.optimization.general.StatisticalReferenceDataset.getParametersStandardDeviations",,,,,,,,,,,,,,8,3,1,2,0,2,1,1,0,,,,0,,,,,,,,,,,,,2,0,1,5,1,1,1,1,1,1,,,0,0,,1,1,1,1,1.67
Public Method,"org.apache.commons.math3.optimization.general.StatisticalReferenceDataset.getResidualSumOfSquares",,,,,,,,,,,,,,8,3,1,1,0,2,1,1,0,,,,0,,,,,,,,,,,,,3,0,1,5,1,1,1,1,1,1,,,0,0,,1,1,1,1,1.67
Public Method,"org.apache.commons.math3.optimization.general.StatisticalReferenceDataset.getStartingPoint",,,,,,,,,,,,,,9,3,1,2,0,2,1,1,0,,,,0,,,,,,,,,,,,,3,0,1,6,1,1,1,1,1,1,,,0,0,,1,1,1,1,2.00
Public Method,"org.apache.commons.math3.optimization.general.StatisticalReferenceDataset.getX",,,,,,,,,,,,,,9,3,1,1,0,2,1,1,0,,,,0,,,,,,,,,,,,,4,0,1,6,1,1,1,1,1,1,,,0,0,,1,1,1,1,2.00
Public Method,"org.apache.commons.math3.optimization.general.StatisticalReferenceDataset.getY",,,,,,,,,,,,,,9,3,1,1,0,2,1,1,0,,,,0,,,,,,,,,,,,,2,0,1,6,1,1,1,1,1,1,,,0,0,,1,1,1,1,2.00
Public Class,"org.apache.commons.math3.optimization.general.StatisticalReferenceDatasetFactory",1,1,1,2,1,,0,,2,7,0,1,6,177,144,107,,,90,,,,2,1,1,,1,1,23,20,1,0,5,,,0,7,0,,15,36,18,,69,37,53,,,2,2,,1,0,8,8,7,8,0.12
Private Constructor,"org.apache.commons.math3.optimization.general.StatisticalReferenceDatasetFactory.StatisticalReferenceDatasetFactory",,,,,,,,,,,,,,3,2,0,1,0,1,1,1,0,,,,0,,,,,,,,,,,,,0,0,1,1,1,0,1,0,1,1,,,0,0,,1,1,1,1,0.50
Public Method,"org.apache.commons.math3.optimization.general.StatisticalReferenceDatasetFactory.createAll",,,,,,,,,,,,,,12,6,3,3,0,2,1,1,0,,,,0,,,,,,,,,,,,,0,0,2,6,1,1,1,1,1,1,,,0,0,,1,1,1,1,1.00
Public Static Method,"org.apache.commons.math3.optimization.general.StatisticalReferenceDatasetFactory.createBufferedReaderFromResource",,,,,,,,,,,,,,17,10,5,2,0,6,2,2,0,,,,0,,,,,,,,,,,,,5,0,3,7,2,4,2,4,2,1,,,0,1,,2,2,1,2,0.70
Public Static Method,"org.apache.commons.math3.optimization.general.StatisticalReferenceDatasetFactory.createHahn1",,,,,,,,,,,,,,35,33,27,3,0,23,1,1,0,,,,0,,,,,,,,,,,,,1,2,9,0,1,19,10,13,1,1,,,0,0,,1,1,1,1,0.00
Anonymous Class,"org.apache.commons.math3.optimization.general.StatisticalReferenceDatasetFactory.createHahn1.(Anon_2)",1,1,0,0,0,,0,,2,20,0,0,2,24,22,20,,,16,,,,1,1,2,,1,1,9,9,1,0,0,,,0,2,0,,2,5,0,,14,7,9,,,1,1,,0,0,2,2,2,2,0.00
Public Method,"org.apache.commons.math3.optimization.general.StatisticalReferenceDatasetFactory.createHahn1.(Anon_2).getModelDerivatives",,,,,,,,,,,,,,14,14,13,1,0,12,1,1,0,,,,0,,,,,,,,,,,,,2,0,3,0,1,11,4,8,1,1,,,0,0,,1,1,1,1,0.00
Public Method,"org.apache.commons.math3.optimization.general.StatisticalReferenceDatasetFactory.createHahn1.(Anon_2).getModelValue",,,,,,,,,,,,,,5,5,4,1,0,4,1,1,0,,,,0,,,,,,,,,,,,,2,0,2,0,1,3,3,1,1,1,,,0,0,,1,1,1,1,0.00
Public Static Method,"org.apache.commons.math3.optimization.general.StatisticalReferenceDatasetFactory.createKirby2",,,,,,,,,,,,,,33,31,25,3,0,21,1,1,0,,,,0,,,,,,,,,,,,,5,2,9,0,1,17,10,11,1,1,,,0,0,,1,1,1,1,0.00
Anonymous Class,"org.apache.commons.math3.optimization.general.StatisticalReferenceDatasetFactory.createKirby2.(Anon_1)",1,1,0,0,0,,0,,2,20,0,0,2,22,20,18,,,14,,,,1,1,2,,1,1,8,8,1,0,0,,,0,2,0,,2,5,0,,12,7,7,,,1,1,,0,0,2,2,2,2,0.00
Public Method,"org.apache.commons.math3.optimization.general.StatisticalReferenceDatasetFactory.createKirby2.(Anon_1).getModelDerivatives",,,,,,,,,,,,,,12,12,11,1,0,10,1,1,0,,,,0,,,,,,,,,,,,,2,0,3,0,1,9,4,6,1,1,,,0,0,,1,1,1,1,0.00
Public Method,"org.apache.commons.math3.optimization.general.StatisticalReferenceDatasetFactory.createKirby2.(Anon_1).getModelValue",,,,,,,,,,,,,,5,5,4,1,0,4,1,1,0,,,,0,,,,,,,,,,,,,2,0,2,0,1,3,3,1,1,1,,,0,0,,1,1,1,1,0.00
Public Static Method,"org.apache.commons.math3.optimization.general.StatisticalReferenceDatasetFactory.createLanczos1",,,,,,,,,,,,,,34,32,25,3,0,19,1,1,0,,,,0,,,,,,,,,,,,,0,2,6,0,1,15,6,13,1,1,,,0,0,,1,1,1,1,0.00
Anonymous Class,"org.apache.commons.math3.optimization.general.StatisticalReferenceDatasetFactory.createLanczos1.(Anon_4)",1,1,0,0,1,,0,,2,20,0,0,2,22,20,18,,,12,,,,1,1,2,,1,1,8,8,1,0,0,,,0,2,0,,2,1,0,,10,3,9,,,1,1,,0,0,2,2,2,2,0.00
Public Method,"org.apache.commons.math3.optimization.general.StatisticalReferenceDatasetFactory.createLanczos1.(Anon_4).getModelDerivatives",,,,,,,,,,,,,,11,11,10,2,0,9,1,1,0,,,,0,,,,,,,,,,,,,2,0,1,0,1,8,2,7,1,1,,,0,0,,1,1,1,1,0.00
Public Method,"org.apache.commons.math3.optimization.general.StatisticalReferenceDatasetFactory.createLanczos1.(Anon_4).getModelValue",,,,,,,,,,,,,,6,6,5,3,0,3,1,1,0,,,,0,,,,,,,,,,,,,2,0,0,0,1,2,1,2,1,1,,,0,0,,1,1,1,1,0.00
Public Static Method,"org.apache.commons.math3.optimization.general.StatisticalReferenceDatasetFactory.createMGH17",,,,,,,,,,,,,,30,28,22,3,0,17,1,1,0,,,,0,,,,,,,,,,,,,1,2,5,0,1,13,6,11,1,1,,,0,0,,1,1,1,1,0.00
Anonymous Class,"org.apache.commons.math3.optimization.general.StatisticalReferenceDatasetFactory.createMGH17.(Anon_3)",1,1,0,0,1,,0,,2,20,0,0,2,19,17,15,,,10,,,,1,1,2,,1,1,7,7,1,0,0,,,0,2,0,,2,1,0,,8,3,7,,,1,1,,0,0,2,2,2,2,0.00
Public Method,"org.apache.commons.math3.optimization.general.StatisticalReferenceDatasetFactory.createMGH17.(Anon_3).getModelDerivatives",,,,,,,,,,,,,,10,10,9,2,0,8,1,1,0,,,,0,,,,,,,,,,,,,2,0,1,0,1,7,2,6,1,1,,,0,0,,1,1,1,1,0.00
Public Method,"org.apache.commons.math3.optimization.general.StatisticalReferenceDatasetFactory.createMGH17.(Anon_3).getModelValue",,,,,,,,,,,,,,4,4,3,2,0,2,1,1,0,,,,0,,,,,,,,,,,,,2,0,0,0,1,1,1,1,1,1,,,0,0,,1,1,1,1,0.00
Class,"org.apache.commons.math3.optimization.general.StraightLineProblem",1,1,0,1,3,,0,,10,10,0,1,9,136,83,43,,,71,,,,2,1,1,,1,1,9,6,2,0,0,,,2,10,0,,21,32,34,,49,38,33,,,2,2,,1,50,16,16,10,16,0.41
Public Static Class,"org.apache.commons.math3.optimization.general.StraightLineProblem.Model",1,1,0,0,0,,0,,2,2,0,0,2,17,12,3,,,8,,,,1,1,1,,1,1,4,4,2,0,0,,,2,2,0,,2,6,3,,5,5,3,,,1,1,,0,0,2,2,2,2,0.25
Public Constructor,"org.apache.commons.math3.optimization.general.StraightLineProblem.Model.Model",,,,,,,,,,,,,,5,5,2,3,0,3,1,1,0,,,,0,,,,,,,,,,,,,3,0,2,0,1,2,1,2,1,1,,,0,0,,1,1,1,1,0.00
Public Method,"org.apache.commons.math3.optimization.general.StraightLineProblem.Model.value",,,,,,,,,,,,,,3,3,1,1,0,2,1,1,0,,,,0,,,,,,,,,,,,,4,0,1,0,1,1,1,1,1,1,,,0,0,,1,1,1,1,0.00
Public Constructor,"org.apache.commons.math3.optimization.general.StraightLineProblem.StraightLineProblem",,,,,,,,,,,,,,7,4,2,3,0,3,1,1,0,,,,0,,,,,,,,,,,,,3,0,1,3,1,2,1,2,1,1,,,0,0,,1,1,1,1,0.75
Public Method,"org.apache.commons.math3.optimization.general.StraightLineProblem.addPoint",,,,,,,,,,,,,,3,3,1,1,0,2,1,1,0,,,,0,,,,,,,,,,,,,5,0,1,0,1,1,1,1,1,1,,,0,0,,1,1,1,1,0.00
Public Method,"org.apache.commons.math3.optimization.general.StraightLineProblem.jacobian",,,,,,,,,,,,,,7,7,4,1,0,4,1,1,0,,,,0,,,,,,,,,,,,,0,0,1,0,1,2,2,2,1,1,,,0,0,,1,1,1,1,0.00
Private Method,"org.apache.commons.math3.optimization.general.StraightLineProblem.jacobian",,,,,,,,,,,,,,13,9,6,3,0,9,2,2,0,,,,0,,,,,,,,,,,,,2,2,3,2,2,7,4,5,2,1,,,0,1,,2,2,1,2,0.22
Anonymous Class,"org.apache.commons.math3.optimization.general.StraightLineProblem.jacobian.(Anon_1)",1,1,0,0,1,,0,,1,1,0,0,1,4,4,3,,,2,,,,1,1,1,,1,1,3,3,2,0,0,,,0,1,0,,0,0,0,,1,1,1,,,1,1,,0,0,1,1,1,1,0.00
Public Method,"org.apache.commons.math3.optimization.general.StraightLineProblem.jacobian.(Anon_1).value",,,,,,,,,,,,,,3,3,2,2,0,2,1,1,0,,,,0,,,,,,,,,,,,,1,0,0,0,1,1,1,1,1,1,,,0,0,,1,1,1,1,0.00
Public Method,"org.apache.commons.math3.optimization.general.StraightLineProblem.solve",,,,,,,,,,,,,,13,8,5,5,0,7,2,2,0,,,,0,,,,,,,,,,,,,3,1,3,4,2,4,4,3,2,1,,,0,1,,2,2,1,2,0.50
Public Method,"org.apache.commons.math3.optimization.general.StraightLineProblem.target",,,,,,,,,,,,,,3,3,1,2,0,2,1,1,0,,,,0,,,,,,,,,,,,,2,0,1,0,1,1,1,1,1,1,,,0,0,,1,1,1,1,0.00
Public Method,"org.apache.commons.math3.optimization.general.StraightLineProblem.value",,,,,,,,,,,,,,11,9,6,5,0,9,2,2,0,,,,0,,,,,,,,,,,,,2,2,4,0,2,7,5,4,2,1,,,0,1,,2,2,1,2,0.00
Public Method,"org.apache.commons.math3.optimization.general.StraightLineProblem.weight",,,,,,,,,,,,,,9,8,5,2,0,8,2,2,0,,,,0,,,,,,,,,,,,,4,1,3,0,2,6,4,4,2,1,,,0,1,,2,2,1,2,0.00
Public Method,"org.apache.commons.math3.optimization.general.StraightLineProblem.x",,,,,,,,,,,,,,12,8,5,3,0,8,2,2,0,,,,0,,,,,,,,,,,,,1,1,3,4,2,6,4,4,2,1,,,0,1,,2,2,1,2,0.50
Public Method,"org.apache.commons.math3.optimization.general.StraightLineProblem.y",,,,,,,,,,,,,,12,8,5,3,0,8,2,2,0,,,,0,,,,,,,,,,,,,2,1,3,4,2,6,4,4,2,1,,,0,1,,2,2,1,2,0.50
Package,"org.apache.commons.math3.optimization.linear",1,1,0,3,,11,10,12,113,,7,16,61,2300,1238,753,,,942,,,,12,6,,,1,1,14,9,,,1,,,27,114,30,,282,501,783,,751,430,512,,,12,13,,4,,191,206,127,190,0.63
Public Abstract Class,"org.apache.commons.math3.optimization.linear.AbstractLinearOptimizer",1,1,0,2,5,,1,,11,11,0,0,4,132,52,17,,,35,,,,2,1,1,,1,1,7,4,2,1,0,,,6,11,7,,23,24,57,,23,19,16,,,2,2,,1,78,11,11,10,11,1.10
Protected Constructor,"org.apache.commons.math3.optimization.linear.AbstractLinearOptimizer.AbstractLinearOptimizer",,,,,,,,,,,,,,6,3,1,2,0,2,1,1,0,,,,0,,,,,,,,,,,,,1,0,1,3,1,1,1,1,1,1,,,0,0,,1,1,1,1,1.00
Protected Abstract Method,"org.apache.commons.math3.optimization.linear.AbstractLinearOptimizer.doOptimize",,,,,,,,,,,,,,7,2,0,1,0,1,0,0,0,,,,0,,,,,,,,,,,,,1,0,2,5,0,1,1,0,0,0,,,0,0,,0,0,0,0,2.50
Protected Method,"org.apache.commons.math3.optimization.linear.AbstractLinearOptimizer.getConstraints",,,,,,,,,,,,,,6,3,1,2,0,2,1,1,0,,,,0,,,,,,,,,,,,,2,0,1,3,1,1,1,1,1,1,,,0,0,,1,1,1,1,1.00
Protected Method,"org.apache.commons.math3.optimization.linear.AbstractLinearOptimizer.getFunction",,,,,,,,,,,,,,6,3,1,1,0,2,1,1,0,,,,0,,,,,,,,,,,,,2,0,1,3,1,1,1,1,1,1,,,0,0,,1,1,1,1,1.00
Protected Method,"org.apache.commons.math3.optimization.linear.AbstractLinearOptimizer.getGoalType",,,,,,,,,,,,,,6,3,1,1,0,2,1,1,0,,,,0,,,,,,,,,,,,,2,0,1,3,1,1,1,1,1,1,,,0,0,,1,1,1,1,1.00
Public Method,"org.apache.commons.math3.optimization.linear.AbstractLinearOptimizer.getIterations",,,,,,,,,,,,,,4,3,1,1,0,2,1,1,0,,,,0,,,,,,,,,,,,,1,0,1,1,1,1,1,1,1,1,,,0,0,,1,1,1,1,0.33
Public Method,"org.apache.commons.math3.optimization.linear.AbstractLinearOptimizer.getMaxIterations",,,,,,,,,,,,,,4,3,1,1,0,2,1,1,0,,,,0,,,,,,,,,,,,,1,0,1,1,1,1,1,1,1,1,,,0,0,,1,1,1,1,0.33
Protected Method,"org.apache.commons.math3.optimization.linear.AbstractLinearOptimizer.incrementIterationsCounter",,,,,,,,,,,,,,10,6,2,2,0,3,2,2,0,,,,0,,,,,,,,,,,,,3,0,2,4,2,1,1,2,2,1,,,0,1,,2,2,1,2,0.67
Public Method,"org.apache.commons.math3.optimization.linear.AbstractLinearOptimizer.optimize",,,,,,,,,,,,,,18,11,6,7,0,7,1,1,0,,,,0,,,,,,,,,,,,,22,4,4,3,1,6,1,6,1,1,,,0,0,,1,1,1,1,0.27
Protected Method,"org.apache.commons.math3.optimization.linear.AbstractLinearOptimizer.restrictToNonNegative",,,,,,,,,,,,,,6,3,1,1,0,2,1,1,0,,,,0,,,,,,,,,,,,,2,0,1,3,1,1,1,1,1,1,,,0,0,,1,1,1,1,1.00
Public Method,"org.apache.commons.math3.optimization.linear.AbstractLinearOptimizer.setMaxIterations",,,,,,,,,,,,,,4,3,1,1,0,2,1,1,0,,,,0,,,,,,,,,,,,,2,0,1,1,1,1,1,1,1,1,,,0,0,,1,1,1,1,0.33
Public Class,"org.apache.commons.math3.optimization.linear.LinearConstraint",1,1,0,8,4,,1,,11,11,0,2,9,204,72,32,,,45,,,,3,3,1,,1,1,14,5,2,0,0,,,3,11,0,,18,28,114,,30,19,26,,,3,5,,1,56,14,16,13,14,1.58
Public Constructor,"org.apache.commons.math3.optimization.linear.LinearConstraint.LinearConstraint",,,,,,,,,,,,,,18,4,1,3,0,2,1,1,0,,,,0,,,,,,,,,,,,,29,0,2,14,1,1,1,1,1,1,,,0,0,,1,1,1,1,3.50
Public Constructor,"org.apache.commons.math3.optimization.linear.LinearConstraint.LinearConstraint",,,,,,,,,,,,,,20,6,3,4,0,4,1,1,0,,,,0,,,,,,,,,,,,,5,0,2,14,1,3,1,3,1,1,,,0,0,,1,1,1,1,2.33
Public Constructor,"org.apache.commons.math3.optimization.linear.LinearConstraint.LinearConstraint",,,,,,,,,,,,,,30,11,6,5,0,9,2,2,0,,,,0,,,,,,,,,,,,,6,0,4,19,2,7,3,6,2,1,,,0,1,,2,2,1,2,1.73
Public Constructor,"org.apache.commons.math3.optimization.linear.LinearConstraint.LinearConstraint",,,,,,,,,,,,,,26,7,3,5,0,4,1,1,0,,,,0,,,,,,,,,,,,,5,0,3,19,1,3,1,3,1,1,,,0,0,,1,1,1,1,2.71
Public Method,"org.apache.commons.math3.optimization.linear.LinearConstraint.equals",,,,,,,,,,,,,,15,12,8,2,0,7,3,5,2,,,,2,,,,,,,,,,,,,4,2,2,1,3,4,2,5,3,3,,,2,1,,3,5,3,3,0.08
Public Method,"org.apache.commons.math3.optimization.linear.LinearConstraint.getCoefficients",,,,,,,,,,,,,,7,3,1,1,0,2,1,1,0,,,,0,,,,,,,,,,,,,3,0,1,4,1,1,1,1,1,1,,,0,0,,1,1,1,1,1.33
Public Method,"org.apache.commons.math3.optimization.linear.LinearConstraint.getRelationship",,,,,,,,,,,,,,7,3,1,1,0,2,1,1,0,,,,0,,,,,,,,,,,,,4,0,1,4,1,1,1,1,1,1,,,0,0,,1,1,1,1,1.33
Public Method,"org.apache.commons.math3.optimization.linear.LinearConstraint.getValue",,,,,,,,,,,,,,7,3,1,1,0,2,1,1,0,,,,0,,,,,,,,,,,,,3,0,1,4,1,1,1,1,1,1,,,0,0,,1,1,1,1,1.33
Public Method,"org.apache.commons.math3.optimization.linear.LinearConstraint.hashCode",,,,,,,,,,,,,,6,5,3,3,0,2,1,1,0,,,,0,,,,,,,,,,,,,3,0,1,1,1,1,1,1,1,1,,,0,0,,1,1,1,1,0.20
Private Method,"org.apache.commons.math3.optimization.linear.LinearConstraint.readObject",,,,,,,,,,,,,,10,5,2,2,0,3,1,1,0,,,,0,,,,,,,,,,,,,1,0,2,5,1,2,1,2,1,1,,,0,0,,1,1,1,1,1.00
Private Method,"org.apache.commons.math3.optimization.linear.LinearConstraint.writeObject",,,,,,,,,,,,,,9,5,2,2,0,3,1,1,0,,,,0,,,,,,,,,,,,,2,0,2,4,1,2,1,2,1,1,,,0,0,,1,1,1,1,0.80
Public Class,"org.apache.commons.math3.optimization.linear.LinearObjectiveFunction",1,1,0,3,3,,1,,10,10,0,2,8,119,49,19,,,32,,,,3,3,1,,1,1,8,4,2,0,0,,,2,10,0,,17,19,53,,19,15,17,,,3,4,,1,56,12,13,12,12,1.08
Public Constructor,"org.apache.commons.math3.optimization.linear.LinearObjectiveFunction.LinearObjectiveFunction",,,,,,,,,,,,,,7,3,1,3,0,2,1,1,0,,,,0,,,,,,,,,,,,,28,0,1,4,1,1,1,1,1,1,,,0,0,,1,1,1,1,1.33
Public Constructor,"org.apache.commons.math3.optimization.linear.LinearObjectiveFunction.LinearObjectiveFunction",,,,,,,,,,,,,,8,4,2,3,0,3,1,1,0,,,,0,,,,,,,,,,,,,3,0,1,4,1,2,1,2,1,1,,,0,0,,1,1,1,1,1.00
Public Method,"org.apache.commons.math3.optimization.linear.LinearObjectiveFunction.equals",,,,,,,,,,,,,,14,10,6,2,0,7,3,4,2,,,,2,,,,,,,,,,,,,4,3,2,1,3,4,2,5,3,3,,,2,1,,3,4,3,3,0.10
Public Method,"org.apache.commons.math3.optimization.linear.LinearObjectiveFunction.getCoefficients",,,,,,,,,,,,,,7,3,1,1,0,2,1,1,0,,,,0,,,,,,,,,,,,,4,0,1,4,1,1,1,1,1,1,,,0,0,,1,1,1,1,1.33
Public Method,"org.apache.commons.math3.optimization.linear.LinearObjectiveFunction.getConstantTerm",,,,,,,,,,,,,,7,3,1,1,0,2,1,1,0,,,,0,,,,,,,,,,,,,2,0,1,4,1,1,1,1,1,1,,,0,0,,1,1,1,1,1.33
Public Method,"org.apache.commons.math3.optimization.linear.LinearObjectiveFunction.getValue",,,,,,,,,,,,,,8,3,1,3,0,2,1,1,0,,,,0,,,,,,,,,,,,,4,0,1,5,1,1,1,1,1,1,,,0,0,,1,1,1,1,1.67
Public Method,"org.apache.commons.math3.optimization.linear.LinearObjectiveFunction.getValue",,,,,,,,,,,,,,8,3,1,2,0,2,1,1,0,,,,0,,,,,,,,,,,,,3,0,1,5,1,1,1,1,1,1,,,0,0,,1,1,1,1,1.67
Public Method,"org.apache.commons.math3.optimization.linear.LinearObjectiveFunction.hashCode",,,,,,,,,,,,,,4,3,1,3,0,2,1,1,0,,,,0,,,,,,,,,,,,,3,0,1,1,1,1,1,1,1,1,,,0,0,,1,1,1,1,0.33
Private Method,"org.apache.commons.math3.optimization.linear.LinearObjectiveFunction.readObject",,,,,,,,,,,,,,10,5,2,2,0,3,1,1,0,,,,0,,,,,,,,,,,,,1,0,2,5,1,2,1,2,1,1,,,0,0,,1,1,1,1,1.00
Private Method,"org.apache.commons.math3.optimization.linear.LinearObjectiveFunction.writeObject",,,,,,,,,,,,,,9,5,2,2,0,3,1,1,0,,,,0,,,,,,,,,,,,,2,0,2,4,1,2,1,2,1,1,,,0,0,,1,1,1,1,0.80
Public Interface,"org.apache.commons.math3.optimization.linear.LinearOptimizer",0,0,0,0,4,,0,,4,4,4,0,0,37,8,0,,,5,,,,0,0,0,,0,0,0,0,0,1,0,,,0,4,0,,5,7,24,,4,5,0,,,0,0,,0,0,0,0,0,0,3.00
Abstract Method,"org.apache.commons.math3.optimization.linear.LinearOptimizer.getIterations",,,,,,,,,,,,,,9,1,0,1,0,1,0,0,0,,,,0,,,,,,,,,,,,,0,0,1,8,0,1,1,0,0,0,,,0,0,,0,0,0,0,8.00
Abstract Method,"org.apache.commons.math3.optimization.linear.LinearOptimizer.getMaxIterations",,,,,,,,,,,,,,4,1,0,1,0,1,0,0,0,,,,0,,,,,,,,,,,,,0,0,1,3,0,1,1,0,0,0,,,0,0,,0,0,0,0,3.00
Abstract Method,"org.apache.commons.math3.optimization.linear.LinearOptimizer.optimize",,,,,,,,,,,,,,13,3,0,1,0,1,0,0,0,,,,0,,,,,,,,,,,,,0,0,3,10,0,1,1,0,0,0,,,0,0,,0,0,0,0,3.33
Abstract Method,"org.apache.commons.math3.optimization.linear.LinearOptimizer.setMaxIterations",,,,,,,,,,,,,,4,1,0,0,0,1,0,0,0,,,,0,,,,,,,,,,,,,0,0,1,3,0,1,1,0,0,0,,,0,0,,0,0,0,0,3.00
Public Class,"org.apache.commons.math3.optimization.linear.NoFeasibleSolutionException",1,1,0,3,1,,1,,1,7,0,0,1,19,6,2,,,4,,,,1,1,3,,1,1,6,3,1,0,0,,,0,1,0,,3,3,10,,2,3,1,,,1,1,,0,100,1,1,1,1,1.67
Public Constructor,"org.apache.commons.math3.optimization.linear.NoFeasibleSolutionException.NoFeasibleSolutionException",,,,,,,,,,,,,,6,3,1,2,0,2,1,1,0,,,,0,,,,,,,,,,,,,2,0,1,3,1,1,1,1,1,1,,,0,0,,1,1,1,1,1.00
Public Enum Type,"org.apache.commons.math3.optimization.linear.Relationship",1,1,0,1,1,,0,,5,5,0,1,4,48,23,9,,,11,,,,2,1,1,,1,1,4,3,1,0,0,,,4,5,0,,8,9,17,,7,5,6,,,3,3,,1,75,7,7,5,6,0.74
Private Constructor,"org.apache.commons.math3.optimization.linear.Relationship.Relationship",,,,,,,,,,,,,,6,3,1,2,0,2,1,1,0,,,,0,,,,,,,,,,,,,1,0,1,3,1,1,1,1,1,1,,,0,0,,1,1,1,1,1.00
Public Method,"org.apache.commons.math3.optimization.linear.Relationship.oppositeRelationship",,,,,,,,,,,,,,14,10,7,1,0,5,3,3,3,,,,0,,,,,,,,,,,,,4,0,1,4,3,3,1,4,2,1,,,0,1,,3,3,1,2,0.40
Public Method,"org.apache.commons.math3.optimization.linear.Relationship.toString",,,,,,,,,,,,,,4,3,1,1,0,2,1,1,0,,,,0,,,,,,,,,,,,,1,0,1,1,1,1,1,1,1,1,,,0,0,,1,1,1,1,0.33
Public Method,"org.apache.commons.math3.optimization.linear.Relationship.valueOf",,,,,,,,,,,,,,0,0,0,1,0,0,1,1,0,,,,0,,,,,,,,,,,,,0,0,0,0,0,0,0,0,1,1,,,0,0,,1,1,1,1,0.00
Public Method,"org.apache.commons.math3.optimization.linear.Relationship.values",,,,,,,,,,,,,,0,0,0,1,0,0,1,1,0,,,,0,,,,,,,,,,,,,0,0,0,0,0,0,0,0,1,1,,,0,0,,1,1,1,1,0.00
Public Class,"org.apache.commons.math3.optimization.linear.SimplexSolver",3,1,1,5,6,,2,,7,18,0,2,3,177,105,66,,,79,,,,10,6,2,,3,3,21,14,1,0,0,,,2,7,2,,23,33,49,,52,33,46,,,10,11,,4,67,25,26,12,25,0.47
Public Constructor,"org.apache.commons.math3.optimization.linear.SimplexSolver.SimplexSolver",,,,,,,,,,,,,,6,3,1,2,0,2,1,1,0,,,,0,,,,,,,,,,,,,26,0,1,3,1,1,1,1,1,1,,,0,0,,1,1,1,1,1.00
Public Constructor,"org.apache.commons.math3.optimization.linear.SimplexSolver.SimplexSolver",,,,,,,,,,,,,,9,4,2,3,0,3,1,1,0,,,,0,,,,,,,,,,,,,3,0,1,5,1,2,1,2,1,1,,,0,0,,1,1,1,1,1.25
Protected Method,"org.apache.commons.math3.optimization.linear.SimplexSolver.doIteration",,,,,,,,,,,,,,29,17,11,8,1,14,4,4,0,,,,0,,,,,,,,,,,,,3,4,6,8,6,10,6,8,4,1,,,0,2,,4,4,1,4,0.47
Public Method,"org.apache.commons.math3.optimization.linear.SimplexSolver.doOptimize",,,,,,,,,,,,,,19,16,11,11,0,7,2,2,0,,,,0,,,,,,,,,,,,,2,2,4,1,2,5,2,5,2,1,,,0,1,,2,2,1,2,0.06
Private Method,"org.apache.commons.math3.optimization.linear.SimplexSolver.getPivotColumn",,,,,,,,,,,,,,17,12,8,5,0,11,3,3,0,,,,0,,,,,,,,,,,,,3,0,4,5,3,8,5,6,3,1,,,0,2,,3,3,1,3,0.42
Private Method,"org.apache.commons.math3.optimization.linear.SimplexSolver.getPivotRow",,,,,,,,,,,,,,45,34,25,14,1,30,10,11,8,,,,7,,,,,,,,,,,,,4,2,9,9,30,19,12,18,10,6,,,8,4,,10,11,6,10,0.26
Protected Method,"org.apache.commons.math3.optimization.linear.SimplexSolver.solvePhase1",,,,,,,,,,,,,,24,12,6,7,1,7,4,4,1,,,,0,,,,,,,,,,,,,3,3,2,9,5,3,1,6,4,1,,,0,1,,4,4,1,4,0.75
Public Class,"org.apache.commons.math3.optimization.linear.SimplexSolverTest",1,1,1,0,11,,0,,25,25,0,1,24,534,458,377,,,382,,,,6,1,1,,1,1,19,17,1,0,0,,,0,25,0,,67,164,9,,351,138,244,,,6,6,,1,0,30,30,25,30,0.02
Private Method,"org.apache.commons.math3.optimization.linear.SimplexSolverTest.equationFromString",,,,,,,,,,,,,,29,23,18,10,1,20,6,6,3,,,,0,,,,,,,,,,,,,6,2,9,4,8,14,10,10,6,1,,,0,1,,6,6,1,6,0.17
Public Method,"org.apache.commons.math3.optimization.linear.SimplexSolverTest.testDegeneracy",,,,,,,,,,,,,,11,10,8,7,0,9,1,1,0,,,,0,,,,,,,,,,,,,3,1,5,0,1,8,5,4,1,1,,,0,0,,1,1,1,1,0.00
Public Method,"org.apache.commons.math3.optimization.linear.SimplexSolverTest.testEpsilon",,,,,,,,,,,,,,15,14,11,8,0,12,1,1,0,,,,0,,,,,,,,,,,,,3,1,6,0,1,11,5,7,1,1,,,0,0,,1,1,1,1,0.00
Public Method,"org.apache.commons.math3.optimization.linear.SimplexSolverTest.testInfeasibleSolution",,,,,,,,,,,,,,9,8,6,5,0,7,1,1,0,,,,0,,,,,,,,,,,,,3,1,4,0,1,6,4,3,1,1,,,0,0,,1,1,1,1,0.00
Public Method,"org.apache.commons.math3.optimization.linear.SimplexSolverTest.testLargeModel",,,,,,,,,,,,,,125,123,121,7,0,100,1,1,0,,,,0,,,,,,,,,,,,,2,2,7,0,1,99,6,94,1,1,,,0,0,,1,1,1,1,0.00
Public Method,"org.apache.commons.math3.optimization.linear.SimplexSolverTest.testMath272",,,,,,,,,,,,,,15,13,11,8,0,12,1,1,0,,,,0,,,,,,,,,,,,,2,2,5,0,1,11,5,7,1,1,,,0,0,,1,1,1,1,0.00
Public Method,"org.apache.commons.math3.optimization.linear.SimplexSolverTest.testMath286",,,,,,,,,,,,,,19,17,15,9,0,16,1,1,0,,,,0,,,,,,,,,,,,,3,2,5,0,1,15,5,11,1,1,,,0,0,,1,1,1,1,0.00
Public Method,"org.apache.commons.math3.optimization.linear.SimplexSolverTest.testMath288",,,,,,,,,,,,,,13,12,10,7,0,11,1,1,0,,,,0,,,,,,,,,,,,,2,1,5,0,1,10,5,6,1,1,,,0,0,,1,1,1,1,0.00
Public Method,"org.apache.commons.math3.optimization.linear.SimplexSolverTest.testMath290GEQ",,,,,,,,,,,,,,10,10,8,8,0,9,1,1,0,,,,0,,,,,,,,,,,,,2,0,5,0,1,8,5,4,1,1,,,0,0,,1,1,1,1,0.00
Public Method,"org.apache.commons.math3.optimization.linear.SimplexSolverTest.testMath290LEQ",,,,,,,,,,,,,,7,7,5,5,0,6,1,1,0,,,,0,,,,,,,,,,,,,2,0,4,0,1,5,4,2,1,1,,,0,0,,1,1,1,1,0.00
Public Method,"org.apache.commons.math3.optimization.linear.SimplexSolverTest.testMath293",,,,,,,,,,,,,,35,30,28,8,0,29,1,1,0,,,,0,,,,,,,,,,,,,3,5,9,0,1,28,9,20,1,1,,,0,0,,1,1,1,1,0.00
Public Method,"org.apache.commons.math3.optimization.linear.SimplexSolverTest.testMath434NegativeVariable",,,,,,,,,,,,,,15,12,10,8,0,11,1,1,0,,,,0,,,,,,,,,,,,,3,3,6,0,1,10,6,5,1,1,,,0,0,,1,1,1,1,0.00
Public Method,"org.apache.commons.math3.optimization.linear.SimplexSolverTest.testMath434PivotRowSelection",,,,,,,,,,,,,,14,11,9,10,0,10,1,1,0,,,,0,,,,,,,,,,,,,2,3,6,0,1,9,6,4,1,1,,,0,0,,1,1,1,1,0.00
Public Method,"org.apache.commons.math3.optimization.linear.SimplexSolverTest.testMath434PivotRowSelection2",,,,,,,,,,,,,,23,20,18,10,0,19,1,1,0,,,,0,,,,,,,,,,,,,3,3,6,0,1,18,6,13,1,1,,,0,0,,1,1,1,1,0.00
Public Method,"org.apache.commons.math3.optimization.linear.SimplexSolverTest.testMath434UnfeasibleSolution",,,,,,,,,,,,,,12,9,7,5,0,8,1,1,0,,,,0,,,,,,,,,,,,,2,2,5,1,1,7,5,3,1,1,,,0,0,,1,1,1,1,0.11
Public Method,"org.apache.commons.math3.optimization.linear.SimplexSolverTest.testMath713NegativeVariable",,,,,,,,,,,,,,12,10,8,8,0,9,1,1,0,,,,0,,,,,,,,,,,,,2,2,6,0,1,8,6,3,1,1,,,0,0,,1,1,1,1,0.00
Public Method,"org.apache.commons.math3.optimization.linear.SimplexSolverTest.testMath781",,,,,,,,,,,,,,17,14,12,10,0,13,1,1,0,,,,0,,,,,,,,,,,,,2,3,6,0,1,12,6,7,1,1,,,0,0,,1,1,1,1,0.00
Public Method,"org.apache.commons.math3.optimization.linear.SimplexSolverTest.testMinimization",,,,,,,,,,,,,,13,12,10,8,0,11,1,1,0,,,,0,,,,,,,,,,,,,3,1,5,0,1,10,5,6,1,1,,,0,0,,1,1,1,1,0.00
Public Method,"org.apache.commons.math3.optimization.linear.SimplexSolverTest.testModelWithNoArtificialVars",,,,,,,,,,,,,,17,12,10,8,0,11,1,1,0,,,,0,,,,,,,,,,,,,2,1,5,4,1,10,5,6,1,1,,,0,0,,1,1,1,1,0.33
Public Method,"org.apache.commons.math3.optimization.linear.SimplexSolverTest.testRestrictVariablesToNonNegative",,,,,,,,,,,,,,18,17,15,8,0,16,1,1,0,,,,0,,,,,,,,,,,,,4,1,5,0,1,15,5,11,1,1,,,0,0,,1,1,1,1,0.00
Public Method,"org.apache.commons.math3.optimization.linear.SimplexSolverTest.testSimplexSolver",,,,,,,,,,,,,,14,13,10,8,0,11,1,1,0,,,,0,,,,,,,,,,,,,3,1,6,0,1,10,5,6,1,1,,,0,0,,1,1,1,1,0.00
Public Method,"org.apache.commons.math3.optimization.linear.SimplexSolverTest.testSingleVariableAndConstraint",,,,,,,,,,,,,,10,9,7,8,0,8,1,1,0,,,,0,,,,,,,,,,,,,2,1,5,0,1,7,5,3,1,1,,,0,0,,1,1,1,1,0.00
Public Method,"org.apache.commons.math3.optimization.linear.SimplexSolverTest.testSolutionWithNegativeDecisionVariable",,,,,,,,,,,,,,12,11,9,8,0,10,1,1,0,,,,0,,,,,,,,,,,,,3,1,5,0,1,9,5,5,1,1,,,0,0,,1,1,1,1,0.00
Public Method,"org.apache.commons.math3.optimization.linear.SimplexSolverTest.testTrivialModel",,,,,,,,,,,,,,9,8,6,7,0,7,1,1,0,,,,0,,,,,,,,,,,,,2,1,5,0,1,6,5,2,1,1,,,0,0,,1,1,1,1,0.00
Public Method,"org.apache.commons.math3.optimization.linear.SimplexSolverTest.testUnboundedSolution",,,,,,,,,,,,,,8,7,5,5,0,6,1,1,0,,,,0,,,,,,,,,,,,,2,1,4,0,1,5,4,2,1,1,,,0,0,,1,1,1,1,0.00
Class,"org.apache.commons.math3.optimization.linear.SimplexTableau",2,1,0,5,12,,3,,31,32,3,5,3,586,309,185,,,225,,,,12,4,1,,2,2,15,9,2,0,1,,,10,32,21,,64,89,216,,151,90,135,,,12,13,,3,84,81,92,41,81,0.70
Constructor,"org.apache.commons.math3.optimization.linear.SimplexTableau.SimplexTableau",,,,,,,,,,,,,,29,19,13,16,0,11,2,2,0,,,,0,,,,,,,,,,,,,12,0,5,10,1,10,1,10,2,1,,,0,0,,2,2,1,2,0.53
Constructor,"org.apache.commons.math3.optimization.linear.SimplexTableau.SimplexTableau",,,,,,,,,,,,,,15,6,1,2,0,2,1,1,0,,,,0,,,,,,,,,,,,,10,0,4,9,1,1,1,1,1,1,,,0,0,,1,1,1,1,1.50
Private Method,"org.apache.commons.math3.optimization.linear.SimplexTableau.copyArray",,,,,,,,,,,,,,7,3,1,2,0,2,1,1,0,,,,0,,,,,,,,,,,,,4,0,1,4,1,1,1,1,1,1,,,0,0,,1,1,1,1,1.33
Protected Method,"org.apache.commons.math3.optimization.linear.SimplexTableau.createTableau",,,,,,,,,,,,,,67,44,35,21,2,33,12,13,1,,,,0,,,,,,,,,,,,,11,10,12,16,52,25,11,22,12,1,,,0,2,,12,13,1,12,0.36
Protected Method,"org.apache.commons.math3.optimization.linear.SimplexTableau.divideRow",,,,,,,,,,,,,,14,5,2,3,0,5,2,2,0,,,,0,,,,,,,,,,,,,4,0,1,9,2,3,2,3,2,1,,,0,1,,2,2,1,2,1.80
Protected Method,"org.apache.commons.math3.optimization.linear.SimplexTableau.dropPhase1Objective",,,,,,,,,,,,,,45,33,22,16,2,33,10,10,1,,,,0,,,,,,,,,,,,,5,6,6,6,73,23,11,22,10,1,,,0,3,,10,10,1,10,0.18
Public Method,"org.apache.commons.math3.optimization.linear.SimplexTableau.equals",,,,,,,,,,,,,,21,18,14,3,0,7,3,11,2,,,,2,,,,,,,,,,,,,10,2,2,1,3,4,2,5,3,3,,,2,1,,3,11,3,3,0.06
Protected Method,"org.apache.commons.math3.optimization.linear.SimplexTableau.getArtificialVariableOffset",,,,,,,,,,,,,,7,3,1,2,0,2,1,1,0,,,,0,,,,,,,,,,,,,5,0,1,4,1,1,1,1,1,1,,,0,0,,1,1,1,1,1.33
Protected Method,"org.apache.commons.math3.optimization.linear.SimplexTableau.getBasicRow",,,,,,,,,,,,,,17,12,8,4,1,11,4,5,5,,,,5,,,,,,,,,,,,,5,0,3,5,4,7,4,7,4,4,,,5,2,,4,5,4,4,0.42
Private Method,"org.apache.commons.math3.optimization.linear.SimplexTableau.getConstraintTypeCounts",,,,,,,,,,,,,,14,9,5,2,0,7,3,3,0,,,,0,,,,,,,,,,,,,3,0,2,5,3,3,3,4,3,1,,,0,2,,3,3,1,3,0.56
Protected Method,"org.apache.commons.math3.optimization.linear.SimplexTableau.getData",,,,,,,,,,,,,,7,3,1,2,0,2,1,1,0,,,,0,,,,,,,,,,,,,4,0,1,4,1,1,1,1,1,1,,,0,0,,1,1,1,1,1.33
Protected Method,"org.apache.commons.math3.optimization.linear.SimplexTableau.getEntry",,,,,,,,,,,,,,8,3,1,2,0,2,1,1,0,,,,0,,,,,,,,,,,,,9,0,1,5,1,1,1,1,1,1,,,0,0,,1,1,1,1,1.67
Protected Method,"org.apache.commons.math3.optimization.linear.SimplexTableau.getHeight",,,,,,,,,,,,,,7,3,1,2,0,2,1,1,0,,,,0,,,,,,,,,,,,,5,0,1,4,1,1,1,1,1,1,,,0,0,,1,1,1,1,1.33
Protected Static Method,"org.apache.commons.math3.optimization.linear.SimplexTableau.getInvertedCoefficientSum",,,,,,,,,,,,,,12,7,4,2,0,6,2,2,0,,,,0,,,,,,,,,,,,,2,0,2,5,2,3,3,3,2,1,,,0,1,,2,2,1,2,0.71
Protected Method,"org.apache.commons.math3.optimization.linear.SimplexTableau.getNumArtificialVariables",,,,,,,,,,,,,,7,3,1,1,0,2,1,1,0,,,,0,,,,,,,,,,,,,5,0,1,4,1,1,1,1,1,1,,,0,0,,1,1,1,1,1.33
Protected Method,"org.apache.commons.math3.optimization.linear.SimplexTableau.getNumDecisionVariables",,,,,,,,,,,,,,13,3,1,1,0,2,1,1,0,,,,0,,,,,,,,,,,,,1,0,1,10,1,1,1,1,1,1,,,0,0,,1,1,1,1,3.33
Protected Method,"org.apache.commons.math3.optimization.linear.SimplexTableau.getNumObjectiveFunctions",,,,,,,,,,,,,,7,3,1,1,0,2,2,2,0,,,,0,,,,,,,,,,,,,10,0,1,4,1,1,1,1,2,1,,,0,0,,2,2,1,2,1.33
Protected Method,"org.apache.commons.math3.optimization.linear.SimplexTableau.getNumSlackVariables",,,,,,,,,,,,,,7,3,1,1,0,2,1,1,0,,,,0,,,,,,,,,,,,,2,0,1,4,1,1,1,1,1,1,,,0,0,,1,1,1,1,1.33
Protected Method,"org.apache.commons.math3.optimization.linear.SimplexTableau.getOriginalNumDecisionVariables",,,,,,,,,,,,,,8,3,1,3,0,2,1,1,0,,,,0,,,,,,,,,,,,,3,0,1,5,1,1,1,1,1,1,,,0,0,,1,1,1,1,1.67
Protected Method,"org.apache.commons.math3.optimization.linear.SimplexTableau.getRhsOffset",,,,,,,,,,,,,,7,3,1,2,0,2,1,1,0,,,,0,,,,,,,,,,,,,2,0,1,4,1,1,1,1,1,1,,,0,0,,1,1,1,1,1.33
Protected Method,"org.apache.commons.math3.optimization.linear.SimplexTableau.getSlackVariableOffset",,,,,,,,,,,,,,7,3,1,2,0,2,1,1,0,,,,0,,,,,,,,,,,,,2,0,1,4,1,1,1,1,1,1,,,0,0,,1,1,1,1,1.33
Protected Method,"org.apache.commons.math3.optimization.linear.SimplexTableau.getSolution",,,,,,,,,,,,,,37,26,21,10,1,21,10,11,3,,,,1,,,,,,,,,,,,,6,1,8,10,7,16,9,12,10,3,,,3,2,,10,11,3,10,0.38
Protected Method,"org.apache.commons.math3.optimization.linear.SimplexTableau.getWidth",,,,,,,,,,,,,,7,3,1,2,0,2,1,1,0,,,,0,,,,,,,,,,,,,7,0,1,4,1,1,1,1,1,1,,,0,0,,1,1,1,1,1.33
Public Method,"org.apache.commons.math3.optimization.linear.SimplexTableau.hashCode",,,,,,,,,,,,,,12,11,9,4,0,2,1,1,0,,,,0,,,,,,,,,,,,,9,0,1,1,1,1,1,1,1,1,,,0,0,,1,1,1,1,0.09
Protected Method,"org.apache.commons.math3.optimization.linear.SimplexTableau.initializeColumnLabels",,,,,,,,,,,,,,22,19,12,5,2,19,6,6,0,,,,0,,,,,,,,,,,,,4,0,1,3,32,13,4,15,6,1,,,0,1,,6,6,1,6,0.16
Method,"org.apache.commons.math3.optimization.linear.SimplexTableau.isOptimal",,,,,,,,,,,,,,13,9,5,5,0,8,3,3,3,,,,3,,,,,,,,,,,,,4,0,2,4,3,5,3,5,3,3,,,3,2,,3,3,3,3,0.44
Private Method,"org.apache.commons.math3.optimization.linear.SimplexTableau.normalize",,,,,,,,,,,,,,14,9,6,7,0,4,2,2,1,,,,0,,,,,,,,,,,,,2,0,1,5,2,2,1,3,2,1,,,0,1,,2,2,1,2,0.56
Public Method,"org.apache.commons.math3.optimization.linear.SimplexTableau.normalizeConstraints",,,,,,,,,,,,,,12,7,4,3,0,6,2,2,0,,,,0,,,,,,,,,,,,,2,0,2,5,2,3,3,3,2,1,,,0,1,,2,2,1,2,0.71
Private Method,"org.apache.commons.math3.optimization.linear.SimplexTableau.readObject",,,,,,,,,,,,,,10,5,2,2,0,3,1,1,0,,,,0,,,,,,,,,,,,,1,0,2,5,1,2,1,2,1,1,,,0,0,,1,1,1,1,1.00
Protected Method,"org.apache.commons.math3.optimization.linear.SimplexTableau.setEntry",,,,,,,,,,,,,,9,4,1,1,0,2,1,1,0,,,,0,,,,,,,,,,,,,4,0,2,5,1,1,1,1,1,1,,,0,0,,1,1,1,1,1.25
Protected Method,"org.apache.commons.math3.optimization.linear.SimplexTableau.subtractRow",,,,,,,,,,,,,,15,5,2,4,0,2,1,1,0,,,,0,,,,,,,,,,,,,5,0,2,10,1,1,1,1,1,1,,,0,0,,1,1,1,1,2.00
Private Method,"org.apache.commons.math3.optimization.linear.SimplexTableau.writeObject",,,,,,,,,,,,,,9,5,2,2,0,3,1,1,0,,,,0,,,,,,,,,,,,,2,0,2,4,1,2,1,2,1,1,,,0,0,,1,1,1,1,0.80
Public Class,"org.apache.commons.math3.optimization.linear.SimplexTableauTest",1,1,0,0,6,,0,,7,7,0,3,4,84,76,44,,,46,,,,3,1,1,,1,1,10,10,1,0,0,,,0,7,0,,8,48,0,,36,26,20,,,3,3,,2,0,9,9,7,9,0.00
Private Method,"org.apache.commons.math3.optimization.linear.SimplexTableauTest.assertMatrixEquals",,,,,,,,,,,,,,9,9,5,1,0,10,3,3,0,,,,0,,,,,,,,,,,,,6,0,1,0,3,7,3,7,3,1,,,0,2,,3,3,1,3,0.00
Private Method,"org.apache.commons.math3.optimization.linear.SimplexTableauTest.createConstraints",,,,,,,,,,,,,,7,7,5,3,0,6,1,1,0,,,,0,,,,,,,,,,,,,5,0,2,0,1,5,2,4,1,1,,,0,0,,1,1,1,1,0.00
Private Method,"org.apache.commons.math3.optimization.linear.SimplexTableauTest.createFunction",,,,,,,,,,,,,,3,3,1,2,0,2,1,1,0,,,,0,,,,,,,,,,,,,3,0,1,0,1,1,1,1,1,1,,,0,0,,1,1,1,1,0.00
Public Method,"org.apache.commons.math3.optimization.linear.SimplexTableauTest.testDropPhase1Objective",,,,,,,,,,,,,,14,14,9,6,0,7,1,1,0,,,,0,,,,,,,,,,,,,1,0,11,0,1,6,5,2,1,1,,,0,0,,1,1,1,1,0.00
Public Method,"org.apache.commons.math3.optimization.linear.SimplexTableauTest.testInitialization",,,,,,,,,,,,,,14,14,9,5,0,6,1,1,0,,,,0,,,,,,,,,,,,,1,0,12,0,1,5,5,1,1,1,,,0,0,,1,1,1,1,0.00
Public Method,"org.apache.commons.math3.optimization.linear.SimplexTableauTest.testSerial",,,,,,,,,,,,,,7,7,4,5,0,5,1,1,0,,,,0,,,,,,,,,,,,,1,0,5,0,1,4,4,1,1,1,,,0,0,,1,1,1,1,0.00
Public Method,"org.apache.commons.math3.optimization.linear.SimplexTableauTest.testTableauWithNoArtificialVars",,,,,,,,,,,,,,16,16,11,6,0,9,1,1,0,,,,0,,,,,,,,,,,,,2,0,11,0,1,8,5,4,1,1,,,0,0,,1,1,1,1,0.00
Public Class,"org.apache.commons.math3.optimization.linear.UnboundedSolutionException",1,1,0,3,1,,1,,1,7,0,0,1,19,6,2,,,4,,,,1,1,3,,1,1,6,3,1,0,0,,,0,1,0,,3,3,10,,2,3,1,,,1,1,,0,100,1,1,1,1,1.67
Public Constructor,"org.apache.commons.math3.optimization.linear.UnboundedSolutionException.UnboundedSolutionException",,,,,,,,,,,,,,6,3,1,2,0,2,1,1,0,,,,0,,,,,,,,,,,,,2,0,1,3,1,1,1,1,1,1,,,0,0,,1,1,1,1,1.00
Package,"org.apache.commons.math3.optimization.univariate",2,1,0,4,,19,6,12,64,,2,2,56,1591,815,466,,,598,,,,24,5,,,2,2,16,11,,,0,,,25,64,4,,143,331,636,,467,286,312,,,24,30,,6,,130,138,73,130,0.78
Public Abstract Class,"org.apache.commons.math3.optimization.univariate.BaseAbstractUnivariateOptimizer",1,1,0,3,8,,0,,12,12,0,0,9,134,68,27,,,45,,,,3,1,1,,1,1,8,5,2,1,0,,,7,12,3,,11,27,55,,30,20,25,,,3,3,,1,79,14,14,11,14,0.81
Protected Constructor,"org.apache.commons.math3.optimization.univariate.BaseAbstractUnivariateOptimizer.BaseAbstractUnivariateOptimizer",,,,,,,,,,,,,,6,3,1,2,0,2,1,1,0,,,,0,,,,,,,,,,,,,2,0,1,3,1,1,1,1,1,1,,,0,0,,1,1,1,1,1.00
Protected Method,"org.apache.commons.math3.optimization.univariate.BaseAbstractUnivariateOptimizer.computeObjectiveValue",,,,,,,,,,,,,,16,8,5,5,0,5,2,2,1,,,,0,,,,,,,,,,,,,5,0,1,8,2,3,1,4,2,1,,,0,1,,2,2,1,2,1.00
Protected Abstract Method,"org.apache.commons.math3.optimization.univariate.BaseAbstractUnivariateOptimizer.doOptimize",,,,,,,,,,,,,,9,1,0,1,0,1,0,0,0,,,,0,,,,,,,,,,,,,1,0,1,8,0,1,1,0,0,0,,,0,0,,0,0,0,0,8.00
Public Method,"org.apache.commons.math3.optimization.univariate.BaseAbstractUnivariateOptimizer.getConvergenceChecker",,,,,,,,,,,,,,6,3,1,1,0,2,1,1,0,,,,0,,,,,,,,,,,,,2,0,1,3,1,1,1,1,1,1,,,0,0,,1,1,1,1,1.00
Public Method,"org.apache.commons.math3.optimization.univariate.BaseAbstractUnivariateOptimizer.getEvaluations",,,,,,,,,,,,,,4,3,1,2,0,2,1,1,0,,,,0,,,,,,,,,,,,,1,0,1,1,1,1,1,1,1,1,,,0,0,,1,1,1,1,0.33
Public Method,"org.apache.commons.math3.optimization.univariate.BaseAbstractUnivariateOptimizer.getGoalType",,,,,,,,,,,,,,6,3,1,1,0,2,1,1,0,,,,0,,,,,,,,,,,,,2,0,1,3,1,1,1,1,1,1,,,0,0,,1,1,1,1,1.00
Public Method,"org.apache.commons.math3.optimization.univariate.BaseAbstractUnivariateOptimizer.getMax",,,,,,,,,,,,,,6,3,1,1,0,2,1,1,0,,,,0,,,,,,,,,,,,,2,0,1,3,1,1,1,1,1,1,,,0,0,,1,1,1,1,1.00
Public Method,"org.apache.commons.math3.optimization.univariate.BaseAbstractUnivariateOptimizer.getMaxEvaluations",,,,,,,,,,,,,,4,3,1,2,0,2,1,1,0,,,,0,,,,,,,,,,,,,1,0,1,1,1,1,1,1,1,1,,,0,0,,1,1,1,1,0.33
Public Method,"org.apache.commons.math3.optimization.univariate.BaseAbstractUnivariateOptimizer.getMin",,,,,,,,,,,,,,6,3,1,1,0,2,1,1,0,,,,0,,,,,,,,,,,,,2,0,1,3,1,1,1,1,1,1,,,0,0,,1,1,1,1,1.00
Public Method,"org.apache.commons.math3.optimization.univariate.BaseAbstractUnivariateOptimizer.getStartValue",,,,,,,,,,,,,,6,3,1,1,0,2,1,1,0,,,,0,,,,,,,,,,,,,2,0,1,3,1,1,1,1,1,1,,,0,0,,1,1,1,1,1.00
Public Method,"org.apache.commons.math3.optimization.univariate.BaseAbstractUnivariateOptimizer.optimize",,,,,,,,,,,,,,25,19,12,10,1,13,3,3,0,,,,0,,,,,,,,,,,,,8,2,4,4,4,10,1,12,3,1,,,0,1,,3,3,1,3,0.21
Public Method,"org.apache.commons.math3.optimization.univariate.BaseAbstractUnivariateOptimizer.optimize",,,,,,,,,,,,,,7,6,1,2,0,2,1,1,0,,,,0,,,,,,,,,,,,,5,0,4,1,1,1,1,1,1,1,,,0,0,,1,1,1,1,0.17
Public Generic Interface,"org.apache.commons.math3.optimization.univariate.BaseUnivariateOptimizer",0,0,0,0,2,,0,,2,5,2,0,0,49,8,0,,,3,,,,0,0,1,,0,0,0,0,1,2,0,,,0,2,0,,1,7,40,,2,3,0,,,0,0,,0,0,0,0,0,0,5.00
TypeVariable,"org.apache.commons.math3.optimization.univariate.BaseUnivariateOptimizer.FUNC",0,0,0,0,0,,0,,0,0,0,0,0,0,0,0,,,0,,,,0,0,1,,0,0,0,0,2,0,0,,,0,0,0,,0,0,0,,0,0,0,,,0,0,,0,0,0,0,0,0,0.00
Abstract Method,"org.apache.commons.math3.optimization.univariate.BaseUnivariateOptimizer.optimize",,,,,,,,,,,,,,21,2,0,1,0,1,0,0,0,,,,0,,,,,,,,,,,,,6,0,2,19,0,1,1,0,0,0,,,0,0,,0,0,0,0,9.50
Abstract Method,"org.apache.commons.math3.optimization.univariate.BaseUnivariateOptimizer.optimize",,,,,,,,,,,,,,24,3,0,1,0,1,0,0,0,,,,0,,,,,,,,,,,,,2,0,3,21,0,1,1,0,0,0,,,0,0,,0,0,0,0,7.00
Public Class,"org.apache.commons.math3.optimization.univariate.BracketFinder",2,1,1,4,6,,2,,12,12,0,1,11,262,143,99,,,110,,,,16,5,1,,2,2,16,10,1,0,0,,,8,12,0,,25,38,94,,85,37,73,,,16,16,,3,82,30,30,16,30,0.66
Public Constructor,"org.apache.commons.math3.optimization.univariate.BracketFinder.BracketFinder",,,,,,,,,,,,,,7,3,1,2,0,2,1,1,0,,,,0,,,,,,,,,,,,,4,0,1,4,1,1,1,1,1,1,,,0,0,,1,1,1,1,1.33
Public Constructor,"org.apache.commons.math3.optimization.univariate.BracketFinder.BracketFinder",,,,,,,,,,,,,,19,11,6,4,1,7,3,3,0,,,,0,,,,,,,,,,,,,4,1,2,7,4,4,1,6,3,1,,,0,1,,3,3,1,3,0.64
Private Method,"org.apache.commons.math3.optimization.univariate.BracketFinder.eval",,,,,,,,,,,,,,15,8,5,5,0,5,2,2,1,,,,0,,,,,,,,,,,,,5,0,1,7,2,3,1,4,2,1,,,0,1,,2,2,1,2,0.88
Public Method,"org.apache.commons.math3.optimization.univariate.BracketFinder.getEvaluations",,,,,,,,,,,,,,6,3,1,2,0,2,1,1,0,,,,0,,,,,,,,,,,,,1,0,1,3,1,1,1,1,1,1,,,0,0,,1,1,1,1,1.00
Public Method,"org.apache.commons.math3.optimization.univariate.BracketFinder.getFHi",,,,,,,,,,,,,,7,3,1,1,0,2,1,1,0,,,,0,,,,,,,,,,,,,1,0,1,4,1,1,1,1,1,1,,,0,0,,1,1,1,1,1.33
Public Method,"org.apache.commons.math3.optimization.univariate.BracketFinder.getFLo",,,,,,,,,,,,,,7,3,1,1,0,2,1,1,0,,,,0,,,,,,,,,,,,,1,0,1,4,1,1,1,1,1,1,,,0,0,,1,1,1,1,1.33
Public Method,"org.apache.commons.math3.optimization.univariate.BracketFinder.getFMid",,,,,,,,,,,,,,7,3,1,1,0,2,1,1,0,,,,0,,,,,,,,,,,,,1,0,1,4,1,1,1,1,1,1,,,0,0,,1,1,1,1,1.33
Public Method,"org.apache.commons.math3.optimization.univariate.BracketFinder.getHi",,,,,,,,,,,,,,7,3,1,1,0,2,1,1,0,,,,0,,,,,,,,,,,,,6,0,1,4,1,1,1,1,1,1,,,0,0,,1,1,1,1,1.33
Public Method,"org.apache.commons.math3.optimization.univariate.BracketFinder.getLo",,,,,,,,,,,,,,7,3,1,1,0,2,1,1,0,,,,0,,,,,,,,,,,,,6,0,1,4,1,1,1,1,1,1,,,0,0,,1,1,1,1,1.33
Public Method,"org.apache.commons.math3.optimization.univariate.BracketFinder.getMaxEvaluations",,,,,,,,,,,,,,6,3,1,2,0,2,1,1,0,,,,0,,,,,,,,,,,,,1,0,1,3,1,1,1,1,1,1,,,0,0,,1,1,1,1,1.00
Public Method,"org.apache.commons.math3.optimization.univariate.BracketFinder.getMid",,,,,,,,,,,,,,7,3,1,1,0,2,1,1,0,,,,0,,,,,,,,,,,,,4,0,1,4,1,1,1,1,1,1,,,0,0,,1,1,1,1,1.33
Public Method,"org.apache.commons.math3.optimization.univariate.BracketFinder.search",,,,,,,,,,,,,,107,85,76,9,2,69,16,16,9,,,,7,,,,,,,,,,,,,18,12,15,10,32,59,15,54,16,5,,,8,3,,16,16,5,16,0.12
Public Class,"org.apache.commons.math3.optimization.univariate.BracketFinderTest",1,1,2,0,3,,0,,4,4,0,0,4,94,76,50,,,53,,,,1,1,1,,1,1,20,17,1,0,0,,,0,4,0,,14,23,4,,42,19,34,,,1,1,,0,0,4,4,4,4,0.05
Public Method,"org.apache.commons.math3.optimization.univariate.BracketFinderTest.testCubicMax",,,,,,,,,,,,,,19,18,12,6,0,12,1,1,0,,,,0,,,,,,,,,,,,,1,1,5,0,1,9,5,7,1,1,,,0,0,,1,1,1,1,0.00
Anonymous Class,"org.apache.commons.math3.optimization.univariate.BracketFinderTest.testCubicMax.(Anon_2)",2,1,0,0,0,,0,,1,1,0,0,1,9,9,6,,,4,,,,2,1,1,,2,2,8,8,2,0,0,,,0,1,0,,0,1,0,,2,1,3,,,2,2,,1,0,2,2,1,2,0.00
Public Method,"org.apache.commons.math3.optimization.univariate.BracketFinderTest.testCubicMax.(Anon_2).value",,,,,,,,,,,,,,8,8,5,1,0,4,2,2,1,,,,0,,,,,,,,,,,,,1,0,0,0,2,2,1,3,2,1,,,0,1,,2,2,1,2,0.00
Public Method,"org.apache.commons.math3.optimization.univariate.BracketFinderTest.testCubicMin",,,,,,,,,,,,,,20,18,12,6,0,12,1,1,0,,,,0,,,,,,,,,,,,,1,1,5,1,1,9,5,7,1,1,,,0,0,,1,1,1,1,0.06
Anonymous Class,"org.apache.commons.math3.optimization.univariate.BracketFinderTest.testCubicMin.(Anon_1)",2,1,0,0,0,,0,,1,1,0,0,1,9,9,6,,,4,,,,2,1,1,,2,2,8,8,2,0,0,,,0,1,0,,0,1,0,,2,1,3,,,2,2,,1,0,2,2,1,2,0.00
Public Method,"org.apache.commons.math3.optimization.univariate.BracketFinderTest.testCubicMin.(Anon_1).value",,,,,,,,,,,,,,8,8,5,1,0,4,2,2,1,,,,0,,,,,,,,,,,,,1,0,0,0,2,2,1,3,2,1,,,0,1,,2,2,1,2,0.00
Public Method,"org.apache.commons.math3.optimization.univariate.BracketFinderTest.testIntervalBoundsOrdering",,,,,,,,,,,,,,25,20,16,5,0,17,1,1,0,,,,0,,,,,,,,,,,,,1,5,4,0,1,15,4,13,1,1,,,0,0,,1,1,1,1,0.00
Anonymous Class,"org.apache.commons.math3.optimization.univariate.BracketFinderTest.testIntervalBoundsOrdering.(Anon_4)",1,1,0,0,0,,0,,1,1,0,0,1,4,4,3,,,2,,,,1,1,1,,1,1,3,3,2,0,0,,,0,1,0,,0,1,0,,1,1,1,,,1,1,,0,0,1,1,1,1,0.00
Public Method,"org.apache.commons.math3.optimization.univariate.BracketFinderTest.testIntervalBoundsOrdering.(Anon_4).value",,,,,,,,,,,,,,3,3,2,1,0,2,1,1,0,,,,0,,,,,,,,,,,,,1,0,0,0,1,1,1,1,1,1,,,0,0,,1,1,1,1,0.00
Public Method,"org.apache.commons.math3.optimization.univariate.BracketFinderTest.testMinimumIsOnIntervalBoundary",,,,,,,,,,,,,,17,14,10,5,0,11,1,1,0,,,,0,,,,,,,,,,,,,1,3,4,0,1,9,4,7,1,1,,,0,0,,1,1,1,1,0.00
Anonymous Class,"org.apache.commons.math3.optimization.univariate.BracketFinderTest.testMinimumIsOnIntervalBoundary.(Anon_3)",1,1,0,0,0,,0,,1,1,0,0,1,4,4,3,,,2,,,,1,1,1,,1,1,3,3,2,0,0,,,0,1,0,,0,1,0,,1,1,1,,,1,1,,0,0,1,1,1,1,0.00
Public Method,"org.apache.commons.math3.optimization.univariate.BracketFinderTest.testMinimumIsOnIntervalBoundary.(Anon_3).value",,,,,,,,,,,,,,3,3,2,1,0,2,1,1,0,,,,0,,,,,,,,,,,,,1,0,0,0,1,1,1,1,1,1,,,0,0,,1,1,1,1,0.00
Public Class,"org.apache.commons.math3.optimization.univariate.BrentOptimizer",9,2,5,14,7,,2,,3,15,0,0,2,246,162,122,,,112,,,,24,5,2,,9,11,70,51,1,1,0,,,2,3,1,,20,41,66,,85,35,77,,,24,30,,6,50,28,34,7,28,0.41
Public Constructor,"org.apache.commons.math3.optimization.univariate.BrentOptimizer.BrentOptimizer",,,,,,,,,,,,,,18,4,1,2,0,2,1,1,0,,,,0,,,,,,,,,,,,,11,0,2,14,1,1,1,1,1,1,,,0,0,,1,1,1,1,3.50
Public Constructor,"org.apache.commons.math3.optimization.univariate.BrentOptimizer.BrentOptimizer",,,,,,,,,,,,,,30,13,7,6,1,8,3,3,0,,,,0,,,,,,,,,,,,,7,1,3,16,4,5,1,7,3,1,,,0,1,,3,3,1,3,1.23
Protected Method,"org.apache.commons.math3.optimization.univariate.BrentOptimizer.doOptimize",,,,,,,,,,,,,,164,138,112,11,4,97,24,30,20,,,,5,,,,,,,,,,,,,4,16,30,12,4904,75,28,69,24,5,,,6,6,,24,30,5,24,0.09
Public Class,"org.apache.commons.math3.optimization.univariate.BrentOptimizerTest",1,1,0,1,13,,0,,7,7,0,0,7,129,102,72,,,77,,,,3,1,1,,1,1,15,13,1,0,0,,,0,7,0,,13,43,14,,62,38,39,,,3,3,,1,0,11,11,7,11,0.14
Public Method,"org.apache.commons.math3.optimization.univariate.BrentOptimizerTest.testBoundaries",,,,,,,,,,,,,,22,22,17,4,0,13,1,1,0,,,,0,,,,,,,,,,,,,2,0,6,0,1,9,6,7,1,1,,,0,0,,1,1,1,1,0.00
Anonymous Class,"org.apache.commons.math3.optimization.univariate.BrentOptimizerTest.testBoundaries.(Anon_1)",3,3,0,0,3,,0,,1,1,0,0,1,10,10,8,,,6,,,,3,3,1,,3,3,9,9,2,0,0,,,0,1,0,,0,1,0,,3,1,5,,,3,3,,1,0,3,3,3,3,0.00
Public Method,"org.apache.commons.math3.optimization.univariate.BrentOptimizerTest.testBoundaries.(Anon_1).value",,,,,,,,,,,,,,9,9,7,3,0,6,3,3,4,,,,4,,,,,,,,,,,,,1,0,0,0,3,3,1,5,3,3,,,4,1,,3,3,3,3,0.00
Public Method,"org.apache.commons.math3.optimization.univariate.BrentOptimizerTest.testMinEndpoints",,,,,,,,,,,,,,11,8,6,4,0,7,1,1,0,,,,0,,,,,,,,,,,,,1,2,4,1,1,6,4,3,1,1,,,0,0,,1,1,1,1,0.12
Public Method,"org.apache.commons.math3.optimization.univariate.BrentOptimizerTest.testQuinticMax",,,,,,,,,,,,,,13,10,7,5,0,7,2,2,1,,,,0,,,,,,,,,,,,,1,0,3,3,2,5,3,4,2,1,,,0,1,,2,2,1,2,0.30
Public Method,"org.apache.commons.math3.optimization.univariate.BrentOptimizerTest.testQuinticMin",,,,,,,,,,,,,,12,9,7,6,0,8,1,1,0,,,,0,,,,,,,,,,,,,1,1,3,2,1,7,3,5,1,1,,,0,0,,1,1,1,1,0.22
Public Method,"org.apache.commons.math3.optimization.univariate.BrentOptimizerTest.testQuinticMinStatistics",,,,,,,,,,,,,,26,22,18,10,1,23,3,3,0,,,,0,,,,,,,,,,,,,2,3,11,1,4,20,13,10,3,1,,,0,1,,3,3,1,3,0.05
Public Method,"org.apache.commons.math3.optimization.univariate.BrentOptimizerTest.testSinMin",,,,,,,,,,,,,,16,15,12,8,0,12,2,2,1,,,,0,,,,,,,,,,,,,1,0,3,1,2,10,3,9,2,1,,,0,1,,2,2,1,2,0.07
Public Method,"org.apache.commons.math3.optimization.univariate.BrentOptimizerTest.testSinMinWithValueChecker",,,,,,,,,,,,,,10,7,5,5,0,6,1,1,0,,,,0,,,,,,,,,,,,,1,0,5,3,1,5,5,1,1,1,,,0,0,,1,1,1,1,0.43
Public Class,"org.apache.commons.math3.optimization.univariate.SimpleUnivariateValueChecker",1,1,0,9,2,,0,,3,8,0,0,3,62,19,7,,,10,,,,1,1,2,,1,1,14,5,1,0,0,,,0,3,0,,2,13,41,,6,8,2,,,1,2,,0,0,3,4,3,3,2.16
Public Constructor,"org.apache.commons.math3.optimization.univariate.SimpleUnivariateValueChecker.SimpleUnivariateValueChecker",,,,,,,,,,,,,,13,4,1,2,0,2,1,1,0,,,,0,,,,,,,,,,,,,4,0,2,9,1,1,1,1,1,1,,,0,0,,1,1,1,1,2.25
Public Constructor,"org.apache.commons.math3.optimization.univariate.SimpleUnivariateValueChecker.SimpleUnivariateValueChecker",,,,,,,,,,,,,,4,1,0,1,0,1,1,1,0,,,,0,,,,,,,,,,,,,0,0,1,3,1,0,1,0,1,1,,,0,0,,1,1,1,1,3.00
Public Method,"org.apache.commons.math3.optimization.univariate.SimpleUnivariateValueChecker.converged",,,,,,,,,,,,,,26,10,6,6,0,6,1,2,0,,,,0,,,,,,,,,,,,,2,0,7,16,1,5,5,1,1,1,,,0,0,,1,2,1,1,1.60
Public Generic Class,"org.apache.commons.math3.optimization.univariate.UnivariateMultiStartOptimizer",1,1,0,7,8,,0,,8,8,0,1,7,170,82,42,,,54,,,,5,1,1,,1,2,16,9,2,0,0,,,6,8,0,,14,27,75,,36,21,33,,,5,5,,2,72,15,16,8,15,0.91
TypeVariable,"org.apache.commons.math3.optimization.univariate.UnivariateMultiStartOptimizer.FUNC",0,0,0,0,0,,0,,0,0,0,0,0,0,0,0,,,0,,,,0,0,1,,0,0,0,0,2,0,0,,,0,0,0,,0,0,0,,0,0,0,,,0,0,,0,0,0,0,0,0,0.00
Public Constructor,"org.apache.commons.math3.optimization.univariate.UnivariateMultiStartOptimizer.UnivariateMultiStartOptimizer",,,,,,,,,,,,,,27,14,8,6,1,8,3,4,0,,,,0,,,,,,,,,,,,,6,1,3,12,4,5,1,7,3,1,,,0,1,,3,4,1,3,0.86
Public Method,"org.apache.commons.math3.optimization.univariate.UnivariateMultiStartOptimizer.getConvergenceChecker",,,,,,,,,,,,,,6,3,1,2,0,2,1,1,0,,,,0,,,,,,,,,,,,,1,0,1,3,1,1,1,1,1,1,,,0,0,,1,1,1,1,1.00
Public Method,"org.apache.commons.math3.optimization.univariate.UnivariateMultiStartOptimizer.getEvaluations",,,,,,,,,,,,,,4,3,1,1,0,2,1,1,0,,,,0,,,,,,,,,,,,,3,0,1,1,1,1,1,1,1,1,,,0,0,,1,1,1,1,0.33
Public Method,"org.apache.commons.math3.optimization.univariate.UnivariateMultiStartOptimizer.getMaxEvaluations",,,,,,,,,,,,,,4,3,1,1,0,2,1,1,0,,,,0,,,,,,,,,,,,,1,0,1,1,1,1,1,1,1,1,,,0,0,,1,1,1,1,0.33
Public Method,"org.apache.commons.math3.optimization.univariate.UnivariateMultiStartOptimizer.getOptima",,,,,,,,,,,,,,33,6,3,3,0,4,2,2,0,,,,0,,,,,,,,,,,,,5,0,1,27,2,2,1,3,2,1,,,0,1,,2,2,1,2,4.50
Public Method,"org.apache.commons.math3.optimization.univariate.UnivariateMultiStartOptimizer.optimize",,,,,,,,,,,,,,6,5,1,2,0,2,1,1,0,,,,0,,,,,,,,,,,,,8,0,3,1,1,1,1,1,1,1,,,0,0,,1,1,1,1,0.20
Public Method,"org.apache.commons.math3.optimization.univariate.UnivariateMultiStartOptimizer.optimize",,,,,,,,,,,,,,33,23,15,7,1,17,5,5,1,,,,0,,,,,,,,,,,,,13,5,6,6,6,13,4,13,5,1,,,0,2,,5,5,1,5,0.26
Private Method,"org.apache.commons.math3.optimization.univariate.UnivariateMultiStartOptimizer.sortPairs",,,,,,,,,,,,,,21,16,12,1,0,10,1,1,0,,,,0,,,,,,,,,,,,,2,0,3,5,1,6,4,6,1,1,,,0,0,,1,1,1,1,0.31
Anonymous Class,"org.apache.commons.math3.optimization.univariate.UnivariateMultiStartOptimizer.sortPairs.(Anon_1)",5,3,0,0,3,,0,,1,1,0,0,1,13,13,11,,,8,,,,5,3,2,,5,5,12,12,1,0,0,,,0,1,0,,0,2,0,,5,3,5,,,5,5,,1,0,5,5,3,5,0.00
Public Method,"org.apache.commons.math3.optimization.univariate.UnivariateMultiStartOptimizer.sortPairs.(Anon_1).compare",,,,,,,,,,,,,,12,12,10,3,0,8,5,5,2,,,,2,,,,,,,,,,,,,4,0,2,0,3,5,3,5,5,3,,,2,1,,5,5,3,5,0.00
Public Class,"org.apache.commons.math3.optimization.univariate.UnivariateMultiStartOptimizerTest",2,1,1,1,12,,0,,3,3,0,0,3,78,65,42,,,50,,,,2,1,1,,2,2,21,19,1,0,0,,,0,3,0,,9,30,4,,40,25,25,,,2,2,,1,0,6,6,3,6,0.06
Private Static Class,"org.apache.commons.math3.optimization.univariate.UnivariateMultiStartOptimizerTest.LocalException",0,0,0,0,0,,1,,0,0,0,0,0,3,3,1,,,2,,,,0,0,2,,0,0,0,0,1,0,0,,,0,0,0,,0,2,0,,1,2,0,,,0,0,,0,0,0,0,0,0,0.00
Public Method,"org.apache.commons.math3.optimization.univariate.UnivariateMultiStartOptimizerTest.testBadFunction",,,,,,,,,,,,,,25,21,14,7,0,14,2,2,1,,,,0,,,,,,,,,,,,,1,2,7,2,2,10,6,8,2,1,,,0,1,,2,2,1,2,0.10
Anonymous Class,"org.apache.commons.math3.optimization.univariate.UnivariateMultiStartOptimizerTest.testBadFunction.(Anon_1)",2,1,0,0,1,,0,,1,1,0,0,1,7,7,5,,,4,,,,2,1,1,,2,2,6,6,2,0,0,,,0,1,0,,0,1,0,,2,1,3,,,2,2,,1,0,2,2,1,2,0.00
Public Method,"org.apache.commons.math3.optimization.univariate.UnivariateMultiStartOptimizerTest.testBadFunction.(Anon_1).value",,,,,,,,,,,,,,6,6,4,1,0,4,2,2,0,,,,0,,,,,,,,,,,,,1,0,0,0,2,2,1,3,2,1,,,0,1,,2,2,1,2,0.00
Public Method,"org.apache.commons.math3.optimization.univariate.UnivariateMultiStartOptimizerTest.testQuinticMin",,,,,,,,,,,,,,22,18,13,11,0,16,2,2,0,,,,0,,,,,,,,,,,,,2,2,9,2,2,14,8,8,2,1,,,0,1,,2,2,1,2,0.11
Public Method,"org.apache.commons.math3.optimization.univariate.UnivariateMultiStartOptimizerTest.testSinMin",,,,,,,,,,,,,,18,18,14,13,0,17,2,2,0,,,,0,,,,,,,,,,,,,3,0,8,0,2,15,8,9,2,1,,,0,1,,2,2,1,2,0.00
Public Interface,"org.apache.commons.math3.optimization.univariate.UnivariateOptimizer",0,0,0,0,0,,0,,0,5,0,0,0,8,2,0,,,1,,,,0,0,2,,0,0,0,0,1,1,0,,,0,0,0,,0,2,6,,0,1,0,,,0,0,,0,0,0,0,0,0,3.00
Public Class,"org.apache.commons.math3.optimization.univariate.UnivariatePointValuePair",1,1,0,5,0,,1,,3,3,0,0,3,46,16,5,,,11,,,,1,1,1,,1,1,9,3,2,0,0,,,2,3,0,,3,8,27,,7,7,4,,,1,1,,0,55,3,3,3,3,1.69
Public Constructor,"org.apache.commons.math3.optimization.univariate.UnivariatePointValuePair.UnivariatePointValuePair",,,,,,,,,,,,,,11,5,2,3,0,3,1,1,0,,,,0,,,,,,,,,,,,,3,0,2,6,1,2,1,2,1,1,,,0,0,,1,1,1,1,1.20
Public Method,"org.apache.commons.math3.optimization.univariate.UnivariatePointValuePair.getPoint",,,,,,,,,,,,,,8,3,1,1,0,2,1,1,0,,,,0,,,,,,,,,,,,,11,0,1,5,1,1,1,1,1,1,,,0,0,,1,1,1,1,1.67
Public Method,"org.apache.commons.math3.optimization.univariate.UnivariatePointValuePair.getValue",,,,,,,,,,,,,,8,3,1,1,0,2,1,1,0,,,,0,,,,,,,,,,,,,6,0,1,5,1,1,1,1,1,1,,,0,0,,1,1,1,1,1.67
Package,"org.apache.commons.math3.random",2,1,0,4,,54,59,48,407,,26,33,328,9516,5073,3298,,,3389,,,,17,12,,,2,2,15,10,,,1,,,84,408,21,,961,2517,3511,,2572,1585,1804,,,17,18,,5,,785,805,412,780,0.69
Public Abstract Class,"org.apache.commons.math3.random.AbstractRandomGenerator",1,1,0,10,2,,0,,13,13,0,0,13,251,76,41,,,58,,,,5,4,1,,1,1,17,6,2,1,0,,,1,13,0,,16,24,159,,36,26,32,,,5,5,,3,81,21,21,14,21,2.09
Public Constructor,"org.apache.commons.math3.random.AbstractRandomGenerator.AbstractRandomGenerator",,,,,,,,,,,,,,7,3,1,1,0,2,1,1,0,,,,0,,,,,,,,,,,,,0,1,1,3,1,1,1,1,1,1,,,0,0,,1,1,1,1,1.00
Public Method,"org.apache.commons.math3.random.AbstractRandomGenerator.clear",,,,,,,,,,,,,,9,3,1,1,0,2,1,1,0,,,,0,,,,,,,,,,,,,1,0,1,6,1,1,1,1,1,1,,,0,0,,1,1,1,1,2.00
Public Method,"org.apache.commons.math3.random.AbstractRandomGenerator.nextBoolean",,,,,,,,,,,,,,17,3,1,2,0,2,1,1,0,,,,0,,,,,,,,,,,,,0,0,1,14,1,1,1,1,1,1,,,0,0,,1,1,1,1,4.67
Public Method,"org.apache.commons.math3.random.AbstractRandomGenerator.nextBytes",,,,,,,,,,,,,,26,15,9,2,1,12,5,5,4,,,,4,,,,,,,,,,,,,2,0,3,11,6,7,4,8,5,4,,,4,3,,5,5,4,5,0.73
Public Abstract Method,"org.apache.commons.math3.random.AbstractRandomGenerator.nextDouble",,,,,,,,,,,,,,13,1,0,1,0,1,0,0,0,,,,0,,,,,,,,,,,,,6,0,1,12,0,1,1,0,0,0,,,0,0,,0,0,0,0,12.00
Public Method,"org.apache.commons.math3.random.AbstractRandomGenerator.nextFloat",,,,,,,,,,,,,,17,3,1,2,0,2,1,1,0,,,,0,,,,,,,,,,,,,0,0,1,14,1,1,1,1,1,1,,,0,0,,1,1,1,1,4.67
Public Method,"org.apache.commons.math3.random.AbstractRandomGenerator.nextGaussian",,,,,,,,,,,,,,40,20,15,6,1,16,4,4,1,,,,0,,,,,,,,,,,,,1,0,5,20,5,12,5,11,4,1,,,0,1,,4,4,1,4,1.00
Public Method,"org.apache.commons.math3.random.AbstractRandomGenerator.nextInt",,,,,,,,,,,,,,17,3,1,2,0,2,1,1,0,,,,0,,,,,,,,,,,,,1,0,1,14,1,1,1,1,1,1,,,0,0,,1,1,1,1,4.67
Public Method,"org.apache.commons.math3.random.AbstractRandomGenerator.nextInt",,,,,,,,,,,,,,23,7,4,3,0,5,3,3,0,,,,0,,,,,,,,,,,,,1,0,2,16,2,3,2,3,3,1,,,0,1,,3,3,1,3,2.29
Public Method,"org.apache.commons.math3.random.AbstractRandomGenerator.nextLong",,,,,,,,,,,,,,17,3,1,2,0,2,1,1,0,,,,0,,,,,,,,,,,,,0,0,1,14,1,1,1,1,1,1,,,0,0,,1,1,1,1,4.67
Public Abstract Method,"org.apache.commons.math3.random.AbstractRandomGenerator.setSeed",,,,,,,,,,,,,,12,1,0,0,0,1,0,0,0,,,,0,,,,,,,,,,,,,2,0,1,11,0,1,1,0,0,0,,,0,0,,0,0,0,0,11.00
Public Method,"org.apache.commons.math3.random.AbstractRandomGenerator.setSeed",,,,,,,,,,,,,,4,3,1,1,0,2,1,1,0,,,,0,,,,,,,,,,,,,1,0,1,1,1,1,1,1,1,1,,,0,0,,1,1,1,1,0.33
Public Method,"org.apache.commons.math3.random.AbstractRandomGenerator.setSeed",,,,,,,,,,,,,,11,8,5,1,0,7,2,2,0,,,,0,,,,,,,,,,,,,1,1,3,2,2,4,4,3,2,1,,,0,1,,2,2,1,2,0.25
Public Class,"org.apache.commons.math3.random.AbstractRandomGeneratorTest",1,1,0,0,2,,0,,2,84,0,0,1,19,11,4,,,7,,,,1,1,3,,1,1,4,4,1,0,0,,,0,2,1,,3,5,5,,4,4,3,,,1,1,,0,0,2,2,2,2,0.45
Public Constructor,"org.apache.commons.math3.random.AbstractRandomGeneratorTest.AbstractRandomGeneratorTest",,,,,,,,,,,,,,3,3,1,2,0,2,1,1,0,,,,0,,,,,,,,,,,,,0,0,1,0,1,1,1,1,1,1,,,0,0,,1,1,1,1,0.00
Protected Method,"org.apache.commons.math3.random.AbstractRandomGeneratorTest.makeGenerator",,,,,,,,,,,,,,5,5,3,2,0,4,1,1,0,,,,0,,,,,,,,,,,,,0,0,2,0,1,3,2,2,1,1,,,0,0,,1,1,1,1,0.00
Public Abstract Class,"org.apache.commons.math3.random.AbstractWell",1,1,1,7,0,,1,,8,22,0,0,3,165,64,32,,,52,,,,4,1,2,,1,1,15,7,2,6,0,,,7,8,5,,27,24,75,,40,22,30,,,4,4,,2,83,11,11,7,11,1.17
Protected Constructor,"org.apache.commons.math3.random.AbstractWell.AbstractWell",,,,,,,,,,,,,,11,3,1,2,0,2,1,1,0,,,,0,,,,,,,,,,,,,10,0,1,8,1,1,1,1,1,1,,,0,0,,1,1,1,1,2.67
Protected Constructor,"org.apache.commons.math3.random.AbstractWell.AbstractWell",,,,,,,,,,,,,,10,3,1,2,0,2,1,1,0,,,,0,,,,,,,,,,,,,11,0,1,7,1,1,1,1,1,1,,,0,0,,1,1,1,1,2.33
Protected Constructor,"org.apache.commons.math3.random.AbstractWell.AbstractWell",,,,,,,,,,,,,,37,19,16,9,0,19,2,2,0,,,,0,,,,,,,,,,,,,12,4,3,14,2,17,4,15,2,1,,,0,1,,2,2,1,2,0.74
Protected Constructor,"org.apache.commons.math3.random.AbstractWell.AbstractWell",,,,,,,,,,,,,,10,3,1,1,0,2,1,1,0,,,,0,,,,,,,,,,,,,12,0,1,7,1,1,1,1,1,1,,,0,0,,1,1,1,1,2.33
Protected Abstract Method,"org.apache.commons.math3.random.AbstractWell.next",,,,,,,,,,,,,,2,1,0,1,0,1,0,0,0,,,,0,,,,,,,,,,,,,0,0,1,1,0,1,1,0,0,0,,,0,0,,0,0,0,0,1.00
Public Method,"org.apache.commons.math3.random.AbstractWell.setSeed",,,,,,,,,,,,,,8,3,1,1,0,2,1,1,0,,,,0,,,,,,,,,,,,,2,0,1,5,1,1,1,1,1,1,,,0,0,,1,1,1,1,1.67
Public Method,"org.apache.commons.math3.random.AbstractWell.setSeed",,,,,,,,,,,,,,25,15,10,8,1,13,4,4,1,,,,0,,,,,,,,,,,,,4,3,2,8,4,9,3,10,4,1,,,0,2,,4,4,1,4,0.53
Public Method,"org.apache.commons.math3.random.AbstractWell.setSeed",,,,,,,,,,,,,,8,3,1,1,0,2,1,1,0,,,,0,,,,,,,,,,,,,1,0,1,5,1,1,1,1,1,1,,,0,0,,1,1,1,1,1.67
Public Abstract Class,"org.apache.commons.math3.random.BitsStreamGenerator",1,1,0,3,2,,0,,14,14,0,0,13,147,79,44,,,61,,,,4,3,1,,1,1,10,7,2,4,0,,,1,14,1,,21,31,47,,45,31,30,,,4,4,,2,70,16,16,12,16,0.59
Public Constructor,"org.apache.commons.math3.random.BitsStreamGenerator.BitsStreamGenerator",,,,,,,,,,,,,,5,3,1,2,0,2,1,1,0,,,,0,,,,,,,,,,,,,0,0,1,2,1,1,1,1,1,1,,,0,0,,1,1,1,1,0.67
Public Method,"org.apache.commons.math3.random.BitsStreamGenerator.clear",,,,,,,,,,,,,,7,3,1,1,0,2,1,1,0,,,,0,,,,,,,,,,,,,5,0,1,4,1,1,1,1,1,1,,,0,0,,1,1,1,1,1.33
Protected Abstract Method,"org.apache.commons.math3.random.BitsStreamGenerator.next",,,,,,,,,,,,,,10,1,0,1,0,1,0,0,0,,,,0,,,,,,,,,,,,,7,0,1,9,0,1,1,0,0,0,,,0,0,,0,0,0,0,9.00
Public Method,"org.apache.commons.math3.random.BitsStreamGenerator.nextBoolean",,,,,,,,,,,,,,4,3,1,2,0,2,1,1,0,,,,0,,,,,,,,,,,,,0,0,1,1,1,1,1,1,1,1,,,0,0,,1,1,1,1,0.33
Public Method,"org.apache.commons.math3.random.BitsStreamGenerator.nextBytes",,,,,,,,,,,,,,18,17,13,2,1,14,3,3,0,,,,0,,,,,,,,,,,,,2,0,5,1,4,11,5,9,3,1,,,0,1,,3,3,1,3,0.06
Public Method,"org.apache.commons.math3.random.BitsStreamGenerator.nextDouble",,,,,,,,,,,,,,6,5,3,2,0,4,1,1,0,,,,0,,,,,,,,,,,,,4,0,3,1,1,3,3,1,1,1,,,0,0,,1,1,1,1,0.20
Public Method,"org.apache.commons.math3.random.BitsStreamGenerator.nextFloat",,,,,,,,,,,,,,4,3,1,2,0,2,1,1,0,,,,0,,,,,,,,,,,,,0,0,1,1,1,1,1,1,1,1,,,0,0,,1,1,1,1,0.33
Public Method,"org.apache.commons.math3.random.BitsStreamGenerator.nextGaussian",,,,,,,,,,,,,,21,15,11,8,0,12,2,2,1,,,,0,,,,,,,,,,,,,2,3,6,3,2,10,6,6,2,1,,,0,1,,2,2,1,2,0.20
Public Method,"org.apache.commons.math3.random.BitsStreamGenerator.nextInt",,,,,,,,,,,,,,4,3,1,2,0,2,1,1,0,,,,0,,,,,,,,,,,,,8,0,1,1,1,1,1,1,1,1,,,0,0,,1,1,1,1,0.33
Public Method,"org.apache.commons.math3.random.BitsStreamGenerator.nextInt",,,,,,,,,,,,,,30,15,9,3,0,11,4,4,3,,,,3,,,,,,,,,,,,,1,0,3,15,3,8,3,8,4,3,,,3,2,,4,4,3,4,1.00
Public Method,"org.apache.commons.math3.random.BitsStreamGenerator.nextLong",,,,,,,,,,,,,,6,5,3,2,0,4,1,1,0,,,,0,,,,,,,,,,,,,0,0,3,1,1,3,3,1,1,1,,,0,0,,1,1,1,1,0.20
Public Abstract Method,"org.apache.commons.math3.random.BitsStreamGenerator.setSeed",,,,,,,,,,,,,,2,1,0,0,0,1,0,0,0,,,,0,,,,,,,,,,,,,0,0,1,1,0,1,1,0,0,0,,,0,0,,0,0,0,0,1.00
Public Abstract Method,"org.apache.commons.math3.random.BitsStreamGenerator.setSeed",,,,,,,,,,,,,,2,1,0,0,0,1,0,0,0,,,,0,,,,,,,,,,,,,0,0,1,1,0,1,1,0,0,0,,,0,0,,0,0,0,0,1.00
Public Abstract Method,"org.apache.commons.math3.random.BitsStreamGenerator.setSeed",,,,,,,,,,,,,,2,1,0,0,0,1,0,0,0,,,,0,,,,,,,,,,,,,0,0,1,1,0,1,1,0,0,0,,,0,0,,0,0,0,0,1.00
Public Class,"org.apache.commons.math3.random.BitsStreamGeneratorTest",1,1,0,0,2,,0,,2,84,0,0,1,62,40,12,,,23,,,,1,1,3,,1,1,4,4,1,0,0,,,0,2,1,,11,19,11,,12,13,10,,,1,1,,0,0,2,2,2,2,0.28
Static Class,"org.apache.commons.math3.random.BitsStreamGeneratorTest.BitRandom",1,1,0,0,0,,0,,2,2,0,0,2,11,8,2,,,5,,,,1,1,2,,1,1,3,3,1,0,0,,,0,2,0,,0,3,3,,2,3,2,,,1,1,,0,0,2,2,2,2,0.38
Public Constructor,"org.apache.commons.math3.random.BitsStreamGeneratorTest.BitRandom.BitRandom",,,,,,,,,,,,,,3,3,1,1,0,2,1,1,0,,,,0,,,,,,,,,,,,,0,0,1,0,1,1,1,1,1,1,,,0,0,,1,1,1,1,0.00
Public Method,"org.apache.commons.math3.random.BitsStreamGeneratorTest.BitRandom.nextBits",,,,,,,,,,,,,,3,3,1,2,0,2,1,1,0,,,,0,,,,,,,,,,,,,2,0,1,0,1,1,1,1,1,1,,,0,0,,1,1,1,1,0.00
Public Constructor,"org.apache.commons.math3.random.BitsStreamGeneratorTest.BitsStreamGeneratorTest",,,,,,,,,,,,,,3,3,1,2,0,2,1,1,0,,,,0,,,,,,,,,,,,,0,0,1,0,1,1,1,1,1,1,,,0,0,,1,1,1,1,0.00
Static Class,"org.apache.commons.math3.random.BitsStreamGeneratorTest.TestBitStreamGenerator",1,1,0,0,1,,0,,4,18,0,0,3,29,20,6,,,11,,,,1,1,2,,1,1,3,3,1,0,0,,,1,4,1,,6,10,3,,6,6,5,,,1,1,,0,0,4,4,4,4,0.15
Protected Method,"org.apache.commons.math3.random.BitsStreamGeneratorTest.TestBitStreamGenerator.next",,,,,,,,,,,,,,3,3,1,2,0,2,1,1,0,,,,0,,,,,,,,,,,,,2,0,1,0,1,1,1,1,1,1,,,0,0,,1,1,1,1,0.00
Public Method,"org.apache.commons.math3.random.BitsStreamGeneratorTest.TestBitStreamGenerator.setSeed",,,,,,,,,,,,,,4,4,2,2,0,3,1,1,0,,,,0,,,,,,,,,,,,,2,0,1,0,1,2,1,2,1,1,,,0,0,,1,1,1,1,0.00
Public Method,"org.apache.commons.math3.random.BitsStreamGeneratorTest.TestBitStreamGenerator.setSeed",,,,,,,,,,,,,,3,3,1,1,0,2,1,1,0,,,,0,,,,,,,,,,,,,2,0,1,0,1,1,1,1,1,1,,,0,0,,1,1,1,1,0.00
Public Method,"org.apache.commons.math3.random.BitsStreamGeneratorTest.TestBitStreamGenerator.setSeed",,,,,,,,,,,,,,4,3,1,1,0,2,1,1,0,,,,0,,,,,,,,,,,,,2,1,1,0,1,1,1,1,1,1,,,0,0,,1,1,1,1,0.00
Protected Method,"org.apache.commons.math3.random.BitsStreamGeneratorTest.makeGenerator",,,,,,,,,,,,,,5,5,3,2,0,4,1,1,0,,,,0,,,,,,,,,,,,,0,0,2,0,1,3,2,2,1,1,,,0,0,,1,1,1,1,0.00
Public Class,"org.apache.commons.math3.random.CorrelatedRandomVectorGenerator",1,1,1,8,5,,0,,6,6,0,0,6,161,56,27,,,46,,,,4,1,1,,1,1,17,8,2,0,0,,,4,6,0,,17,22,88,,34,20,26,,,4,4,,2,37,11,11,6,11,1.57
Public Constructor,"org.apache.commons.math3.random.CorrelatedRandomVectorGenerator.CorrelatedRandomVectorGenerator",,,,,,,,,,,,,,32,14,8,11,0,9,2,2,0,,,,0,,,,,,,,,,,,,8,3,6,15,2,7,3,6,2,1,,,0,1,,2,2,1,2,1.07
Public Constructor,"org.apache.commons.math3.random.CorrelatedRandomVectorGenerator.CorrelatedRandomVectorGenerator",,,,,,,,,,,,,,28,13,8,9,0,11,2,2,0,,,,0,,,,,,,,,,,,,3,3,5,12,2,9,4,7,2,1,,,0,1,,2,2,1,2,0.92
Public Method,"org.apache.commons.math3.random.CorrelatedRandomVectorGenerator.getGenerator",,,,,,,,,,,,,,6,3,1,1,0,2,1,1,0,,,,0,,,,,,,,,,,,,1,0,1,3,1,1,1,1,1,1,,,0,0,,1,1,1,1,1.00
Public Method,"org.apache.commons.math3.random.CorrelatedRandomVectorGenerator.getRank",,,,,,,,,,,,,,9,3,1,1,0,2,1,1,0,,,,0,,,,,,,,,,,,,3,0,1,6,1,1,1,1,1,1,,,0,0,,1,1,1,1,2.00
Public Method,"org.apache.commons.math3.random.CorrelatedRandomVectorGenerator.getRootMatrix",,,,,,,,,,,,,,9,3,1,1,0,2,1,1,0,,,,0,,,,,,,,,,,,,2,0,1,6,1,1,1,1,1,1,,,0,0,,1,1,1,1,2.00
Public Method,"org.apache.commons.math3.random.CorrelatedRandomVectorGenerator.nextVector",,,,,,,,,,,,,,23,13,8,5,1,15,4,4,0,,,,0,,,,,,,,,,,,,8,4,2,6,6,11,5,10,4,1,,,0,2,,4,4,1,4,0.46
Public Class,"org.apache.commons.math3.random.CorrelatedRandomVectorGeneratorTest",3,1,1,0,11,,0,,5,5,0,0,5,98,86,54,,,75,,,,5,1,1,,3,3,16,15,1,0,0,,,3,5,0,,12,39,0,,59,39,36,,,5,5,,2,40,15,15,5,15,0.00
Public Constructor,"org.apache.commons.math3.random.CorrelatedRandomVectorGeneratorTest.CorrelatedRandomVectorGeneratorTest",,,,,,,,,,,,,,29,27,21,15,1,27,5,5,0,,,,0,,,,,,,,,,,,,3,2,7,0,9,22,11,16,5,1,,,0,2,,5,5,1,5,0.00
Public Method,"org.apache.commons.math3.random.CorrelatedRandomVectorGeneratorTest.testMath226",,,,,,,,,,,,,,21,19,13,7,0,13,2,2,0,,,,0,,,,,,,,,,,,,0,2,14,0,2,11,9,4,2,1,,,0,1,,2,2,1,2,0.00
Public Method,"org.apache.commons.math3.random.CorrelatedRandomVectorGeneratorTest.testMeanAndCovariance",,,,,,,,,,,,,,22,19,14,10,1,19,4,4,0,,,,0,,,,,,,,,,,,,4,3,6,0,6,15,9,10,4,1,,,0,2,,4,4,1,4,0.00
Public Method,"org.apache.commons.math3.random.CorrelatedRandomVectorGeneratorTest.testRank",,,,,,,,,,,,,,3,3,1,2,0,2,1,1,0,,,,0,,,,,,,,,,,,,1,0,1,0,1,1,1,1,1,1,,,0,0,,1,1,1,1,0.00
Public Method,"org.apache.commons.math3.random.CorrelatedRandomVectorGeneratorTest.testRootMatrix",,,,,,,,,,,,,,9,9,5,7,0,10,3,3,0,,,,0,,,,,,,,,,,,,2,0,3,0,3,7,5,5,3,1,,,0,2,,3,3,1,3,0.00
Public Class,"org.apache.commons.math3.random.EmpiricalDistribution",1,1,0,7,14,,2,,19,19,0,2,17,529,233,138,,,173,,,,6,5,1,,1,1,15,7,2,0,0,,,9,19,0,,52,73,246,,121,73,100,,,6,6,,4,81,32,32,23,32,1.06
Private Class,"org.apache.commons.math3.random.EmpiricalDistribution.ArrayDataAdapter",1,1,0,2,4,,0,,3,5,0,0,3,39,23,9,,,18,,,,2,1,2,,1,1,8,6,1,0,0,,,1,3,0,,4,9,12,,12,8,10,,,2,2,,1,0,5,5,3,5,0.52
Public Constructor,"org.apache.commons.math3.random.EmpiricalDistribution.ArrayDataAdapter.ArrayDataAdapter",,,,,,,,,,,,,,11,5,3,3,0,4,1,1,0,,,,0,,,,,,,,,,,,,3,0,1,6,1,3,1,3,1,1,,,0,0,,1,1,1,1,1.20
Public Method,"org.apache.commons.math3.random.EmpiricalDistribution.ArrayDataAdapter.computeBinStats",,,,,,,,,,,,,,8,7,3,3,0,6,2,2,0,,,,0,,,,,,,,,,,,,3,0,3,1,2,4,3,3,2,1,,,0,1,,2,2,1,2,0.14
Public Method,"org.apache.commons.math3.random.EmpiricalDistribution.ArrayDataAdapter.computeStats",,,,,,,,,,,,,,7,6,3,3,0,6,2,2,0,,,,0,,,,,,,,,,,,,3,0,1,1,2,4,2,4,2,1,,,0,1,,2,2,1,2,0.17
Private Abstract Class,"org.apache.commons.math3.random.EmpiricalDistribution.DataAdapter",0,0,0,0,0,,0,,2,2,0,0,2,21,4,0,,,3,,,,0,0,1,,0,0,0,0,1,2,0,,,0,2,0,,3,3,14,,2,3,0,,,0,0,,0,0,0,0,0,0,3.50
Public Abstract Method,"org.apache.commons.math3.random.EmpiricalDistribution.DataAdapter.computeBinStats",,,,,,,,,,,,,,6,1,0,0,0,1,0,0,0,,,,0,,,,,,,,,,,,,1,0,1,5,0,1,1,0,0,0,,,0,0,,0,0,0,0,5.00
Public Abstract Method,"org.apache.commons.math3.random.EmpiricalDistribution.DataAdapter.computeStats",,,,,,,,,,,,,,6,1,0,0,0,1,0,0,0,,,,0,,,,,,,,,,,,,3,0,1,5,0,1,1,0,0,0,,,0,0,,0,0,0,0,5.00
Private Class,"org.apache.commons.math3.random.EmpiricalDistribution.DataAdapterFactory",3,3,0,6,5,,0,,1,1,0,0,1,27,16,11,,,9,,,,3,3,1,,3,3,20,14,1,0,0,,,0,1,0,,0,4,11,,5,4,5,,,3,3,,1,0,3,3,3,3,0.69
Public Method,"org.apache.commons.math3.random.EmpiricalDistribution.DataAdapterFactory.getAdapter",,,,,,,,,,,,,,20,14,11,6,0,8,3,3,2,,,,2,,,,,,,,,,,,,4,0,3,6,3,5,3,5,3,3,,,2,1,,3,3,3,3,0.43
Public Constructor,"org.apache.commons.math3.random.EmpiricalDistribution.EmpiricalDistribution",,,,,,,,,,,,,,6,3,1,3,0,2,1,1,0,,,,0,,,,,,,,,,,,,6,0,1,3,1,1,1,1,1,1,,,0,0,,1,1,1,1,1.00
Public Constructor,"org.apache.commons.math3.random.EmpiricalDistribution.EmpiricalDistribution",,,,,,,,,,,,,,8,3,1,3,0,2,1,1,0,,,,0,,,,,,,,,,,,,5,0,1,5,1,1,1,1,1,1,,,0,0,,1,1,1,1,1.67
Public Constructor,"org.apache.commons.math3.random.EmpiricalDistribution.EmpiricalDistribution",,,,,,,,,,,,,,13,5,3,5,0,4,1,1,0,,,,0,,,,,,,,,,,,,4,0,1,8,1,3,1,3,1,1,,,0,0,,1,1,1,1,1.60
Public Constructor,"org.apache.commons.math3.random.EmpiricalDistribution.EmpiricalDistribution",,,,,,,,,,,,,,10,3,1,2,0,2,1,1,0,,,,0,,,,,,,,,,,,,2,0,1,7,1,1,1,1,1,1,,,0,0,,1,1,1,1,2.33
Public Constructor,"org.apache.commons.math3.random.EmpiricalDistribution.EmpiricalDistribution",,,,,,,,,,,,,,13,5,3,4,0,4,1,1,0,,,,0,,,,,,,,,,,,,6,0,1,8,1,3,1,3,1,1,,,0,0,,1,1,1,1,1.60
Public Constructor,"org.apache.commons.math3.random.EmpiricalDistribution.EmpiricalDistribution",,,,,,,,,,,,,,10,3,1,2,0,2,1,1,0,,,,0,,,,,,,,,,,,,2,0,1,7,1,1,1,1,1,1,,,0,0,,1,1,1,1,2.33
Private Class,"org.apache.commons.math3.random.EmpiricalDistribution.StreamDataAdapter",1,1,0,2,2,,0,,3,5,0,0,3,47,31,18,,,23,,,,2,1,2,,1,1,11,8,1,0,0,,,1,3,0,,5,12,11,,17,10,13,,,2,2,,1,0,5,5,3,5,0.35
Public Constructor,"org.apache.commons.math3.random.EmpiricalDistribution.StreamDataAdapter.StreamDataAdapter",,,,,,,,,,,,,,9,4,2,2,0,3,1,1,0,,,,0,,,,,,,,,,,,,4,0,1,5,1,2,1,2,1,1,,,0,0,,1,1,1,1,1.25
Public Method,"org.apache.commons.math3.random.EmpiricalDistribution.StreamDataAdapter.computeBinStats",,,,,,,,,,,,,,13,11,8,7,0,9,2,2,0,,,,0,,,,,,,,,,,,,2,1,4,1,2,7,4,5,2,1,,,0,1,,2,2,1,2,0.09
Public Method,"org.apache.commons.math3.random.EmpiricalDistribution.StreamDataAdapter.computeStats",,,,,,,,,,,,,,12,11,8,8,0,9,2,2,0,,,,0,,,,,,,,,,,,,2,0,3,1,2,7,3,6,2,1,,,0,1,,2,2,1,2,0.09
Private Method,"org.apache.commons.math3.random.EmpiricalDistribution.fillBinStats",,,,,,,,,,,,,,36,23,18,17,1,21,4,4,0,,,,0,,,,,,,,,,,,,10,3,4,10,8,17,6,15,4,1,,,0,1,,4,4,1,4,0.43
Private Method,"org.apache.commons.math3.random.EmpiricalDistribution.findBin",,,,,,,,,,,,,,11,5,3,4,0,2,1,1,0,,,,0,,,,,,,,,,,,,6,0,1,6,1,1,1,1,1,1,,,0,0,,1,1,1,1,1.20
Public Method,"org.apache.commons.math3.random.EmpiricalDistribution.getBinCount",,,,,,,,,,,,,,8,3,1,1,0,2,1,1,0,,,,0,,,,,,,,,,,,,2,0,1,5,1,1,1,1,1,1,,,0,0,,1,1,1,1,1.67
Public Method,"org.apache.commons.math3.random.EmpiricalDistribution.getBinStats",,,,,,,,,,,,,,10,3,1,1,0,2,1,1,0,,,,0,,,,,,,,,,,,,3,0,1,7,1,1,1,1,1,1,,,0,0,,1,1,1,1,2.33
Public Method,"org.apache.commons.math3.random.EmpiricalDistribution.getGeneratorUpperBounds",,,,,,,,,,,,,,17,6,4,2,0,5,1,1,0,,,,0,,,,,,,,,,,,,4,0,3,11,1,4,3,2,1,1,,,0,0,,1,1,1,1,1.83
Public Method,"org.apache.commons.math3.random.EmpiricalDistribution.getNextValue",,,,,,,,,,,,,,32,20,13,8,1,14,6,6,9,,,,9,,,,,,,,,,,,,13,3,3,11,10,8,4,10,6,5,,,9,4,,6,6,5,6,0.55
Public Method,"org.apache.commons.math3.random.EmpiricalDistribution.getSampleStats",,,,,,,,,,,,,,11,3,1,1,0,2,1,1,0,,,,0,,,,,,,,,,,,,5,0,1,8,1,1,1,1,1,1,,,0,0,,1,1,1,1,2.67
Public Method,"org.apache.commons.math3.random.EmpiricalDistribution.getUpperBounds",,,,,,,,,,,,,,22,9,6,1,0,9,2,2,0,,,,0,,,,,,,,,,,,,6,0,2,13,2,7,3,6,2,1,,,0,1,,2,2,1,2,1.44
Public Method,"org.apache.commons.math3.random.EmpiricalDistribution.isLoaded",,,,,,,,,,,,,,8,3,1,1,0,2,1,1,0,,,,0,,,,,,,,,,,,,2,0,1,5,1,1,1,1,1,1,,,0,0,,1,1,1,1,1.67
Public Method,"org.apache.commons.math3.random.EmpiricalDistribution.load",,,,,,,,,,,,,,18,10,7,5,0,7,2,2,1,,,,0,,,,,,,,,,,,,10,1,2,7,2,5,2,5,2,1,,,0,1,,2,2,1,2,0.70
Public Method,"org.apache.commons.math3.random.EmpiricalDistribution.load",,,,,,,,,,,,,,28,20,14,9,1,13,3,3,1,,,,0,,,,,,,,,,,,,8,0,4,8,4,9,3,10,3,1,,,0,2,,3,3,1,3,0.40
Public Method,"org.apache.commons.math3.random.EmpiricalDistribution.load",,,,,,,,,,,,,,24,16,12,6,0,11,2,2,1,,,,0,,,,,,,,,,,,,2,0,3,8,2,8,3,8,2,1,,,0,1,,2,2,1,2,0.50
Public Method,"org.apache.commons.math3.random.EmpiricalDistribution.reSeed",,,,,,,,,,,,,,9,3,1,1,0,2,1,1,0,,,,0,,,,,,,,,,,,,5,0,1,6,1,1,1,1,1,1,,,0,0,,1,1,1,1,2.00
Public Class,"org.apache.commons.math3.random.EmpiricalDistributionTest",1,1,0,2,8,,0,,18,18,0,3,15,246,172,108,,,134,,,,3,1,1,,1,1,11,8,1,0,0,,,5,18,0,,26,59,49,,104,50,84,,,3,3,,2,75,28,28,18,28,0.28
Public Method,"org.apache.commons.math3.random.EmpiricalDistributionTest.setUp",,,,,,,,,,,,,,23,21,16,14,1,17,3,3,0,,,,0,,,,,,,,,,,,,1,2,6,0,4,13,6,11,3,1,,,0,1,,3,3,1,3,0.00
Public Method,"org.apache.commons.math3.random.EmpiricalDistributionTest.testBinIndexOverflow",,,,,,,,,,,,,,7,4,2,2,0,3,1,1,0,,,,0,,,,,,,,,,,,,0,0,2,3,1,2,2,1,1,1,,,0,0,,1,1,1,1,0.75
Public Method,"org.apache.commons.math3.random.EmpiricalDistributionTest.testDoubleLoad",,,,,,,,,,,,,,22,11,9,7,0,8,1,1,0,,,,0,,,,,,,,,,,,,3,2,2,9,1,7,2,6,1,1,,,0,0,,1,1,1,1,0.82
Public Method,"org.apache.commons.math3.random.EmpiricalDistributionTest.testGeneratorConfig",,,,,,,,,,,,,,15,12,9,4,0,12,2,2,0,,,,0,,,,,,,,,,,,,0,2,4,1,2,10,5,7,2,1,,,0,1,,2,2,1,2,0.08
Public Method,"org.apache.commons.math3.random.EmpiricalDistributionTest.testGetBinUpperBounds",,,,,,,,,,,,,,13,10,8,5,0,9,1,1,0,,,,0,,,,,,,,,,,,,0,0,6,3,1,8,6,3,1,1,,,0,0,,1,1,1,1,0.30
Public Method,"org.apache.commons.math3.random.EmpiricalDistributionTest.testGridTooFat",,,,,,,,,,,,,,10,6,4,5,0,5,1,1,0,,,,0,,,,,,,,,,,,,0,0,1,5,1,4,1,4,1,1,,,0,0,,1,1,1,1,0.83
Public Method,"org.apache.commons.math3.random.EmpiricalDistributionTest.testGridTooFine",,,,,,,,,,,,,,9,6,4,5,0,5,1,1,0,,,,0,,,,,,,,,,,,,0,0,1,3,1,4,1,4,1,1,,,0,0,,1,1,1,1,0.50
Public Method,"org.apache.commons.math3.random.EmpiricalDistributionTest.testLoad",,,,,,,,,,,,,,16,8,6,6,0,5,1,1,0,,,,0,,,,,,,,,,,,,2,0,1,8,1,4,1,4,1,1,,,0,0,,1,1,1,1,1.00
Public Method,"org.apache.commons.math3.random.EmpiricalDistributionTest.testLoadNullDoubleArray",,,,,,,,,,,,,,3,3,1,2,0,2,1,1,0,,,,0,,,,,,,,,,,,,0,0,1,0,1,1,1,1,1,1,,,0,0,,1,1,1,1,0.00
Public Method,"org.apache.commons.math3.random.EmpiricalDistributionTest.testLoadNullFile",,,,,,,,,,,,,,3,3,1,2,0,2,1,1,0,,,,0,,,,,,,,,,,,,0,0,1,0,1,1,1,1,1,1,,,0,0,,1,1,1,1,0.00
Public Method,"org.apache.commons.math3.random.EmpiricalDistributionTest.testLoadNullURL",,,,,,,,,,,,,,3,3,1,2,0,2,1,1,0,,,,0,,,,,,,,,,,,,0,0,1,0,1,1,1,1,1,1,,,0,0,,1,1,1,1,0.00
Public Method,"org.apache.commons.math3.random.EmpiricalDistributionTest.testNexFail",,,,,,,,,,,,,,13,8,5,2,0,5,2,2,1,,,,0,,,,,,,,,,,,,2,0,1,5,2,3,1,4,2,1,,,0,1,,2,2,1,2,0.62
Public Method,"org.apache.commons.math3.random.EmpiricalDistributionTest.testNext",,,,,,,,,,,,,,9,4,2,2,0,3,1,1,0,,,,0,,,,,,,,,,,,,0,0,1,5,1,2,1,2,1,1,,,0,0,,1,1,1,1,1.25
Public Method,"org.apache.commons.math3.random.EmpiricalDistributionTest.testReSeed",,,,,,,,,,,,,,12,12,8,4,1,13,3,3,0,,,,0,,,,,,,,,,,,,2,0,2,0,4,10,4,9,3,1,,,0,1,,3,3,1,3,0.00
Public Method,"org.apache.commons.math3.random.EmpiricalDistributionTest.testSerialization",,,,,,,,,,,,,,11,8,6,4,0,7,1,1,0,,,,0,,,,,,,,,,,,,2,1,3,2,1,6,3,4,1,1,,,0,0,,1,1,1,1,0.25
Private Method,"org.apache.commons.math3.random.EmpiricalDistributionTest.tstDoubleGen",,,,,,,,,,,,,,10,10,7,8,0,10,2,2,0,,,,0,,,,,,,,,,,,,6,0,2,0,2,8,3,7,2,1,,,0,1,,2,2,1,2,0.00
Private Method,"org.apache.commons.math3.random.EmpiricalDistributionTest.tstGen",,,,,,,,,,,,,,10,10,7,8,0,10,2,2,0,,,,0,,,,,,,,,,,,,6,0,2,0,2,8,3,7,2,1,,,0,1,,2,2,1,2,0.00
Private Method,"org.apache.commons.math3.random.EmpiricalDistributionTest.verifySame",,,,,,,,,,,,,,11,11,7,6,0,10,3,3,0,,,,0,,,,,,,,,,,,,4,0,1,0,3,7,2,8,3,1,,,0,2,,3,3,1,3,0.00
Public Class,"org.apache.commons.math3.random.GaussianRandomGenerator",1,1,0,3,1,,0,,2,2,0,0,2,27,9,2,,,6,,,,1,1,1,,1,1,6,3,2,0,0,,,1,2,0,,4,4,14,,3,4,2,,,1,1,,0,0,2,2,2,2,1.56
Public Constructor,"org.apache.commons.math3.random.GaussianRandomGenerator.GaussianRandomGenerator",,,,,,,,,,,,,,6,3,1,2,0,2,1,1,0,,,,0,,,,,,,,,,,,,10,0,1,3,1,1,1,1,1,1,,,0,0,,1,1,1,1,1.00
Public Method,"org.apache.commons.math3.random.GaussianRandomGenerator.nextNormalizedDouble",,,,,,,,,,,,,,6,3,1,2,0,2,1,1,0,,,,0,,,,,,,,,,,,,2,0,1,3,1,1,1,1,1,1,,,0,0,,1,1,1,1,1.00
Public Class,"org.apache.commons.math3.random.GaussianRandomGeneratorTest",2,1,0,0,4,,0,,1,1,0,0,1,16,14,8,,,12,,,,2,1,1,,2,2,11,11,1,0,0,,,0,1,0,,2,6,0,,9,6,6,,,2,2,,1,0,2,2,1,2,0.00
Public Method,"org.apache.commons.math3.random.GaussianRandomGeneratorTest.testMeanAndStandardDeviation",,,,,,,,,,,,,,11,11,8,6,0,11,2,2,0,,,,0,,,,,,,,,,,,,1,0,4,0,2,9,5,6,2,1,,,0,1,,2,2,1,2,0.00
Public Class,"org.apache.commons.math3.random.ISAACRandom",1,1,0,2,0,,6,,13,27,0,6,6,251,169,120,,,151,,,,5,1,2,,1,1,13,11,2,0,0,,,10,13,1,,14,37,68,,127,38,113,,,5,5,,2,83,23,23,13,23,0.40
Public Constructor,"org.apache.commons.math3.random.ISAACRandom.ISAACRandom",,,,,,,,,,,,,,9,3,1,4,0,2,1,1,0,,,,0,,,,,,,,,,,,,0,0,1,6,1,1,1,1,1,1,,,0,0,,1,1,1,1,2.00
Public Constructor,"org.apache.commons.math3.random.ISAACRandom.ISAACRandom",,,,,,,,,,,,,,8,3,1,2,0,2,1,1,0,,,,0,,,,,,,,,,,,,2,0,1,5,1,1,1,1,1,1,,,0,0,,1,1,1,1,1.67
Public Constructor,"org.apache.commons.math3.random.ISAACRandom.ISAACRandom",,,,,,,,,,,,,,9,3,1,2,0,2,1,1,0,,,,0,,,,,,,,,,,,,2,0,1,6,1,1,1,1,1,1,,,0,0,,1,1,1,1,2.00
Private Method,"org.apache.commons.math3.random.ISAACRandom.initState",,,,,,,,,,,,,,41,38,32,9,1,41,5,5,0,,,,0,,,,,,,,,,,,,7,0,1,3,16,36,5,36,5,1,,,0,1,,5,5,1,5,0.08
Private Method,"org.apache.commons.math3.random.ISAACRandom.isaac",,,,,,,,,,,,,,13,12,8,5,1,9,3,3,0,,,,0,,,,,,,,,,,,,6,0,1,1,4,6,1,8,3,1,,,0,1,,3,3,1,3,0.08
Private Method,"org.apache.commons.math3.random.ISAACRandom.isaac2",,,,,,,,,,,,,,19,18,16,4,0,17,1,1,0,,,,0,,,,,,,,,,,,,5,0,1,1,1,16,1,16,1,1,,,0,0,,1,1,1,1,0.06
Private Method,"org.apache.commons.math3.random.ISAACRandom.isaac3",,,,,,,,,,,,,,6,5,3,4,0,4,1,1,0,,,,0,,,,,,,,,,,,,8,0,1,1,1,3,1,3,1,1,,,0,0,,1,1,1,1,0.20
Protected Method,"org.apache.commons.math3.random.ISAACRandom.next",,,,,,,,,,,,,,8,7,4,3,0,5,2,2,0,,,,0,,,,,,,,,,,,,4,0,1,1,2,3,1,4,2,1,,,0,1,,2,2,1,2,0.14
Public Method,"org.apache.commons.math3.random.ISAACRandom.setSeed",,,,,,,,,,,,,,4,3,1,1,0,2,1,1,0,,,,0,,,,,,,,,,,,,3,0,1,1,1,1,1,1,1,1,,,0,0,,1,1,1,1,0.33
Public Method,"org.apache.commons.math3.random.ISAACRandom.setSeed",,,,,,,,,,,,,,4,3,1,1,0,2,1,1,0,,,,0,,,,,,,,,,,,,2,0,1,1,1,1,1,1,1,1,,,0,0,,1,1,1,1,0.33
Public Method,"org.apache.commons.math3.random.ISAACRandom.setSeed",,,,,,,,,,,,,,17,16,11,7,1,14,4,4,1,,,,0,,,,,,,,,,,,,5,0,4,1,4,10,5,9,4,1,,,0,2,,4,4,1,4,0.06
Private Method,"org.apache.commons.math3.random.ISAACRandom.setState",,,,,,,,,,,,,,14,10,8,1,0,9,1,1,0,,,,0,,,,,,,,,,,,,3,0,1,4,1,8,1,8,1,1,,,0,0,,1,1,1,1,0.40
Private Method,"org.apache.commons.math3.random.ISAACRandom.shuffle",,,,,,,,,,,,,,27,26,24,1,0,25,1,1,0,,,,0,,,,,,,,,,,,,2,0,1,1,1,24,1,24,1,1,,,0,0,,1,1,1,1,0.04
Public Class,"org.apache.commons.math3.random.ISAACTest",1,1,1,0,3,,4,,3,85,0,1,1,371,350,331,,,21,,,,2,1,3,,1,1,7,6,1,0,0,,,0,3,1,,11,337,10,,16,12,9,,,2,2,,1,66,4,4,3,4,0.03
Private Method,"org.apache.commons.math3.random.ISAACTest.getActualSequence",,,,,,,,,,,,,,7,7,4,2,0,7,2,2,0,,,,0,,,,,,,,,,,,,3,0,2,0,2,5,3,4,2,1,,,0,1,,2,2,1,2,0.00
Protected Method,"org.apache.commons.math3.random.ISAACTest.makeGenerator",,,,,,,,,,,,,,3,3,1,2,0,2,1,1,0,,,,0,,,,,,,,,,,,,0,0,1,0,1,1,1,1,1,1,,,0,0,,1,1,1,1,0.00
Public Method,"org.apache.commons.math3.random.ISAACTest.testReference",,,,,,,,,,,,,,11,8,6,4,0,7,1,1,0,,,,0,,,,,,,,,,,,,4,3,3,0,1,6,3,4,1,1,,,0,0,,1,1,1,1,0.00
Public Class,"org.apache.commons.math3.random.JDKRandomGenerator",1,1,0,1,0,,1,,2,2,0,0,2,30,14,7,,,11,,,,2,1,2,,1,1,7,5,2,0,0,,,0,2,0,,5,6,11,,6,7,4,,,2,2,,1,100,3,3,2,3,0.79
Public Method,"org.apache.commons.math3.random.JDKRandomGenerator.setSeed",,,,,,,,,,,,,,4,3,1,1,0,2,1,1,0,,,,0,,,,,,,,,,,,,1,0,1,1,1,1,1,1,1,1,,,0,0,,1,1,1,1,0.33
Public Method,"org.apache.commons.math3.random.JDKRandomGenerator.setSeed",,,,,,,,,,,,,,11,8,5,1,0,7,2,2,0,,,,0,,,,,,,,,,,,,1,1,3,2,2,4,4,3,2,1,,,0,1,,2,2,1,2,0.25
Public Class,"org.apache.commons.math3.random.MersenneTwister",2,1,1,6,1,,4,,8,22,0,0,7,242,103,68,,,91,,,,11,1,2,,2,2,18,11,2,0,0,,,2,8,1,,38,32,107,,72,32,59,,,11,11,,2,62,22,22,8,22,1.04
Public Constructor,"org.apache.commons.math3.random.MersenneTwister.MersenneTwister",,,,,,,,,,,,,,8,4,2,5,0,3,1,1,0,,,,0,,,,,,,,,,,,,3,0,1,4,1,2,1,2,1,1,,,0,0,,1,1,1,1,1.00
Public Constructor,"org.apache.commons.math3.random.MersenneTwister.MersenneTwister",,,,,,,,,,,,,,7,4,2,3,0,3,1,1,0,,,,0,,,,,,,,,,,,,3,0,1,3,1,2,1,2,1,1,,,0,0,,1,1,1,1,0.75
Public Constructor,"org.apache.commons.math3.random.MersenneTwister.MersenneTwister",,,,,,,,,,,,,,8,4,2,3,0,3,1,1,0,,,,0,,,,,,,,,,,,,2,0,1,4,1,2,1,2,1,1,,,0,0,,1,1,1,1,1.00
Public Constructor,"org.apache.commons.math3.random.MersenneTwister.MersenneTwister",,,,,,,,,,,,,,7,4,2,3,0,3,1,1,0,,,,0,,,,,,,,,,,,,4,0,1,3,1,2,1,2,1,1,,,0,0,,1,1,1,1,0.75
Protected Method,"org.apache.commons.math3.random.MersenneTwister.next",,,,,,,,,,,,,,44,27,21,3,1,27,4,4,0,,,,0,,,,,,,,,,,,,6,7,5,11,5,23,7,20,4,1,,,0,2,,4,4,1,4,0.41
Public Method,"org.apache.commons.math3.random.MersenneTwister.setSeed",,,,,,,,,,,,,,19,9,6,3,0,9,2,2,0,,,,0,,,,,,,,,,,,,6,1,2,10,2,7,2,7,2,1,,,0,1,,2,2,1,2,1.11
Public Method,"org.apache.commons.math3.random.MersenneTwister.setSeed",,,,,,,,,,,,,,50,36,28,6,1,34,11,11,1,,,,0,,,,,,,,,,,,,5,7,9,11,16,27,11,23,11,1,,,0,2,,11,11,1,11,0.31
Public Method,"org.apache.commons.math3.random.MersenneTwister.setSeed",,,,,,,,,,,,,,8,3,1,1,0,2,1,1,0,,,,0,,,,,,,,,,,,,2,0,1,5,1,1,1,1,1,1,,,0,0,,1,1,1,1,1.67
Public Class,"org.apache.commons.math3.random.MersenneTwisterTest",3,1,1,0,3,,0,,2,84,0,0,1,283,274,260,,,17,,,,5,1,3,,3,3,136,135,1,0,0,,,0,2,1,,7,262,2,,12,10,7,,,5,5,,1,0,6,6,2,6,0.01
Protected Method,"org.apache.commons.math3.random.MersenneTwisterTest.makeGenerator",,,,,,,,,,,,,,3,3,1,2,0,2,1,1,0,,,,0,,,,,,,,,,,,,0,0,1,0,1,1,1,1,1,1,,,0,0,,1,1,1,1,0.00
Public Method,"org.apache.commons.math3.random.MersenneTwisterTest.testMakotoNishimura",,,,,,,,,,,,,,270,267,259,3,1,14,5,5,0,,,,0,,,,,,,,,,,,,1,3,258,0,4,11,8,6,5,1,,,0,1,,5,5,1,5,0.00
Public Interface,"org.apache.commons.math3.random.NormalizedRandomGenerator",0,0,0,0,0,,0,,1,1,1,0,0,12,3,0,,,2,,,,0,0,0,,0,0,0,0,0,3,0,,,0,1,0,,2,2,7,,1,2,0,,,0,0,,0,0,0,0,0,0,2.33
Abstract Method,"org.apache.commons.math3.random.NormalizedRandomGenerator.nextNormalizedDouble",,,,,,,,,,,,,,8,1,0,1,0,1,0,0,0,,,,0,,,,,,,,,,,,,2,0,1,7,0,1,1,0,0,0,,,0,0,,0,0,0,0,7.00
Public Class,"org.apache.commons.math3.random.RandomAdaptor",1,1,0,6,0,,1,,13,14,0,1,13,178,60,18,,,34,,,,2,1,2,,1,1,9,3,2,0,1,,,1,14,0,,17,27,104,,16,17,17,,,2,2,,1,53,17,17,14,17,1.73
Private Constructor,"org.apache.commons.math3.random.RandomAdaptor.RandomAdaptor",,,,,,,,,,,,,,4,1,1,2,0,2,1,1,0,,,,0,,,,,,,,,,,,,0,0,1,3,1,1,1,1,1,1,,,0,0,,1,1,1,1,3.00
Public Constructor,"org.apache.commons.math3.random.RandomAdaptor.RandomAdaptor",,,,,,,,,,,,,,8,3,1,2,0,2,1,1,0,,,,0,,,,,,,,,,,,,3,0,1,5,1,1,1,1,1,1,,,0,0,,1,1,1,1,1.67
Public Static Method,"org.apache.commons.math3.random.RandomAdaptor.createAdaptor",,,,,,,,,,,,,,10,3,1,2,0,2,1,1,0,,,,0,,,,,,,,,,,,,2,0,1,7,1,1,1,1,1,1,,,0,0,,1,1,1,1,2.33
Public Method,"org.apache.commons.math3.random.RandomAdaptor.nextBoolean",,,,,,,,,,,,,,12,3,1,2,0,2,1,1,0,,,,0,,,,,,,,,,,,,1,0,1,9,1,1,1,1,1,1,,,0,0,,1,1,1,1,3.00
Public Method,"org.apache.commons.math3.random.RandomAdaptor.nextBytes",,,,,,,,,,,,,,11,3,1,1,0,2,1,1,0,,,,0,,,,,,,,,,,,,2,0,1,8,1,1,1,1,1,1,,,0,0,,1,1,1,1,2.67
Public Method,"org.apache.commons.math3.random.RandomAdaptor.nextDouble",,,,,,,,,,,,,,12,3,1,2,0,2,1,1,0,,,,0,,,,,,,,,,,,,1,0,1,9,1,1,1,1,1,1,,,0,0,,1,1,1,1,3.00
Public Method,"org.apache.commons.math3.random.RandomAdaptor.nextFloat",,,,,,,,,,,,,,12,3,1,2,0,2,1,1,0,,,,0,,,,,,,,,,,,,1,0,1,9,1,1,1,1,1,1,,,0,0,,1,1,1,1,3.00
Public Method,"org.apache.commons.math3.random.RandomAdaptor.nextGaussian",,,,,,,,,,,,,,13,3,1,2,0,2,1,1,0,,,,0,,,,,,,,,,,,,1,0,1,10,1,1,1,1,1,1,,,0,0,,1,1,1,1,3.33
Public Method,"org.apache.commons.math3.random.RandomAdaptor.nextInt",,,,,,,,,,,,,,12,3,1,2,0,2,1,1,0,,,,0,,,,,,,,,,,,,1,0,1,9,1,1,1,1,1,1,,,0,0,,1,1,1,1,3.00
Public Method,"org.apache.commons.math3.random.RandomAdaptor.nextInt",,,,,,,,,,,,,,14,3,1,2,0,2,1,1,0,,,,0,,,,,,,,,,,,,2,0,1,11,1,1,1,1,1,1,,,0,0,,1,1,1,1,3.67
Public Method,"org.apache.commons.math3.random.RandomAdaptor.nextLong",,,,,,,,,,,,,,12,3,1,2,0,2,1,1,0,,,,0,,,,,,,,,,,,,1,0,1,9,1,1,1,1,1,1,,,0,0,,1,1,1,1,3.00
Public Method,"org.apache.commons.math3.random.RandomAdaptor.setSeed",,,,,,,,,,,,,,6,5,2,1,0,3,2,2,0,,,,0,,,,,,,,,,,,,2,0,1,2,2,1,1,2,2,1,,,0,1,,2,2,1,2,0.40
Public Method,"org.apache.commons.math3.random.RandomAdaptor.setSeed",,,,,,,,,,,,,,6,5,2,1,0,3,2,2,0,,,,0,,,,,,,,,,,,,2,0,1,2,2,1,1,2,2,1,,,0,1,,2,2,1,2,0.40
Public Method,"org.apache.commons.math3.random.RandomAdaptor.setSeed",,,,,,,,,,,,,,6,5,2,1,0,3,2,2,0,,,,0,,,,,,,,,,,,,2,0,1,2,2,1,1,2,2,1,,,0,1,,2,2,1,2,0.40
Public Class,"org.apache.commons.math3.random.RandomAdaptorTest",1,1,0,0,2,,0,,2,2,0,1,1,90,62,26,,,44,,,,1,1,1,,1,1,10,10,1,0,0,,,0,2,0,,18,23,10,,27,22,22,,,1,1,,0,0,2,2,2,2,0.16
Public Static Class,"org.apache.commons.math3.random.RandomAdaptorTest.ConstantGenerator",1,1,0,0,0,,0,,13,13,0,0,13,53,38,9,,,24,,,,1,1,1,,1,1,2,2,2,0,0,,,1,13,0,,15,15,0,,10,15,9,,,1,1,,0,38,13,13,13,13,0.00
Public Constructor,"org.apache.commons.math3.random.RandomAdaptorTest.ConstantGenerator.ConstantGenerator",,,,,,,,,,,,,,3,3,1,2,0,2,1,1,0,,,,0,,,,,,,,,,,,,1,0,1,0,1,1,1,1,1,1,,,0,0,,1,1,1,1,0.00
Public Constructor,"org.apache.commons.math3.random.RandomAdaptorTest.ConstantGenerator.ConstantGenerator",,,,,,,,,,,,,,3,3,1,2,0,2,1,1,0,,,,0,,,,,,,,,,,,,1,0,1,0,1,1,1,1,1,1,,,0,0,,1,1,1,1,0.00
Public Method,"org.apache.commons.math3.random.RandomAdaptorTest.ConstantGenerator.nextBoolean",,,,,,,,,,,,,,3,3,1,1,0,2,1,1,0,,,,0,,,,,,,,,,,,,0,0,1,0,1,1,1,1,1,1,,,0,0,,1,1,1,1,0.00
Public Method,"org.apache.commons.math3.random.RandomAdaptorTest.ConstantGenerator.nextBytes",,,,,,,,,,,,,,2,2,0,0,0,1,1,1,0,,,,0,,,,,,,,,,,,,0,0,1,0,1,0,1,0,1,1,,,0,0,,1,1,1,1,0.00
Public Method,"org.apache.commons.math3.random.RandomAdaptorTest.ConstantGenerator.nextDouble",,,,,,,,,,,,,,3,3,1,1,0,2,1,1,0,,,,0,,,,,,,,,,,,,1,0,1,0,1,1,1,1,1,1,,,0,0,,1,1,1,1,0.00
Public Method,"org.apache.commons.math3.random.RandomAdaptorTest.ConstantGenerator.nextFloat",,,,,,,,,,,,,,3,3,1,1,0,2,1,1,0,,,,0,,,,,,,,,,,,,1,0,1,0,1,1,1,1,1,1,,,0,0,,1,1,1,1,0.00
Public Method,"org.apache.commons.math3.random.RandomAdaptorTest.ConstantGenerator.nextGaussian",,,,,,,,,,,,,,3,3,1,1,0,2,1,1,0,,,,0,,,,,,,,,,,,,1,0,1,0,1,1,1,1,1,1,,,0,0,,1,1,1,1,0.00
Public Method,"org.apache.commons.math3.random.RandomAdaptorTest.ConstantGenerator.nextInt",,,,,,,,,,,,,,3,3,1,1,0,2,1,1,0,,,,0,,,,,,,,,,,,,1,0,1,0,1,1,1,1,1,1,,,0,0,,1,1,1,1,0.00
Public Method,"org.apache.commons.math3.random.RandomAdaptorTest.ConstantGenerator.nextInt",,,,,,,,,,,,,,3,3,1,1,0,2,1,1,0,,,,0,,,,,,,,,,,,,1,0,1,0,1,1,1,1,1,1,,,0,0,,1,1,1,1,0.00
Public Method,"org.apache.commons.math3.random.RandomAdaptorTest.ConstantGenerator.nextLong",,,,,,,,,,,,,,3,3,1,1,0,2,1,1,0,,,,0,,,,,,,,,,,,,1,0,1,0,1,1,1,1,1,1,,,0,0,,1,1,1,1,0.00
Public Method,"org.apache.commons.math3.random.RandomAdaptorTest.ConstantGenerator.setSeed",,,,,,,,,,,,,,2,2,0,0,0,1,1,1,0,,,,0,,,,,,,,,,,,,0,0,1,0,1,0,1,0,1,1,,,0,0,,1,1,1,1,0.00
Public Method,"org.apache.commons.math3.random.RandomAdaptorTest.ConstantGenerator.setSeed",,,,,,,,,,,,,,2,2,0,0,0,1,1,1,0,,,,0,,,,,,,,,,,,,0,0,1,0,1,0,1,0,1,1,,,0,0,,1,1,1,1,0.00
Public Method,"org.apache.commons.math3.random.RandomAdaptorTest.ConstantGenerator.setSeed",,,,,,,,,,,,,,2,2,0,0,0,1,1,1,0,,,,0,,,,,,,,,,,,,0,0,1,0,1,0,1,0,1,1,,,0,0,,1,1,1,1,0.00
Private Method,"org.apache.commons.math3.random.RandomAdaptorTest.checkConstant",,,,,,,,,,,,,,14,14,12,9,0,13,1,1,0,,,,0,,,,,,,,,,,,,2,0,2,0,1,12,2,11,1,1,,,0,0,,1,1,1,1,0.00
Public Method,"org.apache.commons.math3.random.RandomAdaptorTest.testAdaptor",,,,,,,,,,,,,,7,7,5,4,0,6,1,1,0,,,,0,,,,,,,,,,,,,0,0,4,0,1,5,4,2,1,1,,,0,0,,1,1,1,1,0.00
Public Interface,"org.apache.commons.math3.random.RandomData",0,0,0,0,0,,0,,13,13,13,0,0,239,15,0,,,14,,,,0,0,0,,0,0,0,0,0,1,0,,,0,13,0,,12,14,212,,13,14,0,,,0,0,,0,0,0,0,0,0,14.13
Abstract Method,"org.apache.commons.math3.random.RandomData.nextExponential",,,,,,,,,,,,,,14,1,0,1,0,1,0,0,0,,,,0,,,,,,,,,,,,,0,0,1,13,0,1,1,0,0,0,,,0,0,,0,0,0,0,13.00
Abstract Method,"org.apache.commons.math3.random.RandomData.nextGaussian",,,,,,,,,,,,,,15,1,0,1,0,1,0,0,0,,,,0,,,,,,,,,,,,,3,0,1,14,0,1,1,0,0,0,,,0,0,,0,0,0,0,14.00
Abstract Method,"org.apache.commons.math3.random.RandomData.nextHexString",,,,,,,,,,,,,,14,1,0,1,0,1,0,0,0,,,,0,,,,,,,,,,,,,0,0,1,13,0,1,1,0,0,0,,,0,0,,0,0,0,0,13.00
Abstract Method,"org.apache.commons.math3.random.RandomData.nextInt",,,,,,,,,,,,,,17,1,0,1,0,1,0,0,0,,,,0,,,,,,,,,,,,,5,0,1,16,0,1,1,0,0,0,,,0,0,,0,0,0,0,16.00
Abstract Method,"org.apache.commons.math3.random.RandomData.nextLong",,,,,,,,,,,,,,17,1,0,1,0,1,0,0,0,,,,0,,,,,,,,,,,,,1,0,1,16,0,1,1,0,0,0,,,0,0,,0,0,0,0,16.00
Abstract Method,"org.apache.commons.math3.random.RandomData.nextPermutation",,,,,,,,,,,,,,18,1,0,1,0,1,0,0,0,,,,0,,,,,,,,,,,,,0,0,1,17,0,1,1,0,0,0,,,0,0,,0,0,0,0,17.00
Abstract Method,"org.apache.commons.math3.random.RandomData.nextPoisson",,,,,,,,,,,,,,14,1,0,1,0,1,0,0,0,,,,0,,,,,,,,,,,,,0,0,1,13,0,1,1,0,0,0,,,0,0,,0,0,0,0,13.00
Abstract Method,"org.apache.commons.math3.random.RandomData.nextSample",,,,,,,,,,,,,,20,1,0,1,0,1,0,0,0,,,,0,,,,,,,,,,,,,0,0,1,19,0,1,1,0,0,0,,,0,0,,0,0,0,0,19.00
Abstract Method,"org.apache.commons.math3.random.RandomData.nextSecureHexString",,,,,,,,,,,,,,14,1,0,1,0,1,0,0,0,,,,0,,,,,,,,,,,,,0,0,1,13,0,1,1,0,0,0,,,0,0,,0,0,0,0,13.00
Abstract Method,"org.apache.commons.math3.random.RandomData.nextSecureInt",,,,,,,,,,,,,,20,1,0,1,0,1,0,0,0,,,,0,,,,,,,,,,,,,0,0,1,19,0,1,1,0,0,0,,,0,0,,0,0,0,0,19.00
Abstract Method,"org.apache.commons.math3.random.RandomData.nextSecureLong",,,,,,,,,,,,,,21,1,0,1,0,1,0,0,0,,,,0,,,,,,,,,,,,,0,0,1,20,0,1,1,0,0,0,,,0,0,,0,0,0,0,20.00
Abstract Method,"org.apache.commons.math3.random.RandomData.nextUniform",,,,,,,,,,,,,,18,1,0,1,0,1,0,0,0,,,,0,,,,,,,,,,,,,3,0,1,17,0,1,1,0,0,0,,,0,0,,0,0,0,0,17.00
Abstract Method,"org.apache.commons.math3.random.RandomData.nextUniform",,,,,,,,,,,,,,23,1,0,1,0,1,0,0,0,,,,0,,,,,,,,,,,,,0,0,1,22,0,1,1,0,0,0,,,0,0,,0,0,0,0,22.00
Public Class,"org.apache.commons.math3.random.RandomDataImpl",2,1,1,10,22,,2,,38,38,0,5,33,1005,429,288,,,324,,,,16,12,1,,2,2,22,10,3,0,0,,,6,38,0,,101,133,477,,229,137,187,,,16,18,,4,96,99,104,58,99,1.11
Public Constructor,"org.apache.commons.math3.random.RandomDataImpl.RandomDataImpl",,,,,,,,,,,,,,10,2,0,1,0,1,1,1,0,,,,0,,,,,,,,,,,,,14,0,1,8,1,0,1,0,1,1,,,0,0,,1,1,1,1,4.00
Public Constructor,"org.apache.commons.math3.random.RandomDataImpl.RandomDataImpl",,,,,,,,,,,,,,12,4,2,2,0,3,1,1,0,,,,0,,,,,,,,,,,,,7,0,1,8,1,2,1,2,1,1,,,0,0,,1,1,1,1,2.00
Private Method,"org.apache.commons.math3.random.RandomDataImpl.getNatural",,,,,,,,,,,,,,14,7,4,1,0,7,2,2,0,,,,0,,,,,,,,,,,,,2,0,2,7,2,5,3,4,2,1,,,0,1,,2,2,1,2,1.00
Private Method,"org.apache.commons.math3.random.RandomDataImpl.getRan",,,,,,,,,,,,,,16,6,3,2,0,4,2,2,0,,,,0,,,,,,,,,,,,,8,0,1,10,2,2,1,3,2,1,,,0,1,,2,2,1,2,1.67
Private Method,"org.apache.commons.math3.random.RandomDataImpl.getSecRan",,,,,,,,,,,,,,16,7,4,5,0,5,2,2,0,,,,0,,,,,,,,,,,,,4,0,1,9,2,3,1,4,2,1,,,0,1,,2,2,1,2,1.29
Private Method,"org.apache.commons.math3.random.RandomDataImpl.initRan",,,,,,,,,,,,,,7,3,1,4,0,2,1,1,0,,,,0,,,,,,,,,,,,,3,0,1,4,1,1,1,1,1,1,,,0,0,,1,1,1,1,1.33
Public Method,"org.apache.commons.math3.random.RandomDataImpl.nextBeta",,,,,,,,,,,,,,13,3,1,3,0,2,1,1,0,,,,0,,,,,,,,,,,,,3,0,1,10,1,1,1,1,1,1,,,0,0,,1,1,1,1,3.33
Public Method,"org.apache.commons.math3.random.RandomDataImpl.nextBinomial",,,,,,,,,,,,,,13,3,1,3,0,2,1,1,0,,,,0,,,,,,,,,,,,,3,0,1,10,1,1,1,1,1,1,,,0,0,,1,1,1,1,3.33
Public Method,"org.apache.commons.math3.random.RandomDataImpl.nextCauchy",,,,,,,,,,,,,,13,3,1,3,0,2,1,1,0,,,,0,,,,,,,,,,,,,3,0,1,10,1,1,1,1,1,1,,,0,0,,1,1,1,1,3.33
Public Method,"org.apache.commons.math3.random.RandomDataImpl.nextChiSquare",,,,,,,,,,,,,,12,3,1,3,0,2,1,1,0,,,,0,,,,,,,,,,,,,2,0,1,9,1,1,1,1,1,1,,,0,0,,1,1,1,1,3.00
Public Method,"org.apache.commons.math3.random.RandomDataImpl.nextExponential",,,,,,,,,,,,,,54,26,20,3,1,20,6,6,1,,,,0,,,,,,,,,,,,,7,10,6,20,12,15,6,14,6,1,,,0,2,,6,6,1,6,0.77
Public Method,"org.apache.commons.math3.random.RandomDataImpl.nextF",,,,,,,,,,,,,,13,3,1,3,0,2,1,1,0,,,,0,,,,,,,,,,,,,3,0,1,10,1,1,1,1,1,1,,,0,0,,1,1,1,1,3.33
Public Method,"org.apache.commons.math3.random.RandomDataImpl.nextGamma",,,,,,,,,,,,,,86,44,33,8,1,31,10,10,14,,,,14,,,,,,,,,,,,,4,13,15,29,30,21,15,16,10,10,,,14,4,,10,10,10,10,0.66
Public Method,"org.apache.commons.math3.random.RandomDataImpl.nextGaussian",,,,,,,,,,,,,,8,6,3,4,0,4,2,2,0,,,,0,,,,,,,,,,,,,9,1,1,1,2,2,1,3,2,1,,,0,1,,2,2,1,2,0.17
Public Method,"org.apache.commons.math3.random.RandomDataImpl.nextHexString",,,,,,,,,,,,,,50,18,13,11,1,16,4,4,0,,,,0,,,,,,,,,,,,,4,6,6,26,6,12,7,9,4,1,,,0,2,,4,4,1,4,1.44
Public Method,"org.apache.commons.math3.random.RandomDataImpl.nextHypergeometric",,,,,,,,,,,,,,14,3,1,3,0,2,1,1,0,,,,0,,,,,,,,,,,,,4,0,1,11,1,1,1,1,1,1,,,0,0,,1,1,1,1,3.67
Public Method,"org.apache.commons.math3.random.RandomDataImpl.nextInt",,,,,,,,,,,,,,10,9,6,5,0,6,2,2,0,,,,0,,,,,,,,,,,,,7,0,3,1,2,4,3,3,2,1,,,0,1,,2,2,1,2,0.11
Public Method,"org.apache.commons.math3.random.RandomDataImpl.nextInversionDeviate",,,,,,,,,,,,,,12,3,1,3,0,2,1,1,0,,,,0,,,,,,,,,,,,,9,1,1,8,1,1,1,1,1,1,,,0,0,,1,1,1,1,2.67
Public Method,"org.apache.commons.math3.random.RandomDataImpl.nextInversionDeviate",,,,,,,,,,,,,,11,3,1,3,0,2,1,1,0,,,,0,,,,,,,,,,,,,6,0,1,8,1,1,1,1,1,1,,,0,0,,1,1,1,1,2.67
Public Method,"org.apache.commons.math3.random.RandomDataImpl.nextLong",,,,,,,,,,,,,,10,9,6,5,0,6,2,2,0,,,,0,,,,,,,,,,,,,6,0,3,1,2,4,3,3,2,1,,,0,1,,2,2,1,2,0.11
Public Method,"org.apache.commons.math3.random.RandomDataImpl.nextPascal",,,,,,,,,,,,,,13,3,1,3,0,2,1,1,0,,,,0,,,,,,,,,,,,,3,0,1,10,1,1,1,1,1,1,,,0,0,,1,1,1,1,3.33
Public Method,"org.apache.commons.math3.random.RandomDataImpl.nextPermutation",,,,,,,,,,,,,,28,17,12,5,1,13,4,4,0,,,,0,,,,,,,,,,,,,7,2,3,9,8,9,4,9,4,1,,,0,1,,4,4,1,4,0.53
Public Method,"org.apache.commons.math3.random.RandomDataImpl.nextPoisson",,,,,,,,,,,,,,103,87,73,13,2,70,16,18,22,,,,20,,,,,,,,,,,,,6,3,31,13,136,59,31,39,16,12,,,22,4,,16,18,12,16,0.15
Public Method,"org.apache.commons.math3.random.RandomDataImpl.nextSample",,,,,,,,,,,,,,32,17,12,6,1,14,4,4,0,,,,0,,,,,,,,,,,,,4,2,5,13,8,10,6,8,4,1,,,0,1,,4,4,1,4,0.76
Public Method,"org.apache.commons.math3.random.RandomDataImpl.nextSecureHexString",,,,,,,,,,,,,,64,30,23,15,1,27,6,6,1,,,,0,,,,,,,,,,,,,6,7,9,27,16,21,11,16,6,1,,,0,3,,6,6,1,6,0.90
Public Method,"org.apache.commons.math3.random.RandomDataImpl.nextSecureInt",,,,,,,,,,,,,,11,10,7,5,0,7,2,2,0,,,,0,,,,,,,,,,,,,5,0,4,1,2,5,4,3,2,1,,,0,1,,2,2,1,2,0.10
Public Method,"org.apache.commons.math3.random.RandomDataImpl.nextSecureLong",,,,,,,,,,,,,,12,10,7,5,0,7,2,2,0,,,,0,,,,,,,,,,,,,6,1,4,1,2,5,4,3,2,1,,,0,1,,2,2,1,2,0.10
Public Method,"org.apache.commons.math3.random.RandomDataImpl.nextT",,,,,,,,,,,,,,12,3,1,3,0,2,1,1,0,,,,0,,,,,,,,,,,,,2,0,1,9,1,1,1,1,1,1,,,0,0,,1,1,1,1,3.00
Public Method,"org.apache.commons.math3.random.RandomDataImpl.nextUniform",,,,,,,,,,,,,,17,3,1,2,0,2,1,1,0,,,,0,,,,,,,,,,,,,16,1,1,13,1,1,1,1,1,1,,,0,0,,1,1,1,1,4.33
Public Method,"org.apache.commons.math3.random.RandomDataImpl.nextUniform",,,,,,,,,,,,,,41,19,12,7,1,12,5,8,0,,,,0,,,,,,,,,,,,,8,6,4,16,16,7,3,9,5,1,,,0,1,,5,8,1,5,0.84
Public Method,"org.apache.commons.math3.random.RandomDataImpl.nextWeibull",,,,,,,,,,,,,,13,3,1,3,0,2,1,1,0,,,,0,,,,,,,,,,,,,3,0,1,10,1,1,1,1,1,1,,,0,0,,1,1,1,1,3.33
Public Method,"org.apache.commons.math3.random.RandomDataImpl.nextZipf",,,,,,,,,,,,,,13,3,1,3,0,2,1,1,0,,,,0,,,,,,,,,,,,,3,0,1,10,1,1,1,1,1,1,,,0,0,,1,1,1,1,3.33
Public Method,"org.apache.commons.math3.random.RandomDataImpl.reSeed",,,,,,,,,,,,,,15,6,3,2,0,4,2,2,0,,,,0,,,,,,,,,,,,,21,0,1,9,2,2,1,3,2,1,,,0,1,,2,2,1,2,1.50
Public Method,"org.apache.commons.math3.random.RandomDataImpl.reSeed",,,,,,,,,,,,,,10,6,3,4,0,4,2,2,0,,,,0,,,,,,,,,,,,,2,0,1,4,2,2,1,3,2,1,,,0,1,,2,2,1,2,0.67
Public Method,"org.apache.commons.math3.random.RandomDataImpl.reSeedSecure",,,,,,,,,,,,,,13,6,3,3,0,4,2,2,0,,,,0,,,,,,,,,,,,,2,0,1,7,2,2,1,3,2,1,,,0,1,,2,2,1,2,1.17
Public Method,"org.apache.commons.math3.random.RandomDataImpl.reSeedSecure",,,,,,,,,,,,,,15,6,3,2,0,4,2,2,0,,,,0,,,,,,,,,,,,,3,0,1,9,2,2,1,3,2,1,,,0,1,,2,2,1,2,1.50
Public Method,"org.apache.commons.math3.random.RandomDataImpl.setSecureAlgorithm",,,,,,,,,,,,,,24,4,1,2,0,2,1,1,0,,,,0,,,,,,,,,,,,,2,0,2,20,1,1,1,1,1,1,,,0,0,,1,1,1,1,5.00
Private Method,"org.apache.commons.math3.random.RandomDataImpl.shuffle",,,,,,,,,,,,,,22,13,9,2,0,11,3,3,1,,,,0,,,,,,,,,,,,,4,0,3,9,3,8,4,7,3,1,,,0,2,,3,3,1,3,0.69
Public Class,"org.apache.commons.math3.random.RandomDataTest",3,1,0,2,26,,0,,56,56,0,7,49,1186,937,637,,,821,,,,15,3,1,,3,3,18,15,1,1,0,,,6,56,0,,99,284,160,,630,310,511,,,15,15,,3,81,192,201,60,192,0.17
Public Constructor,"org.apache.commons.math3.random.RandomDataTest.RandomDataTest",,,,,,,,,,,,,,4,4,2,4,0,3,1,1,0,,,,0,,,,,,,,,,,,,1,0,1,0,1,2,1,2,1,1,,,0,0,,1,1,1,1,0.00
Private Method,"org.apache.commons.math3.random.RandomDataTest.checkNextIntUniform",,,,,,,,,,,,,,19,18,13,6,1,20,4,5,0,,,,0,,,,,,,,,,,,,7,1,6,0,8,16,9,11,4,1,,,0,1,,4,5,1,4,0.00
Private Method,"org.apache.commons.math3.random.RandomDataTest.checkNextLongUniform",,,,,,,,,,,,,,19,18,13,6,1,20,4,5,0,,,,0,,,,,,,,,,,,,7,1,6,0,8,16,9,11,4,1,,,0,1,,4,5,1,4,0.00
Public Method,"org.apache.commons.math3.random.RandomDataTest.checkNextPoissonConsistency",,,,,,,,,,,,,,128,91,77,19,3,89,15,15,0,,,,0,,,,,,,,,,,,,4,8,22,35,1728,76,28,61,15,1,,,0,2,,15,15,1,15,0.38
Private Method,"org.apache.commons.math3.random.RandomDataTest.checkNextSecureIntUniform",,,,,,,,,,,,,,19,18,13,6,1,20,4,5,0,,,,0,,,,,,,,,,,,,7,1,6,0,8,16,9,11,4,1,,,0,1,,4,5,1,4,0.00
Private Method,"org.apache.commons.math3.random.RandomDataTest.checkNextSecureLongUniform",,,,,,,,,,,,,,19,18,13,6,1,20,4,5,0,,,,0,,,,,,,,,,,,,7,1,6,0,8,16,9,11,4,1,,,0,1,,4,5,1,4,0.00
Private Method,"org.apache.commons.math3.random.RandomDataTest.checkNextUniformUniform",,,,,,,,,,,,,,33,28,21,6,1,30,6,8,0,,,,0,,,,,,,,,,,,,8,3,9,4,24,24,13,17,6,1,,,0,2,,6,8,1,6,0.14
Private Method,"org.apache.commons.math3.random.RandomDataTest.findPerm",,,,,,,,,,,,,,15,15,9,2,1,14,5,5,3,,,,3,,,,,,,,,,,,,4,0,2,0,7,9,4,10,5,3,,,3,3,,5,5,3,5,0.00
Private Method,"org.apache.commons.math3.random.RandomDataTest.findSample",,,,,,,,,,,,,,14,14,9,4,1,14,4,4,3,,,,3,,,,,,,,,,,,,4,0,3,0,5,10,5,9,4,3,,,3,2,,4,4,3,4,0.00
Public Method,"org.apache.commons.math3.random.RandomDataTest.testConfig",,,,,,,,,,,,,,48,29,27,13,0,25,1,1,0,,,,0,,,,,,,,,,,,,1,2,5,17,1,24,5,20,1,1,,,0,0,,1,1,1,1,0.59
Public Method,"org.apache.commons.math3.random.RandomDataTest.testNextBeta",,,,,,,,,,,,,,10,10,7,6,0,10,2,2,0,,,,0,,,,,,,,,,,,,2,0,4,0,2,8,5,5,2,1,,,0,1,,2,2,1,2,0.00
Public Method,"org.apache.commons.math3.random.RandomDataTest.testNextBinomial",,,,,,,,,,,,,,24,24,18,9,1,24,5,5,0,,,,0,,,,,,,,,,,,,1,0,11,0,8,19,13,11,5,1,,,0,3,,5,5,1,5,0.00
Public Method,"org.apache.commons.math3.random.RandomDataTest.testNextCauchy",,,,,,,,,,,,,,10,10,7,6,0,10,2,2,0,,,,0,,,,,,,,,,,,,2,0,4,0,2,8,5,5,2,1,,,0,1,,2,2,1,2,0.00
Public Method,"org.apache.commons.math3.random.RandomDataTest.testNextChiSquare",,,,,,,,,,,,,,10,10,7,6,0,10,2,2,0,,,,0,,,,,,,,,,,,,2,0,4,0,2,8,5,5,2,1,,,0,1,,2,2,1,2,0.00
Public Method,"org.apache.commons.math3.random.RandomDataTest.testNextExponential",,,,,,,,,,,,,,56,40,31,9,2,37,7,7,2,,,,0,,,,,,,,,,,,,3,3,7,13,48,30,10,27,7,1,,,0,2,,7,7,1,7,0.33
Public Method,"org.apache.commons.math3.random.RandomDataTest.testNextF",,,,,,,,,,,,,,10,10,7,6,0,10,2,2,0,,,,0,,,,,,,,,,,,,2,0,4,0,2,8,5,5,2,1,,,0,1,,2,2,1,2,0.00
Public Method,"org.apache.commons.math3.random.RandomDataTest.testNextGamma",,,,,,,,,,,,,,24,20,14,6,1,21,3,3,0,,,,0,,,,,,,,,,,,,2,2,5,2,4,18,7,14,3,1,,,0,1,,3,3,1,3,0.10
Public Method,"org.apache.commons.math3.random.RandomDataTest.testNextGaussian",,,,,,,,,,,,,,21,15,11,10,1,13,3,3,1,,,,0,,,,,,,,,,,,,2,0,5,6,4,10,6,7,3,1,,,0,1,,3,3,1,3,0.40
Public Method,"org.apache.commons.math3.random.RandomDataTest.testNextHex",,,,,,,,,,,,,,54,46,34,9,3,37,11,11,3,,,,0,,,,,,,,,,,,,4,0,5,8,640,26,8,29,11,1,,,0,2,,11,11,1,11,0.17
Public Method,"org.apache.commons.math3.random.RandomDataTest.testNextHypergeometric",,,,,,,,,,,,,,24,24,18,10,1,24,5,5,0,,,,0,,,,,,,,,,,,,1,0,11,0,8,19,13,11,5,1,,,0,3,,5,5,1,5,0.00
Public Method,"org.apache.commons.math3.random.RandomDataTest.testNextIntExtremeValues",,,,,,,,,,,,,,5,5,3,2,0,4,1,1,0,,,,0,,,,,,,,,,,,,3,0,3,0,1,3,3,1,1,1,,,0,0,,1,1,1,1,0.00
Public Method,"org.apache.commons.math3.random.RandomDataTest.testNextIntIAE",,,,,,,,,,,,,,8,7,4,2,0,4,2,2,1,,,,0,,,,,,,,,,,,,1,0,1,1,2,2,1,3,2,1,,,0,1,,2,2,1,2,0.14
Public Method,"org.apache.commons.math3.random.RandomDataTest.testNextIntNegativeRange",,,,,,,,,,,,,,6,6,3,1,0,6,2,2,0,,,,0,,,,,,,,,,,,,0,0,1,0,2,4,2,4,2,1,,,0,1,,2,2,1,2,0.00
Public Method,"org.apache.commons.math3.random.RandomDataTest.testNextIntNegativeToPositiveRange",,,,,,,,,,,,,,6,6,3,1,0,6,2,2,0,,,,0,,,,,,,,,,,,,0,0,1,0,2,4,2,4,2,1,,,0,1,,2,2,1,2,0.00
Public Method,"org.apache.commons.math3.random.RandomDataTest.testNextIntPositiveRange",,,,,,,,,,,,,,7,7,4,1,0,7,2,2,0,,,,0,,,,,,,,,,,,,0,0,1,0,2,5,2,5,2,1,,,0,1,,2,2,1,2,0.00
Public Method,"org.apache.commons.math3.random.RandomDataTest.testNextInversionDeviate",,,,,,,,,,,,,,20,13,9,6,1,14,3,3,0,,,,0,,,,,,,,,,,,,1,0,4,7,4,11,6,8,3,1,,,0,1,,3,3,1,3,0.54
Public Method,"org.apache.commons.math3.random.RandomDataTest.testNextLongExtremeValues",,,,,,,,,,,,,,5,5,3,2,0,4,1,1,0,,,,0,,,,,,,,,,,,,1,0,3,0,1,3,3,1,1,1,,,0,0,,1,1,1,1,0.00
Public Method,"org.apache.commons.math3.random.RandomDataTest.testNextLongIAE",,,,,,,,,,,,,,8,7,4,2,0,4,2,2,1,,,,0,,,,,,,,,,,,,1,0,1,1,2,2,1,3,2,1,,,0,1,,2,2,1,2,0.14
Public Method,"org.apache.commons.math3.random.RandomDataTest.testNextLongNegativeRange",,,,,,,,,,,,,,6,6,3,1,0,6,2,2,0,,,,0,,,,,,,,,,,,,0,0,1,0,2,4,2,4,2,1,,,0,1,,2,2,1,2,0.00
Public Method,"org.apache.commons.math3.random.RandomDataTest.testNextLongNegativeToPositiveRange",,,,,,,,,,,,,,6,6,3,1,0,6,2,2,0,,,,0,,,,,,,,,,,,,0,0,1,0,2,4,2,4,2,1,,,0,1,,2,2,1,2,0.00
Public Method,"org.apache.commons.math3.random.RandomDataTest.testNextLongPositiveRange",,,,,,,,,,,,,,6,6,3,1,0,6,2,2,0,,,,0,,,,,,,,,,,,,0,0,1,0,2,4,2,4,2,1,,,0,1,,2,2,1,2,0.00
Public Method,"org.apache.commons.math3.random.RandomDataTest.testNextPascal",,,,,,,,,,,,,,23,23,17,9,1,24,5,5,0,,,,0,,,,,,,,,,,,,1,0,10,0,8,19,13,11,5,1,,,0,3,,5,5,1,5,0.00
Public Method,"org.apache.commons.math3.random.RandomDataTest.testNextPermutation",,,,,,,,,,,,,,50,31,24,5,1,22,6,7,3,,,,0,,,,,,,,,,,,,3,7,7,12,18,16,7,15,6,1,,,0,2,,6,7,1,6,0.39
Public Method,"org.apache.commons.math3.random.RandomDataTest.testNextPoisson",,,,,,,,,,,,,,37,27,21,9,1,19,5,5,3,,,,0,,,,,,,,,,,,,2,1,7,9,16,14,6,13,5,1,,,0,1,,5,5,1,5,0.33
Public Method,"org.apache.commons.math3.random.RandomDataTest.testNextPoissonConsistency",,,,,,,,,,,,,,16,11,6,2,1,13,4,4,0,,,,0,,,,,,,,,,,,,1,1,1,4,8,9,4,9,4,1,,,0,1,,4,4,1,4,0.36
Public Method,"org.apache.commons.math3.random.RandomDataTest.testNextSample",,,,,,,,,,,,,,59,42,34,8,2,36,7,8,2,,,,0,,,,,,,,,,,,,3,7,13,12,64,29,14,22,7,1,,,0,1,,7,8,1,7,0.29
Public Method,"org.apache.commons.math3.random.RandomDataTest.testNextSecureHex",,,,,,,,,,,,,,54,46,34,9,3,37,11,11,3,,,,0,,,,,,,,,,,,,4,0,5,8,640,26,8,29,11,1,,,0,2,,11,11,1,11,0.17
Public Method,"org.apache.commons.math3.random.RandomDataTest.testNextSecureIntIAE",,,,,,,,,,,,,,8,7,4,2,0,4,2,2,1,,,,0,,,,,,,,,,,,,1,0,1,1,2,2,1,3,2,1,,,0,1,,2,2,1,2,0.14
Public Method,"org.apache.commons.math3.random.RandomDataTest.testNextSecureIntNegativeRange",,,,,,,,,,,,,,6,6,3,1,0,6,2,2,0,,,,0,,,,,,,,,,,,,0,0,1,0,2,4,2,4,2,1,,,0,1,,2,2,1,2,0.00
Public Method,"org.apache.commons.math3.random.RandomDataTest.testNextSecureIntNegativeToPositiveRange",,,,,,,,,,,,,,6,6,3,1,0,6,2,2,0,,,,0,,,,,,,,,,,,,0,0,1,0,2,4,2,4,2,1,,,0,1,,2,2,1,2,0.00
Public Method,"org.apache.commons.math3.random.RandomDataTest.testNextSecureIntPositiveRange",,,,,,,,,,,,,,6,6,3,1,0,6,2,2,0,,,,0,,,,,,,,,,,,,0,0,1,0,2,4,2,4,2,1,,,0,1,,2,2,1,2,0.00
Public Method,"org.apache.commons.math3.random.RandomDataTest.testNextSecureLongIAE",,,,,,,,,,,,,,8,7,4,2,0,4,2,2,1,,,,0,,,,,,,,,,,,,1,0,1,1,2,2,1,3,2,1,,,0,1,,2,2,1,2,0.14
Public Method,"org.apache.commons.math3.random.RandomDataTest.testNextSecureLongNegativeRange",,,,,,,,,,,,,,6,6,3,1,0,6,2,2,0,,,,0,,,,,,,,,,,,,0,0,1,0,2,4,2,4,2,1,,,0,1,,2,2,1,2,0.00
Public Method,"org.apache.commons.math3.random.RandomDataTest.testNextSecureLongNegativeToPositiveRange",,,,,,,,,,,,,,6,6,3,1,0,6,2,2,0,,,,0,,,,,,,,,,,,,0,0,1,0,2,4,2,4,2,1,,,0,1,,2,2,1,2,0.00
Public Method,"org.apache.commons.math3.random.RandomDataTest.testNextSecureLongPositiveRange",,,,,,,,,,,,,,6,6,3,1,0,6,2,2,0,,,,0,,,,,,,,,,,,,0,0,1,0,2,4,2,4,2,1,,,0,1,,2,2,1,2,0.00
Public Method,"org.apache.commons.math3.random.RandomDataTest.testNextT",,,,,,,,,,,,,,10,10,7,6,0,10,2,2,0,,,,0,,,,,,,,,,,,,2,0,4,0,2,8,5,5,2,1,,,0,1,,2,2,1,2,0.00
Public Method,"org.apache.commons.math3.random.RandomDataTest.testNextUniformExclusiveEndpoints",,,,,,,,,,,,,,7,6,3,2,0,6,2,3,0,,,,0,,,,,,,,,,,,,1,0,2,1,2,4,3,3,2,1,,,0,1,,2,3,1,2,0.17
Public Method,"org.apache.commons.math3.random.RandomDataTest.testNextUniformExtremeValues",,,,,,,,,,,,,,9,9,7,4,0,8,1,1,0,,,,0,,,,,,,,,,,,,1,0,3,0,1,7,3,5,1,1,,,0,0,,1,1,1,1,0.00
Public Method,"org.apache.commons.math3.random.RandomDataTest.testNextUniformIAE",,,,,,,,,,,,,,32,27,20,3,2,16,6,6,5,,,,0,,,,,,,,,,,,,1,0,1,5,32,10,1,15,6,1,,,0,1,,6,6,1,6,0.19
Public Method,"org.apache.commons.math3.random.RandomDataTest.testNextUniformUniformMaximalInterval",,,,,,,,,,,,,,5,5,2,1,0,5,2,2,0,,,,0,,,,,,,,,,,,,0,0,1,0,2,3,2,3,2,1,,,0,1,,2,2,1,2,0.00
Public Method,"org.apache.commons.math3.random.RandomDataTest.testNextUniformUniformNegaiveBounds",,,,,,,,,,,,,,5,5,2,1,0,5,2,2,0,,,,0,,,,,,,,,,,,,0,0,1,0,2,3,2,3,2,1,,,0,1,,2,2,1,2,0.00
Public Method,"org.apache.commons.math3.random.RandomDataTest.testNextUniformUniformNegativeToPositiveBounds",,,,,,,,,,,,,,5,5,2,1,0,5,2,2,0,,,,0,,,,,,,,,,,,,0,0,1,0,2,3,2,3,2,1,,,0,1,,2,2,1,2,0.00
Public Method,"org.apache.commons.math3.random.RandomDataTest.testNextUniformUniformPositiveBounds",,,,,,,,,,,,,,5,5,2,1,0,5,2,2,0,,,,0,,,,,,,,,,,,,0,0,1,0,2,3,2,3,2,1,,,0,1,,2,2,1,2,0.00
Public Method,"org.apache.commons.math3.random.RandomDataTest.testNextWeibull",,,,,,,,,,,,,,10,10,7,6,0,10,2,2,0,,,,0,,,,,,,,,,,,,2,0,4,0,2,8,5,5,2,1,,,0,1,,2,2,1,2,0.00
Public Method,"org.apache.commons.math3.random.RandomDataTest.testNextZipf",,,,,,,,,,,,,,23,23,17,9,1,24,5,5,0,,,,0,,,,,,,,,,,,,1,0,10,0,8,19,13,11,5,1,,,0,3,,5,5,1,5,0.00
Public Method,"org.apache.commons.math3.random.RandomDataTest.testReseed",,,,,,,,,,,,,,11,8,6,4,0,7,1,1,0,,,,0,,,,,,,,,,,,,0,0,4,3,1,6,4,3,1,1,,,0,0,,1,1,1,1,0.38
Public Interface,"org.apache.commons.math3.random.RandomGenerator",0,0,0,0,0,,0,,11,11,11,0,0,122,13,0,,,12,,,,0,0,0,,0,0,0,0,0,5,0,,,0,11,0,,11,12,98,,11,12,0,,,0,0,,0,0,0,0,0,0,7.54
Abstract Method,"org.apache.commons.math3.random.RandomGenerator.nextBoolean",,,,,,,,,,,,,,10,1,0,1,0,1,0,0,0,,,,0,,,,,,,,,,,,,4,0,1,9,0,1,1,0,0,0,,,0,0,,0,0,0,0,9.00
Abstract Method,"org.apache.commons.math3.random.RandomGenerator.nextBytes",,,,,,,,,,,,,,9,1,0,0,0,1,0,0,0,,,,0,,,,,,,,,,,,,3,0,1,8,0,1,1,0,0,0,,,0,0,,0,0,0,0,8.00
Abstract Method,"org.apache.commons.math3.random.RandomGenerator.nextDouble",,,,,,,,,,,,,,10,1,0,1,0,1,0,0,0,,,,0,,,,,,,,,,,,,34,0,1,9,0,1,1,0,0,0,,,0,0,,0,0,0,0,9.00
Abstract Method,"org.apache.commons.math3.random.RandomGenerator.nextFloat",,,,,,,,,,,,,,10,1,0,1,0,1,0,0,0,,,,0,,,,,,,,,,,,,4,0,1,9,0,1,1,0,0,0,,,0,0,,0,0,0,0,9.00
Abstract Method,"org.apache.commons.math3.random.RandomGenerator.nextGaussian",,,,,,,,,,,,,,11,1,0,1,0,1,0,0,0,,,,0,,,,,,,,,,,,,10,0,1,10,0,1,1,0,0,0,,,0,0,,0,0,0,0,10.00
Abstract Method,"org.apache.commons.math3.random.RandomGenerator.nextInt",,,,,,,,,,,,,,12,1,0,1,0,1,0,0,0,,,,0,,,,,,,,,,,,,10,0,1,11,0,1,1,0,0,0,,,0,0,,0,0,0,0,11.00
Abstract Method,"org.apache.commons.math3.random.RandomGenerator.nextInt",,,,,,,,,,,,,,10,1,0,1,0,1,0,0,0,,,,0,,,,,,,,,,,,,4,0,1,9,0,1,1,0,0,0,,,0,0,,0,0,0,0,9.00
Abstract Method,"org.apache.commons.math3.random.RandomGenerator.nextLong",,,,,,,,,,,,,,10,1,0,1,0,1,0,0,0,,,,0,,,,,,,,,,,,,4,0,1,9,0,1,1,0,0,0,,,0,0,,0,0,0,0,9.00
Abstract Method,"org.apache.commons.math3.random.RandomGenerator.setSeed",,,,,,,,,,,,,,9,1,0,0,0,1,0,0,0,,,,0,,,,,,,,,,,,,21,0,1,8,0,1,1,0,0,0,,,0,0,,0,0,0,0,8.00
Abstract Method,"org.apache.commons.math3.random.RandomGenerator.setSeed",,,,,,,,,,,,,,9,1,0,0,0,1,0,0,0,,,,0,,,,,,,,,,,,,7,0,1,8,0,1,1,0,0,0,,,0,0,,0,0,0,0,8.00
Abstract Method,"org.apache.commons.math3.random.RandomGenerator.setSeed",,,,,,,,,,,,,,9,1,0,0,0,1,0,0,0,,,,0,,,,,,,,,,,,,1,0,1,8,0,1,1,0,0,0,,,0,0,,0,0,0,0,8.00
Public Abstract Class,"org.apache.commons.math3.random.RandomGeneratorAbstractTest",3,1,0,1,8,,0,,26,82,0,1,24,398,318,202,,,276,,,,17,6,2,,3,3,13,11,1,10,0,,,1,26,1,,28,95,54,,199,106,170,,,17,17,,5,43,80,81,30,80,0.17
Public Constructor,"org.apache.commons.math3.random.RandomGeneratorAbstractTest.RandomGeneratorAbstractTest",,,,,,,,,,,,,,7,4,2,5,0,3,1,1,0,,,,0,,,,,,,,,,,,,3,0,1,3,1,2,1,2,1,1,,,0,0,,1,1,1,1,0.75
Private Method,"org.apache.commons.math3.random.RandomGeneratorAbstractTest.checkSameSequence",,,,,,,,,,,,,,53,53,37,9,4,66,17,17,0,,,,0,,,,,,,,,,,,,3,0,3,1,16384,51,17,49,17,1,,,0,1,,17,17,1,17,0.02
Protected Abstract Method,"org.apache.commons.math3.random.RandomGeneratorAbstractTest.makeGenerator",,,,,,,,,,,,,,5,1,0,1,0,1,0,0,0,,,,0,,,,,,,,,,,,,3,0,1,4,0,1,1,0,0,0,,,0,0,,0,0,0,0,4.00
Public Method,"org.apache.commons.math3.random.RandomGeneratorAbstractTest.setUp",,,,,,,,,,,,,,6,3,1,2,0,2,1,1,0,,,,0,,,,,,,,,,,,,0,0,1,3,1,1,1,1,1,1,,,0,0,,1,1,1,1,1.00
Public Method,"org.apache.commons.math3.random.RandomGeneratorAbstractTest.testDoubleDirect",,,,,,,,,,,,,,11,11,8,7,0,9,2,2,0,,,,0,,,,,,,,,,,,,1,0,3,0,2,7,4,5,2,1,,,0,1,,2,2,1,2,0.00
Public Method,"org.apache.commons.math3.random.RandomGeneratorAbstractTest.testFloatDirect",,,,,,,,,,,,,,11,11,8,7,0,9,2,2,0,,,,0,,,,,,,,,,,,,1,0,3,0,2,7,4,5,2,1,,,0,1,,2,2,1,2,0.00
Public Method,"org.apache.commons.math3.random.RandomGeneratorAbstractTest.testNexBoolean2",,,,,,,,,,,,,,14,14,10,4,0,10,3,3,1,,,,0,,,,,,,,,,,,,1,0,3,0,3,7,4,6,3,1,,,0,2,,3,3,1,3,0.00
Public Method,"org.apache.commons.math3.random.RandomGeneratorAbstractTest.testNexBytes",,,,,,,,,,,,,,20,16,11,2,1,17,4,4,0,,,,0,,,,,,,,,,,,,1,4,5,0,6,12,8,9,4,1,,,0,2,,4,4,1,4,0.00
Public Method,"org.apache.commons.math3.random.RandomGeneratorAbstractTest.testNextBooleanDirect",,,,,,,,,,,,,,17,14,10,3,0,11,3,3,1,,,,0,,,,,,,,,,,,,3,0,4,3,3,8,5,6,3,1,,,0,2,,3,3,1,3,0.21
Public Method,"org.apache.commons.math3.random.RandomGeneratorAbstractTest.testNextFloatDirect",,,,,,,,,,,,,,28,24,19,6,1,22,6,6,3,,,,0,,,,,,,,,,,,,4,1,5,3,10,16,7,15,6,1,,,0,2,,6,6,1,6,0.12
Public Method,"org.apache.commons.math3.random.RandomGeneratorAbstractTest.testNextInt2",,,,,,,,,,,,,,14,14,10,4,0,10,3,3,1,,,,0,,,,,,,,,,,,,1,0,3,0,3,7,4,6,3,1,,,0,2,,3,3,1,3,0.00
Public Method,"org.apache.commons.math3.random.RandomGeneratorAbstractTest.testNextIntDirect",,,,,,,,,,,,,,71,55,40,6,2,54,15,16,3,,,,2,,,,,,,,,,,,,4,1,12,15,290,41,20,34,15,6,,,3,5,,15,16,6,15,0.27
Public Method,"org.apache.commons.math3.random.RandomGeneratorAbstractTest.testNextIntIAE",,,,,,,,,,,,,,9,8,5,2,0,5,2,2,1,,,,0,,,,,,,,,,,,,1,0,1,1,2,3,1,4,2,1,,,0,1,,2,2,1,2,0.12
Public Method,"org.apache.commons.math3.random.RandomGeneratorAbstractTest.testNextIntNeg",,,,,,,,,,,,,,3,3,1,1,0,2,1,1,0,,,,0,,,,,,,,,,,,,1,0,1,0,1,1,1,1,1,1,,,0,0,,1,1,1,1,0.00
Public Method,"org.apache.commons.math3.random.RandomGeneratorAbstractTest.testNextLong2",,,,,,,,,,,,,,14,14,10,4,0,10,3,3,1,,,,0,,,,,,,,,,,,,1,0,3,0,3,7,4,6,3,1,,,0,2,,3,3,1,3,0.00
Public Method,"org.apache.commons.math3.random.RandomGeneratorAbstractTest.testNextLongDirect",,,,,,,,,,,,,,33,28,23,6,1,26,7,7,3,,,,0,,,,,,,,,,,,,4,2,8,3,10,20,10,16,7,1,,,0,2,,7,7,1,7,0.11
Public Method,"org.apache.commons.math3.random.RandomGeneratorAbstractTest.testNextSecureHex",,,,,,,,,,,,,,1,1,0,0,0,1,1,1,0,,,,0,,,,,,,,,,,,,0,0,1,0,1,0,1,0,1,1,,,0,0,,1,1,1,1,0.00
Public Method,"org.apache.commons.math3.random.RandomGeneratorAbstractTest.testNextSecureIntIAE",,,,,,,,,,,,,,1,1,0,0,0,1,1,1,0,,,,0,,,,,,,,,,,,,0,0,1,0,1,0,1,0,1,1,,,0,0,,1,1,1,1,0.00
Public Method,"org.apache.commons.math3.random.RandomGeneratorAbstractTest.testNextSecureIntNegativeRange",,,,,,,,,,,,,,1,1,0,0,0,1,1,1,0,,,,0,,,,,,,,,,,,,0,0,1,0,1,0,1,0,1,1,,,0,0,,1,1,1,1,0.00
Public Method,"org.apache.commons.math3.random.RandomGeneratorAbstractTest.testNextSecureIntNegativeToPositiveRange",,,,,,,,,,,,,,1,1,0,0,0,1,1,1,0,,,,0,,,,,,,,,,,,,0,0,1,0,1,0,1,0,1,1,,,0,0,,1,1,1,1,0.00
Public Method,"org.apache.commons.math3.random.RandomGeneratorAbstractTest.testNextSecureIntPositiveRange",,,,,,,,,,,,,,1,1,0,0,0,1,1,1,0,,,,0,,,,,,,,,,,,,0,0,1,0,1,0,1,0,1,1,,,0,0,,1,1,1,1,0.00
Public Method,"org.apache.commons.math3.random.RandomGeneratorAbstractTest.testNextSecureLongIAE",,,,,,,,,,,,,,1,1,0,0,0,1,1,1,0,,,,0,,,,,,,,,,,,,0,0,1,0,1,0,1,0,1,1,,,0,0,,1,1,1,1,0.00
Public Method,"org.apache.commons.math3.random.RandomGeneratorAbstractTest.testNextSecureLongNegativeRange",,,,,,,,,,,,,,1,1,0,0,0,1,1,1,0,,,,0,,,,,,,,,,,,,0,0,1,0,1,0,1,0,1,1,,,0,0,,1,1,1,1,0.00
Public Method,"org.apache.commons.math3.random.RandomGeneratorAbstractTest.testNextSecureLongNegativeToPositiveRange",,,,,,,,,,,,,,1,1,0,0,0,1,1,1,0,,,,0,,,,,,,,,,,,,0,0,1,0,1,0,1,0,1,1,,,0,0,,1,1,1,1,0.00
Public Method,"org.apache.commons.math3.random.RandomGeneratorAbstractTest.testNextSecureLongPositiveRange",,,,,,,,,,,,,,1,1,0,0,0,1,1,1,0,,,,0,,,,,,,,,,,,,0,0,1,0,1,0,1,0,1,1,,,0,0,,1,1,1,1,0.00
Public Method,"org.apache.commons.math3.random.RandomGeneratorAbstractTest.testSeeding",,,,,,,,,,,,,,12,9,7,3,0,8,1,1,0,,,,0,,,,,,,,,,,,,0,0,3,3,1,7,3,5,1,1,,,0,0,,1,1,1,1,0.33
Public Interface,"org.apache.commons.math3.random.RandomVectorGenerator",0,0,0,0,0,,0,,1,1,1,0,0,8,3,0,,,2,,,,0,0,0,,0,0,0,0,0,3,0,,,0,1,0,,2,2,3,,1,2,0,,,0,0,,0,0,0,0,0,0,1.00
Abstract Method,"org.apache.commons.math3.random.RandomVectorGenerator.nextVector",,,,,,,,,,,,,,4,1,0,1,0,1,0,0,0,,,,0,,,,,,,,,,,,,2,0,1,3,0,1,1,0,0,0,,,0,0,,0,0,0,0,3.00
Public Class,"org.apache.commons.math3.random.StableRandomGenerator",5,1,3,9,5,,0,,2,2,0,0,2,108,63,42,,,38,,,,6,1,1,,5,7,41,28,2,0,0,,,4,2,0,,11,15,34,,26,14,24,,,6,8,,3,0,11,14,2,11,0.54
Public Constructor,"org.apache.commons.math3.random.StableRandomGenerator.StableRandomGenerator",,,,,,,,,,,,,,32,22,15,8,1,13,5,8,1,,,,0,,,,,,,,,,,,,13,3,2,7,16,8,1,12,5,1,,,0,1,,5,8,1,5,0.32
Public Method,"org.apache.commons.math3.random.StableRandomGenerator.nextNormalizedDouble",,,,,,,,,,,,,,50,35,27,9,1,20,6,6,4,,,,0,,,,,,,,,,,,,8,3,8,12,6,14,8,12,6,1,,,0,3,,6,6,1,6,0.34
Public Class,"org.apache.commons.math3.random.StableRandomGeneratorTest",2,1,0,2,7,,1,,7,7,0,0,7,107,74,45,,,50,,,,2,1,1,,2,2,11,9,1,0,0,,,1,7,0,,11,26,22,,35,21,29,,,2,2,,1,28,14,14,7,14,0.30
Public Method,"org.apache.commons.math3.random.StableRandomGeneratorTest.testAlphaRangeAboveTwo",,,,,,,,,,,,,,9,9,6,4,0,5,2,2,1,,,,0,,,,,,,,,,,,,2,0,1,0,2,3,1,4,2,1,,,0,1,,2,2,1,2,0.00
Public Method,"org.apache.commons.math3.random.StableRandomGeneratorTest.testAlphaRangeBelowZero",,,,,,,,,,,,,,12,9,6,4,0,5,2,2,1,,,,0,,,,,,,,,,,,,2,0,1,3,2,3,1,4,2,1,,,0,1,,2,2,1,2,0.33
Public Method,"org.apache.commons.math3.random.StableRandomGeneratorTest.testBetaRangeAboveOne",,,,,,,,,,,,,,9,9,6,4,0,5,2,2,1,,,,0,,,,,,,,,,,,,2,0,1,0,2,3,1,4,2,1,,,0,1,,2,2,1,2,0.00
Public Method,"org.apache.commons.math3.random.StableRandomGeneratorTest.testBetaRangeBelowMinusOne",,,,,,,,,,,,,,9,9,6,4,0,5,2,2,1,,,,0,,,,,,,,,,,,,2,0,1,0,2,3,1,4,2,1,,,0,1,,2,2,1,2,0.00
Public Method,"org.apache.commons.math3.random.StableRandomGeneratorTest.testCauchyCase",,,,,,,,,,,,,,16,10,7,6,0,10,2,2,0,,,,0,,,,,,,,,,,,,2,2,5,4,2,8,6,4,2,1,,,0,1,,2,2,1,2,0.40
Public Method,"org.apache.commons.math3.random.StableRandomGeneratorTest.testGaussianCase",,,,,,,,,,,,,,13,9,6,5,0,9,2,2,0,,,,0,,,,,,,,,,,,,3,1,3,3,2,7,4,5,2,1,,,0,1,,2,2,1,2,0.33
Public Method,"org.apache.commons.math3.random.StableRandomGeneratorTest.testNextDouble",,,,,,,,,,,,,,15,9,6,4,0,8,2,2,0,,,,0,,,,,,,,,,,,,3,0,4,6,2,6,4,4,2,1,,,0,1,,2,2,1,2,0.67
Public Class,"org.apache.commons.math3.random.TestRandomGenerator",1,1,0,0,0,,0,,2,15,0,0,2,23,12,4,,,7,,,,1,1,2,,1,1,3,3,1,0,0,,,1,2,0,,4,6,7,,4,4,3,,,1,1,,0,0,2,2,2,2,0.58
Public Method,"org.apache.commons.math3.random.TestRandomGenerator.nextDouble",,,,,,,,,,,,,,3,3,1,2,0,2,1,1,0,,,,0,,,,,,,,,,,,,1,0,1,0,1,1,1,1,1,1,,,0,0,,1,1,1,1,0.00
Public Method,"org.apache.commons.math3.random.TestRandomGenerator.setSeed",,,,,,,,,,,,,,4,4,2,2,0,3,1,1,0,,,,0,,,,,,,,,,,,,2,0,1,0,1,2,1,2,1,1,,,0,0,,1,1,1,1,0.00
Public Class,"org.apache.commons.math3.random.UncorrelatedRandomVectorGenerator",1,1,1,6,2,,0,,3,3,0,0,3,69,30,13,,,22,,,,2,1,1,,1,1,15,8,2,0,0,,,3,3,0,,10,12,29,,16,9,13,,,2,2,,1,0,5,5,3,5,0.97
Public Constructor,"org.apache.commons.math3.random.UncorrelatedRandomVectorGenerator.UncorrelatedRandomVectorGenerator",,,,,,,,,,,,,,14,7,4,5,0,5,1,1,0,,,,0,,,,,,,,,,,,,6,0,2,7,1,4,1,4,1,1,,,0,0,,1,1,1,1,1.00
Public Constructor,"org.apache.commons.math3.random.UncorrelatedRandomVectorGenerator.UncorrelatedRandomVectorGenerator",,,,,,,,,,,,,,18,10,5,6,0,6,2,2,0,,,,0,,,,,,,,,,,,,6,0,3,8,2,4,1,5,2,1,,,0,1,,2,2,1,2,0.80
Public Method,"org.apache.commons.math3.random.UncorrelatedRandomVectorGenerator.nextVector",,,,,,,,,,,,,,13,7,4,2,0,7,2,2,0,,,,0,,,,,,,,,,,,,5,3,2,3,2,5,3,4,2,1,,,0,1,,2,2,1,2,0.43
Public Class,"org.apache.commons.math3.random.UncorrelatedRandomVectorGeneratorTest",2,1,1,0,7,,0,,2,2,0,0,2,40,36,22,,,33,,,,4,1,1,,2,2,16,15,1,0,0,,,3,2,0,,4,14,0,,27,16,17,,,4,4,,2,0,5,5,2,5,0.00
Public Constructor,"org.apache.commons.math3.random.UncorrelatedRandomVectorGeneratorTest.UncorrelatedRandomVectorGeneratorTest",,,,,,,,,,,,,,9,9,7,7,0,6,1,1,0,,,,0,,,,,,,,,,,,,2,0,2,0,1,5,2,4,1,1,,,0,0,,1,1,1,1,0.00
Public Method,"org.apache.commons.math3.random.UncorrelatedRandomVectorGeneratorTest.testMeanAndCorrelation",,,,,,,,,,,,,,23,21,15,9,1,23,4,4,0,,,,0,,,,,,,,,,,,,4,2,7,0,6,19,10,13,4,1,,,0,2,,4,4,1,4,0.00
Public Class,"org.apache.commons.math3.random.UniformRandomGenerator",1,1,0,4,2,,1,,2,2,0,0,2,36,10,3,,,7,,,,1,1,1,,1,1,7,3,2,0,0,,,1,2,0,,5,5,21,,4,5,2,,,1,1,,0,25,2,2,2,2,2.10
Public Constructor,"org.apache.commons.math3.random.UniformRandomGenerator.UniformRandomGenerator",,,,,,,,,,,,,,6,3,1,2,0,2,1,1,0,,,,0,,,,,,,,,,,,,2,0,1,3,1,1,1,1,1,1,,,0,0,,1,1,1,1,1.00
Public Method,"org.apache.commons.math3.random.UniformRandomGenerator.nextNormalizedDouble",,,,,,,,,,,,,,8,3,1,2,0,2,1,1,0,,,,0,,,,,,,,,,,,,3,0,1,5,1,1,1,1,1,1,,,0,0,,1,1,1,1,1.67
Public Class,"org.apache.commons.math3.random.UniformRandomGeneratorTest",2,1,0,0,4,,0,,1,1,0,0,1,16,14,8,,,12,,,,2,1,1,,2,2,11,11,1,0,0,,,0,1,0,,2,6,0,,9,6,6,,,2,2,,1,0,2,2,1,2,0.00
Public Method,"org.apache.commons.math3.random.UniformRandomGeneratorTest.testMeanAndStandardDeviation",,,,,,,,,,,,,,11,11,8,6,0,11,2,2,0,,,,0,,,,,,,,,,,,,1,0,4,0,2,9,5,6,2,1,,,0,1,,2,2,1,2,0.00
Public Class,"org.apache.commons.math3.random.UnitSphereRandomVectorGenerator",2,1,1,3,3,,0,,3,3,0,0,3,61,30,15,,,25,,,,4,1,1,,2,2,13,8,2,0,0,,,2,3,0,,8,12,23,,19,12,13,,,4,4,,2,33,6,6,3,6,0.77
Public Constructor,"org.apache.commons.math3.random.UnitSphereRandomVectorGenerator.UnitSphereRandomVectorGenerator",,,,,,,,,,,,,,9,5,2,3,0,3,1,1,0,,,,0,,,,,,,,,,,,,3,0,2,4,1,2,1,2,1,1,,,0,0,,1,1,1,1,0.80
Public Constructor,"org.apache.commons.math3.random.UnitSphereRandomVectorGenerator.UnitSphereRandomVectorGenerator",,,,,,,,,,,,,,9,3,1,3,0,2,1,1,0,,,,0,,,,,,,,,,,,,2,0,1,6,1,1,1,1,1,1,,,0,0,,1,1,1,1,2.00
Public Method,"org.apache.commons.math3.random.UnitSphereRandomVectorGenerator.nextVector",,,,,,,,,,,,,,23,17,12,3,1,17,4,4,0,,,,0,,,,,,,,,,,,,3,5,5,1,4,14,7,10,4,1,,,0,2,,4,4,1,4,0.06
Public Class,"org.apache.commons.math3.random.ValueServer",1,1,0,7,5,,6,,25,25,0,5,20,396,139,75,,,98,,,,4,1,1,,1,1,12,4,1,0,0,,,7,25,0,,41,42,216,,62,43,55,,,7,7,,2,88,40,41,25,35,1.55
Public Constructor,"org.apache.commons.math3.random.ValueServer.ValueServer",,,,,,,,,,,,,,4,3,1,3,0,2,1,1,0,,,,0,,,,,,,,,,,,,1,0,1,1,1,1,1,1,1,1,,,0,0,,1,1,1,1,0.33
Public Constructor,"org.apache.commons.math3.random.ValueServer.ValueServer",,,,,,,,,,,,,,10,3,1,2,0,2,1,1,0,,,,0,,,,,,,,,,,,,1,0,1,7,1,1,1,1,1,1,,,0,0,,1,1,1,1,2.33
Public Method,"org.apache.commons.math3.random.ValueServer.closeReplayFile",,,,,,,,,,,,,,11,6,3,2,0,4,2,2,0,,,,0,,,,,,,,,,,,,3,0,1,5,2,2,1,3,2,1,,,0,1,,2,2,1,2,0.83
Public Method,"org.apache.commons.math3.random.ValueServer.computeDistribution",,,,,,,,,,,,,,15,3,1,1,0,2,1,1,0,,,,0,,,,,,,,,,,,,4,0,1,12,1,1,1,1,1,1,,,0,0,,1,1,1,1,4.00
Public Method,"org.apache.commons.math3.random.ValueServer.computeDistribution",,,,,,,,,,,,,,21,7,4,8,0,5,1,1,0,,,,0,,,,,,,,,,,,,6,0,2,14,1,4,1,4,1,1,,,0,0,,1,1,1,1,2.00
Public Method,"org.apache.commons.math3.random.ValueServer.fill",,,,,,,,,,,,,,11,5,2,2,0,5,2,2,0,,,,0,,,,,,,,,,,,,3,0,1,6,2,3,2,3,2,1,,,0,1,,2,2,1,2,1.20
Public Method,"org.apache.commons.math3.random.ValueServer.fill",,,,,,,,,,,,,,15,7,4,2,0,7,2,2,0,,,,0,,,,,,,,,,,,,2,0,2,8,2,5,3,4,2,1,,,0,1,,2,2,1,2,1.14
Public Method,"org.apache.commons.math3.random.ValueServer.getEmpiricalDistribution",,,,,,,,,,,,,,8,3,1,1,0,2,1,1,0,,,,0,,,,,,,,,,,,,2,0,1,5,1,1,1,1,1,1,,,0,0,,1,1,1,1,1.67
Public Method,"org.apache.commons.math3.random.ValueServer.getMode",,,,,,,,,,,,,,9,3,1,1,0,2,1,1,0,,,,0,,,,,,,,,,,,,2,0,1,6,1,1,1,1,1,1,,,0,0,,1,1,1,1,2.00
Public Method,"org.apache.commons.math3.random.ValueServer.getMu",,,,,,,,,,,,,,11,3,1,1,0,2,1,1,0,,,,0,,,,,,,,,,,,,2,0,1,8,1,1,1,1,1,1,,,0,0,,1,1,1,1,2.67
Public Method,"org.apache.commons.math3.random.ValueServer.getNext",,,,,,,,,,,,,,23,16,13,6,1,9,7,7,21,,,,0,,,,,,,,,,,,,17,0,1,7,7,7,1,8,2,1,,,0,1,,7,7,1,2,0.44
Private Method,"org.apache.commons.math3.random.ValueServer.getNextDigest",,,,,,,,,,,,,,17,7,4,5,0,4,2,3,0,,,,0,,,,,,,,,,,,,3,0,1,10,2,2,1,3,2,1,,,0,1,,2,3,1,2,1.43
Private Method,"org.apache.commons.math3.random.ValueServer.getNextExponential",,,,,,,,,,,,,,8,3,1,2,0,2,1,1,0,,,,0,,,,,,,,,,,,,3,0,1,5,1,1,1,1,1,1,,,0,0,,1,1,1,1,1.67
Private Method,"org.apache.commons.math3.random.ValueServer.getNextGaussian",,,,,,,,,,,,,,9,3,1,2,0,2,1,1,0,,,,0,,,,,,,,,,,,,4,0,1,6,1,1,1,1,1,1,,,0,0,,1,1,1,1,2.00
Private Method,"org.apache.commons.math3.random.ValueServer.getNextReplay",,,,,,,,,,,,,,34,15,10,7,1,10,4,4,0,,,,0,,,,,,,,,,,,,4,0,2,19,6,6,2,8,4,1,,,0,2,,4,4,1,4,1.27
Private Method,"org.apache.commons.math3.random.ValueServer.getNextUniform",,,,,,,,,,,,,,8,3,1,2,0,2,1,1,0,,,,0,,,,,,,,,,,,,3,0,1,5,1,1,1,1,1,1,,,0,0,,1,1,1,1,1.67
Public Method,"org.apache.commons.math3.random.ValueServer.getSigma",,,,,,,,,,,,,,12,3,1,1,0,2,1,1,0,,,,0,,,,,,,,,,,,,2,0,1,9,1,1,1,1,1,1,,,0,0,,1,1,1,1,3.00
Public Method,"org.apache.commons.math3.random.ValueServer.getValuesFileURL",,,,,,,,,,,,,,9,3,1,1,0,2,1,1,0,,,,0,,,,,,,,,,,,,2,0,1,6,1,1,1,1,1,1,,,0,0,,1,1,1,1,2.00
Public Method,"org.apache.commons.math3.random.ValueServer.reSeed",,,,,,,,,,,,,,9,3,1,1,0,2,1,1,0,,,,0,,,,,,,,,,,,,3,0,1,6,1,1,1,1,1,1,,,0,0,,1,1,1,1,2.00
Public Method,"org.apache.commons.math3.random.ValueServer.resetReplayFile",,,,,,,,,,,,,,16,10,6,3,0,6,3,3,1,,,,0,,,,,,,,,,,,,4,0,1,6,3,3,1,5,3,1,,,0,2,,3,3,1,3,0.60
Public Method,"org.apache.commons.math3.random.ValueServer.setMode",,,,,,,,,,,,,,8,3,1,1,0,2,1,1,0,,,,0,,,,,,,,,,,,,9,0,1,5,1,1,1,1,1,1,,,0,0,,1,1,1,1,1.67
Public Method,"org.apache.commons.math3.random.ValueServer.setMu",,,,,,,,,,,,,,10,3,1,1,0,2,1,1,0,,,,0,,,,,,,,,,,,,3,0,1,7,1,1,1,1,1,1,,,0,0,,1,1,1,1,2.33
Public Method,"org.apache.commons.math3.random.ValueServer.setSigma",,,,,,,,,,,,,,8,3,1,1,0,2,1,1,0,,,,0,,,,,,,,,,,,,2,0,1,5,1,1,1,1,1,1,,,0,0,,1,1,1,1,1.67
Public Method,"org.apache.commons.math3.random.ValueServer.setValuesFileURL",,,,,,,,,,,,,,8,3,1,1,0,2,1,1,0,,,,0,,,,,,,,,,,,,5,0,1,5,1,1,1,1,1,1,,,0,0,,1,1,1,1,1.67
Public Method,"org.apache.commons.math3.random.ValueServer.setValuesFileURL",,,,,,,,,,,,,,10,3,1,1,0,2,1,1,0,,,,0,,,,,,,,,,,,,1,0,1,7,1,1,1,1,1,1,,,0,0,,1,1,1,1,2.33
Public Class,"org.apache.commons.math3.random.ValueServerTest",2,1,0,3,4,,0,,11,11,0,1,10,209,155,111,,,129,,,,3,1,1,,2,2,16,12,1,0,0,,,1,11,0,,14,40,42,,106,37,92,,,3,3,,1,18,22,23,11,22,0.27
Private Method,"org.apache.commons.math3.random.ValueServerTest.checkFixedSeed",,,,,,,,,,,,,,17,13,9,5,1,14,3,3,0,,,,0,,,,,,,,,,,,,3,0,2,4,4,11,4,10,3,1,,,0,1,,3,3,1,3,0.31
Public Method,"org.apache.commons.math3.random.ValueServerTest.setUp",,,,,,,,,,,,,,5,5,3,4,0,4,1,1,0,,,,0,,,,,,,,,,,,,2,0,2,0,1,3,2,2,1,1,,,0,0,,1,1,1,1,0.00
Public Method,"org.apache.commons.math3.random.ValueServerTest.testEmptyDigestFile",,,,,,,,,,,,,,11,10,7,6,0,7,2,2,1,,,,0,,,,,,,,,,,,,2,0,2,1,2,5,2,5,2,1,,,0,1,,2,2,1,2,0.10
Public Method,"org.apache.commons.math3.random.ValueServerTest.testEmptyReplayFile",,,,,,,,,,,,,,11,10,7,6,0,7,2,2,1,,,,0,,,,,,,,,,,,,2,0,2,1,2,5,2,5,2,1,,,0,1,,2,2,1,2,0.10
Public Method,"org.apache.commons.math3.random.ValueServerTest.testFill",,,,,,,,,,,,,,16,13,9,5,1,14,3,3,0,,,,0,,,,,,,,,,,,,2,0,3,3,4,11,5,9,3,1,,,0,1,,3,3,1,3,0.23
Public Method,"org.apache.commons.math3.random.ValueServerTest.testFixedSeed",,,,,,,,,,,,,,14,10,8,6,0,9,1,1,0,,,,0,,,,,,,,,,,,,4,0,3,4,1,8,3,6,1,1,,,0,0,,1,1,1,1,0.40
Public Method,"org.apache.commons.math3.random.ValueServerTest.testModes",,,,,,,,,,,,,,27,23,20,9,0,19,2,3,1,,,,0,,,,,,,,,,,,,5,0,2,4,2,17,2,17,2,1,,,0,1,,2,3,1,2,0.17
Public Method,"org.apache.commons.math3.random.ValueServerTest.testNextDigest",,,,,,,,,,,,,,30,24,20,10,1,22,3,3,0,,,,0,,,,,,,,,,,,,1,1,4,5,4,19,6,16,3,1,,,0,1,,3,3,1,3,0.21
Public Method,"org.apache.commons.math3.random.ValueServerTest.testNextDigestFail",,,,,,,,,,,,,,10,6,4,2,0,4,2,2,1,,,,0,,,,,,,,,,,,,1,0,1,4,2,2,1,3,2,1,,,0,1,,2,2,1,2,0.67
Public Method,"org.apache.commons.math3.random.ValueServerTest.testProperties",,,,,,,,,,,,,,10,7,5,6,0,6,1,1,0,,,,0,,,,,,,,,,,,,2,0,2,5,1,5,2,4,1,1,,,0,0,,1,1,1,1,0.71
Public Method,"org.apache.commons.math3.random.ValueServerTest.testReplay",,,,,,,,,,,,,,27,21,18,5,0,21,2,2,0,,,,0,,,,,,,,,,,,,2,0,5,6,2,19,6,15,2,1,,,0,1,,2,2,1,2,0.29
Public Class,"org.apache.commons.math3.random.Well1024a",1,1,1,3,0,,5,,5,27,0,0,4,87,36,23,,,29,,,,1,1,3,,1,1,9,5,1,0,0,,,0,5,1,,19,22,32,,23,21,8,,,1,1,,0,36,5,5,5,5,0.89
Public Constructor,"org.apache.commons.math3.random.Well1024a.Well1024a",,,,,,,,,,,,,,6,3,1,2,0,2,1,1,0,,,,0,,,,,,,,,,,,,9,0,1,3,1,1,1,1,1,1,,,0,0,,1,1,1,1,1.00
Public Constructor,"org.apache.commons.math3.random.Well1024a.Well1024a",,,,,,,,,,,,,,6,3,1,2,0,2,1,1,0,,,,0,,,,,,,,,,,,,6,0,1,3,1,1,1,1,1,1,,,0,0,,1,1,1,1,1.00
Public Constructor,"org.apache.commons.math3.random.Well1024a.Well1024a",,,,,,,,,,,,,,7,3,1,2,0,2,1,1,0,,,,0,,,,,,,,,,,,,4,0,1,4,1,1,1,1,1,1,,,0,0,,1,1,1,1,1.33
Public Constructor,"org.apache.commons.math3.random.Well1024a.Well1024a",,,,,,,,,,,,,,7,3,1,2,0,2,1,1,0,,,,0,,,,,,,,,,,,,5,0,1,4,1,1,1,1,1,1,,,0,0,,1,1,1,1,1.33
Protected Method,"org.apache.commons.math3.random.Well1024a.next",,,,,,,,,,,,,,23,16,14,3,0,15,1,1,0,,,,0,,,,,,,,,,,,,7,6,11,1,1,14,11,4,1,1,,,0,0,,1,1,1,1,0.06
Public Class,"org.apache.commons.math3.random.Well1024aTest",1,1,1,0,3,,0,,2,84,0,0,1,57,52,41,,,10,,,,2,1,3,,1,1,25,24,1,0,0,,,0,2,1,,5,41,0,,6,6,4,,,2,2,,1,0,3,3,2,3,0.00
Protected Method,"org.apache.commons.math3.random.Well1024aTest.makeGenerator",,,,,,,,,,,,,,3,3,1,2,0,2,1,1,0,,,,0,,,,,,,,,,,,,0,0,1,0,1,1,1,1,1,1,,,0,0,,1,1,1,1,0.00
Public Method,"org.apache.commons.math3.random.Well1024aTest.testReferenceCode",,,,,,,,,,,,,,47,45,40,3,0,7,2,2,0,,,,0,,,,,,,,,,,,,1,2,37,0,2,5,4,3,2,1,,,0,1,,2,2,1,2,0.00
Public Class,"org.apache.commons.math3.random.Well19937a",1,1,1,3,0,,5,,5,27,0,0,4,89,38,25,,,31,,,,1,1,3,,1,1,10,6,1,0,0,,,0,5,1,,19,23,32,,25,22,9,,,1,1,,0,36,5,5,5,5,0.84
Public Constructor,"org.apache.commons.math3.random.Well19937a.Well19937a",,,,,,,,,,,,,,6,3,1,2,0,2,1,1,0,,,,0,,,,,,,,,,,,,6,0,1,3,1,1,1,1,1,1,,,0,0,,1,1,1,1,1.00
Public Constructor,"org.apache.commons.math3.random.Well19937a.Well19937a",,,,,,,,,,,,,,7,3,1,2,0,2,1,1,0,,,,0,,,,,,,,,,,,,6,0,1,4,1,1,1,1,1,1,,,0,0,,1,1,1,1,1.33
Public Constructor,"org.apache.commons.math3.random.Well19937a.Well19937a",,,,,,,,,,,,,,7,3,1,2,0,2,1,1,0,,,,0,,,,,,,,,,,,,4,0,1,4,1,1,1,1,1,1,,,0,0,,1,1,1,1,1.33
Public Constructor,"org.apache.commons.math3.random.Well19937a.Well19937a",,,,,,,,,,,,,,6,3,1,2,0,2,1,1,0,,,,0,,,,,,,,,,,,,5,0,1,3,1,1,1,1,1,1,,,0,0,,1,1,1,1,1.00
Protected Method,"org.apache.commons.math3.random.Well19937a.next",,,,,,,,,,,,,,25,18,16,3,0,17,1,1,0,,,,0,,,,,,,,,,,,,8,6,12,1,1,16,12,5,1,1,,,0,0,,1,1,1,1,0.06
Public Class,"org.apache.commons.math3.random.Well19937aTest",2,1,1,0,3,,0,,2,84,0,0,2,94,89,75,,,16,,,,3,1,3,,2,2,43,42,1,0,0,,,0,2,0,,5,79,0,,11,9,7,,,3,3,,1,0,4,4,2,4,0.00
Public Method,"org.apache.commons.math3.random.Well19937aTest.makeGenerator",,,,,,,,,,,,,,3,3,1,2,0,2,1,1,0,,,,0,,,,,,,,,,,,,0,0,1,0,1,1,1,1,1,1,,,0,0,,1,1,1,1,0.00
Public Method,"org.apache.commons.math3.random.Well19937aTest.testReferenceCode",,,,,,,,,,,,,,84,82,74,3,1,13,3,3,0,,,,0,,,,,,,,,,,,,1,2,75,0,4,10,7,6,3,1,,,0,1,,3,3,1,3,0.00
Public Class,"org.apache.commons.math3.random.Well19937c",1,1,1,3,0,,5,,5,27,0,0,4,96,40,27,,,33,,,,1,1,3,,1,1,11,6,1,0,0,,,0,5,1,,22,23,34,,27,22,11,,,1,1,,0,36,5,5,5,5,0.85
Public Constructor,"org.apache.commons.math3.random.Well19937c.Well19937c",,,,,,,,,,,,,,7,3,1,2,0,2,1,1,0,,,,0,,,,,,,,,,,,,4,0,1,4,1,1,1,1,1,1,,,0,0,,1,1,1,1,1.33
Public Constructor,"org.apache.commons.math3.random.Well19937c.Well19937c",,,,,,,,,,,,,,6,3,1,2,0,2,1,1,0,,,,0,,,,,,,,,,,,,7,0,1,3,1,1,1,1,1,1,,,0,0,,1,1,1,1,1.00
Public Constructor,"org.apache.commons.math3.random.Well19937c.Well19937c",,,,,,,,,,,,,,7,3,1,2,0,2,1,1,0,,,,0,,,,,,,,,,,,,6,0,1,4,1,1,1,1,1,1,,,0,0,,1,1,1,1,1.33
Public Constructor,"org.apache.commons.math3.random.Well19937c.Well19937c",,,,,,,,,,,,,,6,3,1,2,0,2,1,1,0,,,,0,,,,,,,,,,,,,5,0,1,3,1,1,1,1,1,1,,,0,0,,1,1,1,1,1.00
Protected Method,"org.apache.commons.math3.random.Well19937c.next",,,,,,,,,,,,,,31,20,18,3,0,19,1,1,0,,,,0,,,,,,,,,,,,,8,8,12,3,1,18,12,7,1,1,,,0,0,,1,1,1,1,0.15
Public Class,"org.apache.commons.math3.random.Well19937cTest",2,1,1,0,3,,0,,2,84,0,0,2,94,89,75,,,16,,,,3,1,3,,2,2,43,42,1,0,0,,,0,2,0,,5,79,0,,11,9,7,,,3,3,,1,0,4,4,2,4,0.00
Public Method,"org.apache.commons.math3.random.Well19937cTest.makeGenerator",,,,,,,,,,,,,,3,3,1,2,0,2,1,1,0,,,,0,,,,,,,,,,,,,0,0,1,0,1,1,1,1,1,1,,,0,0,,1,1,1,1,0.00
Public Method,"org.apache.commons.math3.random.Well19937cTest.testReferenceCode",,,,,,,,,,,,,,84,82,74,3,1,13,3,3,0,,,,0,,,,,,,,,,,,,1,2,75,0,4,10,7,6,3,1,,,0,1,,3,3,1,3,0.00
Public Class,"org.apache.commons.math3.random.Well44497a",1,1,1,3,0,,5,,5,27,0,0,4,92,40,27,,,33,,,,2,1,3,,1,1,10,6,1,0,0,,,0,5,1,,19,25,33,,27,24,9,,,2,2,,0,36,6,6,5,6,0.82
Public Constructor,"org.apache.commons.math3.random.Well44497a.Well44497a",,,,,,,,,,,,,,7,3,1,2,0,2,1,1,0,,,,0,,,,,,,,,,,,,4,0,1,4,1,1,1,1,1,1,,,0,0,,1,1,1,1,1.33
Public Constructor,"org.apache.commons.math3.random.Well44497a.Well44497a",,,,,,,,,,,,,,6,3,1,2,0,2,1,1,0,,,,0,,,,,,,,,,,,,6,0,1,3,1,1,1,1,1,1,,,0,0,,1,1,1,1,1.00
Public Constructor,"org.apache.commons.math3.random.Well44497a.Well44497a",,,,,,,,,,,,,,7,3,1,2,0,2,1,1,0,,,,0,,,,,,,,,,,,,6,0,1,4,1,1,1,1,1,1,,,0,0,,1,1,1,1,1.33
Public Constructor,"org.apache.commons.math3.random.Well44497a.Well44497a",,,,,,,,,,,,,,6,3,1,2,0,2,1,1,0,,,,0,,,,,,,,,,,,,5,0,1,3,1,1,1,1,1,1,,,0,0,,1,1,1,1,1.00
Protected Method,"org.apache.commons.math3.random.Well44497a.next",,,,,,,,,,,,,,28,20,18,3,0,19,2,2,0,,,,0,,,,,,,,,,,,,8,6,14,2,1,18,14,5,2,1,,,0,0,,2,2,1,2,0.10
Public Class,"org.apache.commons.math3.random.Well44497aTest",2,1,1,0,3,,0,,2,84,0,0,2,94,89,75,,,16,,,,3,1,3,,2,2,43,42,1,0,0,,,0,2,0,,5,79,0,,11,9,7,,,3,3,,1,0,4,4,2,4,0.00
Public Method,"org.apache.commons.math3.random.Well44497aTest.makeGenerator",,,,,,,,,,,,,,3,3,1,2,0,2,1,1,0,,,,0,,,,,,,,,,,,,0,0,1,0,1,1,1,1,1,1,,,0,0,,1,1,1,1,0.00
Public Method,"org.apache.commons.math3.random.Well44497aTest.testReferenceCode",,,,,,,,,,,,,,84,82,74,3,1,13,3,3,0,,,,0,,,,,,,,,,,,,1,2,75,0,4,10,7,6,3,1,,,0,1,,3,3,1,3,0.00
Public Class,"org.apache.commons.math3.random.Well44497b",1,1,1,4,0,,5,,5,27,0,0,4,100,42,29,,,35,,,,2,1,3,,1,1,12,6,1,0,0,,,0,5,1,,21,25,37,,29,24,11,,,2,2,,0,36,6,6,5,6,0.88
Public Constructor,"org.apache.commons.math3.random.Well44497b.Well44497b",,,,,,,,,,,,,,6,3,1,2,0,2,1,1,0,,,,0,,,,,,,,,,,,,7,0,1,3,1,1,1,1,1,1,,,0,0,,1,1,1,1,1.00
Public Constructor,"org.apache.commons.math3.random.Well44497b.Well44497b",,,,,,,,,,,,,,6,3,1,2,0,2,1,1,0,,,,0,,,,,,,,,,,,,6,0,1,3,1,1,1,1,1,1,,,0,0,,1,1,1,1,1.00
Public Constructor,"org.apache.commons.math3.random.Well44497b.Well44497b",,,,,,,,,,,,,,7,3,1,2,0,2,1,1,0,,,,0,,,,,,,,,,,,,6,0,1,4,1,1,1,1,1,1,,,0,0,,1,1,1,1,1.33
Public Constructor,"org.apache.commons.math3.random.Well44497b.Well44497b",,,,,,,,,,,,,,7,3,1,2,0,2,1,1,0,,,,0,,,,,,,,,,,,,4,0,1,4,1,1,1,1,1,1,,,0,0,,1,1,1,1,1.33
Protected Method,"org.apache.commons.math3.random.Well44497b.next",,,,,,,,,,,,,,35,22,20,3,0,21,2,2,0,,,,0,,,,,,,,,,,,,8,7,14,6,1,20,14,7,2,1,,,0,0,,2,2,1,2,0.27
Public Class,"org.apache.commons.math3.random.Well44497bTest",2,1,1,0,3,,0,,2,84,0,0,2,94,89,75,,,16,,,,3,1,3,,2,2,43,42,1,0,0,,,0,2,0,,5,79,0,,11,9,7,,,3,3,,1,0,4,4,2,4,0.00
Public Method,"org.apache.commons.math3.random.Well44497bTest.makeGenerator",,,,,,,,,,,,,,3,3,1,2,0,2,1,1,0,,,,0,,,,,,,,,,,,,0,0,1,0,1,1,1,1,1,1,,,0,0,,1,1,1,1,0.00
Public Method,"org.apache.commons.math3.random.Well44497bTest.testReferenceCode",,,,,,,,,,,,,,84,82,74,3,1,13,3,3,0,,,,0,,,,,,,,,,,,,1,2,75,0,4,10,7,6,3,1,,,0,1,,3,3,1,3,0.00
Public Class,"org.apache.commons.math3.random.Well512a",1,1,1,3,0,,5,,5,27,0,0,4,88,35,22,,,28,,,,1,1,3,,1,1,9,5,1,0,0,,,0,5,1,,20,21,33,,22,20,8,,,1,1,,0,36,5,5,5,5,0.94
Public Constructor,"org.apache.commons.math3.random.Well512a.Well512a",,,,,,,,,,,,,,6,3,1,2,0,2,1,1,0,,,,0,,,,,,,,,,,,,6,0,1,3,1,1,1,1,1,1,,,0,0,,1,1,1,1,1.00
Public Constructor,"org.apache.commons.math3.random.Well512a.Well512a",,,,,,,,,,,,,,6,3,1,2,0,2,1,1,0,,,,0,,,,,,,,,,,,,6,0,1,3,1,1,1,1,1,1,,,0,0,,1,1,1,1,1.00
Public Constructor,"org.apache.commons.math3.random.Well512a.Well512a",,,,,,,,,,,,,,7,3,1,2,0,2,1,1,0,,,,0,,,,,,,,,,,,,4,0,1,4,1,1,1,1,1,1,,,0,0,,1,1,1,1,1.33
Public Constructor,"org.apache.commons.math3.random.Well512a.Well512a",,,,,,,,,,,,,,7,3,1,2,0,2,1,1,0,,,,0,,,,,,,,,,,,,5,0,1,4,1,1,1,1,1,1,,,0,0,,1,1,1,1,1.33
Protected Method,"org.apache.commons.math3.random.Well512a.next",,,,,,,,,,,,,,23,15,13,3,0,14,1,1,0,,,,0,,,,,,,,,,,,,6,6,10,2,1,13,10,4,1,1,,,0,0,,1,1,1,1,0.13
Public Class,"org.apache.commons.math3.random.Well512aTest",1,1,1,0,3,,0,,2,84,0,0,2,54,50,39,,,10,,,,2,1,3,,1,1,24,23,1,0,0,,,0,2,0,,4,41,0,,6,6,4,,,2,2,,1,0,3,3,2,3,0.00
Public Method,"org.apache.commons.math3.random.Well512aTest.makeGenerator",,,,,,,,,,,,,,3,3,1,2,0,2,1,1,0,,,,0,,,,,,,,,,,,,0,0,1,0,1,1,1,1,1,1,,,0,0,,1,1,1,1,0.00
Public Method,"org.apache.commons.math3.random.Well512aTest.testReferenceCode",,,,,,,,,,,,,,45,43,38,3,0,7,2,2,0,,,,0,,,,,,,,,,,,,1,2,37,0,2,5,4,3,2,1,,,0,1,,2,2,1,2,0.00
Package,"org.apache.commons.math3.special",1,1,0,4,,8,9,7,53,,0,8,58,1207,604,342,,,360,,,,7,3,,,1,1,12,7,,,17,,,0,70,4,,109,256,498,,252,173,187,,,7,12,,2,,107,132,74,107,0.82
Public Class,"org.apache.commons.math3.special.Beta",1,1,0,12,3,,1,,1,7,0,1,6,186,77,44,,,37,,,,3,1,1,,1,2,24,10,1,0,6,,,0,7,0,,13,23,97,,23,16,21,,,3,9,,1,57,10,19,7,10,1.26
Private Constructor,"org.apache.commons.math3.special.Beta.Beta",,,,,,,,,,,,,,4,1,0,1,0,1,1,1,0,,,,0,,,,,,,,,,,,,0,0,1,3,1,0,1,0,1,1,,,0,0,,1,1,1,1,3.00
Public Static Method,"org.apache.commons.math3.special.Beta.logBeta",,,,,,,,,,,,,,10,3,1,2,0,2,1,1,0,,,,0,,,,,,,,,,,,,5,0,1,7,1,1,1,1,1,1,,,0,0,,1,1,1,1,2.33
Public Static Method,"org.apache.commons.math3.special.Beta.logBeta",,,,,,,,,,,,,,34,15,9,3,0,6,2,5,1,,,,0,,,,,,,,,,,,,4,2,4,17,2,4,2,4,2,1,,,0,1,,2,5,1,2,1.13
Public Static Method,"org.apache.commons.math3.special.Beta.regularizedBeta",,,,,,,,,,,,,,15,3,1,2,0,2,1,1,0,,,,0,,,,,,,,,,,,,10,0,1,12,1,1,1,1,1,1,,,0,0,,1,1,1,1,4.00
Public Static Method,"org.apache.commons.math3.special.Beta.regularizedBeta",,,,,,,,,,,,,,20,5,1,2,0,2,1,1,0,,,,0,,,,,,,,,,,,,4,0,3,15,1,1,1,1,1,1,,,0,0,,1,1,1,1,3.00
Public Static Method,"org.apache.commons.math3.special.Beta.regularizedBeta",,,,,,,,,,,,,,16,5,1,2,0,2,1,1,0,,,,0,,,,,,,,,,,,,5,0,3,11,1,1,1,1,1,1,,,0,0,,1,1,1,1,2.20
Public Static Method,"org.apache.commons.math3.special.Beta.regularizedBeta",,,,,,,,,,,,,,70,42,30,6,0,20,3,9,2,,,,0,,,,,,,,,,,,,8,4,8,25,3,14,7,13,3,1,,,0,0,,3,9,1,3,0.60
Anonymous Class,"org.apache.commons.math3.special.Beta.regularizedBeta.(Anon_1)",1,1,0,0,1,,0,,2,9,0,0,0,22,20,15,,,11,,,,2,1,2,,1,1,8,8,1,0,0,,,0,2,2,,2,3,1,,8,4,7,,,2,2,,1,0,3,3,2,3,0.05
Protected Method,"org.apache.commons.math3.special.Beta.regularizedBeta.(Anon_1).getA",,,,,,,,,,,,,,3,3,2,1,0,2,1,1,0,,,,0,,,,,,,,,,,,,0,0,0,0,1,1,1,1,1,1,,,0,0,,1,1,1,1,0.00
Protected Method,"org.apache.commons.math3.special.Beta.regularizedBeta.(Anon_1).getB",,,,,,,,,,,,,,14,14,10,1,0,9,2,2,1,,,,0,,,,,,,,,,,,,4,0,2,1,2,7,3,6,2,1,,,0,1,,2,2,1,2,0.07
Public Class,"org.apache.commons.math3.special.BetaTest",1,1,0,0,2,,0,,19,19,0,2,17,100,79,21,,,41,,,,1,1,1,,1,1,3,3,1,0,0,,,0,19,0,,18,40,3,,21,22,19,,,1,1,,0,0,19,19,19,19,0.04
Private Method,"org.apache.commons.math3.special.BetaTest.testLogBeta",,,,,,,,,,,,,,4,4,2,2,0,3,1,1,0,,,,0,,,,,,,,,,,,,10,0,2,0,1,2,2,1,1,1,,,0,0,,1,1,1,1,0.00
Public Method,"org.apache.commons.math3.special.BetaTest.testLogBetaNanPositive",,,,,,,,,,,,,,3,3,1,1,0,2,1,1,0,,,,0,,,,,,,,,,,,,0,0,1,0,1,1,1,1,1,1,,,0,0,,1,1,1,1,0.00
Public Method,"org.apache.commons.math3.special.BetaTest.testLogBetaNegativePositive",,,,,,,,,,,,,,3,3,1,1,0,2,1,1,0,,,,0,,,,,,,,,,,,,0,0,1,0,1,1,1,1,1,1,,,0,0,,1,1,1,1,0.00
Public Method,"org.apache.commons.math3.special.BetaTest.testLogBetaPositiveNan",,,,,,,,,,,,,,3,3,1,1,0,2,1,1,0,,,,0,,,,,,,,,,,,,0,0,1,0,1,1,1,1,1,1,,,0,0,,1,1,1,1,0.00
Public Method,"org.apache.commons.math3.special.BetaTest.testLogBetaPositiveNegative",,,,,,,,,,,,,,3,3,1,1,0,2,1,1,0,,,,0,,,,,,,,,,,,,0,0,1,0,1,1,1,1,1,1,,,0,0,,1,1,1,1,0.00
Public Method,"org.apache.commons.math3.special.BetaTest.testLogBetaPositivePositive",,,,,,,,,,,,,,3,3,1,1,0,2,1,1,0,,,,0,,,,,,,,,,,,,0,0,1,0,1,1,1,1,1,1,,,0,0,,1,1,1,1,0.00
Public Method,"org.apache.commons.math3.special.BetaTest.testLogBetaPositiveZero",,,,,,,,,,,,,,3,3,1,1,0,2,1,1,0,,,,0,,,,,,,,,,,,,0,0,1,0,1,1,1,1,1,1,,,0,0,,1,1,1,1,0.00
Public Method,"org.apache.commons.math3.special.BetaTest.testLogBetaZeroPositive",,,,,,,,,,,,,,3,3,1,1,0,2,1,1,0,,,,0,,,,,,,,,,,,,0,0,1,0,1,1,1,1,1,1,,,0,0,,1,1,1,1,0.00
Private Method,"org.apache.commons.math3.special.BetaTest.testRegularizedBeta",,,,,,,,,,,,,,5,5,2,2,0,3,1,1,0,,,,0,,,,,,,,,,,,,14,0,3,0,1,2,2,1,1,1,,,0,0,,1,1,1,1,0.00
Public Method,"org.apache.commons.math3.special.BetaTest.testRegularizedBetaNanPositivePositive",,,,,,,,,,,,,,3,3,1,1,0,2,1,1,0,,,,0,,,,,,,,,,,,,0,0,1,0,1,1,1,1,1,1,,,0,0,,1,1,1,1,0.00
Public Method,"org.apache.commons.math3.special.BetaTest.testRegularizedBetaNegativePositivePositive",,,,,,,,,,,,,,3,3,1,1,0,2,1,1,0,,,,0,,,,,,,,,,,,,0,0,1,0,1,1,1,1,1,1,,,0,0,,1,1,1,1,0.00
Public Method,"org.apache.commons.math3.special.BetaTest.testRegularizedBetaPositiveNanPositive",,,,,,,,,,,,,,3,3,1,1,0,2,1,1,0,,,,0,,,,,,,,,,,,,0,0,1,0,1,1,1,1,1,1,,,0,0,,1,1,1,1,0.00
Public Method,"org.apache.commons.math3.special.BetaTest.testRegularizedBetaPositiveNegativePositive",,,,,,,,,,,,,,3,3,1,1,0,2,1,1,0,,,,0,,,,,,,,,,,,,0,0,1,0,1,1,1,1,1,1,,,0,0,,1,1,1,1,0.00
Public Method,"org.apache.commons.math3.special.BetaTest.testRegularizedBetaPositivePositiveNan",,,,,,,,,,,,,,3,3,1,1,0,2,1,1,0,,,,0,,,,,,,,,,,,,0,0,1,0,1,1,1,1,1,1,,,0,0,,1,1,1,1,0.00
Public Method,"org.apache.commons.math3.special.BetaTest.testRegularizedBetaPositivePositiveNegative",,,,,,,,,,,,,,3,3,1,1,0,2,1,1,0,,,,0,,,,,,,,,,,,,0,0,1,0,1,1,1,1,1,1,,,0,0,,1,1,1,1,0.00
Public Method,"org.apache.commons.math3.special.BetaTest.testRegularizedBetaPositivePositivePositive",,,,,,,,,,,,,,3,3,1,1,0,2,1,1,0,,,,0,,,,,,,,,,,,,0,0,1,0,1,1,1,1,1,1,,,0,0,,1,1,1,1,0.00
Public Method,"org.apache.commons.math3.special.BetaTest.testRegularizedBetaPositivePositiveZero",,,,,,,,,,,,,,3,3,1,1,0,2,1,1,0,,,,0,,,,,,,,,,,,,0,0,1,0,1,1,1,1,1,1,,,0,0,,1,1,1,1,0.00
Public Method,"org.apache.commons.math3.special.BetaTest.testRegularizedBetaPositiveZeroPositive",,,,,,,,,,,,,,3,3,1,1,0,2,1,1,0,,,,0,,,,,,,,,,,,,0,0,1,0,1,1,1,1,1,1,,,0,0,,1,1,1,1,0.00
Public Method,"org.apache.commons.math3.special.BetaTest.testRegularizedBetaZeroPositivePositive",,,,,,,,,,,,,,3,3,1,1,0,2,1,1,0,,,,0,,,,,,,,,,,,,0,0,1,0,1,1,1,1,1,1,,,0,0,,1,1,1,1,0.00
Public Class,"org.apache.commons.math3.special.Erf",3,1,0,14,2,,1,,1,4,0,1,3,109,31,19,,,17,,,,5,1,1,,3,3,21,7,1,0,3,,,0,4,0,,6,8,72,,9,8,9,,,5,6,,1,75,14,15,4,14,2.32
Private Constructor,"org.apache.commons.math3.special.Erf.Erf",,,,,,,,,,,,,,4,1,0,1,0,1,1,1,0,,,,0,,,,,,,,,,,,,0,0,1,3,1,0,1,0,1,1,,,0,0,,1,1,1,1,3.00
Public Static Method,"org.apache.commons.math3.special.Erf.erf",,,,,,,,,,,,,,27,7,4,3,0,5,4,4,1,,,,0,,,,,,,,,,,,,12,0,2,20,2,3,2,3,4,1,,,0,1,,4,4,1,4,2.86
Public Static Method,"org.apache.commons.math3.special.Erf.erf",,,,,,,,,,,,,,24,13,10,3,0,4,5,6,1,,,,0,,,,,,,,,,,,,6,1,1,10,2,2,1,3,5,1,,,0,1,,5,6,1,5,0.77
Public Static Method,"org.apache.commons.math3.special.Erf.erfc",,,,,,,,,,,,,,30,7,4,3,0,5,4,4,1,,,,0,,,,,,,,,,,,,11,0,2,23,2,3,2,3,4,1,,,0,1,,4,4,1,4,3.29
Public Class,"org.apache.commons.math3.special.ErfTest",1,1,0,2,3,,0,,10,10,0,0,10,191,155,116,,,103,,,,3,1,1,,1,2,16,14,1,0,0,,,0,10,0,,13,51,23,,84,44,59,,,3,6,,2,0,16,20,10,16,0.15
Public Method,"org.apache.commons.math3.special.ErfTest.testErf0",,,,,,,,,,,,,,6,6,4,3,0,5,1,1,0,,,,0,,,,,,,,,,,,,0,0,3,0,1,4,3,2,1,1,,,0,0,,1,1,1,1,0.00
Public Method,"org.apache.commons.math3.special.ErfTest.testErf1960",,,,,,,,,,,,,,12,11,9,4,0,10,1,1,0,,,,0,,,,,,,,,,,,,0,1,4,0,1,9,4,6,1,1,,,0,0,,1,1,1,1,0.00
Public Method,"org.apache.commons.math3.special.ErfTest.testErf2576",,,,,,,,,,,,,,12,11,9,4,0,10,1,1,0,,,,0,,,,,,,,,,,,,0,1,4,0,1,9,4,6,1,1,,,0,0,,1,1,1,1,0.00
Public Method,"org.apache.commons.math3.special.ErfTest.testErf2807",,,,,,,,,,,,,,12,11,9,4,0,10,1,1,0,,,,0,,,,,,,,,,,,,0,1,4,0,1,9,4,6,1,1,,,0,0,,1,1,1,1,0.00
Public Method,"org.apache.commons.math3.special.ErfTest.testErf3291",,,,,,,,,,,,,,12,11,9,4,0,10,1,1,0,,,,0,,,,,,,,,,,,,0,1,4,0,1,9,4,6,1,1,,,0,0,,1,1,1,1,0.00
Public Method,"org.apache.commons.math3.special.ErfTest.testErfGnu",,,,,,,,,,,,,,22,18,15,2,0,9,2,2,0,,,,0,,,,,,,,,,,,,0,0,5,4,2,7,5,4,2,1,,,0,1,,2,2,1,2,0.22
Public Method,"org.apache.commons.math3.special.ErfTest.testErfcGnu",,,,,,,,,,,,,,22,18,15,2,0,9,2,2,0,,,,0,,,,,,,,,,,,,0,0,5,4,2,7,5,4,2,1,,,0,1,,2,2,1,2,0.22
Public Method,"org.apache.commons.math3.special.ErfTest.testErfcMaple",,,,,,,,,,,,,,30,25,21,4,0,8,2,2,0,,,,0,,,,,,,,,,,,,0,0,4,5,2,6,4,4,2,1,,,0,1,,2,2,1,2,0.20
Public Method,"org.apache.commons.math3.special.ErfTest.testLargeValues",,,,,,,,,,,,,,23,20,17,6,0,20,2,6,0,,,,0,,,,,,,,,,,,,0,0,2,3,2,18,3,17,2,1,,,0,1,,2,6,1,2,0.15
Public Method,"org.apache.commons.math3.special.ErfTest.testTwoArgumentErf",,,,,,,,,,,,,,16,12,8,4,0,11,3,3,0,,,,0,,,,,,,,,,,,,0,0,5,4,3,6,7,4,3,1,,,0,2,,3,3,1,3,0.33
Public Class,"org.apache.commons.math3.special.Gamma",2,1,1,17,3,,7,,1,9,0,1,8,334,131,88,,,80,,,,7,3,1,,2,3,30,11,1,0,8,,,0,9,0,,26,53,180,,53,33,47,,,7,12,,2,85,24,35,13,24,1.37
Private Constructor,"org.apache.commons.math3.special.Gamma.Gamma",,,,,,,,,,,,,,4,1,0,1,0,1,1,1,0,,,,0,,,,,,,,,,,,,0,0,1,3,1,0,1,0,1,1,,,0,0,,1,1,1,1,3.00
Public Static Method,"org.apache.commons.math3.special.Gamma.digamma",,,,,,,,,,,,,,38,10,6,2,0,7,3,4,2,,,,2,,,,,,,,,,,,,6,2,2,26,3,4,2,5,3,3,,,2,1,,3,4,3,3,2.60
Public Static Method,"org.apache.commons.math3.special.Gamma.lanczos",,,,,,,,,,,,,,26,7,4,1,0,7,2,2,0,,,,0,,,,,,,,,,,,,5,0,2,19,2,5,3,4,2,1,,,0,1,,2,2,1,2,2.71
Public Static Method,"org.apache.commons.math3.special.Gamma.logGamma",,,,,,,,,,,,,,32,13,9,4,0,9,2,3,1,,,,0,,,,,,,,,,,,,13,2,5,17,2,7,5,4,2,1,,,0,1,,2,3,1,2,1.31
Public Static Method,"org.apache.commons.math3.special.Gamma.regularizedGammaP",,,,,,,,,,,,,,11,3,1,2,0,2,1,1,0,,,,0,,,,,,,,,,,,,5,0,1,8,1,1,1,1,1,1,,,0,0,,1,1,1,1,2.67
Public Static Method,"org.apache.commons.math3.special.Gamma.regularizedGammaP",,,,,,,,,,,,,,68,32,23,9,1,21,7,12,5,,,,0,,,,,,,,,,,,,7,3,8,36,9,14,5,16,7,1,,,0,2,,7,12,1,7,1.12
Public Static Method,"org.apache.commons.math3.special.Gamma.regularizedGammaQ",,,,,,,,,,,,,,60,27,17,7,1,16,4,7,3,,,,0,,,,,,,,,,,,,8,5,7,28,4,10,5,11,4,1,,,0,0,,4,7,1,4,1.04
Public Static Method,"org.apache.commons.math3.special.Gamma.regularizedGammaQ",,,,,,,,,,,,,,11,3,1,2,0,2,1,1,0,,,,0,,,,,,,,,,,,,4,0,1,8,1,1,1,1,1,1,,,0,0,,1,1,1,1,2.67
Anonymous Class,"org.apache.commons.math3.special.Gamma.regularizedGammaQ.(Anon_1)",1,1,0,0,1,,0,,2,9,0,0,0,11,9,7,,,4,,,,1,1,2,,1,1,3,3,1,0,0,,,0,2,2,,2,1,0,,2,2,2,,,1,1,,0,0,2,2,2,2,0.00
Protected Method,"org.apache.commons.math3.special.Gamma.regularizedGammaQ.(Anon_1).getA",,,,,,,,,,,,,,3,3,2,1,0,2,1,1,0,,,,0,,,,,,,,,,,,,3,0,0,0,1,1,1,1,1,1,,,0,0,,1,1,1,1,0.00
Protected Method,"org.apache.commons.math3.special.Gamma.regularizedGammaQ.(Anon_1).getB",,,,,,,,,,,,,,3,3,2,1,0,2,1,1,0,,,,0,,,,,,,,,,,,,2,0,0,0,1,1,1,1,1,1,,,0,0,,1,1,1,1,0.00
Public Static Method,"org.apache.commons.math3.special.Gamma.trigamma",,,,,,,,,,,,,,27,10,6,1,0,7,3,4,2,,,,2,,,,,,,,,,,,,4,2,2,15,3,4,2,5,3,3,,,2,1,,3,4,3,3,1.50
Public Class,"org.apache.commons.math3.special.GammaTest",1,1,0,0,3,,0,,17,17,0,3,14,132,108,54,,,59,,,,2,1,1,,1,1,5,5,1,0,0,,,0,17,0,,16,58,8,,39,27,32,,,2,2,,1,0,19,19,17,19,0.07
Private Method,"org.apache.commons.math3.special.GammaTest.checkRelativeError",,,,,,,,,,,,,,3,3,1,2,0,2,1,1,0,,,,0,,,,,,,,,,,,,5,0,1,0,1,1,1,1,1,1,,,0,0,,1,1,1,1,0.00
Public Method,"org.apache.commons.math3.special.GammaTest.testDigammaLargeArgs",,,,,,,,,,,,,,14,14,12,2,0,13,1,1,0,,,,0,,,,,,,,,,,,,0,0,2,0,1,12,2,11,1,1,,,0,0,,1,1,1,1,0.00
Public Method,"org.apache.commons.math3.special.GammaTest.testDigammaSmallArgs",,,,,,,,,,,,,,13,11,8,4,0,6,2,2,0,,,,0,,,,,,,,,,,,,0,0,7,2,2,4,3,3,2,1,,,0,1,,2,2,1,2,0.18
Private Method,"org.apache.commons.math3.special.GammaTest.testLogGamma",,,,,,,,,,,,,,4,4,2,2,0,3,1,1,0,,,,0,,,,,,,,,,,,,6,0,2,0,1,2,2,1,1,1,,,0,0,,1,1,1,1,0.00
Public Method,"org.apache.commons.math3.special.GammaTest.testLogGammaNan",,,,,,,,,,,,,,3,3,1,1,0,2,1,1,0,,,,0,,,,,,,,,,,,,0,0,1,0,1,1,1,1,1,1,,,0,0,,1,1,1,1,0.00
Public Method,"org.apache.commons.math3.special.GammaTest.testLogGammaNegative",,,,,,,,,,,,,,3,3,1,1,0,2,1,1,0,,,,0,,,,,,,,,,,,,0,0,1,0,1,1,1,1,1,1,,,0,0,,1,1,1,1,0.00
Public Method,"org.apache.commons.math3.special.GammaTest.testLogGammaPositive",,,,,,,,,,,,,,3,3,1,1,0,2,1,1,0,,,,0,,,,,,,,,,,,,0,0,1,0,1,1,1,1,1,1,,,0,0,,1,1,1,1,0.00
Public Method,"org.apache.commons.math3.special.GammaTest.testLogGammaZero",,,,,,,,,,,,,,3,3,1,1,0,2,1,1,0,,,,0,,,,,,,,,,,,,0,0,1,0,1,1,1,1,1,1,,,0,0,,1,1,1,1,0.00
Private Method,"org.apache.commons.math3.special.GammaTest.testRegularizedGamma",,,,,,,,,,,,,,6,6,4,3,0,5,1,1,0,,,,0,,,,,,,,,,,,,10,0,3,0,1,4,3,2,1,1,,,0,0,,1,1,1,1,0.00
Public Method,"org.apache.commons.math3.special.GammaTest.testRegularizedGammaNanPositive",,,,,,,,,,,,,,3,3,1,1,0,2,1,1,0,,,,0,,,,,,,,,,,,,0,0,1,0,1,1,1,1,1,1,,,0,0,,1,1,1,1,0.00
Public Method,"org.apache.commons.math3.special.GammaTest.testRegularizedGammaNegativePositive",,,,,,,,,,,,,,3,3,1,1,0,2,1,1,0,,,,0,,,,,,,,,,,,,0,0,1,0,1,1,1,1,1,1,,,0,0,,1,1,1,1,0.00
Public Method,"org.apache.commons.math3.special.GammaTest.testRegularizedGammaPositiveNan",,,,,,,,,,,,,,3,3,1,1,0,2,1,1,0,,,,0,,,,,,,,,,,,,0,0,1,0,1,1,1,1,1,1,,,0,0,,1,1,1,1,0.00
Public Method,"org.apache.commons.math3.special.GammaTest.testRegularizedGammaPositiveNegative",,,,,,,,,,,,,,3,3,1,1,0,2,1,1,0,,,,0,,,,,,,,,,,,,0,0,1,0,1,1,1,1,1,1,,,0,0,,1,1,1,1,0.00
Public Method,"org.apache.commons.math3.special.GammaTest.testRegularizedGammaPositivePositive",,,,,,,,,,,,,,3,3,1,1,0,2,1,1,0,,,,0,,,,,,,,,,,,,0,0,1,0,1,1,1,1,1,1,,,0,0,,1,1,1,1,0.00
Public Method,"org.apache.commons.math3.special.GammaTest.testRegularizedGammaPositiveZero",,,,,,,,,,,,,,3,3,1,1,0,2,1,1,0,,,,0,,,,,,,,,,,,,0,0,1,0,1,1,1,1,1,1,,,0,0,,1,1,1,1,0.00
Public Method,"org.apache.commons.math3.special.GammaTest.testRegularizedGammaZeroPositive",,,,,,,,,,,,,,3,3,1,1,0,2,1,1,0,,,,0,,,,,,,,,,,,,0,0,1,0,1,1,1,1,1,1,,,0,0,,1,1,1,1,0.00
Public Method,"org.apache.commons.math3.special.GammaTest.testTrigamma",,,,,,,,,,,,,,24,21,16,3,0,7,2,2,0,,,,0,,,,,,,,,,,,,1,0,17,3,2,5,4,3,2,1,,,0,1,,2,2,1,2,0.14
Package,"org.apache.commons.math3.stat",1,1,1,9,,6,12,6,59,,0,2,87,2243,1024,671,,,771,,,,10,8,,,1,1,20,10,,,30,,,22,89,0,,230,302,999,,612,261,510,,,10,10,,2,,154,154,101,154,0.98
Public Class,"org.apache.commons.math3.stat.CertifiedDataTest",3,1,5,4,2,,0,,3,3,0,1,2,125,86,69,,,66,,,,7,1,1,,3,3,36,26,1,0,0,,,2,3,0,,22,16,17,,56,14,52,,,7,7,,2,0,9,9,3,9,0.20
Private Method,"org.apache.commons.math3.stat.CertifiedDataTest.loadStats",,,,,,,,,,,,,,56,44,35,15,1,29,7,7,2,,,,0,,,,,,,,,,,,,4,7,7,5,30,22,7,22,7,1,,,0,2,,7,7,1,7,0.11
Public Method,"org.apache.commons.math3.stat.CertifiedDataTest.testDescriptiveStatistics",,,,,,,,,,,,,,28,18,16,5,0,17,1,1,0,,,,0,,,,,,,,,,,,,2,6,2,4,1,16,2,15,1,1,,,0,0,,1,1,1,1,0.22
Public Method,"org.apache.commons.math3.stat.CertifiedDataTest.testSummaryStatistics",,,,,,,,,,,,,,26,18,16,5,0,17,1,1,0,,,,0,,,,,,,,,,,,,2,4,2,4,1,16,2,15,1,1,,,0,0,,1,1,1,1,0.22
Public Class,"org.apache.commons.math3.stat.Frequency",1,1,0,6,3,,1,,29,29,0,0,29,484,209,115,,,140,,,,10,8,1,,1,1,13,6,2,0,0,,,1,29,0,,42,61,239,,84,55,85,,,10,10,,2,79,54,54,41,54,1.14
Public Constructor,"org.apache.commons.math3.stat.Frequency.Frequency",,,,,,,,,,,,,,6,3,1,2,0,2,1,1,0,,,,0,,,,,,,,,,,,,14,0,1,3,1,1,1,1,1,1,,,0,0,,1,1,1,1,1.00
Public Constructor,"org.apache.commons.math3.stat.Frequency.Frequency",,,,,,,,,,,,,,8,3,1,2,0,2,1,1,0,,,,0,,,,,,,,,,,,,2,0,1,5,1,1,1,1,1,1,,,0,0,,1,1,1,1,1.67
Private Static Generic Class,"org.apache.commons.math3.stat.Frequency.NaturalComparator",1,1,0,13,0,,1,,1,1,0,0,1,27,7,2,,,4,,,,1,1,1,,1,1,16,3,2,0,0,,,0,1,0,,2,4,19,,2,3,1,,,1,1,,0,100,1,1,1,1,2.71
TypeVariable,"org.apache.commons.math3.stat.Frequency.NaturalComparator.T",0,0,0,0,0,,0,,0,0,0,0,0,0,0,0,,,0,,,,0,0,2,,0,0,0,0,1,0,0,,,0,0,0,,0,0,0,,0,0,0,,,0,0,,0,0,0,0,0,0,0.00
Public Method,"org.apache.commons.math3.stat.Frequency.NaturalComparator.compare",,,,,,,,,,,,,,16,3,1,2,0,2,1,1,0,,,,0,,,,,,,,,,,,,2,0,1,13,1,1,1,1,1,1,,,0,0,,1,1,1,1,4.33
Public Method,"org.apache.commons.math3.stat.Frequency.addValue",,,,,,,,,,,,,,29,18,13,7,1,10,4,4,2,,,,0,,,,,,,,,,,,,4,0,3,11,6,6,3,7,4,1,,,0,2,,4,4,1,4,0.61
Public Method,"org.apache.commons.math3.stat.Frequency.addValue",,,,,,,,,,,,,,8,3,1,2,0,2,1,1,0,,,,0,,,,,,,,,,,,,13,0,1,5,1,1,1,1,1,1,,,0,0,,1,1,1,1,1.67
Public Method,"org.apache.commons.math3.stat.Frequency.addValue",,,,,,,,,,,,,,8,3,1,2,0,2,1,1,0,,,,0,,,,,,,,,,,,,10,0,1,5,1,1,1,1,1,1,,,0,0,,1,1,1,1,1.67
Public Method,"org.apache.commons.math3.stat.Frequency.addValue",,,,,,,,,,,,,,8,3,1,2,0,2,1,1,0,,,,0,,,,,,,,,,,,,3,0,1,5,1,1,1,1,1,1,,,0,0,,1,1,1,1,1.67
Public Method,"org.apache.commons.math3.stat.Frequency.clear",,,,,,,,,,,,,,4,3,1,1,0,2,1,1,0,,,,0,,,,,,,,,,,,,2,0,1,1,1,1,1,1,1,1,,,0,0,,1,1,1,1,0.33
Public Method,"org.apache.commons.math3.stat.Frequency.equals",,,,,,,,,,,,,,18,17,11,2,1,12,6,6,7,,,,7,,,,,,,,,,,,,2,0,2,1,6,6,2,10,6,6,,,7,2,,6,6,6,6,0.06
Public Method,"org.apache.commons.math3.stat.Frequency.getCount",,,,,,,,,,,,,,22,14,9,4,1,9,4,4,2,,,,0,,,,,,,,,,,,,5,0,3,8,4,5,3,6,4,1,,,0,2,,4,4,1,4,0.57
Public Method,"org.apache.commons.math3.stat.Frequency.getCount",,,,,,,,,,,,,,9,3,1,3,0,2,1,1,0,,,,0,,,,,,,,,,,,,13,0,1,6,1,1,1,1,1,1,,,0,0,,1,1,1,1,2.00
Public Method,"org.apache.commons.math3.stat.Frequency.getCount",,,,,,,,,,,,,,9,3,1,3,0,2,1,1,0,,,,0,,,,,,,,,,,,,1,0,1,6,1,1,1,1,1,1,,,0,0,,1,1,1,1,2.00
Public Method,"org.apache.commons.math3.stat.Frequency.getCount",,,,,,,,,,,,,,9,3,1,3,0,2,1,1,0,,,,0,,,,,,,,,,,,,2,0,1,6,1,1,1,1,1,1,,,0,0,,1,1,1,1,2.00
Public Method,"org.apache.commons.math3.stat.Frequency.getCumFreq",,,,,,,,,,,,,,50,38,26,13,1,25,10,10,10,,,,8,,,,,,,,,,,,,3,4,7,12,24,15,6,19,10,8,,,9,2,,10,10,8,10,0.32
Public Method,"org.apache.commons.math3.stat.Frequency.getCumFreq",,,,,,,,,,,,,,11,3,1,3,0,2,1,1,0,,,,0,,,,,,,,,,,,,3,0,1,8,1,1,1,1,1,1,,,0,0,,1,1,1,1,2.67
Public Method,"org.apache.commons.math3.stat.Frequency.getCumFreq",,,,,,,,,,,,,,11,3,1,3,0,2,1,1,0,,,,0,,,,,,,,,,,,,1,0,1,8,1,1,1,1,1,1,,,0,0,,1,1,1,1,2.67
Public Method,"org.apache.commons.math3.stat.Frequency.getCumFreq",,,,,,,,,,,,,,11,3,1,3,0,2,1,1,0,,,,0,,,,,,,,,,,,,2,0,1,8,1,1,1,1,1,1,,,0,0,,1,1,1,1,2.67
Public Method,"org.apache.commons.math3.stat.Frequency.getCumPct",,,,,,,,,,,,,,18,7,4,3,0,5,2,2,1,,,,0,,,,,,,,,,,,,2,0,2,11,2,3,2,3,2,1,,,0,1,,2,2,1,2,1.57
Public Method,"org.apache.commons.math3.stat.Frequency.getCumPct",,,,,,,,,,,,,,12,3,1,3,0,2,1,1,0,,,,0,,,,,,,,,,,,,5,0,1,9,1,1,1,1,1,1,,,0,0,,1,1,1,1,3.00
Public Method,"org.apache.commons.math3.stat.Frequency.getCumPct",,,,,,,,,,,,,,12,3,1,3,0,2,1,1,0,,,,0,,,,,,,,,,,,,2,0,1,9,1,1,1,1,1,1,,,0,0,,1,1,1,1,3.00
Public Method,"org.apache.commons.math3.stat.Frequency.getCumPct",,,,,,,,,,,,,,12,3,1,3,0,2,1,1,0,,,,0,,,,,,,,,,,,,3,0,1,9,1,1,1,1,1,1,,,0,0,,1,1,1,1,3.00
Public Method,"org.apache.commons.math3.stat.Frequency.getPct",,,,,,,,,,,,,,16,7,4,3,0,5,2,2,1,,,,0,,,,,,,,,,,,,2,0,2,9,2,3,2,3,2,1,,,0,1,,2,2,1,2,1.29
Public Method,"org.apache.commons.math3.stat.Frequency.getPct",,,,,,,,,,,,,,10,3,1,3,0,2,1,1,0,,,,0,,,,,,,,,,,,,3,0,1,7,1,1,1,1,1,1,,,0,0,,1,1,1,1,2.33
Public Method,"org.apache.commons.math3.stat.Frequency.getPct",,,,,,,,,,,,,,10,3,1,3,0,2,1,1,0,,,,0,,,,,,,,,,,,,2,0,1,7,1,1,1,1,1,1,,,0,0,,1,1,1,1,2.33
Public Method,"org.apache.commons.math3.stat.Frequency.getPct",,,,,,,,,,,,,,10,3,1,3,0,2,1,1,0,,,,0,,,,,,,,,,,,,3,0,1,7,1,1,1,1,1,1,,,0,0,,1,1,1,1,2.33
Public Method,"org.apache.commons.math3.stat.Frequency.getSumFreq",,,,,,,,,,,,,,13,8,5,6,0,6,2,2,0,,,,0,,,,,,,,,,,,,7,0,3,5,2,4,3,3,2,1,,,0,1,,2,2,1,2,0.62
Public Method,"org.apache.commons.math3.stat.Frequency.getUniqueCount",,,,,,,,,,,,,,9,3,1,3,0,2,1,1,0,,,,0,,,,,,,,,,,,,2,0,1,6,1,1,1,1,1,1,,,0,0,,1,1,1,1,2.00
Public Method,"org.apache.commons.math3.stat.Frequency.hashCode",,,,,,,,,,,,,,8,7,5,2,0,5,2,2,0,,,,0,,,,,,,,,,,,,1,0,3,1,1,4,3,2,2,1,,,0,0,,2,2,1,2,0.14
Public Method,"org.apache.commons.math3.stat.Frequency.toString",,,,,,,,,,,,,,24,18,15,12,0,16,2,2,0,,,,0,,,,,,,,,,,,,2,0,5,6,2,14,5,11,2,1,,,0,1,,2,2,1,2,0.33
Public Method,"org.apache.commons.math3.stat.Frequency.valuesIterator",,,,,,,,,,,,,,12,3,1,3,0,2,1,1,0,,,,0,,,,,,,,,,,,,3,0,1,9,1,1,1,1,1,1,,,0,0,,1,1,1,1,3.00
Public Class,"org.apache.commons.math3.stat.FrequencyTest",1,1,1,1,2,,0,,9,9,0,0,9,236,200,167,,,174,,,,4,1,1,,1,1,22,20,1,0,0,,,8,9,0,,19,37,21,,160,28,146,,,4,4,,1,55,13,13,9,13,0.10
Public Method,"org.apache.commons.math3.stat.FrequencyTest.setUp",,,,,,,,,,,,,,3,3,1,2,0,2,1,1,0,,,,0,,,,,,,,,,,,,0,0,1,0,1,1,1,1,1,1,,,0,0,,1,1,1,1,0.00
Public Method,"org.apache.commons.math3.stat.FrequencyTest.testAdd",,,,,,,,,,,,,,33,28,23,11,1,21,4,4,3,,,,0,,,,,,,,,,,,,2,1,4,4,8,17,4,17,4,1,,,0,1,,4,4,1,4,0.14
Public Method,"org.apache.commons.math3.stat.FrequencyTest.testCounts",,,,,,,,,,,,,,72,65,63,22,0,64,1,1,0,,,,0,,,,,,,,,,,,,6,5,2,2,1,63,2,62,1,1,,,0,0,,1,1,1,1,0.03
Public Method,"org.apache.commons.math3.stat.FrequencyTest.testEmptyTable",,,,,,,,,,,,,,12,11,9,13,0,10,1,1,0,,,,0,,,,,,,,,,,,,1,0,1,1,1,9,1,9,1,1,,,0,0,,1,1,1,1,0.09
Public Method,"org.apache.commons.math3.stat.FrequencyTest.testGetUniqueCount",,,,,,,,,,,,,,9,9,7,4,0,8,1,1,0,,,,0,,,,,,,,,,,,,3,0,1,0,1,7,1,7,1,1,,,0,0,,1,1,1,1,0.00
Public Method,"org.apache.commons.math3.stat.FrequencyTest.testIntegerValues",,,,,,,,,,,,,,19,19,16,13,0,17,2,2,0,,,,0,,,,,,,,,,,,,2,0,4,0,2,15,4,13,2,1,,,0,1,,2,2,1,2,0.00
Public Method,"org.apache.commons.math3.stat.FrequencyTest.testPcts",,,,,,,,,,,,,,23,22,20,10,0,21,1,1,0,,,,0,,,,,,,,,,,,,8,0,1,1,1,20,1,20,1,1,,,0,0,,1,1,1,1,0.05
Public Method,"org.apache.commons.math3.stat.FrequencyTest.testSerial",,,,,,,,,,,,,,7,7,5,4,0,6,1,1,0,,,,0,,,,,,,,,,,,,5,0,1,0,1,5,1,5,1,1,,,0,0,,1,1,1,1,0.00
Public Method,"org.apache.commons.math3.stat.FrequencyTest.testToString",,,,,,,,,,,,,,25,17,15,6,0,16,1,1,0,,,,0,,,,,,,,,,,,,5,4,4,8,1,15,4,12,1,1,,,0,0,,1,1,1,1,0.47
Public Class,"org.apache.commons.math3.stat.StatUtils",1,1,0,17,17,,10,,1,31,0,1,30,747,155,68,,,108,,,,4,1,1,,1,1,21,4,1,0,30,,,0,31,0,,46,67,546,,68,56,52,,,4,4,,1,92,39,39,31,39,3.52
Private Constructor,"org.apache.commons.math3.stat.StatUtils.StatUtils",,,,,,,,,,,,,,5,2,0,1,0,1,1,1,0,,,,0,,,,,,,,,,,,,0,0,1,3,1,0,1,0,1,1,,,0,0,,1,1,1,1,1.50
Public Static Method,"org.apache.commons.math3.stat.StatUtils.geometricMean",,,,,,,,,,,,,,16,3,1,2,0,2,1,1,0,,,,0,,,,,,,,,,,,,3,0,1,13,1,1,1,1,1,1,,,0,0,,1,1,1,1,4.33
Public Static Method,"org.apache.commons.math3.stat.StatUtils.geometricMean",,,,,,,,,,,,,,21,4,1,2,0,2,1,1,0,,,,0,,,,,,,,,,,,,5,0,2,17,1,1,1,1,1,1,,,0,0,,1,1,1,1,4.25
Public Static Method,"org.apache.commons.math3.stat.StatUtils.max",,,,,,,,,,,,,,20,3,1,2,0,2,1,1,0,,,,0,,,,,,,,,,,,,6,0,1,17,1,1,1,1,1,1,,,0,0,,1,1,1,1,5.67
Public Static Method,"org.apache.commons.math3.stat.StatUtils.max",,,,,,,,,,,,,,26,4,1,2,0,2,1,1,0,,,,0,,,,,,,,,,,,,5,0,2,22,1,1,1,1,1,1,,,0,0,,1,1,1,1,5.50
Public Static Method,"org.apache.commons.math3.stat.StatUtils.mean",,,,,,,,,,,,,,16,3,1,2,0,2,1,1,0,,,,0,,,,,,,,,,,,,16,0,1,13,1,1,1,1,1,1,,,0,0,,1,1,1,1,4.33
Public Static Method,"org.apache.commons.math3.stat.StatUtils.mean",,,,,,,,,,,,,,21,4,1,2,0,2,1,1,0,,,,0,,,,,,,,,,,,,5,0,2,17,1,1,1,1,1,1,,,0,0,,1,1,1,1,4.25
Public Static Method,"org.apache.commons.math3.stat.StatUtils.meanDifference",,,,,,,,,,,,,,14,3,1,2,0,2,1,1,0,,,,0,,,,,,,,,,,,,6,0,1,11,1,1,1,1,1,1,,,0,0,,1,1,1,1,3.67
Public Static Method,"org.apache.commons.math3.stat.StatUtils.min",,,,,,,,,,,,,,20,3,1,2,0,2,1,1,0,,,,0,,,,,,,,,,,,,6,0,1,17,1,1,1,1,1,1,,,0,0,,1,1,1,1,5.67
Public Static Method,"org.apache.commons.math3.stat.StatUtils.min",,,,,,,,,,,,,,26,4,1,2,0,2,1,1,0,,,,0,,,,,,,,,,,,,5,0,2,22,1,1,1,1,1,1,,,0,0,,1,1,1,1,5.50
Public Static Method,"org.apache.commons.math3.stat.StatUtils.normalize",,,,,,,,,,,,,,28,13,9,5,1,14,3,3,0,,,,0,,,,,,,,,,,,,4,4,5,11,4,11,7,7,3,1,,,0,1,,3,3,1,3,0.85
Public Static Method,"org.apache.commons.math3.stat.StatUtils.percentile",,,,,,,,,,,,,,26,3,1,2,0,2,1,1,0,,,,0,,,,,,,,,,,,,4,0,1,23,1,1,1,1,1,1,,,0,0,,1,1,1,1,7.67
Public Static Method,"org.apache.commons.math3.stat.StatUtils.percentile",,,,,,,,,,,,,,31,4,1,2,0,2,1,1,0,,,,0,,,,,,,,,,,,,6,0,2,27,1,1,1,1,1,1,,,0,0,,1,1,1,1,6.75
Public Static Method,"org.apache.commons.math3.stat.StatUtils.populationVariance",,,,,,,,,,,,,,19,3,1,3,0,2,1,1,0,,,,0,,,,,,,,,,,,,1,0,1,16,1,1,1,1,1,1,,,0,0,,1,1,1,1,5.33
Public Static Method,"org.apache.commons.math3.stat.StatUtils.populationVariance",,,,,,,,,,,,,,25,4,1,3,0,2,1,1,0,,,,0,,,,,,,,,,,,,4,0,2,21,1,1,1,1,1,1,,,0,0,,1,1,1,1,5.25
Public Static Method,"org.apache.commons.math3.stat.StatUtils.populationVariance",,,,,,,,,,,,,,31,4,1,3,0,2,1,1,0,,,,0,,,,,,,,,,,,,5,0,2,27,1,1,1,1,1,1,,,0,0,,1,1,1,1,6.75
Public Static Method,"org.apache.commons.math3.stat.StatUtils.populationVariance",,,,,,,,,,,,,,26,3,1,3,0,2,1,1,0,,,,0,,,,,,,,,,,,,2,0,1,23,1,1,1,1,1,1,,,0,0,,1,1,1,1,7.67
Public Static Method,"org.apache.commons.math3.stat.StatUtils.product",,,,,,,,,,,,,,13,3,1,2,0,2,1,1,0,,,,0,,,,,,,,,,,,,3,0,1,10,1,1,1,1,1,1,,,0,0,,1,1,1,1,3.33
Public Static Method,"org.apache.commons.math3.stat.StatUtils.product",,,,,,,,,,,,,,18,4,1,2,0,2,1,1,0,,,,0,,,,,,,,,,,,,5,0,2,14,1,1,1,1,1,1,,,0,0,,1,1,1,1,3.50
Public Static Method,"org.apache.commons.math3.stat.StatUtils.sum",,,,,,,,,,,,,,15,3,1,2,0,2,1,1,0,,,,0,,,,,,,,,,,,,4,0,1,12,1,1,1,1,1,1,,,0,0,,1,1,1,1,4.00
Public Static Method,"org.apache.commons.math3.stat.StatUtils.sum",,,,,,,,,,,,,,18,4,1,2,0,2,1,1,0,,,,0,,,,,,,,,,,,,5,0,2,14,1,1,1,1,1,1,,,0,0,,1,1,1,1,3.50
Public Static Method,"org.apache.commons.math3.stat.StatUtils.sumDifference",,,,,,,,,,,,,,25,14,9,3,1,12,4,4,0,,,,0,,,,,,,,,,,,,6,0,3,11,8,8,4,8,4,1,,,0,1,,4,4,1,4,0.79
Public Static Method,"org.apache.commons.math3.stat.StatUtils.sumLog",,,,,,,,,,,,,,17,3,1,2,0,2,1,1,0,,,,0,,,,,,,,,,,,,4,0,1,14,1,1,1,1,1,1,,,0,0,,1,1,1,1,4.67
Public Static Method,"org.apache.commons.math3.stat.StatUtils.sumLog",,,,,,,,,,,,,,22,4,1,2,0,2,1,1,0,,,,0,,,,,,,,,,,,,6,0,2,18,1,1,1,1,1,1,,,0,0,,1,1,1,1,4.50
Public Static Method,"org.apache.commons.math3.stat.StatUtils.sumSq",,,,,,,,,,,,,,14,3,1,2,0,2,1,1,0,,,,0,,,,,,,,,,,,,5,0,1,11,1,1,1,1,1,1,,,0,0,,1,1,1,1,3.67
Public Static Method,"org.apache.commons.math3.stat.StatUtils.sumSq",,,,,,,,,,,,,,18,4,1,2,0,2,1,1,0,,,,0,,,,,,,,,,,,,5,0,2,14,1,1,1,1,1,1,,,0,0,,1,1,1,1,3.50
Public Static Method,"org.apache.commons.math3.stat.StatUtils.variance",,,,,,,,,,,,,,22,3,1,2,0,2,1,1,0,,,,0,,,,,,,,,,,,,17,0,1,19,1,1,1,1,1,1,,,0,0,,1,1,1,1,6.33
Public Static Method,"org.apache.commons.math3.stat.StatUtils.variance",,,,,,,,,,,,,,28,4,1,2,0,2,1,1,0,,,,0,,,,,,,,,,,,,6,0,2,24,1,1,1,1,1,1,,,0,0,,1,1,1,1,6.00
Public Static Method,"org.apache.commons.math3.stat.StatUtils.variance",,,,,,,,,,,,,,34,4,1,2,0,2,1,1,0,,,,0,,,,,,,,,,,,,6,0,2,30,1,1,1,1,1,1,,,0,0,,1,1,1,1,7.50
Public Static Method,"org.apache.commons.math3.stat.StatUtils.variance",,,,,,,,,,,,,,29,3,1,2,0,2,1,1,0,,,,0,,,,,,,,,,,,,4,0,1,26,1,1,1,1,1,1,,,0,0,,1,1,1,1,8.67
Public Static Method,"org.apache.commons.math3.stat.StatUtils.varianceDifference",,,,,,,,,,,,,,33,20,13,3,1,16,4,4,0,,,,0,,,,,,,,,,,,,7,0,7,13,8,12,6,10,4,1,,,0,1,,4,4,1,4,0.65
Public Class,"org.apache.commons.math3.stat.StatUtilsTest",2,1,3,4,6,,0,,16,16,0,0,16,483,324,252,,,233,,,,4,1,1,,2,2,26,18,1,0,0,,,11,16,0,,82,71,77,,194,58,175,,,4,4,,1,71,38,38,16,38,0.24
Public Method,"org.apache.commons.math3.stat.StatUtilsTest.testArrayIndexConditions",,,,,,,,,,,,,,34,28,24,3,1,11,3,3,2,,,,0,,,,,,,,,,,,,0,4,2,2,4,8,2,9,3,1,,,0,1,,3,3,1,3,0.07
Public Method,"org.apache.commons.math3.stat.StatUtilsTest.testDifferenceStats",,,,,,,,,,,,,,30,27,22,8,1,19,4,4,3,,,,0,,,,,,,,,,,,,1,0,7,3,8,15,7,12,4,1,,,0,1,,4,4,1,4,0.11
Public Method,"org.apache.commons.math3.stat.StatUtilsTest.testGeometricMean",,,,,,,,,,,,,,14,13,10,7,0,8,2,2,1,,,,0,,,,,,,,,,,,,0,0,2,1,2,6,2,6,2,1,,,0,1,,2,2,1,2,0.08
Public Method,"org.apache.commons.math3.stat.StatUtilsTest.testMax",,,,,,,,,,,,,,38,22,19,5,0,19,2,2,1,,,,0,,,,,,,,,,,,,5,8,2,8,2,17,2,17,2,1,,,0,1,,2,2,1,2,0.36
Public Method,"org.apache.commons.math3.stat.StatUtilsTest.testMean",,,,,,,,,,,,,,22,14,11,4,0,11,2,2,1,,,,0,,,,,,,,,,,,,4,4,2,4,2,9,2,9,2,1,,,0,1,,2,2,1,2,0.29
Public Method,"org.apache.commons.math3.stat.StatUtilsTest.testMin",,,,,,,,,,,,,,38,22,19,5,0,19,2,2,1,,,,0,,,,,,,,,,,,,5,8,2,8,2,17,2,17,2,1,,,0,1,,2,2,1,2,0.36
Public Method,"org.apache.commons.math3.stat.StatUtilsTest.testN0andN1Conditions",,,,,,,,,,,,,,19,16,14,4,0,7,1,1,0,,,,0,,,,,,,,,,,,,1,3,2,0,1,6,2,5,1,1,,,0,0,,1,1,1,1,0.00
Public Method,"org.apache.commons.math3.stat.StatUtilsTest.testNormalize1",,,,,,,,,,,,,,12,8,5,4,0,8,2,2,0,,,,0,,,,,,,,,,,,,1,1,4,3,2,6,5,3,2,1,,,0,1,,2,2,1,2,0.38
Public Method,"org.apache.commons.math3.stat.StatUtilsTest.testNormalize2",,,,,,,,,,,,,,26,15,11,7,1,16,3,3,0,,,,0,,,,,,,,,,,,,0,2,6,9,4,13,8,8,3,1,,,0,1,,3,3,1,3,0.60
Public Method,"org.apache.commons.math3.stat.StatUtilsTest.testPercentile",,,,,,,,,,,,,,33,22,18,5,1,17,3,3,2,,,,0,,,,,,,,,,,,,4,5,2,6,4,14,2,15,3,1,,,0,1,,3,3,1,3,0.27
Public Method,"org.apache.commons.math3.stat.StatUtilsTest.testPopulationVariance",,,,,,,,,,,,,,26,16,13,6,0,13,2,2,1,,,,0,,,,,,,,,,,,,4,5,2,5,2,11,2,11,2,1,,,0,1,,2,2,1,2,0.31
Public Method,"org.apache.commons.math3.stat.StatUtilsTest.testProduct",,,,,,,,,,,,,,33,22,18,4,1,17,3,3,2,,,,0,,,,,,,,,,,,,4,5,2,6,4,14,2,15,3,1,,,0,1,,3,3,1,3,0.27
Public Method,"org.apache.commons.math3.stat.StatUtilsTest.testStats",,,,,,,,,,,,,,11,10,8,8,0,9,1,1,0,,,,0,,,,,,,,,,,,,10,0,2,1,1,8,2,7,1,1,,,0,0,,1,1,1,1,0.10
Public Method,"org.apache.commons.math3.stat.StatUtilsTest.testSumLog",,,,,,,,,,,,,,33,22,18,5,1,17,3,3,2,,,,0,,,,,,,,,,,,,4,5,2,6,4,14,2,15,3,1,,,0,1,,3,3,1,3,0.27
Public Method,"org.apache.commons.math3.stat.StatUtilsTest.testSumSq",,,,,,,,,,,,,,33,22,18,4,1,17,3,3,2,,,,0,,,,,,,,,,,,,4,5,2,6,4,14,2,15,3,1,,,0,1,,3,3,1,3,0.27
Public Method,"org.apache.commons.math3.stat.StatUtilsTest.testVariance",,,,,,,,,,,,,,26,16,13,5,0,13,2,2,1,,,,0,,,,,,,,,,,,,4,5,2,5,2,11,2,11,2,1,,,0,1,,2,2,1,2,0.31
Package,"org.apache.commons.math3.stat.clustering",2,1,2,5,,8,2,7,36,,2,6,31,1100,582,343,,,443,,,,17,9,,,2,2,20,13,,,3,,,10,39,0,,160,239,359,,318,228,215,,,17,17,,6,,106,107,51,104,0.62
Public Generic Class,"org.apache.commons.math3.stat.clustering.Cluster",1,1,0,4,0,,1,,4,4,0,0,4,51,18,6,,,13,,,,1,1,1,,1,1,7,3,2,0,0,,,2,4,0,,8,8,25,,8,8,5,,,1,1,,0,58,4,4,4,4,1.39
Public Constructor,"org.apache.commons.math3.stat.clustering.Cluster.Cluster",,,,,,,,,,,,,,8,4,2,3,0,3,1,1,0,,,,0,,,,,,,,,,,,,3,0,1,4,1,2,1,2,1,1,,,0,0,,1,1,1,1,1.00
TypeVariable,"org.apache.commons.math3.stat.clustering.Cluster.T",0,0,0,0,0,,0,,0,0,0,0,0,0,0,0,,,0,,,,0,0,1,,0,0,0,0,2,0,0,,,0,0,0,,0,0,0,,0,0,0,,,0,0,,0,0,0,0,0,0,0.00
Public Method,"org.apache.commons.math3.stat.clustering.Cluster.addPoint",,,,,,,,,,,,,,7,3,1,1,0,2,1,1,0,,,,0,,,,,,,,,,,,,3,0,1,4,1,1,1,1,1,1,,,0,0,,1,1,1,1,1.33
Public Method,"org.apache.commons.math3.stat.clustering.Cluster.getCenter",,,,,,,,,,,,,,7,3,1,1,0,2,1,1,0,,,,0,,,,,,,,,,,,,8,0,1,4,1,1,1,1,1,1,,,0,0,,1,1,1,1,1.33
Public Method,"org.apache.commons.math3.stat.clustering.Cluster.getPoints",,,,,,,,,,,,,,7,3,1,1,0,2,1,1,0,,,,0,,,,,,,,,,,,,8,0,1,4,1,1,1,1,1,1,,,0,0,,1,1,1,1,1.33
Public Generic Interface,"org.apache.commons.math3.stat.clustering.Clusterable",0,0,0,0,0,,0,,2,2,2,0,0,19,4,0,,,3,,,,0,0,0,,0,0,0,0,0,7,0,,,0,2,0,,3,3,12,,2,3,0,,,0,0,,0,0,0,0,0,0,3.00
TypeVariable,"org.apache.commons.math3.stat.clustering.Clusterable.T",0,0,0,0,0,,0,,0,0,0,0,0,0,0,0,,,0,,,,0,0,1,,0,0,0,0,1,0,0,,,0,0,0,,0,0,0,,0,0,0,,,0,0,,0,0,0,0,0,0,0.00
Abstract Method,"org.apache.commons.math3.stat.clustering.Clusterable.centroidOf",,,,,,,,,,,,,,7,1,0,1,0,1,0,0,0,,,,0,,,,,,,,,,,,,1,0,1,6,0,1,1,0,0,0,,,0,0,,0,0,0,0,6.00
Abstract Method,"org.apache.commons.math3.stat.clustering.Clusterable.distanceFrom",,,,,,,,,,,,,,7,1,0,1,0,1,0,0,0,,,,0,,,,,,,,,,,,,4,0,1,6,0,1,1,0,0,0,,,0,0,,0,0,0,0,6.00
Public Class,"org.apache.commons.math3.stat.clustering.EuclideanIntegerPoint",2,1,0,2,1,,1,,7,7,0,0,7,96,62,32,,,51,,,,5,5,1,,2,2,10,7,3,0,0,,,1,7,0,,10,18,24,,31,21,30,,,5,5,,2,64,17,17,11,17,0.39
Public Constructor,"org.apache.commons.math3.stat.clustering.EuclideanIntegerPoint.EuclideanIntegerPoint",,,,,,,,,,,,,,8,3,1,2,0,2,1,1,0,,,,0,,,,,,,,,,,,,11,0,1,5,1,1,1,1,1,1,,,0,0,,1,1,1,1,1.67
Public Method,"org.apache.commons.math3.stat.clustering.EuclideanIntegerPoint.centroidOf",,,,,,,,,,,,,,13,12,7,4,1,13,4,4,0,,,,0,,,,,,,,,,,,,3,0,2,1,6,8,5,8,4,1,,,0,2,,4,4,1,4,0.08
Public Method,"org.apache.commons.math3.stat.clustering.EuclideanIntegerPoint.distanceFrom",,,,,,,,,,,,,,4,3,1,3,0,2,1,1,0,,,,0,,,,,,,,,,,,,4,0,1,1,1,1,1,1,1,1,,,0,0,,1,1,1,1,0.33
Public Method,"org.apache.commons.math3.stat.clustering.EuclideanIntegerPoint.equals",,,,,,,,,,,,,,16,15,9,2,1,12,5,5,5,,,,5,,,,,,,,,,,,,4,0,2,1,5,7,3,9,5,5,,,5,2,,5,5,5,5,0.07
Public Method,"org.apache.commons.math3.stat.clustering.EuclideanIntegerPoint.getPoint",,,,,,,,,,,,,,7,3,1,1,0,2,1,1,0,,,,0,,,,,,,,,,,,,8,0,1,4,1,1,1,1,1,1,,,0,0,,1,1,1,1,1.33
Public Method,"org.apache.commons.math3.stat.clustering.EuclideanIntegerPoint.hashCode",,,,,,,,,,,,,,8,7,4,2,0,6,2,2,0,,,,0,,,,,,,,,,,,,2,0,2,1,2,3,3,3,2,1,,,0,1,,2,2,1,2,0.14
Public Method,"org.apache.commons.math3.stat.clustering.EuclideanIntegerPoint.toString",,,,,,,,,,,,,,16,12,8,4,0,11,3,3,0,,,,0,,,,,,,,,,,,,1,0,3,4,3,8,4,7,3,1,,,0,2,,3,3,1,3,0.33
Public Class,"org.apache.commons.math3.stat.clustering.EuclideanIntegerPointTest",1,1,0,0,3,,0,,4,4,0,0,4,36,31,17,,,22,,,,1,1,1,,1,1,6,6,1,0,0,,,0,4,0,,5,15,0,,17,11,11,,,1,1,,0,0,4,4,4,4,0.00
Public Method,"org.apache.commons.math3.stat.clustering.EuclideanIntegerPointTest.testArrayIsReference",,,,,,,,,,,,,,4,4,2,3,0,3,1,1,0,,,,0,,,,,,,,,,,,,0,0,2,0,1,2,2,1,1,1,,,0,0,,1,1,1,1,0.00
Public Method,"org.apache.commons.math3.stat.clustering.EuclideanIntegerPointTest.testCentroid",,,,,,,,,,,,,,10,10,8,6,0,9,1,1,0,,,,0,,,,,,,,,,,,,0,0,3,0,1,8,3,6,1,1,,,0,0,,1,1,1,1,0.00
Public Method,"org.apache.commons.math3.stat.clustering.EuclideanIntegerPointTest.testDistance",,,,,,,,,,,,,,7,7,5,4,0,6,1,1,0,,,,0,,,,,,,,,,,,,0,0,3,0,1,5,3,3,1,1,,,0,0,,1,1,1,1,0.00
Public Method,"org.apache.commons.math3.stat.clustering.EuclideanIntegerPointTest.testSerial",,,,,,,,,,,,,,4,4,2,3,0,3,1,1,0,,,,0,,,,,,,,,,,,,0,0,2,0,1,2,2,1,1,1,,,0,0,,1,1,1,1,0.00
Public Generic Class,"org.apache.commons.math3.stat.clustering.KMeansPlusPlusClusterer",5,2,6,13,9,,0,,7,10,0,6,4,472,242,160,,,194,,,,17,9,1,,5,5,42,22,1,0,3,,,2,10,0,,81,78,150,,130,83,111,,,17,17,,6,70,56,57,20,54,0.62
Public Enum Type,"org.apache.commons.math3.stat.clustering.KMeansPlusPlusClusterer.EmptyClusterStrategy",1,1,0,0,1,,0,,2,2,0,0,2,16,6,0,,,1,,,,1,1,1,,1,1,0,0,1,0,0,,,4,2,0,,5,5,5,,0,1,0,,,1,1,,0,100,2,2,2,2,0.83
Public Method,"org.apache.commons.math3.stat.clustering.KMeansPlusPlusClusterer.EmptyClusterStrategy.valueOf",,,,,,,,,,,,,,0,0,0,1,0,0,1,1,0,,,,0,,,,,,,,,,,,,0,0,0,0,0,0,0,0,1,1,,,0,0,,1,1,1,1,0.00
Public Method,"org.apache.commons.math3.stat.clustering.KMeansPlusPlusClusterer.EmptyClusterStrategy.values",,,,,,,,,,,,,,0,0,0,1,0,0,1,1,0,,,,0,,,,,,,,,,,,,0,0,0,0,0,0,0,0,1,1,,,0,0,,1,1,1,1,0.00
Public Constructor,"org.apache.commons.math3.stat.clustering.KMeansPlusPlusClusterer.KMeansPlusPlusClusterer",,,,,,,,,,,,,,10,3,1,2,0,2,1,1,0,,,,0,,,,,,,,,,,,,6,0,1,7,1,1,1,1,1,1,,,0,0,,1,1,1,1,2.33
Public Constructor,"org.apache.commons.math3.stat.clustering.KMeansPlusPlusClusterer.KMeansPlusPlusClusterer",,,,,,,,,,,,,,10,4,2,3,0,3,1,1,0,,,,0,,,,,,,,,,,,,4,0,1,6,1,2,1,2,1,1,,,0,0,,1,1,1,1,1.50
TypeVariable,"org.apache.commons.math3.stat.clustering.KMeansPlusPlusClusterer.T",0,0,0,0,0,,0,,0,0,0,0,0,0,0,0,,,0,,,,0,0,1,,0,0,0,0,2,0,0,,,0,0,0,,0,0,0,,0,0,0,,,0,0,,0,0,0,0,0,0,0.00
Private Static Generic Method,"org.apache.commons.math3.stat.clustering.KMeansPlusPlusClusterer.assignPointsToClusters",,,,,,,,,,,,,,26,15,10,5,0,12,3,3,0,,,,0,,,,,,,,,,,,,4,2,6,9,3,8,6,6,3,1,,,0,2,,3,3,1,3,0.60
TypeVariable,"org.apache.commons.math3.stat.clustering.KMeansPlusPlusClusterer.assignPointsToClusters.T",0,0,0,0,0,,0,,0,0,0,0,0,0,0,0,,,0,,,,0,0,1,,0,0,0,0,2,0,0,,,0,0,0,,0,0,0,,0,0,0,,,0,0,,0,0,0,0,0,0,0.00
Private Static Generic Method,"org.apache.commons.math3.stat.clustering.KMeansPlusPlusClusterer.chooseInitialCenters",,,,,,,,,,,,,,127,64,46,9,3,56,17,17,8,,,,6,,,,,,,,,,,,,4,24,16,40,867,39,21,35,17,9,,,8,6,,17,17,9,17,0.62
TypeVariable,"org.apache.commons.math3.stat.clustering.KMeansPlusPlusClusterer.chooseInitialCenters.T",0,0,0,0,0,,0,,0,0,0,0,0,0,0,0,,,0,,,,0,0,1,,0,0,0,0,2,0,0,,,0,0,0,,0,0,0,,0,0,0,,,0,0,,0,0,0,0,0,0,0.00
Public Method,"org.apache.commons.math3.stat.clustering.KMeansPlusPlusClusterer.cluster",,,,,,,,,,,,,,54,25,16,9,1,21,6,6,0,,,,0,,,,,,,,,,,,,5,10,9,19,9,13,10,11,6,1,,,0,4,,6,6,1,6,0.76
Public Method,"org.apache.commons.math3.stat.clustering.KMeansPlusPlusClusterer.cluster",,,,,,,,,,,,,,69,44,33,16,1,33,10,11,10,,,,3,,,,,,,,,,,,,14,6,10,19,26,25,10,23,8,3,,,4,4,,10,11,3,8,0.43
Private Method,"org.apache.commons.math3.stat.clustering.KMeansPlusPlusClusterer.getFarthestPoint",,,,,,,,,,,,,,35,21,15,8,1,19,5,5,0,,,,0,,,,,,,,,,,,,3,6,7,8,8,13,9,10,5,1,,,0,3,,5,5,1,5,0.38
Private Static Generic Method,"org.apache.commons.math3.stat.clustering.KMeansPlusPlusClusterer.getNearestCluster",,,,,,,,,,,,,,22,14,10,3,0,12,3,3,0,,,,0,,,,,,,,,,,,,3,0,5,8,3,8,6,6,3,1,,,0,2,,3,3,1,3,0.57
TypeVariable,"org.apache.commons.math3.stat.clustering.KMeansPlusPlusClusterer.getNearestCluster.T",0,0,0,0,0,,0,,0,0,0,0,0,0,0,0,,,0,,,,0,0,1,,0,0,0,0,2,0,0,,,0,0,0,,0,0,0,,0,0,0,,,0,0,,0,0,0,0,0,0,0.00
Private Method,"org.apache.commons.math3.stat.clustering.KMeansPlusPlusClusterer.getPointFromLargestNumberCluster",,,,,,,,,,,,,,33,16,11,6,1,13,4,4,0,,,,0,,,,,,,,,,,,,4,7,5,10,6,8,6,7,4,1,,,0,2,,4,4,1,4,0.62
Private Method,"org.apache.commons.math3.stat.clustering.KMeansPlusPlusClusterer.getPointFromLargestVarianceCluster",,,,,,,,,,,,,,40,23,16,12,1,19,6,6,0,,,,0,,,,,,,,,,,,,4,7,7,10,12,11,9,10,6,1,,,0,3,,6,6,1,6,0.43
Public Class,"org.apache.commons.math3.stat.clustering.KMeansPlusPlusClustererTest",3,1,3,4,6,,0,,5,5,0,0,5,242,186,128,,,121,,,,6,1,1,,3,3,37,30,1,0,0,,,0,5,0,,29,78,27,,91,63,58,,,6,6,,3,0,16,16,5,16,0.15
Private Class,"org.apache.commons.math3.stat.clustering.KMeansPlusPlusClustererTest.CloseIntegerPoint",1,1,0,0,1,,0,,5,5,0,0,5,39,29,11,,,19,,,,2,1,1,,1,1,5,4,2,0,0,,,1,5,0,,6,12,4,,10,10,9,,,2,2,,1,0,7,7,5,7,0.14
Public Constructor,"org.apache.commons.math3.stat.clustering.KMeansPlusPlusClustererTest.CloseIntegerPoint.CloseIntegerPoint",,,,,,,,,,,,,,3,3,1,2,0,2,1,1,0,,,,0,,,,,,,,,,,,,3,0,1,0,1,1,1,1,1,1,,,0,0,,1,1,1,1,0.00
Public Method,"org.apache.commons.math3.stat.clustering.KMeansPlusPlusClustererTest.CloseIntegerPoint.centroidOf",,,,,,,,,,,,,,8,8,4,4,0,6,2,2,0,,,,0,,,,,,,,,,,,,2,0,3,0,2,3,3,3,2,1,,,0,1,,2,2,1,2,0.00
Public Method,"org.apache.commons.math3.stat.clustering.KMeansPlusPlusClustererTest.CloseIntegerPoint.distanceFrom",,,,,,,,,,,,,,3,3,1,2,0,2,1,1,0,,,,0,,,,,,,,,,,,,2,0,1,0,1,1,1,1,1,1,,,0,0,,1,1,1,1,0.00
Public Method,"org.apache.commons.math3.stat.clustering.KMeansPlusPlusClustererTest.CloseIntegerPoint.equals",,,,,,,,,,,,,,8,7,4,2,0,5,2,2,1,,,,0,,,,,,,,,,,,,3,1,2,0,2,3,2,3,2,1,,,0,1,,2,2,1,2,0.00
Public Method,"org.apache.commons.math3.stat.clustering.KMeansPlusPlusClustererTest.CloseIntegerPoint.hashCode",,,,,,,,,,,,,,3,3,1,2,0,2,1,1,0,,,,0,,,,,,,,,,,,,1,0,1,0,1,1,1,1,1,1,,,0,0,,1,1,1,1,0.00
Public Method,"org.apache.commons.math3.stat.clustering.KMeansPlusPlusClustererTest.dimension2",,,,,,,,,,,,,,64,55,48,10,1,28,4,4,2,,,,0,,,,,,,,,,,,,0,6,11,3,4,23,9,19,4,1,,,0,2,,4,4,1,4,0.05
Public Method,"org.apache.commons.math3.stat.clustering.KMeansPlusPlusClustererTest.testCertainSpace",,,,,,,,,,,,,,47,40,29,7,1,36,6,6,0,,,,0,,,,,,,,,,,,,4,3,19,4,10,28,19,17,6,1,,,0,3,,6,6,1,6,0.10
Public Method,"org.apache.commons.math3.stat.clustering.KMeansPlusPlusClustererTest.testPerformClusterAnalysisDegenerate",,,,,,,,,,,,,,20,14,12,10,0,10,1,1,0,,,,0,,,,,,,,,,,,,0,1,8,5,1,9,6,4,1,1,,,0,0,,1,1,1,1,0.36
Public Method,"org.apache.commons.math3.stat.clustering.KMeansPlusPlusClustererTest.testPerformClusterAnalysisToManyClusters",,,,,,,,,,,,,,19,13,9,4,0,4,1,1,0,,,,0,,,,,,,,,,,,,0,3,5,3,1,3,3,1,1,1,,,0,0,,1,1,1,1,0.23
Public Method,"org.apache.commons.math3.stat.clustering.KMeansPlusPlusClustererTest.testSmallDistances",,,,,,,,,,,,,,39,28,19,8,1,23,4,4,0,,,,0,,,,,,,,,,,,,0,3,17,8,6,18,15,8,4,1,,,0,2,,4,4,1,4,0.29
Package,"org.apache.commons.math3.stat.correlation",1,1,0,6,,9,0,10,82,,0,7,66,1997,1067,696,,,624,,,,5,3,,,1,1,15,8,,,0,,,21,82,9,,165,387,765,,474,352,272,,,5,5,,3,,143,145,86,143,0.72
Public Class,"org.apache.commons.math3.stat.correlation.Covariance",1,1,0,8,8,,0,,14,14,0,1,9,248,87,48,,,66,,,,5,1,1,,1,1,14,5,1,1,0,,,2,14,4,,16,32,145,,45,33,33,,,5,5,,2,78,21,22,14,21,1.67
Public Constructor,"org.apache.commons.math3.stat.correlation.Covariance.Covariance",,,,,,,,,,,,,,8,5,3,3,0,4,1,1,0,,,,0,,,,,,,,,,,,,3,0,1,3,1,3,1,3,1,1,,,0,0,,1,1,1,1,0.60
Public Constructor,"org.apache.commons.math3.stat.correlation.Covariance.Covariance",,,,,,,,,,,,,,18,3,1,3,0,2,1,1,0,,,,0,,,,,,,,,,,,,3,0,1,15,1,1,1,1,1,1,,,0,0,,1,1,1,1,5.00
Public Constructor,"org.apache.commons.math3.stat.correlation.Covariance.Covariance",,,,,,,,,,,,,,14,3,1,2,0,2,1,1,0,,,,0,,,,,,,,,,,,,1,0,1,11,1,1,1,1,1,1,,,0,0,,1,1,1,1,3.67
Public Constructor,"org.apache.commons.math3.stat.correlation.Covariance.Covariance",,,,,,,,,,,,,,19,5,3,6,0,4,1,1,0,,,,0,,,,,,,,,,,,,4,0,1,14,1,3,1,3,1,1,,,0,0,,1,1,1,1,2.80
Public Constructor,"org.apache.commons.math3.stat.correlation.Covariance.Covariance",,,,,,,,,,,,,,13,3,1,2,0,2,1,1,0,,,,0,,,,,,,,,,,,,7,0,1,10,1,1,1,1,1,1,,,0,0,,1,1,1,1,3.33
Private Method,"org.apache.commons.math3.stat.correlation.Covariance.checkSufficientData",,,,,,,,,,,,,,14,9,6,3,0,5,2,3,0,,,,0,,,,,,,,,,,,,3,0,3,5,2,3,3,2,2,1,,,0,1,,2,3,1,2,0.56
Protected Method,"org.apache.commons.math3.stat.correlation.Covariance.computeCovarianceMatrix",,,,,,,,,,,,,,21,14,10,8,0,15,3,3,0,,,,0,,,,,,,,,,,,,5,0,5,7,3,12,7,8,3,1,,,0,2,,3,3,1,3,0.50
Protected Method,"org.apache.commons.math3.stat.correlation.Covariance.computeCovarianceMatrix",,,,,,,,,,,,,,10,3,1,2,0,2,1,1,0,,,,0,,,,,,,,,,,,,1,0,1,7,1,1,1,1,1,1,,,0,0,,1,1,1,1,2.33
Protected Method,"org.apache.commons.math3.stat.correlation.Covariance.computeCovarianceMatrix",,,,,,,,,,,,,,10,3,1,3,0,2,1,1,0,,,,0,,,,,,,,,,,,,4,0,1,7,1,1,1,1,1,1,,,0,0,,1,1,1,1,2.33
Protected Method,"org.apache.commons.math3.stat.correlation.Covariance.computeCovarianceMatrix",,,,,,,,,,,,,,10,3,1,2,0,2,1,1,0,,,,0,,,,,,,,,,,,,2,0,1,7,1,1,1,1,1,1,,,0,0,,1,1,1,1,2.33
Public Method,"org.apache.commons.math3.stat.correlation.Covariance.covariance",,,,,,,,,,,,,,34,22,17,4,1,17,5,5,2,,,,0,,,,,,,,,,,,,11,0,9,12,4,13,9,8,5,1,,,0,2,,5,5,1,5,0.55
Public Method,"org.apache.commons.math3.stat.correlation.Covariance.covariance",,,,,,,,,,,,,,16,4,1,2,0,2,1,1,0,,,,0,,,,,,,,,,,,,3,0,2,12,1,1,1,1,1,1,,,0,0,,1,1,1,1,3.00
Public Method,"org.apache.commons.math3.stat.correlation.Covariance.getCovarianceMatrix",,,,,,,,,,,,,,8,3,1,1,0,2,1,1,0,,,,0,,,,,,,,,,,,,7,0,1,5,1,1,1,1,1,1,,,0,0,,1,1,1,1,1.67
Public Method,"org.apache.commons.math3.stat.correlation.Covariance.getN",,,,,,,,,,,,,,8,3,1,1,0,2,1,1,0,,,,0,,,,,,,,,,,,,2,0,1,5,1,1,1,1,1,1,,,0,0,,1,1,1,1,1.67
Public Class,"org.apache.commons.math3.stat.correlation.CovarianceTest",2,1,1,5,5,,0,,6,6,0,0,5,216,168,138,,,67,,,,5,1,1,,2,2,22,15,1,0,0,,,2,6,1,,18,40,30,,53,36,31,,,5,5,,2,75,13,13,6,13,0.18
Protected Method,"org.apache.commons.math3.stat.correlation.CovarianceTest.createRealMatrix",,,,,,,,,,,,,,9,9,6,3,0,9,2,2,0,,,,0,,,,,,,,,,,,,6,0,3,0,2,7,4,5,2,1,,,0,1,,2,2,1,2,0.00
Public Method,"org.apache.commons.math3.stat.correlation.CovarianceTest.testConsistency",,,,,,,,,,,,,,44,31,25,17,1,30,5,5,0,,,,0,,,,,,,,,,,,,1,5,10,8,12,25,14,16,5,1,,,0,2,,5,5,1,5,0.26
Public Method,"org.apache.commons.math3.stat.correlation.CovarianceTest.testConstant",,,,,,,,,,,,,,9,6,4,3,0,5,1,1,0,,,,0,,,,,,,,,,,,,0,0,3,3,1,4,3,2,1,1,,,0,0,,1,1,1,1,0.50
Public Method,"org.apache.commons.math3.stat.correlation.CovarianceTest.testInsufficientData",,,,,,,,,,,,,,20,15,11,5,1,10,3,3,2,,,,0,,,,,,,,,,,,,0,0,4,5,4,7,4,6,3,1,,,0,1,,3,3,1,3,0.33
Public Method,"org.apache.commons.math3.stat.correlation.CovarianceTest.testLongly",,,,,,,,,,,,,,33,21,18,4,0,5,1,1,0,,,,0,,,,,,,,,,,,,1,2,5,10,1,4,4,1,1,1,,,0,0,,1,1,1,1,0.48
Public Method,"org.apache.commons.math3.stat.correlation.CovarianceTest.testSwissFertility",,,,,,,,,,,,,,17,12,9,4,0,5,1,1,0,,,,0,,,,,,,,,,,,,1,1,5,4,1,4,4,1,1,1,,,0,0,,1,1,1,1,0.33
Public Class,"org.apache.commons.math3.stat.correlation.PearsonsCorrelation",2,1,0,8,11,,0,,13,13,0,1,12,256,113,70,,,99,,,,4,3,1,,2,2,16,8,1,0,0,,,2,13,0,,17,36,126,,71,44,55,,,4,4,,3,50,27,28,15,27,1.12
Public Constructor,"org.apache.commons.math3.stat.correlation.PearsonsCorrelation.PearsonsCorrelation",,,,,,,,,,,,,,11,5,3,6,0,4,1,1,0,,,,0,,,,,,,,,,,,,9,0,1,6,1,3,1,3,1,1,,,0,0,,1,1,1,1,1.20
Public Constructor,"org.apache.commons.math3.stat.correlation.PearsonsCorrelation.PearsonsCorrelation",,,,,,,,,,,,,,8,5,3,3,0,4,1,1,0,,,,0,,,,,,,,,,,,,5,0,1,3,1,3,1,3,1,1,,,0,0,,1,1,1,1,0.60
Public Constructor,"org.apache.commons.math3.stat.correlation.PearsonsCorrelation.PearsonsCorrelation",,,,,,,,,,,,,,16,8,5,7,0,6,2,2,0,,,,0,,,,,,,,,,,,,3,0,2,8,2,4,2,4,2,1,,,0,1,,2,2,1,2,1.00
Public Constructor,"org.apache.commons.math3.stat.correlation.PearsonsCorrelation.PearsonsCorrelation",,,,,,,,,,,,,,13,4,2,4,0,3,1,1,0,,,,0,,,,,,,,,,,,,3,1,1,8,1,2,1,2,1,1,,,0,0,,1,1,1,1,2.00
Public Constructor,"org.apache.commons.math3.stat.correlation.PearsonsCorrelation.PearsonsCorrelation",,,,,,,,,,,,,,11,3,1,3,0,2,1,1,0,,,,0,,,,,,,,,,,,,3,0,1,8,1,1,1,1,1,1,,,0,0,,1,1,1,1,2.67
Private Method,"org.apache.commons.math3.stat.correlation.PearsonsCorrelation.checkSufficientData",,,,,,,,,,,,,,15,8,5,3,0,5,2,3,0,,,,0,,,,,,,,,,,,,3,0,3,7,2,3,3,2,2,1,,,0,1,,2,3,1,2,0.88
Public Method,"org.apache.commons.math3.stat.correlation.PearsonsCorrelation.computeCorrelationMatrix",,,,,,,,,,,,,,20,13,9,6,0,14,3,3,0,,,,0,,,,,,,,,,,,,4,0,4,7,3,11,6,8,3,1,,,0,2,,3,3,1,3,0.54
Public Method,"org.apache.commons.math3.stat.correlation.PearsonsCorrelation.computeCorrelationMatrix",,,,,,,,,,,,,,11,3,1,3,0,2,1,1,0,,,,0,,,,,,,,,,,,,2,0,1,8,1,1,1,1,1,1,,,0,0,,1,1,1,1,2.67
Public Method,"org.apache.commons.math3.stat.correlation.PearsonsCorrelation.correlation",,,,,,,,,,,,,,26,14,10,6,1,11,4,4,4,,,,4,,,,,,,,,,,,,9,0,2,12,4,7,3,8,4,3,,,4,2,,4,4,3,4,0.86
Public Method,"org.apache.commons.math3.stat.correlation.PearsonsCorrelation.covarianceToCorrelation",,,,,,,,,,,,,,26,15,11,6,0,15,3,3,0,,,,0,,,,,,,,,,,,,3,0,6,11,3,12,7,8,3,1,,,0,2,,3,3,1,3,0.73
Public Method,"org.apache.commons.math3.stat.correlation.PearsonsCorrelation.getCorrelationMatrix",,,,,,,,,,,,,,8,3,1,1,0,2,1,1,0,,,,0,,,,,,,,,,,,,8,0,1,5,1,1,1,1,1,1,,,0,0,,1,1,1,1,1.67
Public Method,"org.apache.commons.math3.stat.correlation.PearsonsCorrelation.getCorrelationPValues",,,,,,,,,,,,,,31,17,12,8,1,16,4,4,1,,,,0,,,,,,,,,,,,,7,0,6,14,4,12,8,8,4,1,,,0,3,,4,4,1,4,0.82
Public Method,"org.apache.commons.math3.stat.correlation.PearsonsCorrelation.getCorrelationStandardErrors",,,,,,,,,,,,,,23,11,7,5,0,12,3,3,0,,,,0,,,,,,,,,,,,,4,0,4,12,3,9,6,6,3,1,,,0,2,,3,3,1,3,1.09
Public Class,"org.apache.commons.math3.stat.correlation.PearsonsCorrelationTest",1,1,0,2,8,,0,,11,11,0,0,8,289,237,188,,,114,,,,3,1,1,,1,1,17,14,1,1,0,,,2,11,3,,21,72,31,,92,65,49,,,3,3,,2,77,21,21,11,21,0.13
Protected Method,"org.apache.commons.math3.stat.correlation.PearsonsCorrelationTest.createLowerTriangularRealMatrix",,,,,,,,,,,,,,11,11,7,3,0,12,3,3,0,,,,0,,,,,,,,,,,,,4,0,3,0,3,9,5,7,3,1,,,0,2,,3,3,1,3,0.00
Protected Method,"org.apache.commons.math3.stat.correlation.PearsonsCorrelationTest.createRealMatrix",,,,,,,,,,,,,,9,9,6,3,0,9,2,2,0,,,,0,,,,,,,,,,,,,11,0,3,0,2,7,4,5,2,1,,,0,1,,2,2,1,2,0.00
Protected Method,"org.apache.commons.math3.stat.correlation.PearsonsCorrelationTest.fillUpper",,,,,,,,,,,,,,9,9,5,3,0,10,3,3,0,,,,0,,,,,,,,,,,,,4,0,2,0,3,7,4,6,3,1,,,0,2,,3,3,1,3,0.00
Public Method,"org.apache.commons.math3.stat.correlation.PearsonsCorrelationTest.testConsistency",,,,,,,,,,,,,,11,11,9,10,0,8,1,1,0,,,,0,,,,,,,,,,,,,1,0,6,0,1,7,6,2,1,1,,,0,0,,1,1,1,1,0.00
Public Method,"org.apache.commons.math3.stat.correlation.PearsonsCorrelationTest.testConstant",,,,,,,,,,,,,,8,5,3,4,0,4,1,1,0,,,,0,,,,,,,,,,,,,0,0,3,3,1,3,3,1,1,1,,,0,0,,1,1,1,1,0.60
Public Method,"org.apache.commons.math3.stat.correlation.PearsonsCorrelationTest.testCovarianceConsistency",,,,,,,,,,,,,,25,20,17,10,0,12,1,1,0,,,,0,,,,,,,,,,,,,1,1,7,4,1,11,6,6,1,1,,,0,0,,1,1,1,1,0.20
Public Method,"org.apache.commons.math3.stat.correlation.PearsonsCorrelationTest.testInsufficientData",,,,,,,,,,,,,,20,15,11,5,1,10,3,3,2,,,,0,,,,,,,,,,,,,0,0,4,5,4,7,4,6,3,1,,,0,1,,3,3,1,3,0.33
Public Method,"org.apache.commons.math3.stat.correlation.PearsonsCorrelationTest.testLongly",,,,,,,,,,,,,,37,33,29,7,0,10,1,1,0,,,,0,,,,,,,,,,,,,1,1,9,3,1,9,7,3,1,1,,,0,0,,1,1,1,1,0.09
Public Method,"org.apache.commons.math3.stat.correlation.PearsonsCorrelationTest.testPValueNearZero",,,,,,,,,,,,,,19,10,7,4,0,10,2,2,0,,,,0,,,,,,,,,,,,,0,0,4,9,2,8,5,5,2,1,,,0,1,,2,2,1,2,0.90
Public Method,"org.apache.commons.math3.stat.correlation.PearsonsCorrelationTest.testStdErrorConsistency",,,,,,,,,,,,,,19,15,11,10,0,16,3,3,0,,,,0,,,,,,,,,,,,,1,0,9,4,3,13,11,5,3,1,,,0,2,,3,3,1,3,0.27
Public Method,"org.apache.commons.math3.stat.correlation.PearsonsCorrelationTest.testSwissFertility",,,,,,,,,,,,,,26,22,18,7,0,10,1,1,0,,,,0,,,,,,,,,,,,,1,1,9,3,1,9,7,3,1,1,,,0,0,,1,1,1,1,0.14
Public Class,"org.apache.commons.math3.stat.correlation.SpearmansCorrelation",1,1,0,7,9,,0,,9,9,0,1,8,140,49,24,,,36,,,,3,3,1,,1,1,12,4,1,0,0,,,3,9,0,,12,14,79,,23,15,21,,,3,3,,1,62,12,12,11,12,1.61
Public Constructor,"org.apache.commons.math3.stat.correlation.SpearmansCorrelation.SpearmansCorrelation",,,,,,,,,,,,,,14,6,4,7,0,5,1,1,0,,,,0,,,,,,,,,,,,,4,0,1,8,1,4,1,4,1,1,,,0,0,,1,1,1,1,1.33
Public Constructor,"org.apache.commons.math3.stat.correlation.SpearmansCorrelation.SpearmansCorrelation",,,,,,,,,,,,,,9,3,1,3,0,2,1,1,0,,,,0,,,,,,,,,,,,,5,0,1,6,1,1,1,1,1,1,,,0,0,,1,1,1,1,2.00
Public Constructor,"org.apache.commons.math3.stat.correlation.SpearmansCorrelation.SpearmansCorrelation",,,,,,,,,,,,,,8,5,3,5,0,4,1,1,0,,,,0,,,,,,,,,,,,,3,0,1,3,1,3,1,3,1,1,,,0,0,,1,1,1,1,0.60
Public Method,"org.apache.commons.math3.stat.correlation.SpearmansCorrelation.computeCorrelationMatrix",,,,,,,,,,,,,,12,5,3,5,0,4,1,1,0,,,,0,,,,,,,,,,,,,2,0,2,7,1,3,2,2,1,1,,,0,0,,1,1,1,1,1.40
Public Method,"org.apache.commons.math3.stat.correlation.SpearmansCorrelation.computeCorrelationMatrix",,,,,,,,,,,,,,11,3,1,3,0,2,1,1,0,,,,0,,,,,,,,,,,,,2,0,1,8,1,1,1,1,1,1,,,0,0,,1,1,1,1,2.67
Public Method,"org.apache.commons.math3.stat.correlation.SpearmansCorrelation.correlation",,,,,,,,,,,,,,20,11,8,6,0,6,3,3,4,,,,4,,,,,,,,,,,,,8,0,1,9,3,3,1,5,3,3,,,4,1,,3,3,3,3,0.82
Public Method,"org.apache.commons.math3.stat.correlation.SpearmansCorrelation.getCorrelationMatrix",,,,,,,,,,,,,,8,3,1,2,0,2,1,1,0,,,,0,,,,,,,,,,,,,4,0,1,5,1,1,1,1,1,1,,,0,0,,1,1,1,1,1.67
Public Method,"org.apache.commons.math3.stat.correlation.SpearmansCorrelation.getRankCorrelation",,,,,,,,,,,,,,15,3,1,1,0,2,1,1,0,,,,0,,,,,,,,,,,,,1,0,1,12,1,1,1,1,1,1,,,0,0,,1,1,1,1,4.00
Private Method,"org.apache.commons.math3.stat.correlation.SpearmansCorrelation.rankTransform",,,,,,,,,,,,,,11,5,2,4,0,5,2,2,0,,,,0,,,,,,,,,,,,,4,0,1,6,2,3,2,3,2,1,,,0,1,,2,2,1,2,1.20
Public Class,"org.apache.commons.math3.stat.correlation.SpearmansRankCorrelationTest",1,1,0,2,4,,0,,7,18,0,0,7,105,77,46,,,37,,,,3,1,2,,1,1,10,8,1,0,0,,,0,7,0,,7,41,21,,27,26,11,,,3,3,,1,0,9,9,7,9,0.27
Public Method,"org.apache.commons.math3.stat.correlation.SpearmansRankCorrelationTest.testConsistency",,,,,,,,,,,,,,11,11,9,10,0,8,1,1,0,,,,0,,,,,,,,,,,,,1,0,6,0,1,7,6,2,1,1,,,0,0,,1,1,1,1,0.00
Public Method,"org.apache.commons.math3.stat.correlation.SpearmansRankCorrelationTest.testConstant",,,,,,,,,,,,,,8,5,3,4,0,4,1,1,0,,,,0,,,,,,,,,,,,,0,0,3,3,1,3,3,1,1,1,,,0,0,,1,1,1,1,0.60
Public Method,"org.apache.commons.math3.stat.correlation.SpearmansRankCorrelationTest.testCovarianceConsistency",,,,,,,,,,,,,,1,1,0,0,0,1,1,1,0,,,,0,,,,,,,,,,,,,0,0,1,0,1,0,1,0,1,1,,,0,0,,1,1,1,1,0.00
Public Method,"org.apache.commons.math3.stat.correlation.SpearmansRankCorrelationTest.testInsufficientData",,,,,,,,,,,,,,20,15,11,5,1,10,3,3,2,,,,0,,,,,,,,,,,,,0,0,4,5,4,7,4,6,3,1,,,0,1,,3,3,1,3,0.33
Public Method,"org.apache.commons.math3.stat.correlation.SpearmansRankCorrelationTest.testLongly",,,,,,,,,,,,,,19,16,13,4,0,6,1,1,0,,,,0,,,,,,,,,,,,,1,0,6,3,1,5,5,1,1,1,,,0,0,,1,1,1,1,0.19
Public Method,"org.apache.commons.math3.stat.correlation.SpearmansRankCorrelationTest.testStdErrorConsistency",,,,,,,,,,,,,,1,1,0,0,0,1,1,1,0,,,,0,,,,,,,,,,,,,0,0,1,0,1,0,1,0,1,1,,,0,0,,1,1,1,1,0.00
Public Method,"org.apache.commons.math3.stat.correlation.SpearmansRankCorrelationTest.testSwiss",,,,,,,,,,,,,,16,13,10,4,0,6,1,1,0,,,,0,,,,,,,,,,,,,1,0,6,3,1,5,5,1,1,1,,,0,0,,1,1,1,1,0.23
Class,"org.apache.commons.math3.stat.correlation.StorelessBivariateCovariance",1,1,0,5,2,,0,,5,5,0,0,5,99,38,19,,,28,,,,3,1,1,,1,1,12,6,1,0,0,,,5,5,0,,10,13,51,,20,13,15,,,3,3,,1,48,7,7,5,7,1.34
Public Constructor,"org.apache.commons.math3.stat.correlation.StorelessBivariateCovariance.StorelessBivariateCovariance",,,,,,,,,,,,,,7,3,1,2,0,2,1,1,0,,,,0,,,,,,,,,,,,,2,0,1,4,1,1,1,1,1,1,,,0,0,,1,1,1,1,1.33
Public Constructor,"org.apache.commons.math3.stat.correlation.StorelessBivariateCovariance.StorelessBivariateCovariance",,,,,,,,,,,,,,13,6,4,6,0,5,1,1,0,,,,0,,,,,,,,,,,,,3,0,1,7,1,4,1,4,1,1,,,0,0,,1,1,1,1,1.17
Public Method,"org.apache.commons.math3.stat.correlation.StorelessBivariateCovariance.getN",,,,,,,,,,,,,,8,3,1,1,0,2,1,1,0,,,,0,,,,,,,,,,,,,1,0,1,5,1,1,1,1,1,1,,,0,0,,1,1,1,1,1.67
Public Method,"org.apache.commons.math3.stat.correlation.StorelessBivariateCovariance.getResult",,,,,,,,,,,,,,18,11,7,2,1,6,3,3,1,,,,0,,,,,,,,,,,,,8,0,1,7,4,3,1,5,3,1,,,0,1,,3,3,1,3,0.64
Public Method,"org.apache.commons.math3.stat.correlation.StorelessBivariateCovariance.increment",,,,,,,,,,,,,,14,8,6,4,0,7,1,1,0,,,,0,,,,,,,,,,,,,8,0,3,6,1,6,3,4,1,1,,,0,0,,1,1,1,1,0.75
Public Class,"org.apache.commons.math3.stat.correlation.StorelessCovariance",1,1,0,7,6,,0,,11,25,0,4,7,182,64,24,,,50,,,,4,1,2,,1,1,13,5,1,0,0,,,2,11,0,,18,23,100,,31,22,28,,,4,4,,2,68,19,19,11,19,1.56
Public Constructor,"org.apache.commons.math3.stat.correlation.StorelessCovariance.StorelessCovariance",,,,,,,,,,,,,,8,3,1,2,0,2,1,1,0,,,,0,,,,,,,,,,,,,4,0,1,5,1,1,1,1,1,1,,,0,0,,1,1,1,1,1.67
Public Constructor,"org.apache.commons.math3.stat.correlation.StorelessCovariance.StorelessCovariance",,,,,,,,,,,,,,14,5,3,4,0,4,1,1,0,,,,0,,,,,,,,,,,,,4,0,1,9,1,3,1,3,1,1,,,0,0,,1,1,1,1,1.80
Public Method,"org.apache.commons.math3.stat.correlation.StorelessCovariance.getCovariance",,,,,,,,,,,,,,16,5,1,3,0,2,1,1,0,,,,0,,,,,,,,,,,,,2,2,3,9,1,1,1,1,1,1,,,0,0,,1,1,1,1,1.80
Public Method,"org.apache.commons.math3.stat.correlation.StorelessCovariance.getCovarianceMatrix",,,,,,,,,,,,,,8,3,1,3,0,2,1,1,0,,,,0,,,,,,,,,,,,,2,0,1,5,1,1,1,1,1,1,,,0,0,,1,1,1,1,1.67
Public Method,"org.apache.commons.math3.stat.correlation.StorelessCovariance.getData",,,,,,,,,,,,,,16,9,5,3,0,10,3,3,0,,,,0,,,,,,,,,,,,,3,0,2,7,3,7,4,6,3,1,,,0,2,,3,3,1,3,0.78
Private Method,"org.apache.commons.math3.stat.correlation.StorelessCovariance.getElement",,,,,,,,,,,,,,9,3,1,2,0,2,1,1,0,,,,0,,,,,,,,,,,,,6,0,1,6,1,1,1,1,1,1,,,0,0,,1,1,1,1,2.00
Public Method,"org.apache.commons.math3.stat.correlation.StorelessCovariance.getN",,,,,,,,,,,,,,13,4,1,2,0,2,1,1,0,,,,0,,,,,,,,,,,,,0,0,2,9,1,1,1,1,1,1,,,0,0,,1,1,1,1,2.25
Public Method,"org.apache.commons.math3.stat.correlation.StorelessCovariance.increment",,,,,,,,,,,,,,24,12,6,3,1,11,4,4,0,,,,0,,,,,,,,,,,,,6,3,3,9,6,7,4,7,4,1,,,0,2,,4,4,1,4,0.75
Private Method,"org.apache.commons.math3.stat.correlation.StorelessCovariance.indexOf",,,,,,,,,,,,,,12,3,1,1,0,2,2,2,0,,,,0,,,,,,,,,,,,,4,0,1,9,1,1,1,1,2,1,,,0,0,,2,2,1,2,3.00
Private Method,"org.apache.commons.math3.stat.correlation.StorelessCovariance.initializeMatrix",,,,,,,,,,,,,,13,7,3,2,0,8,3,3,0,,,,0,,,,,,,,,,,,,3,0,1,6,3,5,3,5,3,1,,,0,2,,3,3,1,3,0.86
Private Method,"org.apache.commons.math3.stat.correlation.StorelessCovariance.setElement",,,,,,,,,,,,,,10,4,1,2,0,2,1,1,0,,,,0,,,,,,,,,,,,,4,0,2,6,1,1,1,1,1,1,,,0,0,,1,1,1,1,1.50
Public Class,"org.apache.commons.math3.stat.correlation.StorelessCovarianceTest",2,1,1,2,6,,0,,6,6,0,0,5,211,172,139,,,65,,,,4,1,1,,2,2,18,13,1,0,0,,,3,6,1,,22,54,17,,50,36,29,,,4,4,,2,72,14,14,6,14,0.10
Protected Method,"org.apache.commons.math3.stat.correlation.StorelessCovarianceTest.createRealMatrix",,,,,,,,,,,,,,9,9,6,3,0,9,2,2,0,,,,0,,,,,,,,,,,,,6,0,3,0,2,7,4,5,2,1,,,0,1,,2,2,1,2,0.00
Public Method,"org.apache.commons.math3.stat.correlation.StorelessCovarianceTest.testLonglyByRow",,,,,,,,,,,,,,40,25,21,7,0,10,2,2,0,,,,0,,,,,,,,,,,,,1,5,6,10,2,8,6,4,2,1,,,0,1,,2,2,1,2,0.40
Public Method,"org.apache.commons.math3.stat.correlation.StorelessCovarianceTest.testLonglySimpleCov",,,,,,,,,,,,,,8,8,5,4,0,8,2,2,0,,,,0,,,,,,,,,,,,,2,0,3,0,2,6,4,4,2,1,,,0,1,,2,2,1,2,0.00
Public Method,"org.apache.commons.math3.stat.correlation.StorelessCovarianceTest.testLonglySimpleVar",,,,,,,,,,,,,,8,8,5,4,0,8,2,2,0,,,,0,,,,,,,,,,,,,2,0,3,0,2,6,4,4,2,1,,,0,1,,2,2,1,2,0.00
Public Method,"org.apache.commons.math3.stat.correlation.StorelessCovarianceTest.testSwissFertilityByRow",,,,,,,,,,,,,,24,16,12,7,0,10,2,2,0,,,,0,,,,,,,,,,,,,1,4,6,4,2,8,6,4,2,1,,,0,1,,2,2,1,2,0.25
Public Method,"org.apache.commons.math3.stat.correlation.StorelessCovarianceTest.testSymmetry",,,,,,,,,,,,,,19,14,9,7,1,16,4,4,0,,,,0,,,,,,,,,,,,,1,2,5,3,6,12,8,8,4,1,,,0,2,,4,4,1,4,0.21
Package,"org.apache.commons.math3.stat.data",2,1,1,1,,3,0,3,9,,0,1,3,218,122,63,,,87,,,,6,6,,,2,2,13,11,,,0,,,3,9,5,,31,52,65,,64,48,39,,,6,6,,4,,20,21,13,20,0.53
Public Abstract Class,"org.apache.commons.math3.stat.data.CertifiedDataAbstractTest",3,1,1,1,3,,0,,7,7,0,1,3,123,92,61,,,63,,,,6,6,1,,3,3,16,13,1,2,0,,,3,7,3,,20,28,11,,44,26,37,,,6,6,,4,33,18,19,11,18,0.12
Protected Method,"org.apache.commons.math3.stat.data.CertifiedDataAbstractTest.getMaximumAbsoluteError",,,,,,,,,,,,,,3,3,1,1,0,2,1,1,0,,,,0,,,,,,,,,,,,,1,0,1,0,1,1,1,1,1,1,,,0,0,,1,1,1,1,0.00
Protected Method,"org.apache.commons.math3.stat.data.CertifiedDataAbstractTest.getProperty",,,,,,,,,,,,,,22,20,16,13,1,13,6,6,14,,,,14,,,,,,,,,,,,,6,0,4,2,6,9,4,9,6,6,,,14,2,,6,6,6,6,0.10
Protected Abstract Method,"org.apache.commons.math3.stat.data.CertifiedDataAbstractTest.getResourceName",,,,,,,,,,,,,,1,1,0,1,0,1,0,0,0,,,,0,,,,,,,,,,,,,1,0,1,0,0,1,1,0,0,0,,,0,0,,0,0,0,0,0.00
Private Method,"org.apache.commons.math3.stat.data.CertifiedDataAbstractTest.loadData",,,,,,,,,,,,,,39,29,22,17,1,21,5,6,1,,,,0,,,,,,,,,,,,,4,4,9,6,8,15,9,12,5,1,,,0,4,,5,6,1,5,0.21
Public Method,"org.apache.commons.math3.stat.data.CertifiedDataAbstractTest.setUp",,,,,,,,,,,,,,7,6,4,6,0,5,1,1,0,,,,0,,,,,,,,,,,,,0,1,1,0,1,4,1,4,1,1,,,0,0,,1,1,1,1,0.00
Public Method,"org.apache.commons.math3.stat.data.CertifiedDataAbstractTest.tearDown",,,,,,,,,,,,,,10,8,6,6,0,7,1,1,0,,,,0,,,,,,,,,,,,,3,2,1,0,1,6,1,6,1,1,,,0,0,,1,1,1,1,0.00
Public Method,"org.apache.commons.math3.stat.data.CertifiedDataAbstractTest.testCertifiedValues",,,,,,,,,,,,,,19,17,12,6,1,10,4,4,0,,,,0,,,,,,,,,,,,,3,2,4,0,5,5,5,5,4,1,,,0,2,,4,4,1,4,0.00
Public Class,"org.apache.commons.math3.stat.data.LewTest",1,1,0,0,0,,0,,1,8,0,0,0,10,6,1,,,3,,,,1,1,2,,1,1,3,3,1,0,0,,,0,1,1,,1,3,3,,1,2,1,,,1,1,,0,0,1,1,1,1,0.50
Protected Method,"org.apache.commons.math3.stat.data.LewTest.getResourceName",,,,,,,,,,,,,,3,3,1,1,0,2,1,1,0,,,,0,,,,,,,,,,,,,0,0,1,0,1,1,1,1,1,1,,,0,0,,1,1,1,1,0.00
Public Class,"org.apache.commons.math3.stat.data.LotteryTest",1,1,0,0,0,,0,,1,8,0,0,0,10,6,1,,,3,,,,1,1,2,,1,1,3,3,1,0,0,,,0,1,1,,1,3,3,,1,2,1,,,1,1,,0,0,1,1,1,1,0.50
Protected Method,"org.apache.commons.math3.stat.data.LotteryTest.getResourceName",,,,,,,,,,,,,,3,3,1,1,0,2,1,1,0,,,,0,,,,,,,,,,,,,0,0,1,0,1,1,1,1,1,1,,,0,0,,1,1,1,1,0.00
Package,"org.apache.commons.math3.stat.descriptive",1,1,0,4,,39,15,30,407,,30,10,360,6998,3367,1916,,,2496,,,,12,3,,,1,1,12,7,,,6,,,130,413,13,,767,1225,2879,,1916,1055,1441,,,12,12,,2,,531,563,387,531,0.86
Public Abstract Class,"org.apache.commons.math3.stat.descriptive.AbstractStorelessUnivariateStatistic",2,1,0,12,4,,0,,10,22,0,0,10,161,54,22,,,34,,,,3,3,2,,2,2,19,6,2,13,0,,,0,10,0,,11,20,96,,20,14,20,,,3,4,,2,0,13,14,8,13,1.78
Public Abstract Method,"org.apache.commons.math3.stat.descriptive.AbstractStorelessUnivariateStatistic.clear",,,,,,,,,,,,,,4,1,0,0,0,1,0,0,0,,,,0,,,,,,,,,,,,,1,0,1,3,0,1,1,0,0,0,,,0,0,,0,0,0,0,3.00
Public Abstract Method,"org.apache.commons.math3.stat.descriptive.AbstractStorelessUnivariateStatistic.copy",,,,,,,,,,,,,,4,1,0,1,0,1,0,0,0,,,,0,,,,,,,,,,,,,0,0,1,3,0,1,1,0,0,0,,,0,0,,0,0,0,0,3.00
Public Method,"org.apache.commons.math3.stat.descriptive.AbstractStorelessUnivariateStatistic.equals",,,,,,,,,,,,,,18,11,7,5,0,7,3,4,2,,,,2,,,,,,,,,,,,,1,0,2,7,3,4,2,5,3,3,,,2,1,,3,4,3,3,0.64
Public Method,"org.apache.commons.math3.stat.descriptive.AbstractStorelessUnivariateStatistic.evaluate",,,,,,,,,,,,,,24,6,3,3,0,4,2,2,0,,,,0,,,,,,,,,,,,,18,0,1,18,2,2,1,3,2,1,,,0,1,,2,2,1,2,3.00
Public Method,"org.apache.commons.math3.stat.descriptive.AbstractStorelessUnivariateStatistic.evaluate",,,,,,,,,,,,,,28,7,4,5,0,5,2,2,0,,,,0,,,,,,,,,,,,,4,0,1,21,2,3,1,4,2,1,,,0,1,,2,2,1,2,3.00
Public Abstract Method,"org.apache.commons.math3.stat.descriptive.AbstractStorelessUnivariateStatistic.getResult",,,,,,,,,,,,,,4,1,0,1,0,1,0,0,0,,,,0,,,,,,,,,,,,,3,0,1,3,0,1,1,0,0,0,,,0,0,,0,0,0,0,3.00
Public Method,"org.apache.commons.math3.stat.descriptive.AbstractStorelessUnivariateStatistic.hashCode",,,,,,,,,,,,,,8,3,1,4,0,2,1,1,0,,,,0,,,,,,,,,,,,,0,0,1,5,1,1,1,1,1,1,,,0,0,,1,1,1,1,1.67
Public Abstract Method,"org.apache.commons.math3.stat.descriptive.AbstractStorelessUnivariateStatistic.increment",,,,,,,,,,,,,,4,1,0,0,0,1,0,0,0,,,,0,,,,,,,,,,,,,1,0,1,3,0,1,1,0,0,0,,,0,0,,0,0,0,0,3.00
Public Method,"org.apache.commons.math3.stat.descriptive.AbstractStorelessUnivariateStatistic.incrementAll",,,,,,,,,,,,,,20,8,4,2,0,7,3,3,0,,,,0,,,,,,,,,,,,,6,0,2,12,3,4,3,4,3,1,,,0,2,,3,3,1,3,1.50
Public Method,"org.apache.commons.math3.stat.descriptive.AbstractStorelessUnivariateStatistic.incrementAll",,,,,,,,,,,,,,16,6,3,2,0,4,2,2,0,,,,0,,,,,,,,,,,,,5,0,1,10,2,2,1,3,2,1,,,0,1,,2,2,1,2,1.67
Public Abstract Class,"org.apache.commons.math3.stat.descriptive.AbstractUnivariateStatistic",2,1,1,13,6,,0,,12,12,0,0,7,263,85,39,,,54,,,,9,1,1,,2,2,22,7,2,3,0,,,1,12,5,,25,23,153,,30,16,38,,,9,10,,2,50,25,27,10,25,1.80
Public Abstract Method,"org.apache.commons.math3.stat.descriptive.AbstractUnivariateStatistic.copy",,,,,,,,,,,,,,4,1,0,1,0,1,0,0,0,,,,0,,,,,,,,,,,,,0,0,1,3,0,1,1,0,0,0,,,0,0,,0,0,0,0,3.00
Public Method,"org.apache.commons.math3.stat.descriptive.AbstractUnivariateStatistic.evaluate",,,,,,,,,,,,,,7,4,2,3,0,3,1,1,0,,,,0,,,,,,,,,,,,,13,0,1,3,1,2,1,2,1,1,,,0,0,,1,1,1,1,0.75
Public Abstract Method,"org.apache.commons.math3.stat.descriptive.AbstractUnivariateStatistic.evaluate",,,,,,,,,,,,,,4,1,0,1,0,1,0,0,0,,,,0,,,,,,,,,,,,,1,0,1,3,0,1,1,0,0,0,,,0,0,,0,0,0,0,3.00
Public Method,"org.apache.commons.math3.stat.descriptive.AbstractUnivariateStatistic.evaluate",,,,,,,,,,,,,,10,3,1,2,0,2,1,1,0,,,,0,,,,,,,,,,,,,1,0,1,7,1,1,1,1,1,1,,,0,0,,1,1,1,1,2.33
Public Method,"org.apache.commons.math3.stat.descriptive.AbstractUnivariateStatistic.getData",,,,,,,,,,,,,,7,3,1,2,0,2,2,2,0,,,,0,,,,,,,,,,,,,1,0,1,4,1,1,1,1,2,1,,,0,0,,2,2,1,2,1.33
Protected Method,"org.apache.commons.math3.stat.descriptive.AbstractUnivariateStatistic.getDataRef",,,,,,,,,,,,,,7,3,1,1,0,2,1,1,0,,,,0,,,,,,,,,,,,,18,0,1,4,1,1,1,1,1,1,,,0,0,,1,1,1,1,1.33
Public Method,"org.apache.commons.math3.stat.descriptive.AbstractUnivariateStatistic.setData",,,,,,,,,,,,,,11,3,1,2,0,2,2,2,0,,,,0,,,,,,,,,,,,,16,0,1,8,1,1,1,1,2,1,,,0,0,,2,2,1,2,2.67
Public Method,"org.apache.commons.math3.stat.descriptive.AbstractUnivariateStatistic.setData",,,,,,,,,,,,,,11,4,2,2,0,3,1,1,0,,,,0,,,,,,,,,,,,,5,0,1,7,1,2,1,2,1,1,,,0,0,,1,1,1,1,1.75
Protected Method,"org.apache.commons.math3.stat.descriptive.AbstractUnivariateStatistic.test",,,,,,,,,,,,,,25,6,1,2,0,2,1,1,0,,,,0,,,,,,,,,,,,,18,0,4,19,1,1,1,1,1,1,,,0,0,,1,1,1,1,3.17
Protected Method,"org.apache.commons.math3.stat.descriptive.AbstractUnivariateStatistic.test",,,,,,,,,,,,,,47,19,12,4,2,12,6,7,1,,,,0,,,,,,,,,,,,,16,7,1,21,32,6,1,11,6,1,,,0,1,,6,7,1,6,1.11
Protected Method,"org.apache.commons.math3.stat.descriptive.AbstractUnivariateStatistic.test",,,,,,,,,,,,,,63,27,17,7,2,20,9,10,0,,,,0,,,,,,,,,,,,,14,5,2,31,136,11,3,17,9,1,,,0,2,,9,10,1,9,1.15
Protected Method,"org.apache.commons.math3.stat.descriptive.AbstractUnivariateStatistic.test",,,,,,,,,,,,,,36,7,1,2,0,2,1,1,0,,,,0,,,,,,,,,,,,,8,0,5,29,1,1,1,1,1,1,,,0,0,,1,1,1,1,4.14
Public Class,"org.apache.commons.math3.stat.descriptive.AbstractUnivariateStatisticTest",6,1,0,8,3,,0,,2,2,0,0,2,79,63,45,,,44,,,,9,1,1,,6,6,30,26,1,0,0,,,6,2,0,,3,11,21,,31,11,33,,,9,9,,2,25,12,12,2,12,0.33
Public Method,"org.apache.commons.math3.stat.descriptive.AbstractUnivariateStatisticTest.testTestNegative",,,,,,,,,,,,,,52,44,34,4,2,27,9,9,8,,,,0,,,,,,,,,,,,,6,0,1,16,256,18,1,26,9,1,,,0,1,,9,9,1,9,0.36
Public Method,"org.apache.commons.math3.stat.descriptive.AbstractUnivariateStatisticTest.testTestPositive",,,,,,,,,,,,,,9,9,5,3,0,10,3,3,0,,,,0,,,,,,,,,,,,,3,0,1,0,3,7,3,7,3,1,,,0,2,,3,3,1,3,0.00
Public Class,"org.apache.commons.math3.stat.descriptive.AggregateSummaryStatistics",1,1,0,7,3,,1,,16,17,0,0,17,393,158,81,,,102,,,,8,3,1,,1,1,15,7,3,0,1,,,2,17,0,,30,48,205,,57,42,60,,,8,10,,2,68,27,29,19,27,1.30
Public Constructor,"org.apache.commons.math3.stat.descriptive.AggregateSummaryStatistics.AggregateSummaryStatistics",,,,,,,,,,,,,,8,3,1,3,0,2,1,1,0,,,,0,,,,,,,,,,,,,2,0,1,5,1,1,1,1,1,1,,,0,0,,1,1,1,1,1.67
Public Constructor,"org.apache.commons.math3.stat.descriptive.AggregateSummaryStatistics.AggregateSummaryStatistics",,,,,,,,,,,,,,20,4,2,3,0,2,2,2,0,,,,0,,,,,,,,,,,,,2,0,1,16,1,1,1,1,2,1,,,0,0,,2,2,1,2,4.00
Public Constructor,"org.apache.commons.math3.stat.descriptive.AggregateSummaryStatistics.AggregateSummaryStatistics",,,,,,,,,,,,,,27,7,4,4,0,3,3,3,0,,,,0,,,,,,,,,,,,,3,0,2,20,1,2,1,2,3,1,,,0,0,,3,3,1,3,2.86
Private Static Class,"org.apache.commons.math3.stat.descriptive.AggregateSummaryStatistics.AggregatingSummaryStatistics",1,1,0,6,0,,1,,4,43,0,0,4,73,30,13,,,18,,,,3,3,2,,1,1,11,5,1,0,0,,,1,4,0,,6,11,37,,10,8,10,,,3,4,,1,50,6,7,6,6,1.23
Public Constructor,"org.apache.commons.math3.stat.descriptive.AggregateSummaryStatistics.AggregatingSummaryStatistics.AggregatingSummaryStatistics",,,,,,,,,,,,,,10,3,1,2,0,2,1,1,0,,,,0,,,,,,,,,,,,,2,0,1,7,1,1,1,1,1,1,,,0,0,,1,1,1,1,2.33
Public Method,"org.apache.commons.math3.stat.descriptive.AggregateSummaryStatistics.AggregatingSummaryStatistics.addValue",,,,,,,,,,,,,,12,6,3,1,0,4,1,1,0,,,,0,,,,,,,,,,,,,2,0,1,6,1,2,1,3,1,1,,,0,0,,1,1,1,1,1.00
Public Method,"org.apache.commons.math3.stat.descriptive.AggregateSummaryStatistics.AggregatingSummaryStatistics.equals",,,,,,,,,,,,,,18,11,7,2,0,7,3,4,2,,,,2,,,,,,,,,,,,,2,0,2,7,3,4,2,5,3,3,,,2,1,,3,4,3,3,0.64
Public Method,"org.apache.commons.math3.stat.descriptive.AggregateSummaryStatistics.AggregatingSummaryStatistics.hashCode",,,,,,,,,,,,,,7,3,1,2,0,2,1,1,0,,,,0,,,,,,,,,,,,,1,0,1,4,1,1,1,1,1,1,,,0,0,,1,1,1,1,1.33
Public Static Method,"org.apache.commons.math3.stat.descriptive.AggregateSummaryStatistics.aggregate",,,,,,,,,,,,,,53,41,32,12,1,33,8,10,4,,,,2,,,,,,,,,,,,,4,0,13,12,17,25,13,20,8,3,,,2,2,,8,10,3,8,0.29
Public Method,"org.apache.commons.math3.stat.descriptive.AggregateSummaryStatistics.createContributingStatistics",,,,,,,,,,,,,,16,6,3,3,0,4,1,1,0,,,,0,,,,,,,,,,,,,4,2,3,8,1,3,2,2,1,1,,,0,0,,1,1,1,1,1.33
Public Method,"org.apache.commons.math3.stat.descriptive.AggregateSummaryStatistics.getGeometricMean",,,,,,,,,,,,,,11,5,2,2,0,3,1,1,0,,,,0,,,,,,,,,,,,,1,0,1,6,1,1,1,2,1,1,,,0,0,,1,1,1,1,1.20
Public Method,"org.apache.commons.math3.stat.descriptive.AggregateSummaryStatistics.getMax",,,,,,,,,,,,,,11,5,2,2,0,3,1,1,0,,,,0,,,,,,,,,,,,,2,0,1,6,1,1,1,2,1,1,,,0,0,,1,1,1,1,1.20
Public Method,"org.apache.commons.math3.stat.descriptive.AggregateSummaryStatistics.getMean",,,,,,,,,,,,,,10,5,2,2,0,3,1,1,0,,,,0,,,,,,,,,,,,,2,0,1,5,1,1,1,2,1,1,,,0,0,,1,1,1,1,1.00
Public Method,"org.apache.commons.math3.stat.descriptive.AggregateSummaryStatistics.getMin",,,,,,,,,,,,,,11,5,2,2,0,3,1,1,0,,,,0,,,,,,,,,,,,,2,0,1,6,1,1,1,2,1,1,,,0,0,,1,1,1,1,1.20
Public Method,"org.apache.commons.math3.stat.descriptive.AggregateSummaryStatistics.getN",,,,,,,,,,,,,,10,5,2,2,0,3,1,1,0,,,,0,,,,,,,,,,,,,3,0,1,5,1,1,1,2,1,1,,,0,0,,1,1,1,1,1.00
Public Method,"org.apache.commons.math3.stat.descriptive.AggregateSummaryStatistics.getSecondMoment",,,,,,,,,,,,,,13,5,2,2,0,3,1,1,0,,,,0,,,,,,,,,,,,,1,0,1,8,1,1,1,2,1,1,,,0,0,,1,1,1,1,1.60
Public Method,"org.apache.commons.math3.stat.descriptive.AggregateSummaryStatistics.getStandardDeviation",,,,,,,,,,,,,,11,5,2,2,0,3,1,1,0,,,,0,,,,,,,,,,,,,1,0,1,6,1,1,1,2,1,1,,,0,0,,1,1,1,1,1.20
Public Method,"org.apache.commons.math3.stat.descriptive.AggregateSummaryStatistics.getSum",,,,,,,,,,,,,,10,5,2,2,0,3,1,1,0,,,,0,,,,,,,,,,,,,3,0,1,5,1,1,1,2,1,1,,,0,0,,1,1,1,1,1.00
Public Method,"org.apache.commons.math3.stat.descriptive.AggregateSummaryStatistics.getSumOfLogs",,,,,,,,,,,,,,11,5,2,2,0,3,1,1,0,,,,0,,,,,,,,,,,,,1,0,1,6,1,1,1,2,1,1,,,0,0,,1,1,1,1,1.20
Public Method,"org.apache.commons.math3.stat.descriptive.AggregateSummaryStatistics.getSummary",,,,,,,,,,,,,,12,6,3,8,0,3,1,1,0,,,,0,,,,,,,,,,,,,2,0,1,6,1,1,1,2,1,1,,,0,0,,1,1,1,1,1.00
Public Method,"org.apache.commons.math3.stat.descriptive.AggregateSummaryStatistics.getSumsq",,,,,,,,,,,,,,11,5,2,2,0,3,1,1,0,,,,0,,,,,,,,,,,,,1,0,1,6,1,1,1,2,1,1,,,0,0,,1,1,1,1,1.20
Public Method,"org.apache.commons.math3.stat.descriptive.AggregateSummaryStatistics.getVariance",,,,,,,,,,,,,,11,5,2,2,0,3,1,1,0,,,,0,,,,,,,,,,,,,2,0,1,6,1,1,1,2,1,1,,,0,0,,1,1,1,1,1.20
Public Class,"org.apache.commons.math3.stat.descriptive.AggregateSummaryStatisticsTest",3,1,3,8,8,,0,,7,8,0,2,5,266,160,117,,,161,,,,6,3,1,,3,3,30,19,1,0,1,,,0,8,1,,35,55,71,,132,68,93,,,6,8,,2,0,29,31,10,29,0.44
Protected Static Method,"org.apache.commons.math3.stat.descriptive.AggregateSummaryStatisticsTest.assertEquals",,,,,,,,,,,,,,14,9,7,9,0,8,1,1,0,,,,0,,,,,,,,,,,,,6,0,1,5,1,7,1,7,1,1,,,0,0,,1,1,1,1,0.56
Private Method,"org.apache.commons.math3.stat.descriptive.AggregateSummaryStatisticsTest.generatePartition",,,,,,,,,,,,,,38,31,25,4,1,29,6,8,3,,,,2,,,,,,,,,,,,,4,0,11,7,9,24,13,16,6,3,,,3,2,,6,8,3,6,0.23
Private Method,"org.apache.commons.math3.stat.descriptive.AggregateSummaryStatisticsTest.generateSample",,,,,,,,,,,,,,16,9,6,4,0,9,2,2,0,,,,0,,,,,,,,,,,,,3,0,4,7,2,7,5,4,2,1,,,0,1,,2,2,1,2,0.78
Public Method,"org.apache.commons.math3.stat.descriptive.AggregateSummaryStatisticsTest.testAggregate",,,,,,,,,,,,,,39,22,16,8,1,25,5,5,0,,,,0,,,,,,,,,,,,,1,4,8,13,12,20,12,13,5,1,,,0,2,,5,5,1,5,0.59
Public Method,"org.apache.commons.math3.stat.descriptive.AggregateSummaryStatisticsTest.testAggregateDegenerate",,,,,,,,,,,,,,27,21,15,6,1,24,5,5,0,,,,0,,,,,,,,,,,,,1,3,7,3,12,19,11,13,5,1,,,0,2,,5,5,1,5,0.14
Public Method,"org.apache.commons.math3.stat.descriptive.AggregateSummaryStatisticsTest.testAggregateSpecialValues",,,,,,,,,,,,,,28,21,15,6,1,24,5,5,0,,,,0,,,,,,,,,,,,,1,4,7,3,12,19,11,13,5,1,,,0,2,,5,5,1,5,0.14
Public Method,"org.apache.commons.math3.stat.descriptive.AggregateSummaryStatisticsTest.testAggregation",,,,,,,,,,,,,,29,22,20,12,0,21,1,1,0,,,,0,,,,,,,,,,,,,0,4,4,3,1,20,4,17,1,1,,,0,0,,1,1,1,1,0.14
Public Method,"org.apache.commons.math3.stat.descriptive.AggregateSummaryStatisticsTest.testAggregationConsistency",,,,,,,,,,,,,,53,18,13,9,1,20,4,4,0,,,,0,,,,,,,,,,,,,1,9,7,26,6,16,10,10,4,1,,,0,2,,4,4,1,4,1.44
Public Class,"org.apache.commons.math3.stat.descriptive.DescriptiveStatistics",1,1,0,6,18,,3,,49,50,0,0,50,701,262,143,,,171,,,,5,1,1,,1,1,11,4,3,2,1,,,12,50,0,,70,77,370,,108,71,100,,,5,5,,2,92,66,67,50,66,1.41
Public Constructor,"org.apache.commons.math3.stat.descriptive.DescriptiveStatistics.DescriptiveStatistics",,,,,,,,,,,,,,5,2,0,1,0,1,1,1,0,,,,0,,,,,,,,,,,,,12,0,1,3,1,0,1,0,1,1,,,0,0,,1,1,1,1,1.50
Public Constructor,"org.apache.commons.math3.stat.descriptive.DescriptiveStatistics.DescriptiveStatistics",,,,,,,,,,,,,,8,3,1,2,0,2,1,1,0,,,,0,,,,,,,,,,,,,3,0,1,5,1,1,1,1,1,1,,,0,0,,1,1,1,1,1.67
Public Constructor,"org.apache.commons.math3.stat.descriptive.DescriptiveStatistics.DescriptiveStatistics",,,,,,,,,,,,,,9,3,1,2,0,2,1,1,0,,,,0,,,,,,,,,,,,,2,0,1,6,1,1,1,1,1,1,,,0,0,,1,1,1,1,2.00
Public Constructor,"org.apache.commons.math3.stat.descriptive.DescriptiveStatistics.DescriptiveStatistics",,,,,,,,,,,,,,13,5,2,3,0,3,2,2,0,,,,0,,,,,,,,,,,,,1,0,1,8,2,1,1,2,2,1,,,0,1,,2,2,1,2,1.60
Public Method,"org.apache.commons.math3.stat.descriptive.DescriptiveStatistics.addValue",,,,,,,,,,,,,,19,11,7,3,1,7,4,4,2,,,,0,,,,,,,,,,,,,27,0,1,8,4,3,1,6,4,1,,,0,2,,4,4,1,4,0.73
Public Method,"org.apache.commons.math3.stat.descriptive.DescriptiveStatistics.apply",,,,,,,,,,,,,,8,3,1,5,0,2,1,1,0,,,,0,,,,,,,,,,,,,14,0,1,5,1,1,1,1,1,1,,,0,0,,1,1,1,1,1.67
Public Method,"org.apache.commons.math3.stat.descriptive.DescriptiveStatistics.clear",,,,,,,,,,,,,,6,3,1,1,0,2,1,1,0,,,,0,,,,,,,,,,,,,8,0,1,3,1,1,1,1,1,1,,,0,0,,1,1,1,1,1.00
Public Method,"org.apache.commons.math3.stat.descriptive.DescriptiveStatistics.copy",,,,,,,,,,,,,,10,5,3,3,0,4,1,1,0,,,,0,,,,,,,,,,,,,1,0,2,5,1,3,2,2,1,1,,,0,0,,1,1,1,1,1.00
Public Static Method,"org.apache.commons.math3.stat.descriptive.DescriptiveStatistics.copy",,,,,,,,,,,,,,28,17,14,15,0,15,1,1,0,,,,0,,,,,,,,,,,,,17,1,2,10,1,14,1,14,1,1,,,0,0,,1,1,1,1,0.59
Public Method,"org.apache.commons.math3.stat.descriptive.DescriptiveStatistics.getElement",,,,,,,,,,,,,,8,3,1,2,0,2,1,1,0,,,,0,,,,,,,,,,,,,4,0,1,5,1,1,1,1,1,1,,,0,0,,1,1,1,1,1.67
Public Method,"org.apache.commons.math3.stat.descriptive.DescriptiveStatistics.getGeometricMean",,,,,,,,,,,,,,9,3,1,2,0,2,1,1,0,,,,0,,,,,,,,,,,,,5,0,1,6,1,1,1,1,1,1,,,0,0,,1,1,1,1,2.00
Public Method,"org.apache.commons.math3.stat.descriptive.DescriptiveStatistics.getGeometricMeanImpl",,,,,,,,,,,,,,9,3,1,1,0,2,1,1,0,,,,0,,,,,,,,,,,,,2,0,1,6,1,1,1,1,1,1,,,0,0,,1,1,1,1,2.00
Public Method,"org.apache.commons.math3.stat.descriptive.DescriptiveStatistics.getKurtosis",,,,,,,,,,,,,,9,3,1,2,0,2,1,1,0,,,,0,,,,,,,,,,,,,5,0,1,6,1,1,1,1,1,1,,,0,0,,1,1,1,1,2.00
Public Method,"org.apache.commons.math3.stat.descriptive.DescriptiveStatistics.getKurtosisImpl",,,,,,,,,,,,,,9,3,1,1,0,2,1,1,0,,,,0,,,,,,,,,,,,,2,0,1,6,1,1,1,1,1,1,,,0,0,,1,1,1,1,2.00
Public Method,"org.apache.commons.math3.stat.descriptive.DescriptiveStatistics.getMax",,,,,,,,,,,,,,7,3,1,2,0,2,1,1,0,,,,0,,,,,,,,,,,,,7,0,1,4,1,1,1,1,1,1,,,0,0,,1,1,1,1,1.33
Public Method,"org.apache.commons.math3.stat.descriptive.DescriptiveStatistics.getMaxImpl",,,,,,,,,,,,,,9,3,1,1,0,2,1,1,0,,,,0,,,,,,,,,,,,,2,0,1,6,1,1,1,1,1,1,,,0,0,,1,1,1,1,2.00
Public Method,"org.apache.commons.math3.stat.descriptive.DescriptiveStatistics.getMean",,,,,,,,,,,,,,8,3,1,2,0,2,1,1,0,,,,0,,,,,,,,,,,,,21,0,1,5,1,1,1,1,1,1,,,0,0,,1,1,1,1,1.67
Public Method,"org.apache.commons.math3.stat.descriptive.DescriptiveStatistics.getMeanImpl",,,,,,,,,,,,,,9,3,1,1,0,2,1,1,0,,,,0,,,,,,,,,,,,,2,0,1,6,1,1,1,1,1,1,,,0,0,,1,1,1,1,2.00
Public Method,"org.apache.commons.math3.stat.descriptive.DescriptiveStatistics.getMin",,,,,,,,,,,,,,7,3,1,2,0,2,1,1,0,,,,0,,,,,,,,,,,,,7,0,1,4,1,1,1,1,1,1,,,0,0,,1,1,1,1,1.33
Public Method,"org.apache.commons.math3.stat.descriptive.DescriptiveStatistics.getMinImpl",,,,,,,,,,,,,,9,3,1,1,0,2,1,1,0,,,,0,,,,,,,,,,,,,2,0,1,6,1,1,1,1,1,1,,,0,0,,1,1,1,1,2.00
Public Method,"org.apache.commons.math3.stat.descriptive.DescriptiveStatistics.getN",,,,,,,,,,,,,,7,3,1,2,0,2,1,1,0,,,,0,,,,,,,,,,,,,9,0,1,4,1,1,1,1,1,1,,,0,0,,1,1,1,1,1.33
Public Method,"org.apache.commons.math3.stat.descriptive.DescriptiveStatistics.getPercentile",,,,,,,,,,,,,,40,22,18,9,1,9,5,5,7,,,,0,,,,,,,,,,,,,10,0,1,19,5,6,1,8,5,1,,,0,2,,5,5,1,5,0.86
Public Method,"org.apache.commons.math3.stat.descriptive.DescriptiveStatistics.getPercentileImpl",,,,,,,,,,,,,,9,3,1,1,0,2,1,1,0,,,,0,,,,,,,,,,,,,1,0,1,6,1,1,1,1,1,1,,,0,0,,1,1,1,1,2.00
Public Method,"org.apache.commons.math3.stat.descriptive.DescriptiveStatistics.getPopulationVariance",,,,,,,,,,,,,,10,3,1,3,0,2,1,1,0,,,,0,,,,,,,,,,,,,1,0,1,7,1,1,1,1,1,1,,,0,0,,1,1,1,1,2.33
Public Method,"org.apache.commons.math3.stat.descriptive.DescriptiveStatistics.getSkewness",,,,,,,,,,,,,,9,3,1,2,0,2,1,1,0,,,,0,,,,,,,,,,,,,5,0,1,6,1,1,1,1,1,1,,,0,0,,1,1,1,1,2.00
Public Method,"org.apache.commons.math3.stat.descriptive.DescriptiveStatistics.getSkewnessImpl",,,,,,,,,,,,,,9,3,1,1,0,2,1,1,0,,,,0,,,,,,,,,,,,,2,0,1,6,1,1,1,1,1,1,,,0,0,,1,1,1,1,2.00
Public Method,"org.apache.commons.math3.stat.descriptive.DescriptiveStatistics.getSortedValues",,,,,,,,,,,,,,13,5,3,3,0,4,1,1,0,,,,0,,,,,,,,,,,,,1,0,2,8,1,3,2,2,1,1,,,0,0,,1,1,1,1,1.60
Public Method,"org.apache.commons.math3.stat.descriptive.DescriptiveStatistics.getStandardDeviation",,,,,,,,,,,,,,16,11,7,4,0,7,3,3,1,,,,0,,,,,,,,,,,,,12,0,2,5,3,4,2,5,3,1,,,0,2,,3,3,1,3,0.45
Public Method,"org.apache.commons.math3.stat.descriptive.DescriptiveStatistics.getSum",,,,,,,,,,,,,,7,3,1,2,0,2,1,1,0,,,,0,,,,,,,,,,,,,6,0,1,4,1,1,1,1,1,1,,,0,0,,1,1,1,1,1.33
Public Method,"org.apache.commons.math3.stat.descriptive.DescriptiveStatistics.getSumImpl",,,,,,,,,,,,,,9,3,1,1,0,2,1,1,0,,,,0,,,,,,,,,,,,,2,0,1,6,1,1,1,1,1,1,,,0,0,,1,1,1,1,2.00
Public Method,"org.apache.commons.math3.stat.descriptive.DescriptiveStatistics.getSumsq",,,,,,,,,,,,,,8,3,1,2,0,2,1,1,0,,,,0,,,,,,,,,,,,,6,0,1,5,1,1,1,1,1,1,,,0,0,,1,1,1,1,1.67
Public Method,"org.apache.commons.math3.stat.descriptive.DescriptiveStatistics.getSumsqImpl",,,,,,,,,,,,,,9,3,1,1,0,2,1,1,0,,,,0,,,,,,,,,,,,,2,0,1,6,1,1,1,1,1,1,,,0,0,,1,1,1,1,2.00
Public Method,"org.apache.commons.math3.stat.descriptive.DescriptiveStatistics.getValues",,,,,,,,,,,,,,12,3,1,2,0,2,1,1,0,,,,0,,,,,,,,,,,,,5,0,1,9,1,1,1,1,1,1,,,0,0,,1,1,1,1,3.00
Public Method,"org.apache.commons.math3.stat.descriptive.DescriptiveStatistics.getVariance",,,,,,,,,,,,,,13,3,1,2,0,2,1,1,0,,,,0,,,,,,,,,,,,,11,0,1,10,1,1,1,1,1,1,,,0,0,,1,1,1,1,3.33
Public Method,"org.apache.commons.math3.stat.descriptive.DescriptiveStatistics.getVarianceImpl",,,,,,,,,,,,,,9,3,1,1,0,2,1,1,0,,,,0,,,,,,,,,,,,,2,0,1,6,1,1,1,1,1,1,,,0,0,,1,1,1,1,2.00
Public Method,"org.apache.commons.math3.stat.descriptive.DescriptiveStatistics.getWindowSize",,,,,,,,,,,,,,9,3,1,1,0,2,1,1,0,,,,0,,,,,,,,,,,,,6,0,1,6,1,1,1,1,1,1,,,0,0,,1,1,1,1,2.00
Public Method,"org.apache.commons.math3.stat.descriptive.DescriptiveStatistics.removeMostRecentValue",,,,,,,,,,,,,,6,3,1,1,0,2,1,1,0,,,,0,,,,,,,,,,,,,2,0,1,3,1,1,1,1,1,1,,,0,0,,1,1,1,1,1.00
Public Method,"org.apache.commons.math3.stat.descriptive.DescriptiveStatistics.replaceMostRecentValue",,,,,,,,,,,,,,10,3,1,2,0,2,1,1,0,,,,0,,,,,,,,,,,,,3,0,1,7,1,1,1,1,1,1,,,0,0,,1,1,1,1,2.33
Public Method,"org.apache.commons.math3.stat.descriptive.DescriptiveStatistics.setGeometricMeanImpl",,,,,,,,,,,,,,11,4,1,1,0,2,1,1,0,,,,0,,,,,,,,,,,,,2,0,2,7,1,1,1,1,1,1,,,0,0,,1,1,1,1,1.75
Public Method,"org.apache.commons.math3.stat.descriptive.DescriptiveStatistics.setKurtosisImpl",,,,,,,,,,,,,,10,3,1,1,0,2,1,1,0,,,,0,,,,,,,,,,,,,2,0,1,7,1,1,1,1,1,1,,,0,0,,1,1,1,1,2.33
Public Method,"org.apache.commons.math3.stat.descriptive.DescriptiveStatistics.setMaxImpl",,,,,,,,,,,,,,10,3,1,1,0,2,1,1,0,,,,0,,,,,,,,,,,,,2,0,1,7,1,1,1,1,1,1,,,0,0,,1,1,1,1,2.33
Public Method,"org.apache.commons.math3.stat.descriptive.DescriptiveStatistics.setMeanImpl",,,,,,,,,,,,,,10,3,1,1,0,2,1,1,0,,,,0,,,,,,,,,,,,,4,0,1,7,1,1,1,1,1,1,,,0,0,,1,1,1,1,2.33
Public Method,"org.apache.commons.math3.stat.descriptive.DescriptiveStatistics.setMinImpl",,,,,,,,,,,,,,10,3,1,1,0,2,1,1,0,,,,0,,,,,,,,,,,,,2,0,1,7,1,1,1,1,1,1,,,0,0,,1,1,1,1,2.33
Public Method,"org.apache.commons.math3.stat.descriptive.DescriptiveStatistics.setPercentileImpl",,,,,,,,,,,,,,30,19,15,8,1,7,4,4,6,,,,0,,,,,,,,,,,,,6,0,2,11,4,5,1,6,4,1,,,0,1,,4,4,1,4,0.58
Public Method,"org.apache.commons.math3.stat.descriptive.DescriptiveStatistics.setSkewnessImpl",,,,,,,,,,,,,,11,4,1,1,0,2,1,1,0,,,,0,,,,,,,,,,,,,2,0,2,7,1,1,1,1,1,1,,,0,0,,1,1,1,1,1.75
Public Method,"org.apache.commons.math3.stat.descriptive.DescriptiveStatistics.setSumImpl",,,,,,,,,,,,,,10,3,1,1,0,2,1,1,0,,,,0,,,,,,,,,,,,,2,0,1,7,1,1,1,1,1,1,,,0,0,,1,1,1,1,2.33
Public Method,"org.apache.commons.math3.stat.descriptive.DescriptiveStatistics.setSumsqImpl",,,,,,,,,,,,,,10,3,1,1,0,2,1,1,0,,,,0,,,,,,,,,,,,,2,0,1,7,1,1,1,1,1,1,,,0,0,,1,1,1,1,2.33
Public Method,"org.apache.commons.math3.stat.descriptive.DescriptiveStatistics.setVarianceImpl",,,,,,,,,,,,,,11,4,1,1,0,2,1,1,0,,,,0,,,,,,,,,,,,,2,0,2,7,1,1,1,1,1,1,,,0,0,,1,1,1,1,1.75
Public Method,"org.apache.commons.math3.stat.descriptive.DescriptiveStatistics.setWindowSize",,,,,,,,,,,,,,26,12,7,4,1,7,4,5,0,,,,0,,,,,,,,,,,,,10,2,1,12,6,3,1,6,4,1,,,0,2,,4,5,1,4,1.00
Public Method,"org.apache.commons.math3.stat.descriptive.DescriptiveStatistics.toString",,,,,,,,,,,,,,22,15,13,11,0,13,1,1,0,,,,0,,,,,,,,,,,,,2,0,3,7,1,12,3,10,1,1,,,0,0,,1,1,1,1,0.47
Public Class,"org.apache.commons.math3.stat.descriptive.DescriptiveStatisticsTest",1,1,1,0,17,,0,,12,12,0,0,11,313,249,164,,,202,,,,4,1,1,,1,1,17,15,1,1,0,,,0,12,1,,34,72,30,,161,67,135,,,4,4,,2,0,23,23,12,23,0.12
Static Class,"org.apache.commons.math3.stat.descriptive.DescriptiveStatisticsTest.badPercentile",1,1,0,0,2,,0,,3,3,0,0,3,15,12,4,,,8,,,,1,1,1,,1,1,3,3,2,0,0,,,1,3,0,,0,5,3,,4,5,3,,,1,1,,0,33,3,3,3,3,0.25
Public Method,"org.apache.commons.math3.stat.descriptive.DescriptiveStatisticsTest.badPercentile.copy",,,,,,,,,,,,,,3,3,1,1,0,2,1,1,0,,,,0,,,,,,,,,,,,,0,0,1,0,1,1,1,1,1,1,,,0,0,,1,1,1,1,0.00
Public Method,"org.apache.commons.math3.stat.descriptive.DescriptiveStatisticsTest.badPercentile.evaluate",,,,,,,,,,,,,,3,3,1,2,0,2,1,1,0,,,,0,,,,,,,,,,,,,4,0,1,0,1,1,1,1,1,1,,,0,0,,1,1,1,1,0.00
Public Method,"org.apache.commons.math3.stat.descriptive.DescriptiveStatisticsTest.badPercentile.evaluate",,,,,,,,,,,,,,3,3,1,2,0,2,1,1,0,,,,0,,,,,,,,,,,,,2,0,1,0,1,1,1,1,1,1,,,0,0,,1,1,1,1,0.00
Public Method,"org.apache.commons.math3.stat.descriptive.DescriptiveStatisticsTest.checkremoval",,,,,,,,,,,,,,17,13,9,8,0,12,2,2,0,,,,0,,,,,,,,,,,,,6,4,2,0,2,10,2,10,2,1,,,0,1,,2,2,1,2,0.00
Protected Method,"org.apache.commons.math3.stat.descriptive.DescriptiveStatisticsTest.createDescriptiveStatistics",,,,,,,,,,,,,,3,3,1,2,0,2,1,1,0,,,,0,,,,,,,,,,,,,8,0,1,0,1,1,1,1,1,1,,,0,0,,1,1,1,1,0.00
Static Class,"org.apache.commons.math3.stat.descriptive.DescriptiveStatisticsTest.deepMean",1,1,0,0,0,,0,,3,3,0,0,3,16,11,3,,,7,,,,1,1,1,,1,1,3,3,2,0,0,,,0,3,0,,2,4,3,,3,4,3,,,1,1,,0,0,3,3,3,3,0.27
Public Method,"org.apache.commons.math3.stat.descriptive.DescriptiveStatisticsTest.deepMean.copy",,,,,,,,,,,,,,3,3,1,1,0,2,1,1,0,,,,0,,,,,,,,,,,,,0,0,1,0,1,1,1,1,1,1,,,0,0,,1,1,1,1,0.00
Public Method,"org.apache.commons.math3.stat.descriptive.DescriptiveStatisticsTest.deepMean.evaluate",,,,,,,,,,,,,,3,3,1,1,0,2,1,1,0,,,,0,,,,,,,,,,,,,0,0,1,0,1,1,1,1,1,1,,,0,0,,1,1,1,1,0.00
Public Method,"org.apache.commons.math3.stat.descriptive.DescriptiveStatisticsTest.deepMean.evaluate",,,,,,,,,,,,,,3,3,1,1,0,2,1,1,0,,,,0,,,,,,,,,,,,,0,0,1,0,1,1,1,1,1,1,,,0,0,,1,1,1,1,0.00
Static Class,"org.apache.commons.math3.stat.descriptive.DescriptiveStatisticsTest.goodPercentile",1,1,0,0,2,,0,,4,4,0,0,4,20,17,7,,,12,,,,1,1,1,,1,1,3,3,2,0,0,,,1,4,0,,0,7,3,,7,7,5,,,1,1,,0,0,4,4,4,4,0.18
Public Method,"org.apache.commons.math3.stat.descriptive.DescriptiveStatisticsTest.goodPercentile.copy",,,,,,,,,,,,,,5,5,3,3,0,4,1,1,0,,,,0,,,,,,,,,,,,,1,0,2,0,1,3,2,2,1,1,,,0,0,,1,1,1,1,0.00
Public Method,"org.apache.commons.math3.stat.descriptive.DescriptiveStatisticsTest.goodPercentile.evaluate",,,,,,,,,,,,,,3,3,1,2,0,2,1,1,0,,,,0,,,,,,,,,,,,,4,0,1,0,1,1,1,1,1,1,,,0,0,,1,1,1,1,0.00
Public Method,"org.apache.commons.math3.stat.descriptive.DescriptiveStatisticsTest.goodPercentile.evaluate",,,,,,,,,,,,,,3,3,1,2,0,2,1,1,0,,,,0,,,,,,,,,,,,,2,0,1,0,1,1,1,1,1,1,,,0,0,,1,1,1,1,0.00
Public Method,"org.apache.commons.math3.stat.descriptive.DescriptiveStatisticsTest.goodPercentile.setQuantile",,,,,,,,,,,,,,3,3,1,1,0,2,1,1,0,,,,0,,,,,,,,,,,,,3,0,1,0,1,1,1,1,1,1,,,0,0,,1,1,1,1,0.00
Static Class,"org.apache.commons.math3.stat.descriptive.DescriptiveStatisticsTest.subPercentile",1,1,0,0,0,,1,,3,32,0,0,3,20,16,5,,,9,,,,1,1,3,,1,1,3,3,1,0,0,,,0,3,0,,0,9,4,,5,6,3,,,1,1,,0,100,3,3,3,3,0.25
Public Method,"org.apache.commons.math3.stat.descriptive.DescriptiveStatisticsTest.subPercentile.copy",,,,,,,,,,,,,,4,4,2,1,0,3,1,1,0,,,,0,,,,,,,,,,,,,0,0,2,0,1,2,2,1,1,1,,,0,0,,1,1,1,1,0.00
Public Method,"org.apache.commons.math3.stat.descriptive.DescriptiveStatisticsTest.subPercentile.evaluate",,,,,,,,,,,,,,3,3,1,2,0,2,1,1,0,,,,0,,,,,,,,,,,,,0,0,1,0,1,1,1,1,1,1,,,0,0,,1,1,1,1,0.00
Public Method,"org.apache.commons.math3.stat.descriptive.DescriptiveStatisticsTest.subPercentile.evaluate",,,,,,,,,,,,,,3,3,1,2,0,2,1,1,0,,,,0,,,,,,,,,,,,,0,0,1,0,1,1,1,1,1,1,,,0,0,,1,1,1,1,0.00
Public Method,"org.apache.commons.math3.stat.descriptive.DescriptiveStatisticsTest.test20090720",,,,,,,,,,,,,,9,9,6,5,0,9,2,2,0,,,,0,,,,,,,,,,,,,0,0,2,0,2,7,3,6,2,1,,,0,1,,2,2,1,2,0.00
Public Method,"org.apache.commons.math3.stat.descriptive.DescriptiveStatisticsTest.testCopy",,,,,,,,,,,,,,11,10,8,7,0,9,1,1,0,,,,0,,,,,,,,,,,,,0,0,3,1,1,8,3,6,1,1,,,0,0,,1,1,1,1,0.10
Public Method,"org.apache.commons.math3.stat.descriptive.DescriptiveStatisticsTest.testGetValues",,,,,,,,,,,,,,17,17,12,7,1,19,4,4,0,,,,0,,,,,,,,,,,,,1,0,5,0,8,15,8,11,4,1,,,0,1,,4,4,1,4,0.00
Public Method,"org.apache.commons.math3.stat.descriptive.DescriptiveStatisticsTest.testPercentileSetter",,,,,,,,,,,,,,23,16,13,6,0,13,2,2,1,,,,0,,,,,,,,,,,,,0,3,2,4,2,11,2,11,2,1,,,0,1,,2,2,1,2,0.25
Public Method,"org.apache.commons.math3.stat.descriptive.DescriptiveStatisticsTest.testRemoval",,,,,,,,,,,,,,11,8,6,2,0,7,1,1,0,,,,0,,,,,,,,,,,,,1,3,2,0,1,6,2,5,1,1,,,0,0,,1,1,1,1,0.00
Public Method,"org.apache.commons.math3.stat.descriptive.DescriptiveStatisticsTest.testSetterInjection",,,,,,,,,,,,,,9,8,6,5,0,7,1,1,0,,,,0,,,,,,,,,,,,,0,0,2,1,1,6,2,5,1,1,,,0,0,,1,1,1,1,0.12
Public Method,"org.apache.commons.math3.stat.descriptive.DescriptiveStatisticsTest.testShuffledStatistics",,,,,,,,,,,,,,34,27,24,30,0,27,2,2,0,,,,0,,,,,,,,,,,,,0,4,4,3,2,25,5,22,2,1,,,0,1,,2,2,1,2,0.11
Public Method,"org.apache.commons.math3.stat.descriptive.DescriptiveStatisticsTest.testSummaryConsistency",,,,,,,,,,,,,,32,32,28,36,0,33,3,3,0,,,,0,,,,,,,,,,,,,1,0,6,0,3,30,8,25,3,1,,,0,2,,3,3,1,3,0.00
Public Method,"org.apache.commons.math3.stat.descriptive.DescriptiveStatisticsTest.testToString",,,,,,,,,,,,,,18,18,16,6,0,9,1,1,0,,,,0,,,,,,,,,,,,,1,0,3,0,1,8,3,6,1,1,,,0,0,,1,1,1,1,0.00
Public Method,"org.apache.commons.math3.stat.descriptive.DescriptiveStatisticsTest.testWindowSize",,,,,,,,,,,,,,21,20,16,7,1,18,3,3,1,,,,0,,,,,,,,,,,,,0,0,4,1,4,15,5,13,3,1,,,0,1,,3,3,1,3,0.05
Public Class,"org.apache.commons.math3.stat.descriptive.ListUnivariateImpl",1,1,1,3,5,,1,,13,63,0,0,13,177,92,47,,,64,,,,3,1,2,,1,1,10,6,2,0,0,,,2,13,0,,30,34,55,,42,29,35,,,3,4,,2,69,21,23,13,21,0.60
Public Constructor,"org.apache.commons.math3.stat.descriptive.ListUnivariateImpl.ListUnivariateImpl",,,,,,,,,,,,,,7,3,1,2,0,2,1,1,0,,,,0,,,,,,,,,,,,,5,0,1,4,1,1,1,1,1,1,,,0,0,,1,1,1,1,1.33
Public Constructor,"org.apache.commons.math3.stat.descriptive.ListUnivariateImpl.ListUnivariateImpl",,,,,,,,,,,,,,6,3,1,2,0,2,1,1,0,,,,0,,,,,,,,,,,,,1,0,1,3,1,1,1,1,1,1,,,0,0,,1,1,1,1,1.00
Public Constructor,"org.apache.commons.math3.stat.descriptive.ListUnivariateImpl.ListUnivariateImpl",,,,,,,,,,,,,,10,5,3,4,0,4,1,1,0,,,,0,,,,,,,,,,,,,7,0,1,5,1,3,1,3,1,1,,,0,0,,1,1,1,1,1.00
Public Method,"org.apache.commons.math3.stat.descriptive.ListUnivariateImpl.addObject",,,,,,,,,,,,,,7,3,1,1,0,2,1,1,0,,,,0,,,,,,,,,,,,,3,0,1,4,1,1,1,1,1,1,,,0,0,,1,1,1,1,1.33
Public Method,"org.apache.commons.math3.stat.descriptive.ListUnivariateImpl.addValue",,,,,,,,,,,,,,4,3,1,2,0,2,1,1,0,,,,0,,,,,,,,,,,,,4,0,1,1,1,1,1,1,1,1,,,0,0,,1,1,1,1,0.33
Public Method,"org.apache.commons.math3.stat.descriptive.ListUnivariateImpl.apply",,,,,,,,,,,,,,13,7,4,3,0,5,2,2,1,,,,0,,,,,,,,,,,,,2,1,2,5,2,3,2,3,2,1,,,0,1,,2,2,1,2,0.71
Public Method,"org.apache.commons.math3.stat.descriptive.ListUnivariateImpl.clear",,,,,,,,,,,,,,8,3,1,1,0,2,1,1,0,,,,0,,,,,,,,,,,,,1,0,1,5,1,1,1,1,1,1,,,0,0,,1,1,1,1,1.67
Public Method,"org.apache.commons.math3.stat.descriptive.ListUnivariateImpl.getElement",,,,,,,,,,,,,,21,14,10,6,1,10,3,4,1,,,,0,,,,,,,,,,,,,6,6,4,1,4,7,4,6,3,1,,,0,1,,3,4,1,3,0.07
Public Method,"org.apache.commons.math3.stat.descriptive.ListUnivariateImpl.getN",,,,,,,,,,,,,,16,14,10,3,0,9,3,3,2,,,,0,,,,,,,,,,,,,2,1,3,1,3,6,3,6,3,1,,,0,2,,3,3,1,3,0.07
Public Method,"org.apache.commons.math3.stat.descriptive.ListUnivariateImpl.getTransformer",,,,,,,,,,,,,,7,3,1,1,0,2,1,1,0,,,,0,,,,,,,,,,,,,1,0,1,4,1,1,1,1,1,1,,,0,0,,1,1,1,1,1.33
Public Method,"org.apache.commons.math3.stat.descriptive.ListUnivariateImpl.getValues",,,,,,,,,,,,,,23,12,8,5,1,11,3,4,0,,,,0,,,,,,,,,,,,,4,5,4,6,4,8,5,6,3,1,,,0,1,,3,4,1,3,0.50
Public Method,"org.apache.commons.math3.stat.descriptive.ListUnivariateImpl.setTransformer",,,,,,,,,,,,,,7,3,1,1,0,2,1,1,0,,,,0,,,,,,,,,,,,,1,0,1,4,1,1,1,1,1,1,,,0,0,,1,1,1,1,1.33
Public Method,"org.apache.commons.math3.stat.descriptive.ListUnivariateImpl.setWindowSize",,,,,,,,,,,,,,10,7,4,3,0,7,2,2,0,,,,0,,,,,,,,,,,,,4,0,2,3,2,5,3,4,2,1,,,0,1,,2,2,1,2,0.43
Public Class,"org.apache.commons.math3.stat.descriptive.ListUnivariateImplTest",1,1,4,1,4,,0,,5,5,0,0,5,130,93,74,,,83,,,,2,1,1,,1,1,19,14,1,0,0,,,12,5,0,,27,33,10,,75,29,54,,,2,2,,1,58,7,7,5,7,0.11
Public Method,"org.apache.commons.math3.stat.descriptive.ListUnivariateImplTest.testN0andN1Conditions",,,,,,,,,,,,,,15,11,9,8,0,10,1,1,0,,,,0,,,,,,,,,,,,,1,4,3,0,1,9,3,7,1,1,,,0,0,,1,1,1,1,0.00
Public Method,"org.apache.commons.math3.stat.descriptive.ListUnivariateImplTest.testProductAndGeometricMean",,,,,,,,,,,,,,22,13,10,5,0,13,2,2,0,,,,0,,,,,,,,,,,,,0,6,2,3,2,11,3,10,2,1,,,0,1,,2,2,1,2,0.23
Public Method,"org.apache.commons.math3.stat.descriptive.ListUnivariateImplTest.testSerialization",,,,,,,,,,,,,,26,19,17,13,0,18,1,1,0,,,,0,,,,,,,,,,,,,12,6,3,1,1,17,3,15,1,1,,,0,0,,1,1,1,1,0.05
Public Method,"org.apache.commons.math3.stat.descriptive.ListUnivariateImplTest.testSkewAndKurtosis",,,,,,,,,,,,,,14,12,9,7,0,11,2,2,0,,,,0,,,,,,,,,,,,,1,2,4,0,2,9,4,7,2,1,,,0,1,,2,2,1,2,0.00
Public Method,"org.apache.commons.math3.stat.descriptive.ListUnivariateImplTest.testStats",,,,,,,,,,,,,,22,19,17,12,0,18,1,1,0,,,,0,,,,,,,,,,,,,12,2,3,1,1,17,3,15,1,1,,,0,0,,1,1,1,1,0.05
Public Class,"org.apache.commons.math3.stat.descriptive.MixedListUnivariateImplTest",1,1,3,0,8,,0,,5,5,0,0,5,176,139,104,,,100,,,,2,1,1,,1,1,23,19,1,0,0,,,13,5,0,,28,39,9,,85,35,65,,,2,2,,1,72,6,6,5,6,0.06
Public Static Class,"org.apache.commons.math3.stat.descriptive.MixedListUnivariateImplTest.Bar",1,1,0,0,0,,0,,1,1,0,0,1,5,5,1,,,3,,,,1,1,1,,1,1,3,3,1,0,0,,,0,1,0,,0,2,0,,1,2,1,,,1,1,,0,0,1,1,1,1,0.00
Public Method,"org.apache.commons.math3.stat.descriptive.MixedListUnivariateImplTest.Bar.heresBar",,,,,,,,,,,,,,3,3,1,1,0,2,1,1,0,,,,0,,,,,,,,,,,,,1,0,1,0,1,1,1,1,1,1,,,0,0,,1,1,1,1,0.00
Public Static Class,"org.apache.commons.math3.stat.descriptive.MixedListUnivariateImplTest.BarTransformer",1,1,0,0,1,,1,,1,1,0,0,1,6,6,2,,,4,,,,1,1,1,,1,1,3,3,3,0,0,,,0,1,0,,0,3,0,,2,3,1,,,1,1,,0,100,1,1,1,1,0.00
Public Method,"org.apache.commons.math3.stat.descriptive.MixedListUnivariateImplTest.BarTransformer.transform",,,,,,,,,,,,,,3,3,1,3,0,2,1,1,0,,,,0,,,,,,,,,,,,,1,0,1,0,1,1,1,1,1,1,,,0,0,,1,1,1,1,0.00
Public Static Class,"org.apache.commons.math3.stat.descriptive.MixedListUnivariateImplTest.Foo",1,1,0,0,0,,0,,1,1,0,0,1,5,5,1,,,3,,,,1,1,1,,1,1,3,3,1,0,0,,,0,1,0,,0,2,0,,1,2,1,,,1,1,,0,0,1,1,1,1,0.00
Public Method,"org.apache.commons.math3.stat.descriptive.MixedListUnivariateImplTest.Foo.heresFoo",,,,,,,,,,,,,,3,3,1,1,0,2,1,1,0,,,,0,,,,,,,,,,,,,1,0,1,0,1,1,1,1,1,1,,,0,0,,1,1,1,1,0.00
Public Static Class,"org.apache.commons.math3.stat.descriptive.MixedListUnivariateImplTest.FooTransformer",1,1,0,0,1,,1,,1,1,0,0,1,6,6,2,,,4,,,,1,1,1,,1,1,3,3,3,0,0,,,0,1,0,,0,3,0,,2,3,1,,,1,1,,0,100,1,1,1,1,0.00
Public Method,"org.apache.commons.math3.stat.descriptive.MixedListUnivariateImplTest.FooTransformer.transform",,,,,,,,,,,,,,3,3,1,3,0,2,1,1,0,,,,0,,,,,,,,,,,,,1,0,1,0,1,1,1,1,1,1,,,0,0,,1,1,1,1,0.00
Public Constructor,"org.apache.commons.math3.stat.descriptive.MixedListUnivariateImplTest.MixedListUnivariateImplTest",,,,,,,,,,,,,,8,5,3,4,0,4,1,1,0,,,,0,,,,,,,,,,,,,2,3,1,0,1,3,1,3,1,1,,,0,0,,1,1,1,1,0.00
Public Method,"org.apache.commons.math3.stat.descriptive.MixedListUnivariateImplTest.testN0andN1Conditions",,,,,,,,,,,,,,27,23,21,7,0,9,1,1,0,,,,0,,,,,,,,,,,,,2,4,2,0,1,8,2,7,1,1,,,0,0,,1,1,1,1,0.00
Public Method,"org.apache.commons.math3.stat.descriptive.MixedListUnivariateImplTest.testProductAndGeometricMean",,,,,,,,,,,,,,28,21,17,5,0,13,2,2,0,,,,0,,,,,,,,,,,,,1,4,2,3,2,11,3,10,2,1,,,0,1,,2,2,1,2,0.14
Public Method,"org.apache.commons.math3.stat.descriptive.MixedListUnivariateImplTest.testSkewAndKurtosis",,,,,,,,,,,,,,33,30,27,8,0,28,1,1,0,,,,0,,,,,,,,,,,,,1,3,3,0,1,27,2,26,1,1,,,0,0,,1,1,1,1,0.00
Public Method,"org.apache.commons.math3.stat.descriptive.MixedListUnivariateImplTest.testStats",,,,,,,,,,,,,,22,19,17,12,0,18,1,1,0,,,,0,,,,,,,,,,,,,13,2,3,1,1,17,3,15,1,1,,,0,0,,1,1,1,1,0.05
Public Class,"org.apache.commons.math3.stat.descriptive.MultivariateSummaryStatistics",1,1,0,7,17,,1,,36,36,0,5,31,590,234,132,,,180,,,,4,3,1,,1,1,13,6,3,1,0,,,10,36,0,,51,63,305,,130,63,117,,,4,11,,2,85,49,57,38,49,1.30
Public Constructor,"org.apache.commons.math3.stat.descriptive.MultivariateSummaryStatistics.MultivariateSummaryStatistics",,,,,,,,,,,,,,32,21,17,18,0,20,2,2,0,,,,0,,,,,,,,,,,,,4,4,1,7,2,18,2,18,2,1,,,0,1,,2,2,1,2,0.33
Public Method,"org.apache.commons.math3.stat.descriptive.MultivariateSummaryStatistics.addValue",,,,,,,,,,,,,,22,15,12,4,0,15,2,2,0,,,,0,,,,,,,,,,,,,22,0,2,7,2,13,3,12,2,1,,,0,1,,2,2,1,2,0.47
Private Method,"org.apache.commons.math3.stat.descriptive.MultivariateSummaryStatistics.append",,,,,,,,,,,,,,19,11,6,1,0,9,3,3,0,,,,0,,,,,,,,,,,,,7,0,2,8,3,6,2,7,3,1,,,0,2,,3,3,1,3,0.73
Private Method,"org.apache.commons.math3.stat.descriptive.MultivariateSummaryStatistics.checkDimension",,,,,,,,,,,,,,10,5,2,1,0,3,2,2,0,,,,0,,,,,,,,,,,,,4,0,1,5,2,1,1,2,2,1,,,0,1,,2,2,1,2,1.00
Private Method,"org.apache.commons.math3.stat.descriptive.MultivariateSummaryStatistics.checkEmpty",,,,,,,,,,,,,,10,6,3,0,0,3,2,2,0,,,,0,,,,,,,,,,,,,3,0,1,4,2,1,1,2,2,1,,,0,1,,2,2,1,2,0.67
Public Method,"org.apache.commons.math3.stat.descriptive.MultivariateSummaryStatistics.clear",,,,,,,,,,,,,,16,13,10,3,0,13,2,2,0,,,,0,,,,,,,,,,,,,13,0,1,3,2,11,2,11,2,1,,,0,1,,2,2,1,2,0.23
Public Method,"org.apache.commons.math3.stat.descriptive.MultivariateSummaryStatistics.equals",,,,,,,,,,,,,,24,18,14,13,0,7,3,11,2,,,,2,,,,,,,,,,,,,3,0,2,6,3,4,2,5,3,3,,,2,1,,3,11,3,3,0.33
Public Method,"org.apache.commons.math3.stat.descriptive.MultivariateSummaryStatistics.getCovariance",,,,,,,,,,,,,,8,3,1,2,0,2,1,1,0,,,,0,,,,,,,,,,,,,6,0,1,5,1,1,1,1,1,1,,,0,0,,1,1,1,1,1.67
Public Method,"org.apache.commons.math3.stat.descriptive.MultivariateSummaryStatistics.getDimension",,,,,,,,,,,,,,7,3,1,1,0,2,1,1,0,,,,0,,,,,,,,,,,,,3,0,1,4,1,1,1,1,1,1,,,0,0,,1,1,1,1,1.33
Public Method,"org.apache.commons.math3.stat.descriptive.MultivariateSummaryStatistics.getGeoMeanImpl",,,,,,,,,,,,,,8,3,1,2,0,2,1,1,0,,,,0,,,,,,,,,,,,,3,0,1,5,1,1,1,1,1,1,,,0,0,,1,1,1,1,1.67
Public Method,"org.apache.commons.math3.stat.descriptive.MultivariateSummaryStatistics.getGeometricMean",,,,,,,,,,,,,,10,3,1,2,0,2,1,1,0,,,,0,,,,,,,,,,,,,9,0,1,7,1,1,1,1,1,1,,,0,0,,1,1,1,1,2.33
Public Method,"org.apache.commons.math3.stat.descriptive.MultivariateSummaryStatistics.getMax",,,,,,,,,,,,,,10,3,1,2,0,2,1,1,0,,,,0,,,,,,,,,,,,,7,0,1,7,1,1,1,1,1,1,,,0,0,,1,1,1,1,2.33
Public Method,"org.apache.commons.math3.stat.descriptive.MultivariateSummaryStatistics.getMaxImpl",,,,,,,,,,,,,,8,3,1,2,0,2,1,1,0,,,,0,,,,,,,,,,,,,3,0,1,5,1,1,1,1,1,1,,,0,0,,1,1,1,1,1.67
Public Method,"org.apache.commons.math3.stat.descriptive.MultivariateSummaryStatistics.getMean",,,,,,,,,,,,,,10,3,1,2,0,2,1,1,0,,,,0,,,,,,,,,,,,,10,0,1,7,1,1,1,1,1,1,,,0,0,,1,1,1,1,2.33
Public Method,"org.apache.commons.math3.stat.descriptive.MultivariateSummaryStatistics.getMeanImpl",,,,,,,,,,,,,,8,3,1,2,0,2,1,1,0,,,,0,,,,,,,,,,,,,3,0,1,5,1,1,1,1,1,1,,,0,0,,1,1,1,1,1.67
Public Method,"org.apache.commons.math3.stat.descriptive.MultivariateSummaryStatistics.getMin",,,,,,,,,,,,,,10,3,1,2,0,2,1,1,0,,,,0,,,,,,,,,,,,,8,0,1,7,1,1,1,1,1,1,,,0,0,,1,1,1,1,2.33
Public Method,"org.apache.commons.math3.stat.descriptive.MultivariateSummaryStatistics.getMinImpl",,,,,,,,,,,,,,8,3,1,2,0,2,1,1,0,,,,0,,,,,,,,,,,,,3,0,1,5,1,1,1,1,1,1,,,0,0,,1,1,1,1,1.67
Public Method,"org.apache.commons.math3.stat.descriptive.MultivariateSummaryStatistics.getN",,,,,,,,,,,,,,7,3,1,1,0,2,1,1,0,,,,0,,,,,,,,,,,,,7,0,1,4,1,1,1,1,1,1,,,0,0,,1,1,1,1,1.33
Private Method,"org.apache.commons.math3.stat.descriptive.MultivariateSummaryStatistics.getResults",,,,,,,,,,,,,,12,7,4,2,0,7,2,2,0,,,,0,,,,,,,,,,,,,9,0,2,5,2,5,3,4,2,1,,,0,1,,2,2,1,2,0.71
Public Method,"org.apache.commons.math3.stat.descriptive.MultivariateSummaryStatistics.getStandardDeviation",,,,,,,,,,,,,,21,14,10,6,1,12,4,4,2,,,,0,,,,,,,,,,,,,7,0,3,7,4,8,4,8,4,1,,,0,2,,4,4,1,4,0.50
Public Method,"org.apache.commons.math3.stat.descriptive.MultivariateSummaryStatistics.getSum",,,,,,,,,,,,,,10,3,1,2,0,2,1,1,0,,,,0,,,,,,,,,,,,,6,0,1,7,1,1,1,1,1,1,,,0,0,,1,1,1,1,2.33
Public Method,"org.apache.commons.math3.stat.descriptive.MultivariateSummaryStatistics.getSumImpl",,,,,,,,,,,,,,8,3,1,2,0,2,1,1,0,,,,0,,,,,,,,,,,,,3,0,1,5,1,1,1,1,1,1,,,0,0,,1,1,1,1,1.67
Public Method,"org.apache.commons.math3.stat.descriptive.MultivariateSummaryStatistics.getSumLog",,,,,,,,,,,,,,10,3,1,2,0,2,1,1,0,,,,0,,,,,,,,,,,,,7,0,1,7,1,1,1,1,1,1,,,0,0,,1,1,1,1,2.33
Public Method,"org.apache.commons.math3.stat.descriptive.MultivariateSummaryStatistics.getSumLogImpl",,,,,,,,,,,,,,8,3,1,2,0,2,1,1,0,,,,0,,,,,,,,,,,,,3,0,1,5,1,1,1,1,1,1,,,0,0,,1,1,1,1,1.67
Public Method,"org.apache.commons.math3.stat.descriptive.MultivariateSummaryStatistics.getSumSq",,,,,,,,,,,,,,10,3,1,2,0,2,1,1,0,,,,0,,,,,,,,,,,,,7,0,1,7,1,1,1,1,1,1,,,0,0,,1,1,1,1,2.33
Public Method,"org.apache.commons.math3.stat.descriptive.MultivariateSummaryStatistics.getSumsqImpl",,,,,,,,,,,,,,8,3,1,2,0,2,1,1,0,,,,0,,,,,,,,,,,,,3,0,1,5,1,1,1,1,1,1,,,0,0,,1,1,1,1,1.67
Public Method,"org.apache.commons.math3.stat.descriptive.MultivariateSummaryStatistics.hashCode",,,,,,,,,,,,,,18,13,11,13,0,12,1,1,0,,,,0,,,,,,,,,,,,,2,0,2,5,1,11,2,10,1,1,,,0,0,,1,1,1,1,0.38
Public Method,"org.apache.commons.math3.stat.descriptive.MultivariateSummaryStatistics.setGeoMeanImpl",,,,,,,,,,,,,,16,3,1,1,0,2,1,1,0,,,,0,,,,,,,,,,,,,4,0,1,13,1,1,1,1,1,1,,,0,0,,1,1,1,1,4.33
Private Method,"org.apache.commons.math3.stat.descriptive.MultivariateSummaryStatistics.setImpl",,,,,,,,,,,,,,15,6,3,3,0,4,1,1,0,,,,0,,,,,,,,,,,,,10,0,2,9,1,3,1,3,1,1,,,0,0,,1,1,1,1,1.50
Public Method,"org.apache.commons.math3.stat.descriptive.MultivariateSummaryStatistics.setMaxImpl",,,,,,,,,,,,,,16,3,1,1,0,2,1,1,0,,,,0,,,,,,,,,,,,,4,0,1,13,1,1,1,1,1,1,,,0,0,,1,1,1,1,4.33
Public Method,"org.apache.commons.math3.stat.descriptive.MultivariateSummaryStatistics.setMeanImpl",,,,,,,,,,,,,,16,3,1,1,0,2,1,1,0,,,,0,,,,,,,,,,,,,6,0,1,13,1,1,1,1,1,1,,,0,0,,1,1,1,1,4.33
Public Method,"org.apache.commons.math3.stat.descriptive.MultivariateSummaryStatistics.setMinImpl",,,,,,,,,,,,,,16,3,1,1,0,2,1,1,0,,,,0,,,,,,,,,,,,,4,0,1,13,1,1,1,1,1,1,,,0,0,,1,1,1,1,4.33
Public Method,"org.apache.commons.math3.stat.descriptive.MultivariateSummaryStatistics.setSumImpl",,,,,,,,,,,,,,16,3,1,1,0,2,1,1,0,,,,0,,,,,,,,,,,,,4,0,1,13,1,1,1,1,1,1,,,0,0,,1,1,1,1,4.33
Public Method,"org.apache.commons.math3.stat.descriptive.MultivariateSummaryStatistics.setSumLogImpl",,,,,,,,,,,,,,16,3,1,1,0,2,1,1,0,,,,0,,,,,,,,,,,,,4,0,1,13,1,1,1,1,1,1,,,0,0,,1,1,1,1,4.33
Public Method,"org.apache.commons.math3.stat.descriptive.MultivariateSummaryStatistics.setSumsqImpl",,,,,,,,,,,,,,16,3,1,1,0,2,1,1,0,,,,0,,,,,,,,,,,,,4,0,1,13,1,1,1,1,1,1,,,0,0,,1,1,1,1,4.33
Public Method,"org.apache.commons.math3.stat.descriptive.MultivariateSummaryStatistics.toString",,,,,,,,,,,,,,22,16,14,14,0,15,1,1,0,,,,0,,,,,,,,,,,,,2,0,4,6,1,14,4,11,1,1,,,0,0,,1,1,1,1,0.38
Public Class,"org.apache.commons.math3.stat.descriptive.MultivariateSummaryStatisticsTest",1,1,1,1,8,,0,,11,11,0,0,10,285,235,178,,,184,,,,2,1,1,,1,1,20,17,1,1,0,,,0,11,1,,27,50,24,,159,41,143,,,2,2,,1,0,14,14,11,14,0.10
Protected Method,"org.apache.commons.math3.stat.descriptive.MultivariateSummaryStatisticsTest.createMultivariateSummaryStatistics",,,,,,,,,,,,,,3,3,1,2,0,2,1,1,0,,,,0,,,,,,,,,,,,,12,0,1,0,1,1,1,1,1,1,,,0,0,,1,1,1,1,0.00
Static Class,"org.apache.commons.math3.stat.descriptive.MultivariateSummaryStatisticsTest.sumMean",1,1,0,0,0,,0,,9,9,0,0,9,35,31,11,,,21,,,,1,1,1,,1,1,3,3,2,0,0,,,2,9,0,,0,12,4,,11,12,9,,,1,1,,0,66,9,9,9,9,0.13
Public Method,"org.apache.commons.math3.stat.descriptive.MultivariateSummaryStatisticsTest.sumMean.clear",,,,,,,,,,,,,,4,4,2,2,0,3,1,1,0,,,,0,,,,,,,,,,,,,0,0,1,0,1,2,1,2,1,1,,,0,0,,1,1,1,1,0.00
Public Method,"org.apache.commons.math3.stat.descriptive.MultivariateSummaryStatisticsTest.sumMean.copy",,,,,,,,,,,,,,3,3,1,1,0,2,1,1,0,,,,0,,,,,,,,,,,,,0,0,1,0,1,1,1,1,1,1,,,0,0,,1,1,1,1,0.00
Public Method,"org.apache.commons.math3.stat.descriptive.MultivariateSummaryStatisticsTest.sumMean.evaluate",,,,,,,,,,,,,,3,3,1,1,0,2,1,1,0,,,,0,,,,,,,,,,,,,0,0,1,0,1,1,1,1,1,1,,,0,0,,1,1,1,1,0.00
Public Method,"org.apache.commons.math3.stat.descriptive.MultivariateSummaryStatisticsTest.sumMean.evaluate",,,,,,,,,,,,,,3,3,1,1,0,2,1,1,0,,,,0,,,,,,,,,,,,,0,0,1,0,1,1,1,1,1,1,,,0,0,,1,1,1,1,0.00
Public Method,"org.apache.commons.math3.stat.descriptive.MultivariateSummaryStatisticsTest.sumMean.getN",,,,,,,,,,,,,,3,3,1,1,0,2,1,1,0,,,,0,,,,,,,,,,,,,1,0,1,0,1,1,1,1,1,1,,,0,0,,1,1,1,1,0.00
Public Method,"org.apache.commons.math3.stat.descriptive.MultivariateSummaryStatisticsTest.sumMean.getResult",,,,,,,,,,,,,,3,3,1,1,0,2,1,1,0,,,,0,,,,,,,,,,,,,1,0,1,0,1,1,1,1,1,1,,,0,0,,1,1,1,1,0.00
Public Method,"org.apache.commons.math3.stat.descriptive.MultivariateSummaryStatisticsTest.sumMean.increment",,,,,,,,,,,,,,4,4,2,2,0,3,1,1,0,,,,0,,,,,,,,,,,,,1,0,1,0,1,2,1,2,1,1,,,0,0,,1,1,1,1,0.00
Public Method,"org.apache.commons.math3.stat.descriptive.MultivariateSummaryStatisticsTest.sumMean.incrementAll",,,,,,,,,,,,,,2,2,0,0,0,1,1,1,0,,,,0,,,,,,,,,,,,,0,0,1,0,1,0,1,0,1,1,,,0,0,,1,1,1,1,0.00
Public Method,"org.apache.commons.math3.stat.descriptive.MultivariateSummaryStatisticsTest.sumMean.incrementAll",,,,,,,,,,,,,,2,2,0,0,0,1,1,1,0,,,,0,,,,,,,,,,,,,0,0,1,0,1,0,1,0,1,1,,,0,0,,1,1,1,1,0.00
Public Method,"org.apache.commons.math3.stat.descriptive.MultivariateSummaryStatisticsTest.testDimension",,,,,,,,,,,,,,8,7,4,3,0,4,2,2,1,,,,0,,,,,,,,,,,,,0,0,1,1,2,2,1,3,2,1,,,0,1,,2,2,1,2,0.14
Public Method,"org.apache.commons.math3.stat.descriptive.MultivariateSummaryStatisticsTest.testEqualsAndHashCode",,,,,,,,,,,,,,40,34,32,9,0,33,1,1,0,,,,0,,,,,,,,,,,,,0,3,4,3,1,32,4,29,1,1,,,0,0,,1,1,1,1,0.09
Public Method,"org.apache.commons.math3.stat.descriptive.MultivariateSummaryStatisticsTest.testN0andN1Conditions",,,,,,,,,,,,,,16,11,9,8,0,10,1,1,0,,,,0,,,,,,,,,,,,,0,3,2,2,1,9,2,8,1,1,,,0,0,,1,1,1,1,0.18
Public Method,"org.apache.commons.math3.stat.descriptive.MultivariateSummaryStatisticsTest.testNaNContracts",,,,,,,,,,,,,,14,12,10,9,0,11,1,1,0,,,,0,,,,,,,,,,,,,0,2,2,0,1,10,2,9,1,1,,,0,0,,1,1,1,1,0.00
Public Method,"org.apache.commons.math3.stat.descriptive.MultivariateSummaryStatisticsTest.testSerialization",,,,,,,,,,,,,,20,14,12,5,0,13,1,1,0,,,,0,,,,,,,,,,,,,0,3,3,3,1,12,3,10,1,1,,,0,0,,1,1,1,1,0.21
Public Method,"org.apache.commons.math3.stat.descriptive.MultivariateSummaryStatisticsTest.testSetterIllegalState",,,,,,,,,,,,,,13,12,9,4,0,7,2,2,1,,,,0,,,,,,,,,,,,,0,0,2,1,2,5,2,5,2,1,,,0,1,,2,2,1,2,0.08
Public Method,"org.apache.commons.math3.stat.descriptive.MultivariateSummaryStatisticsTest.testSetterInjection",,,,,,,,,,,,,,24,24,22,8,0,19,1,1,0,,,,0,,,,,,,,,,,,,0,0,2,1,1,18,2,17,1,1,,,0,0,,1,1,1,1,0.04
Public Method,"org.apache.commons.math3.stat.descriptive.MultivariateSummaryStatisticsTest.testShuffledStatistics",,,,,,,,,,,,,,30,23,20,24,0,23,2,2,0,,,,0,,,,,,,,,,,,,0,4,4,3,2,21,5,18,2,1,,,0,1,,2,2,1,2,0.13
Public Method,"org.apache.commons.math3.stat.descriptive.MultivariateSummaryStatisticsTest.testStats",,,,,,,,,,,,,,32,31,29,16,0,30,1,1,0,,,,0,,,,,,,,,,,,,0,0,2,1,1,29,2,28,1,1,,,0,0,,1,1,1,1,0.03
Public Method,"org.apache.commons.math3.stat.descriptive.MultivariateSummaryStatisticsTest.testToString",,,,,,,,,,,,,,21,21,19,8,0,10,1,1,0,,,,0,,,,,,,,,,,,,1,0,4,0,1,9,4,6,1,1,,,0,0,,1,1,1,1,0.00
Public Interface,"org.apache.commons.math3.stat.descriptive.StatisticalMultivariateSummary",0,0,0,0,1,,0,,11,11,11,0,0,94,13,0,,,12,,,,0,0,0,,0,0,0,0,0,1,0,,,0,11,0,,12,12,69,,11,12,0,,,0,0,,0,0,0,0,0,0,5.31
Abstract Method,"org.apache.commons.math3.stat.descriptive.StatisticalMultivariateSummary.getCovariance",,,,,,,,,,,,,,6,1,0,1,0,1,0,0,0,,,,0,,,,,,,,,,,,,0,0,1,5,0,1,1,0,0,0,,,0,0,,0,0,0,0,5.00
Abstract Method,"org.apache.commons.math3.stat.descriptive.StatisticalMultivariateSummary.getDimension",,,,,,,,,,,,,,5,1,0,1,0,1,0,0,0,,,,0,,,,,,,,,,,,,0,0,1,4,0,1,1,0,0,0,,,0,0,,0,0,0,0,4.00
Abstract Method,"org.apache.commons.math3.stat.descriptive.StatisticalMultivariateSummary.getGeometricMean",,,,,,,,,,,,,,8,1,0,1,0,1,0,0,0,,,,0,,,,,,,,,,,,,0,0,1,7,0,1,1,0,0,0,,,0,0,,0,0,0,0,7.00
Abstract Method,"org.apache.commons.math3.stat.descriptive.StatisticalMultivariateSummary.getMax",,,,,,,,,,,,,,8,1,0,1,0,1,0,0,0,,,,0,,,,,,,,,,,,,0,0,1,7,0,1,1,0,0,0,,,0,0,,0,0,0,0,7.00
Abstract Method,"org.apache.commons.math3.stat.descriptive.StatisticalMultivariateSummary.getMean",,,,,,,,,,,,,,8,1,0,1,0,1,0,0,0,,,,0,,,,,,,,,,,,,0,0,1,7,0,1,1,0,0,0,,,0,0,,0,0,0,0,7.00
Abstract Method,"org.apache.commons.math3.stat.descriptive.StatisticalMultivariateSummary.getMin",,,,,,,,,,,,,,8,1,0,1,0,1,0,0,0,,,,0,,,,,,,,,,,,,0,0,1,7,0,1,1,0,0,0,,,0,0,,0,0,0,0,7.00
Abstract Method,"org.apache.commons.math3.stat.descriptive.StatisticalMultivariateSummary.getN",,,,,,,,,,,,,,5,1,0,1,0,1,0,0,0,,,,0,,,,,,,,,,,,,0,0,1,4,0,1,1,0,0,0,,,0,0,,0,0,0,0,4.00
Abstract Method,"org.apache.commons.math3.stat.descriptive.StatisticalMultivariateSummary.getStandardDeviation",,,,,,,,,,,,,,8,1,0,1,0,1,0,0,0,,,,0,,,,,,,,,,,,,0,0,1,7,0,1,1,0,0,0,,,0,0,,0,0,0,0,7.00
Abstract Method,"org.apache.commons.math3.stat.descriptive.StatisticalMultivariateSummary.getSum",,,,,,,,,,,,,,8,1,0,1,0,1,0,0,0,,,,0,,,,,,,,,,,,,0,0,1,7,0,1,1,0,0,0,,,0,0,,0,0,0,0,7.00
Abstract Method,"org.apache.commons.math3.stat.descriptive.StatisticalMultivariateSummary.getSumLog",,,,,,,,,,,,,,8,1,0,1,0,1,0,0,0,,,,0,,,,,,,,,,,,,0,0,1,7,0,1,1,0,0,0,,,0,0,,0,0,0,0,7.00
Abstract Method,"org.apache.commons.math3.stat.descriptive.StatisticalMultivariateSummary.getSumSq",,,,,,,,,,,,,,8,1,0,1,0,1,0,0,0,,,,0,,,,,,,,,,,,,0,0,1,7,0,1,1,0,0,0,,,0,0,,0,0,0,0,7.00
Public Interface,"org.apache.commons.math3.stat.descriptive.StatisticalSummary",0,0,0,0,0,,0,,7,7,7,0,0,42,9,0,,,8,,,,0,0,0,,0,0,0,0,0,4,0,,,0,7,0,,2,8,31,,7,8,0,,,0,0,,0,0,0,0,0,0,3.44
Abstract Method,"org.apache.commons.math3.stat.descriptive.StatisticalSummary.getMax",,,,,,,,,,,,,,5,1,0,1,0,1,0,0,0,,,,0,,,,,,,,,,,,,2,0,1,4,0,1,1,0,0,0,,,0,0,,0,0,0,0,4.00
Abstract Method,"org.apache.commons.math3.stat.descriptive.StatisticalSummary.getMean",,,,,,,,,,,,,,6,1,0,1,0,1,0,0,0,,,,0,,,,,,,,,,,,,13,0,1,5,0,1,1,0,0,0,,,0,0,,0,0,0,0,5.00
Abstract Method,"org.apache.commons.math3.stat.descriptive.StatisticalSummary.getMin",,,,,,,,,,,,,,5,1,0,1,0,1,0,0,0,,,,0,,,,,,,,,,,,,2,0,1,4,0,1,1,0,0,0,,,0,0,,0,0,0,0,4.00
Abstract Method,"org.apache.commons.math3.stat.descriptive.StatisticalSummary.getN",,,,,,,,,,,,,,5,1,0,1,0,1,0,0,0,,,,0,,,,,,,,,,,,,11,0,1,4,0,1,1,0,0,0,,,0,0,,0,0,0,0,4.00
Abstract Method,"org.apache.commons.math3.stat.descriptive.StatisticalSummary.getStandardDeviation",,,,,,,,,,,,,,6,1,0,1,0,1,0,0,0,,,,0,,,,,,,,,,,,,7,0,1,5,0,1,1,0,0,0,,,0,0,,0,0,0,0,5.00
Abstract Method,"org.apache.commons.math3.stat.descriptive.StatisticalSummary.getSum",,,,,,,,,,,,,,5,1,0,1,0,1,0,0,0,,,,0,,,,,,,,,,,,,3,0,1,4,0,1,1,0,0,0,,,0,0,,0,0,0,0,4.00
Abstract Method,"org.apache.commons.math3.stat.descriptive.StatisticalSummary.getVariance",,,,,,,,,,,,,,6,1,0,1,0,1,0,0,0,,,,0,,,,,,,,,,,,,8,0,1,5,0,1,1,0,0,0,,,0,0,,0,0,0,0,5.00
Public Class,"org.apache.commons.math3.stat.descriptive.StatisticalSummaryValues",1,1,0,4,3,,1,,11,11,0,0,11,163,82,45,,,57,,,,3,3,1,,1,1,10,6,3,0,0,,,6,11,0,,19,28,62,,43,23,34,,,3,8,,1,83,13,18,13,13,0.76
Public Constructor,"org.apache.commons.math3.stat.descriptive.StatisticalSummaryValues.StatisticalSummaryValues",,,,,,,,,,,,,,20,10,7,7,0,8,1,1,0,,,,0,,,,,,,,,,,,,12,0,2,10,1,7,1,7,1,1,,,0,0,,1,1,1,1,1.00
Public Method,"org.apache.commons.math3.stat.descriptive.StatisticalSummaryValues.equals",,,,,,,,,,,,,,23,15,11,9,0,7,3,8,2,,,,2,,,,,,,,,,,,,2,0,2,8,3,4,2,5,3,3,,,2,1,,3,8,3,3,0.53
Public Method,"org.apache.commons.math3.stat.descriptive.StatisticalSummaryValues.getMax",,,,,,,,,,,,,,6,3,1,1,0,2,1,1,0,,,,0,,,,,,,,,,,,,5,0,1,3,1,1,1,1,1,1,,,0,0,,1,1,1,1,1.00
Public Method,"org.apache.commons.math3.stat.descriptive.StatisticalSummaryValues.getMean",,,,,,,,,,,,,,6,3,1,1,0,2,1,1,0,,,,0,,,,,,,,,,,,,5,0,1,3,1,1,1,1,1,1,,,0,0,,1,1,1,1,1.00
Public Method,"org.apache.commons.math3.stat.descriptive.StatisticalSummaryValues.getMin",,,,,,,,,,,,,,6,3,1,1,0,2,1,1,0,,,,0,,,,,,,,,,,,,5,0,1,3,1,1,1,1,1,1,,,0,0,,1,1,1,1,1.00
Public Method,"org.apache.commons.math3.stat.descriptive.StatisticalSummaryValues.getN",,,,,,,,,,,,,,6,3,1,1,0,2,1,1,0,,,,0,,,,,,,,,,,,,5,0,1,3,1,1,1,1,1,1,,,0,0,,1,1,1,1,1.00
Public Method,"org.apache.commons.math3.stat.descriptive.StatisticalSummaryValues.getStandardDeviation",,,,,,,,,,,,,,6,3,1,2,0,2,1,1,0,,,,0,,,,,,,,,,,,,3,0,1,3,1,1,1,1,1,1,,,0,0,,1,1,1,1,1.00
Public Method,"org.apache.commons.math3.stat.descriptive.StatisticalSummaryValues.getSum",,,,,,,,,,,,,,6,3,1,1,0,2,1,1,0,,,,0,,,,,,,,,,,,,5,0,1,3,1,1,1,1,1,1,,,0,0,,1,1,1,1,1.00
Public Method,"org.apache.commons.math3.stat.descriptive.StatisticalSummaryValues.getVariance",,,,,,,,,,,,,,6,3,1,1,0,2,1,1,0,,,,0,,,,,,,,,,,,,5,0,1,3,1,1,1,1,1,1,,,0,0,,1,1,1,1,1.00
Public Method,"org.apache.commons.math3.stat.descriptive.StatisticalSummaryValues.hashCode",,,,,,,,,,,,,,14,9,7,8,0,8,1,1,0,,,,0,,,,,,,,,,,,,1,0,2,5,1,7,2,6,1,1,,,0,0,,1,1,1,1,0.56
Public Method,"org.apache.commons.math3.stat.descriptive.StatisticalSummaryValues.toString",,,,,,,,,,,,,,20,14,12,10,0,12,1,1,0,,,,0,,,,,,,,,,,,,1,0,3,6,1,11,3,9,1,1,,,0,0,,1,1,1,1,0.43
Public Class,"org.apache.commons.math3.stat.descriptive.StatisticalSummaryValuesTest",1,1,0,0,2,,0,,4,4,0,1,3,58,48,35,,,32,,,,1,1,1,,1,1,11,10,1,0,0,,,0,4,0,,5,14,5,,27,11,21,,,1,2,,0,0,4,5,4,4,0.10
Public Method,"org.apache.commons.math3.stat.descriptive.StatisticalSummaryValuesTest.testEqualsAndHashCode",,,,,,,,,,,,,,15,14,12,7,0,12,1,2,0,,,,0,,,,,,,,,,,,,0,1,3,0,1,11,3,9,1,1,,,0,0,,1,2,1,1,0.00
Public Method,"org.apache.commons.math3.stat.descriptive.StatisticalSummaryValuesTest.testSerialization",,,,,,,,,,,,,,6,6,4,4,0,5,1,1,0,,,,0,,,,,,,,,,,,,0,0,3,0,1,4,3,2,1,1,,,0,0,,1,1,1,1,0.00
Public Method,"org.apache.commons.math3.stat.descriptive.StatisticalSummaryValuesTest.testToString",,,,,,,,,,,,,,14,14,12,5,0,6,1,1,0,,,,0,,,,,,,,,,,,,1,0,3,0,1,5,3,3,1,1,,,0,0,,1,1,1,1,0.00
Private Method,"org.apache.commons.math3.stat.descriptive.StatisticalSummaryValuesTest.verifyEquality",,,,,,,,,,,,,,9,9,7,8,0,8,1,1,0,,,,0,,,,,,,,,,,,,3,0,1,0,1,7,1,7,1,1,,,0,0,,1,1,1,1,0.00
Public Interface,"org.apache.commons.math3.stat.descriptive.StorelessUnivariateStatistic",0,0,0,0,0,,0,,7,10,7,0,0,57,9,0,,,8,,,,0,0,1,,0,0,0,0,1,2,0,,,0,7,0,,8,8,40,,7,8,0,,,0,0,,0,0,0,0,0,0,4.44
Abstract Method,"org.apache.commons.math3.stat.descriptive.StorelessUnivariateStatistic.clear",,,,,,,,,,,,,,4,1,0,0,0,1,0,0,0,,,,0,,,,,,,,,,,,,7,0,1,3,0,1,1,0,0,0,,,0,0,,0,0,0,0,3.00
Abstract Method,"org.apache.commons.math3.stat.descriptive.StorelessUnivariateStatistic.copy",,,,,,,,,,,,,,6,1,0,1,0,1,0,0,0,,,,0,,,,,,,,,,,,,3,0,1,5,0,1,1,0,0,0,,,0,0,,0,0,0,0,5.00
Abstract Method,"org.apache.commons.math3.stat.descriptive.StorelessUnivariateStatistic.getN",,,,,,,,,,,,,,5,1,0,1,0,1,0,0,0,,,,0,,,,,,,,,,,,,5,0,1,4,0,1,1,0,0,0,,,0,0,,0,0,0,0,4.00
Abstract Method,"org.apache.commons.math3.stat.descriptive.StorelessUnivariateStatistic.getResult",,,,,,,,,,,,,,6,1,0,1,0,1,0,0,0,,,,0,,,,,,,,,,,,,18,0,1,5,0,1,1,0,0,0,,,0,0,,0,0,0,0,5.00
Abstract Method,"org.apache.commons.math3.stat.descriptive.StorelessUnivariateStatistic.increment",,,,,,,,,,,,,,5,1,0,0,0,1,0,0,0,,,,0,,,,,,,,,,,,,7,0,1,4,0,1,1,0,0,0,,,0,0,,0,0,0,0,4.00
Abstract Method,"org.apache.commons.math3.stat.descriptive.StorelessUnivariateStatistic.incrementAll",,,,,,,,,,,,,,9,1,0,0,0,1,0,0,0,,,,0,,,,,,,,,,,,,2,0,1,8,0,1,1,0,0,0,,,0,0,,0,0,0,0,8.00
Abstract Method,"org.apache.commons.math3.stat.descriptive.StorelessUnivariateStatistic.incrementAll",,,,,,,,,,,,,,12,1,0,0,0,1,0,0,0,,,,0,,,,,,,,,,,,,1,0,1,11,0,1,1,0,0,0,,,0,0,,0,0,0,0,11.00
Public Abstract Class,"org.apache.commons.math3.stat.descriptive.StorelessUnivariateStatisticAbstractTest",1,1,3,2,5,,0,,10,18,0,0,9,196,128,88,,,98,,,,3,1,2,,1,1,20,14,1,16,0,,,1,10,1,,42,39,26,,83,28,70,,,3,3,,2,87,14,14,8,14,0.20
Protected Method,"org.apache.commons.math3.stat.descriptive.StorelessUnivariateStatisticAbstractTest.checkClearValue",,,,,,,,,,,,,,3,3,1,3,0,2,1,1,0,,,,0,,,,,,,,,,,,,3,0,1,0,1,1,1,1,1,1,,,0,0,,1,1,1,1,0.00
Public Abstract Method,"org.apache.commons.math3.stat.descriptive.StorelessUnivariateStatisticAbstractTest.expectedValue",,,,,,,,,,,,,,2,1,0,1,0,1,0,0,0,,,,0,,,,,,,,,,,,,2,0,1,1,0,1,1,0,0,0,,,0,0,,0,0,0,0,1.00
Public Abstract Method,"org.apache.commons.math3.stat.descriptive.StorelessUnivariateStatisticAbstractTest.getUnivariateStatistic",,,,,,,,,,,,,,2,1,0,1,0,1,0,0,0,,,,0,,,,,,,,,,,,,7,0,1,1,0,1,1,0,0,0,,,0,0,,0,0,0,0,1.00
Public Method,"org.apache.commons.math3.stat.descriptive.StorelessUnivariateStatisticAbstractTest.testConsistency",,,,,,,,,,,,,,16,12,8,9,0,13,3,3,0,,,,0,,,,,,,,,,,,,3,0,2,4,3,10,4,9,3,1,,,0,2,,3,3,1,3,0.33
Public Method,"org.apache.commons.math3.stat.descriptive.StorelessUnivariateStatisticAbstractTest.testCopyConsistency",,,,,,,,,,,,,,31,16,13,7,0,12,1,1,0,,,,0,,,,,,,,,,,,,2,6,5,9,1,11,4,8,1,1,,,0,0,,1,1,1,1,0.56
Public Method,"org.apache.commons.math3.stat.descriptive.StorelessUnivariateStatisticAbstractTest.testEqualsAndHashCode",,,,,,,,,,,,,,45,37,34,7,0,28,1,1,0,,,,0,,,,,,,,,,,,,0,8,5,0,1,27,4,24,1,1,,,0,0,,1,1,1,1,0.00
Public Method,"org.apache.commons.math3.stat.descriptive.StorelessUnivariateStatisticAbstractTest.testIncrementation",,,,,,,,,,,,,,30,16,12,10,0,15,2,2,0,,,,0,,,,,,,,,,,,,2,8,3,6,2,13,3,12,2,1,,,0,1,,2,2,1,2,0.38
Public Method,"org.apache.commons.math3.stat.descriptive.StorelessUnivariateStatisticAbstractTest.testMomentSmallSamples",,,,,,,,,,,,,,9,9,6,6,0,7,2,2,0,,,,0,,,,,,,,,,,,,0,0,3,0,2,5,3,4,2,1,,,0,1,,2,2,1,2,0.00
Public Method,"org.apache.commons.math3.stat.descriptive.StorelessUnivariateStatisticAbstractTest.testSerial",,,,,,,,,,,,,,5,5,2,3,0,3,1,1,0,,,,0,,,,,,,,,,,,,0,0,3,0,1,2,2,1,1,1,,,0,0,,1,1,1,1,0.00
Public Method,"org.apache.commons.math3.stat.descriptive.StorelessUnivariateStatisticAbstractTest.testSerialization",,,,,,,,,,,,,,24,15,11,10,0,14,3,3,0,,,,0,,,,,,,,,,,,,2,9,3,0,3,11,3,11,3,1,,,0,2,,3,3,1,3,0.00
Public Class,"org.apache.commons.math3.stat.descriptive.SummaryStatistics",1,1,0,7,17,,1,,38,39,0,1,38,704,294,189,,,206,,,,12,3,1,,1,1,14,6,3,2,1,,,18,39,0,,60,70,350,,145,66,140,,,12,12,,2,90,60,67,41,60,1.19
Public Constructor,"org.apache.commons.math3.stat.descriptive.SummaryStatistics.SummaryStatistics",,,,,,,,,,,,,,5,2,0,1,0,1,1,1,0,,,,0,,,,,,,,,,,,,40,0,1,3,1,0,1,0,1,1,,,0,0,,1,1,1,1,1.50
Public Constructor,"org.apache.commons.math3.stat.descriptive.SummaryStatistics.SummaryStatistics",,,,,,,,,,,,,,8,3,1,2,0,2,1,1,0,,,,0,,,,,,,,,,,,,3,0,1,5,1,1,1,1,1,1,,,0,0,,1,1,1,1,1.67
Public Method,"org.apache.commons.math3.stat.descriptive.SummaryStatistics.addValue",,,,,,,,,,,,,,24,18,13,3,1,14,4,4,0,,,,0,,,,,,,,,,,,,62,0,1,6,8,10,1,13,4,1,,,0,1,,4,4,1,4,0.33
Private Method,"org.apache.commons.math3.stat.descriptive.SummaryStatistics.checkEmpty",,,,,,,,,,,,,,9,6,3,0,0,3,2,2,0,,,,0,,,,,,,,,,,,,10,0,1,3,2,1,1,2,2,1,,,0,1,,2,2,1,2,0.50
Public Method,"org.apache.commons.math3.stat.descriptive.SummaryStatistics.clear",,,,,,,,,,,,,,19,16,12,3,1,13,3,3,0,,,,0,,,,,,,,,,,,,18,0,1,3,4,10,1,12,3,1,,,0,1,,3,3,1,3,0.19
Public Method,"org.apache.commons.math3.stat.descriptive.SummaryStatistics.copy",,,,,,,,,,,,,,10,5,3,3,0,4,1,1,0,,,,0,,,,,,,,,,,,,0,0,2,5,1,3,2,2,1,1,,,0,0,,1,1,1,1,1.00
Public Static Method,"org.apache.commons.math3.stat.descriptive.SummaryStatistics.copy",,,,,,,,,,,,,,80,67,53,34,3,43,12,12,11,,,,0,,,,,,,,,,,,,25,2,2,11,2048,31,1,42,12,1,,,0,1,,12,12,1,12,0.16
Public Method,"org.apache.commons.math3.stat.descriptive.SummaryStatistics.equals",,,,,,,,,,,,,,24,17,13,11,0,7,3,10,2,,,,2,,,,,,,,,,,,,4,0,2,7,3,4,2,5,3,3,,,2,1,,3,10,3,3,0.41
Public Method,"org.apache.commons.math3.stat.descriptive.SummaryStatistics.getGeoMeanImpl",,,,,,,,,,,,,,8,3,1,1,0,2,1,1,0,,,,0,,,,,,,,,,,,,3,0,1,5,1,1,1,1,1,1,,,0,0,,1,1,1,1,1.67
Public Method,"org.apache.commons.math3.stat.descriptive.SummaryStatistics.getGeometricMean",,,,,,,,,,,,,,10,3,1,2,0,2,1,1,0,,,,0,,,,,,,,,,,,,12,0,1,7,1,1,1,1,1,1,,,0,0,,1,1,1,1,2.33
Public Method,"org.apache.commons.math3.stat.descriptive.SummaryStatistics.getMax",,,,,,,,,,,,,,10,3,1,2,0,2,1,1,0,,,,0,,,,,,,,,,,,,17,0,1,7,1,1,1,1,1,1,,,0,0,,1,1,1,1,2.33
Public Method,"org.apache.commons.math3.stat.descriptive.SummaryStatistics.getMaxImpl",,,,,,,,,,,,,,8,3,1,1,0,2,1,1,0,,,,0,,,,,,,,,,,,,2,0,1,5,1,1,1,1,1,1,,,0,0,,1,1,1,1,1.67
Public Method,"org.apache.commons.math3.stat.descriptive.SummaryStatistics.getMean",,,,,,,,,,,,,,10,3,1,2,0,2,1,1,0,,,,0,,,,,,,,,,,,,24,0,1,7,1,1,1,1,1,1,,,0,0,,1,1,1,1,2.33
Public Method,"org.apache.commons.math3.stat.descriptive.SummaryStatistics.getMeanImpl",,,,,,,,,,,,,,8,3,1,1,0,2,1,1,0,,,,0,,,,,,,,,,,,,2,0,1,5,1,1,1,1,1,1,,,0,0,,1,1,1,1,1.67
Public Method,"org.apache.commons.math3.stat.descriptive.SummaryStatistics.getMin",,,,,,,,,,,,,,10,3,1,2,0,2,1,1,0,,,,0,,,,,,,,,,,,,18,0,1,7,1,1,1,1,1,1,,,0,0,,1,1,1,1,2.33
Public Method,"org.apache.commons.math3.stat.descriptive.SummaryStatistics.getMinImpl",,,,,,,,,,,,,,8,3,1,1,0,2,1,1,0,,,,0,,,,,,,,,,,,,2,0,1,5,1,1,1,1,1,1,,,0,0,,1,1,1,1,1.67
Public Method,"org.apache.commons.math3.stat.descriptive.SummaryStatistics.getN",,,,,,,,,,,,,,7,3,1,1,0,2,1,1,0,,,,0,,,,,,,,,,,,,17,0,1,4,1,1,1,1,1,1,,,0,0,,1,1,1,1,1.33
Public Method,"org.apache.commons.math3.stat.descriptive.SummaryStatistics.getPopulationVariance",,,,,,,,,,,,,,13,5,3,4,0,4,1,1,0,,,,0,,,,,,,,,,,,,4,0,2,8,1,3,2,2,1,1,,,0,0,,1,1,1,1,1.60
Public Method,"org.apache.commons.math3.stat.descriptive.SummaryStatistics.getSecondMoment",,,,,,,,,,,,,,14,3,1,2,0,2,1,1,0,,,,0,,,,,,,,,,,,,3,0,1,11,1,1,1,1,1,1,,,0,0,,1,1,1,1,3.67
Public Method,"org.apache.commons.math3.stat.descriptive.SummaryStatistics.getStandardDeviation",,,,,,,,,,,,,,18,11,7,4,0,7,3,3,1,,,,0,,,,,,,,,,,,,21,0,2,7,3,4,2,5,3,1,,,0,2,,3,3,1,3,0.64
Public Method,"org.apache.commons.math3.stat.descriptive.SummaryStatistics.getSum",,,,,,,,,,,,,,7,3,1,2,0,2,1,1,0,,,,0,,,,,,,,,,,,,11,0,1,4,1,1,1,1,1,1,,,0,0,,1,1,1,1,1.33
Public Method,"org.apache.commons.math3.stat.descriptive.SummaryStatistics.getSumImpl",,,,,,,,,,,,,,8,3,1,1,0,2,1,1,0,,,,0,,,,,,,,,,,,,3,0,1,5,1,1,1,1,1,1,,,0,0,,1,1,1,1,1.67
Public Method,"org.apache.commons.math3.stat.descriptive.SummaryStatistics.getSumLogImpl",,,,,,,,,,,,,,8,3,1,1,0,2,1,1,0,,,,0,,,,,,,,,,,,,2,0,1,5,1,1,1,1,1,1,,,0,0,,1,1,1,1,1.67
Public Method,"org.apache.commons.math3.stat.descriptive.SummaryStatistics.getSumOfLogs",,,,,,,,,,,,,,11,3,1,2,0,2,1,1,0,,,,0,,,,,,,,,,,,,4,0,1,8,1,1,1,1,1,1,,,0,0,,1,1,1,1,2.67
Public Method,"org.apache.commons.math3.stat.descriptive.SummaryStatistics.getSummary",,,,,,,,,,,,,,9,4,2,8,0,2,1,1,0,,,,0,,,,,,,,,,,,,9,0,1,5,1,1,1,1,1,1,,,0,0,,1,1,1,1,1.25
Public Method,"org.apache.commons.math3.stat.descriptive.SummaryStatistics.getSumsq",,,,,,,,,,,,,,10,3,1,2,0,2,1,1,0,,,,0,,,,,,,,,,,,,8,0,1,7,1,1,1,1,1,1,,,0,0,,1,1,1,1,2.33
Public Method,"org.apache.commons.math3.stat.descriptive.SummaryStatistics.getSumsqImpl",,,,,,,,,,,,,,8,3,1,1,0,2,1,1,0,,,,0,,,,,,,,,,,,,2,0,1,5,1,1,1,1,1,1,,,0,0,,1,1,1,1,1.67
Public Method,"org.apache.commons.math3.stat.descriptive.SummaryStatistics.getVariance",,,,,,,,,,,,,,14,3,1,2,0,2,1,1,0,,,,0,,,,,,,,,,,,,14,0,1,11,1,1,1,1,1,1,,,0,0,,1,1,1,1,3.67
Public Method,"org.apache.commons.math3.stat.descriptive.SummaryStatistics.getVarianceImpl",,,,,,,,,,,,,,8,3,1,1,0,2,1,1,0,,,,0,,,,,,,,,,,,,3,0,1,5,1,1,1,1,1,1,,,0,0,,1,1,1,1,1.67
Public Method,"org.apache.commons.math3.stat.descriptive.SummaryStatistics.hashCode",,,,,,,,,,,,,,16,12,10,10,0,11,1,1,0,,,,0,,,,,,,,,,,,,3,0,2,4,1,10,2,9,1,1,,,0,0,,1,1,1,1,0.33
Public Method,"org.apache.commons.math3.stat.descriptive.SummaryStatistics.setGeoMeanImpl",,,,,,,,,,,,,,19,4,2,2,0,3,1,1,0,,,,0,,,,,,,,,,,,,3,0,1,15,1,2,1,2,1,1,,,0,0,,1,1,1,1,3.75
Public Method,"org.apache.commons.math3.stat.descriptive.SummaryStatistics.setMaxImpl",,,,,,,,,,,,,,19,4,2,2,0,3,1,1,0,,,,0,,,,,,,,,,,,,2,0,1,15,1,2,1,2,1,1,,,0,0,,1,1,1,1,3.75
Public Method,"org.apache.commons.math3.stat.descriptive.SummaryStatistics.setMeanImpl",,,,,,,,,,,,,,19,4,2,2,0,3,1,1,0,,,,0,,,,,,,,,,,,,5,0,1,15,1,2,1,2,1,1,,,0,0,,1,1,1,1,3.75
Public Method,"org.apache.commons.math3.stat.descriptive.SummaryStatistics.setMinImpl",,,,,,,,,,,,,,19,4,2,2,0,3,1,1,0,,,,0,,,,,,,,,,,,,2,0,1,15,1,2,1,2,1,1,,,0,0,,1,1,1,1,3.75
Public Method,"org.apache.commons.math3.stat.descriptive.SummaryStatistics.setSumImpl",,,,,,,,,,,,,,19,4,2,2,0,3,1,1,0,,,,0,,,,,,,,,,,,,3,0,1,15,1,2,1,2,1,1,,,0,0,,1,1,1,1,3.75
Public Method,"org.apache.commons.math3.stat.descriptive.SummaryStatistics.setSumLogImpl",,,,,,,,,,,,,,20,5,3,3,0,4,1,1,0,,,,0,,,,,,,,,,,,,4,0,1,15,1,3,1,3,1,1,,,0,0,,1,1,1,1,3.00
Public Method,"org.apache.commons.math3.stat.descriptive.SummaryStatistics.setSumsqImpl",,,,,,,,,,,,,,19,4,2,2,0,3,1,1,0,,,,0,,,,,,,,,,,,,2,0,1,15,1,2,1,2,1,1,,,0,0,,1,1,1,1,3.75
Public Method,"org.apache.commons.math3.stat.descriptive.SummaryStatistics.setVarianceImpl",,,,,,,,,,,,,,19,4,2,2,0,3,1,1,0,,,,0,,,,,,,,,,,,,3,0,1,15,1,2,1,2,1,1,,,0,0,,1,1,1,1,3.75
Public Method,"org.apache.commons.math3.stat.descriptive.SummaryStatistics.toString",,,,,,,,,,,,,,23,17,15,12,0,14,1,1,0,,,,0,,,,,,,,,,,,,2,0,3,6,1,13,3,11,1,1,,,0,0,,1,1,1,1,0.35
Public Class,"org.apache.commons.math3.stat.descriptive.SummaryStatisticsTest",1,1,1,1,9,,0,,15,15,0,1,13,310,252,203,,,206,,,,2,1,1,,1,1,17,14,1,1,0,,,14,15,1,,37,65,23,,183,55,151,,,2,2,,1,91,19,19,15,19,0.09
Protected Method,"org.apache.commons.math3.stat.descriptive.SummaryStatisticsTest.createSummaryStatistics",,,,,,,,,,,,,,3,3,1,2,0,2,1,1,0,,,,0,,,,,,,,,,,,,10,0,1,0,1,1,1,1,1,1,,,0,0,,1,1,1,1,0.00
Public Method,"org.apache.commons.math3.stat.descriptive.SummaryStatisticsTest.testCopy",,,,,,,,,,,,,,29,24,22,9,0,23,1,1,0,,,,0,,,,,,,,,,,,,0,3,3,2,1,22,3,20,1,1,,,0,0,,1,1,1,1,0.08
Public Method,"org.apache.commons.math3.stat.descriptive.SummaryStatisticsTest.testEqualsAndHashCode",,,,,,,,,,,,,,40,34,32,9,0,31,1,1,0,,,,0,,,,,,,,,,,,,0,3,4,3,1,30,4,27,1,1,,,0,0,,1,1,1,1,0.09
Public Method,"org.apache.commons.math3.stat.descriptive.SummaryStatisticsTest.testGetSummary",,,,,,,,,,,,,,14,14,12,4,0,13,1,1,0,,,,0,,,,,,,,,,,,,0,0,3,0,1,12,3,10,1,1,,,0,0,,1,1,1,1,0.00
Public Method,"org.apache.commons.math3.stat.descriptive.SummaryStatisticsTest.testN0andN1Conditions",,,,,,,,,,,,,,28,23,21,8,0,13,1,1,0,,,,0,,,,,,,,,,,,,2,3,2,2,1,12,2,11,1,1,,,0,0,,1,1,1,1,0.09
Public Method,"org.apache.commons.math3.stat.descriptive.SummaryStatisticsTest.testNaNContracts",,,,,,,,,,,,,,27,19,17,10,0,15,1,1,0,,,,0,,,,,,,,,,,,,0,7,2,1,1,14,2,13,1,1,,,0,0,,1,1,1,1,0.05
Public Method,"org.apache.commons.math3.stat.descriptive.SummaryStatisticsTest.testOverrideGeoMeanWithMathClass",,,,,,,,,,,,,,9,9,6,7,0,8,2,2,0,,,,0,,,,,,,,,,,,,0,0,3,0,2,5,4,4,2,1,,,0,1,,2,2,1,2,0.00
Public Method,"org.apache.commons.math3.stat.descriptive.SummaryStatisticsTest.testOverrideMeanWithMathClass",,,,,,,,,,,,,,9,9,6,7,0,8,2,2,0,,,,0,,,,,,,,,,,,,0,0,3,0,2,5,4,4,2,1,,,0,1,,2,2,1,2,0.00
Public Method,"org.apache.commons.math3.stat.descriptive.SummaryStatisticsTest.testOverrideVarianceWithMathClass",,,,,,,,,,,,,,12,9,6,7,0,8,2,2,0,,,,0,,,,,,,,,,,,,0,0,3,4,2,5,4,4,2,1,,,0,1,,2,2,1,2,0.44
Public Method,"org.apache.commons.math3.stat.descriptive.SummaryStatisticsTest.testProductAndGeometricMean",,,,,,,,,,,,,,10,9,7,4,0,7,1,1,0,,,,0,,,,,,,,,,,,,0,1,2,0,1,6,2,5,1,1,,,0,0,,1,1,1,1,0.00
Public Method,"org.apache.commons.math3.stat.descriptive.SummaryStatisticsTest.testSerialization",,,,,,,,,,,,,,22,16,14,6,0,15,1,1,0,,,,0,,,,,,,,,,,,,0,3,4,3,1,14,4,11,1,1,,,0,0,,1,1,1,1,0.19
Public Method,"org.apache.commons.math3.stat.descriptive.SummaryStatisticsTest.testSetterIllegalState",,,,,,,,,,,,,,11,10,7,5,0,7,2,2,1,,,,0,,,,,,,,,,,,,0,0,2,1,2,5,2,5,2,1,,,0,1,,2,2,1,2,0.10
Public Method,"org.apache.commons.math3.stat.descriptive.SummaryStatisticsTest.testSetterInjection",,,,,,,,,,,,,,16,16,14,12,0,15,1,1,0,,,,0,,,,,,,,,,,,,0,0,2,1,1,14,2,13,1,1,,,0,0,,1,1,1,1,0.06
Public Method,"org.apache.commons.math3.stat.descriptive.SummaryStatisticsTest.testStats",,,,,,,,,,,,,,20,19,17,13,0,18,1,1,0,,,,0,,,,,,,,,,,,,14,0,2,1,1,17,2,16,1,1,,,0,0,,1,1,1,1,0.05
Private Method,"org.apache.commons.math3.stat.descriptive.SummaryStatisticsTest.verifySummary",,,,,,,,,,,,,,9,9,7,15,0,8,1,1,0,,,,0,,,,,,,,,,,,,5,0,1,0,1,7,1,7,1,1,,,0,0,,1,1,1,1,0.00
Public Class,"org.apache.commons.math3.stat.descriptive.SynchronizedDescriptiveStatistics",1,1,0,3,3,,1,,14,65,0,0,15,157,70,22,,,38,,,,1,1,2,,1,1,7,3,1,0,1,,,0,15,0,,16,32,71,,20,18,20,,,1,1,,0,100,15,15,15,15,1.01
Public Constructor,"org.apache.commons.math3.stat.descriptive.SynchronizedDescriptiveStatistics.SynchronizedDescriptiveStatistics",,,,,,,,,,,,,,6,3,1,2,0,2,1,1,0,,,,0,,,,,,,,,,,,,3,0,1,3,1,1,1,1,1,1,,,0,0,,1,1,1,1,1.00
Public Constructor,"org.apache.commons.math3.stat.descriptive.SynchronizedDescriptiveStatistics.SynchronizedDescriptiveStatistics",,,,,,,,,,,,,,7,3,1,2,0,2,1,1,0,,,,0,,,,,,,,,,,,,2,0,1,4,1,1,1,1,1,1,,,0,0,,1,1,1,1,1.33
Public Constructor,"org.apache.commons.math3.stat.descriptive.SynchronizedDescriptiveStatistics.SynchronizedDescriptiveStatistics",,,,,,,,,,,,,,8,3,1,2,0,2,1,1,0,,,,0,,,,,,,,,,,,,1,0,1,5,1,1,1,1,1,1,,,0,0,,1,1,1,1,1.67
Public Method,"org.apache.commons.math3.stat.descriptive.SynchronizedDescriptiveStatistics.addValue",,,,,,,,,,,,,,6,3,1,1,0,2,1,1,0,,,,0,,,,,,,,,,,,,1,0,1,3,1,1,1,1,1,1,,,0,0,,1,1,1,1,1.00
Public Method,"org.apache.commons.math3.stat.descriptive.SynchronizedDescriptiveStatistics.apply",,,,,,,,,,,,,,6,3,1,2,0,2,1,1,0,,,,0,,,,,,,,,,,,,1,0,1,3,1,1,1,1,1,1,,,0,0,,1,1,1,1,1.00
Public Method,"org.apache.commons.math3.stat.descriptive.SynchronizedDescriptiveStatistics.clear",,,,,,,,,,,,,,6,3,1,1,0,2,1,1,0,,,,0,,,,,,,,,,,,,0,0,1,3,1,1,1,1,1,1,,,0,0,,1,1,1,1,1.00
Public Method,"org.apache.commons.math3.stat.descriptive.SynchronizedDescriptiveStatistics.copy",,,,,,,,,,,,,,12,6,3,3,0,4,1,1,0,,,,0,,,,,,,,,,,,,0,0,3,6,1,3,2,2,1,1,,,0,0,,1,1,1,1,1.00
Public Static Method,"org.apache.commons.math3.stat.descriptive.SynchronizedDescriptiveStatistics.copy",,,,,,,,,,,,,,20,11,5,2,0,6,1,1,0,,,,0,,,,,,,,,,,,,4,0,3,9,1,3,1,5,1,1,,,0,0,,1,1,1,1,0.82
Public Method,"org.apache.commons.math3.stat.descriptive.SynchronizedDescriptiveStatistics.getElement",,,,,,,,,,,,,,6,3,1,2,0,2,1,1,0,,,,0,,,,,,,,,,,,,1,0,1,3,1,1,1,1,1,1,,,0,0,,1,1,1,1,1.00
Public Method,"org.apache.commons.math3.stat.descriptive.SynchronizedDescriptiveStatistics.getN",,,,,,,,,,,,,,6,3,1,2,0,2,1,1,0,,,,0,,,,,,,,,,,,,0,0,1,3,1,1,1,1,1,1,,,0,0,,1,1,1,1,1.00
Public Method,"org.apache.commons.math3.stat.descriptive.SynchronizedDescriptiveStatistics.getStandardDeviation",,,,,,,,,,,,,,6,3,1,2,0,2,1,1,0,,,,0,,,,,,,,,,,,,0,0,1,3,1,1,1,1,1,1,,,0,0,,1,1,1,1,1.00
Public Method,"org.apache.commons.math3.stat.descriptive.SynchronizedDescriptiveStatistics.getValues",,,,,,,,,,,,,,6,3,1,2,0,2,1,1,0,,,,0,,,,,,,,,,,,,0,0,1,3,1,1,1,1,1,1,,,0,0,,1,1,1,1,1.00
Public Method,"org.apache.commons.math3.stat.descriptive.SynchronizedDescriptiveStatistics.getWindowSize",,,,,,,,,,,,,,6,3,1,2,0,2,1,1,0,,,,0,,,,,,,,,,,,,0,0,1,3,1,1,1,1,1,1,,,0,0,,1,1,1,1,1.00
Public Method,"org.apache.commons.math3.stat.descriptive.SynchronizedDescriptiveStatistics.setWindowSize",,,,,,,,,,,,,,6,3,1,1,0,2,1,1,0,,,,0,,,,,,,,,,,,,1,0,1,3,1,1,1,1,1,1,,,0,0,,1,1,1,1,1.00
Public Method,"org.apache.commons.math3.stat.descriptive.SynchronizedDescriptiveStatistics.toString",,,,,,,,,,,,,,6,3,1,2,0,2,1,1,0,,,,0,,,,,,,,,,,,,0,0,1,3,1,1,1,1,1,1,,,0,0,,1,1,1,1,1.00
Public Class,"org.apache.commons.math3.stat.descriptive.SynchronizedDescriptiveStatisticsTest",1,1,0,0,2,,0,,1,13,0,0,0,12,6,1,,,3,,,,1,1,2,,1,1,3,3,1,0,0,,,0,1,1,,1,3,5,,1,2,1,,,1,1,,0,0,1,1,1,1,0.83
Protected Method,"org.apache.commons.math3.stat.descriptive.SynchronizedDescriptiveStatisticsTest.createDescriptiveStatistics",,,,,,,,,,,,,,3,3,1,2,0,2,1,1,0,,,,0,,,,,,,,,,,,,0,0,1,0,1,1,1,1,1,1,,,0,0,,1,1,1,1,0.00
Public Class,"org.apache.commons.math3.stat.descriptive.SynchronizedMultivariateSummaryStatistics",1,1,0,3,2,,1,,31,67,0,0,31,269,127,32,,,64,,,,1,1,2,,1,1,6,3,1,0,0,,,0,31,0,,32,64,110,,32,33,31,,,1,1,,0,100,31,31,31,31,0.87
Public Constructor,"org.apache.commons.math3.stat.descriptive.SynchronizedMultivariateSummaryStatistics.SynchronizedMultivariateSummaryStatistics",,,,,,,,,,,,,,10,3,1,2,0,2,1,1,0,,,,0,,,,,,,,,,,,,3,0,1,7,1,1,1,1,1,1,,,0,0,,1,1,1,1,2.33
Public Method,"org.apache.commons.math3.stat.descriptive.SynchronizedMultivariateSummaryStatistics.addValue",,,,,,,,,,,,,,6,3,1,1,0,2,1,1,0,,,,0,,,,,,,,,,,,,1,0,1,3,1,1,1,1,1,1,,,0,0,,1,1,1,1,1.00
Public Method,"org.apache.commons.math3.stat.descriptive.SynchronizedMultivariateSummaryStatistics.clear",,,,,,,,,,,,,,6,3,1,1,0,2,1,1,0,,,,0,,,,,,,,,,,,,0,0,1,3,1,1,1,1,1,1,,,0,0,,1,1,1,1,1.00
Public Method,"org.apache.commons.math3.stat.descriptive.SynchronizedMultivariateSummaryStatistics.equals",,,,,,,,,,,,,,6,3,1,2,0,2,1,1,0,,,,0,,,,,,,,,,,,,1,0,1,3,1,1,1,1,1,1,,,0,0,,1,1,1,1,1.00
Public Method,"org.apache.commons.math3.stat.descriptive.SynchronizedMultivariateSummaryStatistics.getCovariance",,,,,,,,,,,,,,6,3,1,2,0,2,1,1,0,,,,0,,,,,,,,,,,,,0,0,1,3,1,1,1,1,1,1,,,0,0,,1,1,1,1,1.00
Public Method,"org.apache.commons.math3.stat.descriptive.SynchronizedMultivariateSummaryStatistics.getDimension",,,,,,,,,,,,,,6,3,1,2,0,2,1,1,0,,,,0,,,,,,,,,,,,,0,0,1,3,1,1,1,1,1,1,,,0,0,,1,1,1,1,1.00
Public Method,"org.apache.commons.math3.stat.descriptive.SynchronizedMultivariateSummaryStatistics.getGeoMeanImpl",,,,,,,,,,,,,,6,3,1,2,0,2,1,1,0,,,,0,,,,,,,,,,,,,0,0,1,3,1,1,1,1,1,1,,,0,0,,1,1,1,1,1.00
Public Method,"org.apache.commons.math3.stat.descriptive.SynchronizedMultivariateSummaryStatistics.getGeometricMean",,,,,,,,,,,,,,6,3,1,2,0,2,1,1,0,,,,0,,,,,,,,,,,,,0,0,1,3,1,1,1,1,1,1,,,0,0,,1,1,1,1,1.00
Public Method,"org.apache.commons.math3.stat.descriptive.SynchronizedMultivariateSummaryStatistics.getMax",,,,,,,,,,,,,,6,3,1,2,0,2,1,1,0,,,,0,,,,,,,,,,,,,0,0,1,3,1,1,1,1,1,1,,,0,0,,1,1,1,1,1.00
Public Method,"org.apache.commons.math3.stat.descriptive.SynchronizedMultivariateSummaryStatistics.getMaxImpl",,,,,,,,,,,,,,6,3,1,2,0,2,1,1,0,,,,0,,,,,,,,,,,,,0,0,1,3,1,1,1,1,1,1,,,0,0,,1,1,1,1,1.00
Public Method,"org.apache.commons.math3.stat.descriptive.SynchronizedMultivariateSummaryStatistics.getMean",,,,,,,,,,,,,,6,3,1,2,0,2,1,1,0,,,,0,,,,,,,,,,,,,0,0,1,3,1,1,1,1,1,1,,,0,0,,1,1,1,1,1.00
Public Method,"org.apache.commons.math3.stat.descriptive.SynchronizedMultivariateSummaryStatistics.getMeanImpl",,,,,,,,,,,,,,6,3,1,2,0,2,1,1,0,,,,0,,,,,,,,,,,,,0,0,1,3,1,1,1,1,1,1,,,0,0,,1,1,1,1,1.00
Public Method,"org.apache.commons.math3.stat.descriptive.SynchronizedMultivariateSummaryStatistics.getMin",,,,,,,,,,,,,,6,3,1,2,0,2,1,1,0,,,,0,,,,,,,,,,,,,0,0,1,3,1,1,1,1,1,1,,,0,0,,1,1,1,1,1.00
Public Method,"org.apache.commons.math3.stat.descriptive.SynchronizedMultivariateSummaryStatistics.getMinImpl",,,,,,,,,,,,,,6,3,1,2,0,2,1,1,0,,,,0,,,,,,,,,,,,,0,0,1,3,1,1,1,1,1,1,,,0,0,,1,1,1,1,1.00
Public Method,"org.apache.commons.math3.stat.descriptive.SynchronizedMultivariateSummaryStatistics.getN",,,,,,,,,,,,,,6,3,1,2,0,2,1,1,0,,,,0,,,,,,,,,,,,,0,0,1,3,1,1,1,1,1,1,,,0,0,,1,1,1,1,1.00
Public Method,"org.apache.commons.math3.stat.descriptive.SynchronizedMultivariateSummaryStatistics.getStandardDeviation",,,,,,,,,,,,,,6,3,1,2,0,2,1,1,0,,,,0,,,,,,,,,,,,,0,0,1,3,1,1,1,1,1,1,,,0,0,,1,1,1,1,1.00
Public Method,"org.apache.commons.math3.stat.descriptive.SynchronizedMultivariateSummaryStatistics.getSum",,,,,,,,,,,,,,6,3,1,2,0,2,1,1,0,,,,0,,,,,,,,,,,,,0,0,1,3,1,1,1,1,1,1,,,0,0,,1,1,1,1,1.00
Public Method,"org.apache.commons.math3.stat.descriptive.SynchronizedMultivariateSummaryStatistics.getSumImpl",,,,,,,,,,,,,,6,3,1,2,0,2,1,1,0,,,,0,,,,,,,,,,,,,0,0,1,3,1,1,1,1,1,1,,,0,0,,1,1,1,1,1.00
Public Method,"org.apache.commons.math3.stat.descriptive.SynchronizedMultivariateSummaryStatistics.getSumLog",,,,,,,,,,,,,,6,3,1,2,0,2,1,1,0,,,,0,,,,,,,,,,,,,0,0,1,3,1,1,1,1,1,1,,,0,0,,1,1,1,1,1.00
Public Method,"org.apache.commons.math3.stat.descriptive.SynchronizedMultivariateSummaryStatistics.getSumLogImpl",,,,,,,,,,,,,,6,3,1,2,0,2,1,1,0,,,,0,,,,,,,,,,,,,0,0,1,3,1,1,1,1,1,1,,,0,0,,1,1,1,1,1.00
Public Method,"org.apache.commons.math3.stat.descriptive.SynchronizedMultivariateSummaryStatistics.getSumSq",,,,,,,,,,,,,,6,3,1,2,0,2,1,1,0,,,,0,,,,,,,,,,,,,0,0,1,3,1,1,1,1,1,1,,,0,0,,1,1,1,1,1.00
Public Method,"org.apache.commons.math3.stat.descriptive.SynchronizedMultivariateSummaryStatistics.getSumsqImpl",,,,,,,,,,,,,,6,3,1,2,0,2,1,1,0,,,,0,,,,,,,,,,,,,0,0,1,3,1,1,1,1,1,1,,,0,0,,1,1,1,1,1.00
Public Method,"org.apache.commons.math3.stat.descriptive.SynchronizedMultivariateSummaryStatistics.hashCode",,,,,,,,,,,,,,6,3,1,2,0,2,1,1,0,,,,0,,,,,,,,,,,,,0,0,1,3,1,1,1,1,1,1,,,0,0,,1,1,1,1,1.00
Public Method,"org.apache.commons.math3.stat.descriptive.SynchronizedMultivariateSummaryStatistics.setGeoMeanImpl",,,,,,,,,,,,,,6,3,1,1,0,2,1,1,0,,,,0,,,,,,,,,,,,,1,0,1,3,1,1,1,1,1,1,,,0,0,,1,1,1,1,1.00
Public Method,"org.apache.commons.math3.stat.descriptive.SynchronizedMultivariateSummaryStatistics.setMaxImpl",,,,,,,,,,,,,,6,3,1,1,0,2,1,1,0,,,,0,,,,,,,,,,,,,1,0,1,3,1,1,1,1,1,1,,,0,0,,1,1,1,1,1.00
Public Method,"org.apache.commons.math3.stat.descriptive.SynchronizedMultivariateSummaryStatistics.setMeanImpl",,,,,,,,,,,,,,6,3,1,1,0,2,1,1,0,,,,0,,,,,,,,,,,,,1,0,1,3,1,1,1,1,1,1,,,0,0,,1,1,1,1,1.00
Public Method,"org.apache.commons.math3.stat.descriptive.SynchronizedMultivariateSummaryStatistics.setMinImpl",,,,,,,,,,,,,,6,3,1,1,0,2,1,1,0,,,,0,,,,,,,,,,,,,1,0,1,3,1,1,1,1,1,1,,,0,0,,1,1,1,1,1.00
Public Method,"org.apache.commons.math3.stat.descriptive.SynchronizedMultivariateSummaryStatistics.setSumImpl",,,,,,,,,,,,,,6,3,1,1,0,2,1,1,0,,,,0,,,,,,,,,,,,,1,0,1,3,1,1,1,1,1,1,,,0,0,,1,1,1,1,1.00
Public Method,"org.apache.commons.math3.stat.descriptive.SynchronizedMultivariateSummaryStatistics.setSumLogImpl",,,,,,,,,,,,,,6,3,1,1,0,2,1,1,0,,,,0,,,,,,,,,,,,,1,0,1,3,1,1,1,1,1,1,,,0,0,,1,1,1,1,1.00
Public Method,"org.apache.commons.math3.stat.descriptive.SynchronizedMultivariateSummaryStatistics.setSumsqImpl",,,,,,,,,,,,,,6,3,1,1,0,2,1,1,0,,,,0,,,,,,,,,,,,,1,0,1,3,1,1,1,1,1,1,,,0,0,,1,1,1,1,1.00
Public Method,"org.apache.commons.math3.stat.descriptive.SynchronizedMultivariateSummaryStatistics.toString",,,,,,,,,,,,,,6,3,1,2,0,2,1,1,0,,,,0,,,,,,,,,,,,,0,0,1,3,1,1,1,1,1,1,,,0,0,,1,1,1,1,1.00
Public Class,"org.apache.commons.math3.stat.descriptive.SynchronizedMultivariateSummaryStatisticsTest",1,1,0,0,2,,0,,1,12,0,0,0,12,7,1,,,3,,,,1,1,2,,1,1,3,3,1,0,0,,,0,1,1,,0,4,5,,1,2,1,,,1,1,,0,0,1,1,1,1,0.71
Protected Method,"org.apache.commons.math3.stat.descriptive.SynchronizedMultivariateSummaryStatisticsTest.createMultivariateSummaryStatistics",,,,,,,,,,,,,,3,3,1,2,0,2,1,1,0,,,,0,,,,,,,,,,,,,2,0,1,0,1,1,1,1,1,1,,,0,0,,1,1,1,1,0.00
Public Class,"org.apache.commons.math3.stat.descriptive.SynchronizedSummaryStatistics",1,1,0,3,3,,1,,35,75,0,0,36,326,155,43,,,80,,,,1,1,2,,1,1,6,3,1,0,1,,,0,36,0,,38,75,133,,41,39,41,,,1,1,,0,100,36,36,36,36,0.86
Public Constructor,"org.apache.commons.math3.stat.descriptive.SynchronizedSummaryStatistics.SynchronizedSummaryStatistics",,,,,,,,,,,,,,6,3,1,2,0,2,1,1,0,,,,0,,,,,,,,,,,,,2,0,1,3,1,1,1,1,1,1,,,0,0,,1,1,1,1,1.00
Public Constructor,"org.apache.commons.math3.stat.descriptive.SynchronizedSummaryStatistics.SynchronizedSummaryStatistics",,,,,,,,,,,,,,8,3,1,2,0,2,1,1,0,,,,0,,,,,,,,,,,,,1,0,1,5,1,1,1,1,1,1,,,0,0,,1,1,1,1,1.67
Public Method,"org.apache.commons.math3.stat.descriptive.SynchronizedSummaryStatistics.addValue",,,,,,,,,,,,,,6,3,1,1,0,2,1,1,0,,,,0,,,,,,,,,,,,,1,0,1,3,1,1,1,1,1,1,,,0,0,,1,1,1,1,1.00
Public Method,"org.apache.commons.math3.stat.descriptive.SynchronizedSummaryStatistics.clear",,,,,,,,,,,,,,6,3,1,1,0,2,1,1,0,,,,0,,,,,,,,,,,,,0,0,1,3,1,1,1,1,1,1,,,0,0,,1,1,1,1,1.00
Public Method,"org.apache.commons.math3.stat.descriptive.SynchronizedSummaryStatistics.copy",,,,,,,,,,,,,,12,6,3,3,0,4,1,1,0,,,,0,,,,,,,,,,,,,0,0,3,6,1,3,2,2,1,1,,,0,0,,1,1,1,1,1.00
Public Static Method,"org.apache.commons.math3.stat.descriptive.SynchronizedSummaryStatistics.copy",,,,,,,,,,,,,,20,11,5,2,0,6,1,1,0,,,,0,,,,,,,,,,,,,4,0,3,9,1,3,1,5,1,1,,,0,0,,1,1,1,1,0.82
Public Method,"org.apache.commons.math3.stat.descriptive.SynchronizedSummaryStatistics.equals",,,,,,,,,,,,,,6,3,1,2,0,2,1,1,0,,,,0,,,,,,,,,,,,,1,0,1,3,1,1,1,1,1,1,,,0,0,,1,1,1,1,1.00
Public Method,"org.apache.commons.math3.stat.descriptive.SynchronizedSummaryStatistics.getGeoMeanImpl",,,,,,,,,,,,,,6,3,1,2,0,2,1,1,0,,,,0,,,,,,,,,,,,,0,0,1,3,1,1,1,1,1,1,,,0,0,,1,1,1,1,1.00
Public Method,"org.apache.commons.math3.stat.descriptive.SynchronizedSummaryStatistics.getGeometricMean",,,,,,,,,,,,,,6,3,1,2,0,2,1,1,0,,,,0,,,,,,,,,,,,,0,0,1,3,1,1,1,1,1,1,,,0,0,,1,1,1,1,1.00
Public Method,"org.apache.commons.math3.stat.descriptive.SynchronizedSummaryStatistics.getMax",,,,,,,,,,,,,,6,3,1,2,0,2,1,1,0,,,,0,,,,,,,,,,,,,0,0,1,3,1,1,1,1,1,1,,,0,0,,1,1,1,1,1.00
Public Method,"org.apache.commons.math3.stat.descriptive.SynchronizedSummaryStatistics.getMaxImpl",,,,,,,,,,,,,,6,3,1,2,0,2,1,1,0,,,,0,,,,,,,,,,,,,0,0,1,3,1,1,1,1,1,1,,,0,0,,1,1,1,1,1.00
Public Method,"org.apache.commons.math3.stat.descriptive.SynchronizedSummaryStatistics.getMean",,,,,,,,,,,,,,6,3,1,2,0,2,1,1,0,,,,0,,,,,,,,,,,,,0,0,1,3,1,1,1,1,1,1,,,0,0,,1,1,1,1,1.00
Public Method,"org.apache.commons.math3.stat.descriptive.SynchronizedSummaryStatistics.getMeanImpl",,,,,,,,,,,,,,6,3,1,2,0,2,1,1,0,,,,0,,,,,,,,,,,,,0,0,1,3,1,1,1,1,1,1,,,0,0,,1,1,1,1,1.00
Public Method,"org.apache.commons.math3.stat.descriptive.SynchronizedSummaryStatistics.getMin",,,,,,,,,,,,,,6,3,1,2,0,2,1,1,0,,,,0,,,,,,,,,,,,,0,0,1,3,1,1,1,1,1,1,,,0,0,,1,1,1,1,1.00
Public Method,"org.apache.commons.math3.stat.descriptive.SynchronizedSummaryStatistics.getMinImpl",,,,,,,,,,,,,,6,3,1,2,0,2,1,1,0,,,,0,,,,,,,,,,,,,0,0,1,3,1,1,1,1,1,1,,,0,0,,1,1,1,1,1.00
Public Method,"org.apache.commons.math3.stat.descriptive.SynchronizedSummaryStatistics.getN",,,,,,,,,,,,,,6,3,1,2,0,2,1,1,0,,,,0,,,,,,,,,,,,,0,0,1,3,1,1,1,1,1,1,,,0,0,,1,1,1,1,1.00
Public Method,"org.apache.commons.math3.stat.descriptive.SynchronizedSummaryStatistics.getPopulationVariance",,,,,,,,,,,,,,6,3,1,2,0,2,1,1,0,,,,0,,,,,,,,,,,,,0,0,1,3,1,1,1,1,1,1,,,0,0,,1,1,1,1,1.00
Public Method,"org.apache.commons.math3.stat.descriptive.SynchronizedSummaryStatistics.getStandardDeviation",,,,,,,,,,,,,,6,3,1,2,0,2,1,1,0,,,,0,,,,,,,,,,,,,0,0,1,3,1,1,1,1,1,1,,,0,0,,1,1,1,1,1.00
Public Method,"org.apache.commons.math3.stat.descriptive.SynchronizedSummaryStatistics.getSum",,,,,,,,,,,,,,6,3,1,2,0,2,1,1,0,,,,0,,,,,,,,,,,,,0,0,1,3,1,1,1,1,1,1,,,0,0,,1,1,1,1,1.00
Public Method,"org.apache.commons.math3.stat.descriptive.SynchronizedSummaryStatistics.getSumImpl",,,,,,,,,,,,,,6,3,1,2,0,2,1,1,0,,,,0,,,,,,,,,,,,,0,0,1,3,1,1,1,1,1,1,,,0,0,,1,1,1,1,1.00
Public Method,"org.apache.commons.math3.stat.descriptive.SynchronizedSummaryStatistics.getSumLogImpl",,,,,,,,,,,,,,6,3,1,2,0,2,1,1,0,,,,0,,,,,,,,,,,,,0,0,1,3,1,1,1,1,1,1,,,0,0,,1,1,1,1,1.00
Public Method,"org.apache.commons.math3.stat.descriptive.SynchronizedSummaryStatistics.getSummary",,,,,,,,,,,,,,6,3,1,2,0,2,1,1,0,,,,0,,,,,,,,,,,,,0,0,1,3,1,1,1,1,1,1,,,0,0,,1,1,1,1,1.00
Public Method,"org.apache.commons.math3.stat.descriptive.SynchronizedSummaryStatistics.getSumsq",,,,,,,,,,,,,,6,3,1,2,0,2,1,1,0,,,,0,,,,,,,,,,,,,0,0,1,3,1,1,1,1,1,1,,,0,0,,1,1,1,1,1.00
Public Method,"org.apache.commons.math3.stat.descriptive.SynchronizedSummaryStatistics.getSumsqImpl",,,,,,,,,,,,,,6,3,1,2,0,2,1,1,0,,,,0,,,,,,,,,,,,,0,0,1,3,1,1,1,1,1,1,,,0,0,,1,1,1,1,1.00
Public Method,"org.apache.commons.math3.stat.descriptive.SynchronizedSummaryStatistics.getVariance",,,,,,,,,,,,,,6,3,1,2,0,2,1,1,0,,,,0,,,,,,,,,,,,,0,0,1,3,1,1,1,1,1,1,,,0,0,,1,1,1,1,1.00
Public Method,"org.apache.commons.math3.stat.descriptive.SynchronizedSummaryStatistics.getVarianceImpl",,,,,,,,,,,,,,6,3,1,2,0,2,1,1,0,,,,0,,,,,,,,,,,,,0,0,1,3,1,1,1,1,1,1,,,0,0,,1,1,1,1,1.00
Public Method,"org.apache.commons.math3.stat.descriptive.SynchronizedSummaryStatistics.hashCode",,,,,,,,,,,,,,6,3,1,2,0,2,1,1,0,,,,0,,,,,,,,,,,,,0,0,1,3,1,1,1,1,1,1,,,0,0,,1,1,1,1,1.00
Public Method,"org.apache.commons.math3.stat.descriptive.SynchronizedSummaryStatistics.setGeoMeanImpl",,,,,,,,,,,,,,6,3,1,1,0,2,1,1,0,,,,0,,,,,,,,,,,,,1,0,1,3,1,1,1,1,1,1,,,0,0,,1,1,1,1,1.00
Public Method,"org.apache.commons.math3.stat.descriptive.SynchronizedSummaryStatistics.setMaxImpl",,,,,,,,,,,,,,6,3,1,1,0,2,1,1,0,,,,0,,,,,,,,,,,,,1,0,1,3,1,1,1,1,1,1,,,0,0,,1,1,1,1,1.00
Public Method,"org.apache.commons.math3.stat.descriptive.SynchronizedSummaryStatistics.setMeanImpl",,,,,,,,,,,,,,6,3,1,1,0,2,1,1,0,,,,0,,,,,,,,,,,,,1,0,1,3,1,1,1,1,1,1,,,0,0,,1,1,1,1,1.00
Public Method,"org.apache.commons.math3.stat.descriptive.SynchronizedSummaryStatistics.setMinImpl",,,,,,,,,,,,,,6,3,1,1,0,2,1,1,0,,,,0,,,,,,,,,,,,,1,0,1,3,1,1,1,1,1,1,,,0,0,,1,1,1,1,1.00
Public Method,"org.apache.commons.math3.stat.descriptive.SynchronizedSummaryStatistics.setSumImpl",,,,,,,,,,,,,,6,3,1,1,0,2,1,1,0,,,,0,,,,,,,,,,,,,1,0,1,3,1,1,1,1,1,1,,,0,0,,1,1,1,1,1.00
Public Method,"org.apache.commons.math3.stat.descriptive.SynchronizedSummaryStatistics.setSumLogImpl",,,,,,,,,,,,,,6,3,1,1,0,2,1,1,0,,,,0,,,,,,,,,,,,,1,0,1,3,1,1,1,1,1,1,,,0,0,,1,1,1,1,1.00
Public Method,"org.apache.commons.math3.stat.descriptive.SynchronizedSummaryStatistics.setSumsqImpl",,,,,,,,,,,,,,6,3,1,1,0,2,1,1,0,,,,0,,,,,,,,,,,,,1,0,1,3,1,1,1,1,1,1,,,0,0,,1,1,1,1,1.00
Public Method,"org.apache.commons.math3.stat.descriptive.SynchronizedSummaryStatistics.setVarianceImpl",,,,,,,,,,,,,,6,3,1,1,0,2,1,1,0,,,,0,,,,,,,,,,,,,1,0,1,3,1,1,1,1,1,1,,,0,0,,1,1,1,1,1.00
Public Method,"org.apache.commons.math3.stat.descriptive.SynchronizedSummaryStatistics.toString",,,,,,,,,,,,,,6,3,1,2,0,2,1,1,0,,,,0,,,,,,,,,,,,,0,0,1,3,1,1,1,1,1,1,,,0,0,,1,1,1,1,1.00
Public Class,"org.apache.commons.math3.stat.descriptive.SynchronizedSummaryStatisticsTest",1,1,0,0,2,,0,,1,16,0,0,0,12,6,1,,,3,,,,1,1,2,,1,1,3,3,1,0,0,,,0,1,1,,1,3,5,,1,2,1,,,1,1,,0,0,1,1,1,1,0.83
Protected Method,"org.apache.commons.math3.stat.descriptive.SynchronizedSummaryStatisticsTest.createSummaryStatistics",,,,,,,,,,,,,,3,3,1,2,0,2,1,1,0,,,,0,,,,,,,,,,,,,0,0,1,0,1,1,1,1,1,1,,,0,0,,1,1,1,1,0.00
Public Interface,"org.apache.commons.math3.stat.descriptive.UnivariateStatistic",0,0,0,0,0,,0,,3,3,3,0,0,29,5,0,,,4,,,,0,0,0,,0,0,0,0,0,5,0,,,0,3,0,,4,4,20,,3,4,0,,,0,0,,0,0,0,0,0,0,4.00
Abstract Method,"org.apache.commons.math3.stat.descriptive.UnivariateStatistic.copy",,,,,,,,,,,,,,6,1,0,1,0,1,0,0,0,,,,0,,,,,,,,,,,,,2,0,1,5,0,1,1,0,0,0,,,0,0,,0,0,0,0,5.00
Abstract Method,"org.apache.commons.math3.stat.descriptive.UnivariateStatistic.evaluate",,,,,,,,,,,,,,7,1,0,1,0,1,0,0,0,,,,0,,,,,,,,,,,,,12,0,1,6,0,1,1,0,0,0,,,0,0,,0,0,0,0,6.00
Abstract Method,"org.apache.commons.math3.stat.descriptive.UnivariateStatistic.evaluate",,,,,,,,,,,,,,10,1,0,1,0,1,0,0,0,,,,0,,,,,,,,,,,,,11,0,1,9,0,1,1,0,0,0,,,0,0,,0,0,0,0,9.00
Public Abstract Class,"org.apache.commons.math3.stat.descriptive.UnivariateStatisticAbstractTest",2,1,1,4,6,,0,,8,8,0,0,8,194,139,108,,,105,,,,6,1,1,,2,2,20,15,1,3,0,,,28,8,0,,29,81,29,,92,68,37,,,6,6,,2,96,12,12,6,12,0.21
Public Abstract Method,"org.apache.commons.math3.stat.descriptive.UnivariateStatisticAbstractTest.expectedValue",,,,,,,,,,,,,,1,1,0,1,0,1,0,0,0,,,,0,,,,,,,,,,,,,2,0,1,0,0,1,1,0,0,0,,,0,0,,0,0,0,0,0.00
Public Method,"org.apache.commons.math3.stat.descriptive.UnivariateStatisticAbstractTest.getTolerance",,,,,,,,,,,,,,3,3,1,1,0,2,1,1,0,,,,0,,,,,,,,,,,,,10,0,1,0,1,1,1,1,1,1,,,0,0,,1,1,1,1,0.00
Public Abstract Method,"org.apache.commons.math3.stat.descriptive.UnivariateStatisticAbstractTest.getUnivariateStatistic",,,,,,,,,,,,,,1,1,0,1,0,1,0,0,0,,,,0,,,,,,,,,,,,,5,0,1,0,0,1,1,0,0,0,,,0,0,,0,0,0,0,0.00
Public Method,"org.apache.commons.math3.stat.descriptive.UnivariateStatisticAbstractTest.testCopy",,,,,,,,,,,,,,8,8,6,6,0,4,1,1,0,,,,0,,,,,,,,,,,,,1,0,3,0,1,3,3,1,1,1,,,0,0,,1,1,1,1,0.00
Public Method,"org.apache.commons.math3.stat.descriptive.UnivariateStatisticAbstractTest.testEvaluateArraySegment",,,,,,,,,,,,,,12,12,10,5,0,11,1,1,0,,,,0,,,,,,,,,,,,,2,0,5,0,1,10,5,6,1,1,,,0,0,,1,1,1,1,0.00
Public Method,"org.apache.commons.math3.stat.descriptive.UnivariateStatisticAbstractTest.testEvaluateArraySegmentWeighted",,,,,,,,,,,,,,27,25,22,5,0,20,2,2,1,,,,0,,,,,,,,,,,,,3,0,9,2,2,18,9,11,2,1,,,0,1,,2,2,1,2,0.08
Public Method,"org.apache.commons.math3.stat.descriptive.UnivariateStatisticAbstractTest.testEvaluation",,,,,,,,,,,,,,6,6,4,5,0,2,1,1,0,,,,0,,,,,,,,,,,,,1,0,1,0,1,1,1,1,1,1,,,0,0,,1,1,1,1,0.00
Public Method,"org.apache.commons.math3.stat.descriptive.UnivariateStatisticAbstractTest.testWeightedConsistency",,,,,,,,,,,,,,64,36,29,12,1,35,6,6,1,,,,0,,,,,,,,,,,,,2,8,14,23,13,29,18,17,6,1,,,0,2,,6,6,1,6,0.64
Public Interface,"org.apache.commons.math3.stat.descriptive.WeightedEvaluation",0,0,0,0,0,,0,,2,2,2,0,0,25,4,0,,,3,,,,0,0,0,,0,0,0,0,0,3,0,,,0,2,0,,3,3,18,,2,3,0,,,0,0,,0,0,0,0,0,0,4.50
Abstract Method,"org.apache.commons.math3.stat.descriptive.WeightedEvaluation.evaluate",,,,,,,,,,,,,,9,1,0,1,0,1,0,0,0,,,,0,,,,,,,,,,,,,2,0,1,8,0,1,1,0,0,0,,,0,0,,0,0,0,0,8.00
Abstract Method,"org.apache.commons.math3.stat.descriptive.WeightedEvaluation.evaluate",,,,,,,,,,,,,,11,1,0,1,0,1,0,0,0,,,,0,,,,,,,,,,,,,2,0,1,10,0,1,1,0,0,0,,,0,0,,0,0,0,0,10.00
Package,"org.apache.commons.math3.stat.descriptive.moment",1,1,0,6,,28,15,28,189,,2,1,195,4174,1644,804,,,1186,,,,7,7,,,1,1,12,6,,,11,,,47,200,2,,437,732,2101,,875,604,582,,,7,7,,4,,289,292,217,289,1.28
Class,"org.apache.commons.math3.stat.descriptive.moment.FirstMoment",1,1,0,4,2,,1,,7,30,0,0,8,142,59,30,,,43,,,,2,1,3,,1,1,9,5,2,1,1,,,4,8,0,,14,22,69,,33,16,27,,,2,2,,1,55,9,9,8,9,1.17
Public Constructor,"org.apache.commons.math3.stat.descriptive.moment.FirstMoment.FirstMoment",,,,,,,,,,,,,,9,6,4,5,0,5,1,1,0,,,,0,,,,,,,,,,,,,4,0,1,3,1,4,1,4,1,1,,,0,0,,1,1,1,1,0.50
Public Constructor,"org.apache.commons.math3.stat.descriptive.moment.FirstMoment.FirstMoment",,,,,,,,,,,,,,10,4,2,2,0,3,1,1,0,,,,0,,,,,,,,,,,,,2,0,1,6,1,2,1,2,1,1,,,0,0,,1,1,1,1,1.50
Public Method,"org.apache.commons.math3.stat.descriptive.moment.FirstMoment.clear",,,,,,,,,,,,,,9,6,4,4,0,5,1,1,0,,,,0,,,,,,,,,,,,,2,0,1,3,1,4,1,4,1,1,,,0,0,,1,1,1,1,0.50
Public Method,"org.apache.commons.math3.stat.descriptive.moment.FirstMoment.copy",,,,,,,,,,,,,,8,5,3,3,0,4,1,1,0,,,,0,,,,,,,,,,,,,1,0,2,3,1,3,2,2,1,1,,,0,0,,1,1,1,1,0.60
Public Static Method,"org.apache.commons.math3.stat.descriptive.moment.FirstMoment.copy",,,,,,,,,,,,,,18,10,7,7,0,8,1,1,0,,,,0,,,,,,,,,,,,,9,0,2,8,1,7,1,7,1,1,,,0,0,,1,1,1,1,0.80
Public Method,"org.apache.commons.math3.stat.descriptive.moment.FirstMoment.getN",,,,,,,,,,,,,,6,3,1,1,0,2,1,1,0,,,,0,,,,,,,,,,,,,7,0,1,3,1,1,1,1,1,1,,,0,0,,1,1,1,1,1.00
Public Method,"org.apache.commons.math3.stat.descriptive.moment.FirstMoment.getResult",,,,,,,,,,,,,,6,3,1,1,0,2,1,1,0,,,,0,,,,,,,,,,,,,1,0,1,3,1,1,1,1,1,1,,,0,0,,1,1,1,1,1.00
Public Method,"org.apache.commons.math3.stat.descriptive.moment.FirstMoment.increment",,,,,,,,,,,,,,13,10,7,4,0,8,2,2,0,,,,0,,,,,,,,,,,,,7,0,2,3,2,6,2,6,2,1,,,0,1,,2,2,1,2,0.30
Public Class,"org.apache.commons.math3.stat.descriptive.moment.FirstMomentTest",1,1,0,3,2,,0,,2,20,0,0,2,26,11,2,,,6,,,,1,1,3,,1,1,6,3,1,0,0,,,1,2,0,,4,6,11,,3,4,2,,,1,1,,0,100,2,2,2,2,1.00
Public Method,"org.apache.commons.math3.stat.descriptive.moment.FirstMomentTest.expectedValue",,,,,,,,,,,,,,6,3,1,1,0,2,1,1,0,,,,0,,,,,,,,,,,,,1,0,1,3,1,1,1,1,1,1,,,0,0,,1,1,1,1,1.00
Public Method,"org.apache.commons.math3.stat.descriptive.moment.FirstMomentTest.getUnivariateStatistic",,,,,,,,,,,,,,6,3,1,2,0,2,1,1,0,,,,0,,,,,,,,,,,,,0,0,1,3,1,1,1,1,1,1,,,0,0,,1,1,1,1,1.00
Class,"org.apache.commons.math3.stat.descriptive.moment.FourthMoment",1,1,0,4,2,,1,,6,51,0,0,7,125,49,26,,,34,,,,2,1,6,,1,1,10,5,2,0,1,,,1,7,0,,13,19,63,,25,14,20,,,2,2,,1,64,8,8,7,8,1.29
Public Constructor,"org.apache.commons.math3.stat.descriptive.moment.FourthMoment.FourthMoment",,,,,,,,,,,,,,7,4,2,3,0,3,1,1,0,,,,0,,,,,,,,,,,,,4,0,1,3,1,2,1,2,1,1,,,0,0,,1,1,1,1,0.75
Public Constructor,"org.apache.commons.math3.stat.descriptive.moment.FourthMoment.FourthMoment",,,,,,,,,,,,,,10,4,2,3,0,3,1,1,0,,,,0,,,,,,,,,,,,,1,0,1,6,1,2,1,2,1,1,,,0,0,,1,1,1,1,1.50
Public Method,"org.apache.commons.math3.stat.descriptive.moment.FourthMoment.clear",,,,,,,,,,,,,,7,4,2,2,0,3,1,1,0,,,,0,,,,,,,,,,,,,1,0,1,3,1,2,1,2,1,1,,,0,0,,1,1,1,1,0.75
Public Method,"org.apache.commons.math3.stat.descriptive.moment.FourthMoment.copy",,,,,,,,,,,,,,8,5,3,3,0,4,1,1,0,,,,0,,,,,,,,,,,,,1,0,2,3,1,3,2,2,1,1,,,0,0,,1,1,1,1,0.60
Public Static Method,"org.apache.commons.math3.stat.descriptive.moment.FourthMoment.copy",,,,,,,,,,,,,,15,7,4,3,0,5,1,1,0,,,,0,,,,,,,,,,,,,5,0,2,8,1,4,1,4,1,1,,,0,0,,1,1,1,1,1.14
Public Method,"org.apache.commons.math3.stat.descriptive.moment.FourthMoment.getResult",,,,,,,,,,,,,,6,3,1,1,0,2,1,1,0,,,,0,,,,,,,,,,,,,2,0,1,3,1,1,1,1,1,1,,,0,0,,1,1,1,1,1.00
Public Method,"org.apache.commons.math3.stat.descriptive.moment.FourthMoment.increment",,,,,,,,,,,,,,21,14,11,5,0,11,2,2,0,,,,0,,,,,,,,,,,,,9,4,4,3,2,9,4,7,2,1,,,0,1,,2,2,1,2,0.21
Public Class,"org.apache.commons.math3.stat.descriptive.moment.FourthMomentTest",1,1,0,3,2,,0,,2,20,0,0,2,26,11,2,,,6,,,,1,1,3,,1,1,6,3,1,0,0,,,1,2,0,,4,6,11,,3,4,2,,,1,1,,0,100,2,2,2,2,1.00
Public Method,"org.apache.commons.math3.stat.descriptive.moment.FourthMomentTest.expectedValue",,,,,,,,,,,,,,6,3,1,1,0,2,1,1,0,,,,0,,,,,,,,,,,,,1,0,1,3,1,1,1,1,1,1,,,0,0,,1,1,1,1,1.00
Public Method,"org.apache.commons.math3.stat.descriptive.moment.FourthMomentTest.getUnivariateStatistic",,,,,,,,,,,,,,6,3,1,2,0,2,1,1,0,,,,0,,,,,,,,,,,,,0,0,1,3,1,1,1,1,1,1,,,0,0,,1,1,1,1,1.00
Public Class,"org.apache.commons.math3.stat.descriptive.moment.GeometricMean",1,1,0,5,6,,1,,12,35,0,1,12,181,67,28,,,39,,,,2,1,3,,1,1,9,4,2,0,1,,,1,13,0,,17,25,97,,23,17,22,,,2,2,,1,61,15,15,13,15,1.45
Public Constructor,"org.apache.commons.math3.stat.descriptive.moment.GeometricMean.GeometricMean",,,,,,,,,,,,,,6,3,1,3,0,2,1,1,0,,,,0,,,,,,,,,,,,,6,0,1,3,1,1,1,1,1,1,,,0,0,,1,1,1,1,1.00
Public Constructor,"org.apache.commons.math3.stat.descriptive.moment.GeometricMean.GeometricMean",,,,,,,,,,,,,,10,4,2,2,0,3,1,1,0,,,,0,,,,,,,,,,,,,1,0,1,6,1,2,1,2,1,1,,,0,0,,1,1,1,1,1.50
Public Constructor,"org.apache.commons.math3.stat.descriptive.moment.GeometricMean.GeometricMean",,,,,,,,,,,,,,7,3,1,2,0,2,1,1,0,,,,0,,,,,,,,,,,,,2,0,1,4,1,1,1,1,1,1,,,0,0,,1,1,1,1,1.33
Private Method,"org.apache.commons.math3.stat.descriptive.moment.GeometricMean.checkEmpty",,,,,,,,,,,,,,10,7,4,1,0,3,2,2,0,,,,0,,,,,,,,,,,,,2,0,1,3,2,1,1,2,2,1,,,0,1,,2,2,1,2,0.43
Public Method,"org.apache.commons.math3.stat.descriptive.moment.GeometricMean.clear",,,,,,,,,,,,,,6,3,1,1,0,2,1,1,0,,,,0,,,,,,,,,,,,,2,0,1,3,1,1,1,1,1,1,,,0,0,,1,1,1,1,1.00
Public Method,"org.apache.commons.math3.stat.descriptive.moment.GeometricMean.copy",,,,,,,,,,,,,,8,5,3,3,0,4,1,1,0,,,,0,,,,,,,,,,,,,0,0,2,3,1,3,2,2,1,1,,,0,0,,1,1,1,1,0.60
Public Static Method,"org.apache.commons.math3.stat.descriptive.moment.GeometricMean.copy",,,,,,,,,,,,,,15,7,4,5,0,5,1,1,0,,,,0,,,,,,,,,,,,,6,0,2,8,1,4,1,4,1,1,,,0,0,,1,1,1,1,1.14
Public Method,"org.apache.commons.math3.stat.descriptive.moment.GeometricMean.evaluate",,,,,,,,,,,,,,21,5,2,3,0,2,1,1,0,,,,0,,,,,,,,,,,,,5,0,2,16,1,1,1,1,1,1,,,0,0,,1,1,1,1,3.20
Public Method,"org.apache.commons.math3.stat.descriptive.moment.GeometricMean.getN",,,,,,,,,,,,,,6,3,1,2,0,2,1,1,0,,,,0,,,,,,,,,,,,,2,0,1,3,1,1,1,1,1,1,,,0,0,,1,1,1,1,1.00
Public Method,"org.apache.commons.math3.stat.descriptive.moment.GeometricMean.getResult",,,,,,,,,,,,,,10,7,4,4,0,4,2,2,1,,,,0,,,,,,,,,,,,,2,0,1,3,2,2,1,3,2,1,,,0,1,,2,2,1,2,0.43
Public Method,"org.apache.commons.math3.stat.descriptive.moment.GeometricMean.getSumLogImpl",,,,,,,,,,,,,,8,3,1,1,0,2,1,1,0,,,,0,,,,,,,,,,,,,1,0,1,5,1,1,1,1,1,1,,,0,0,,1,1,1,1,1.67
Public Method,"org.apache.commons.math3.stat.descriptive.moment.GeometricMean.increment",,,,,,,,,,,,,,6,3,1,1,0,2,1,1,0,,,,0,,,,,,,,,,,,,3,0,1,3,1,1,1,1,1,1,,,0,0,,1,1,1,1,1.00
Public Method,"org.apache.commons.math3.stat.descriptive.moment.GeometricMean.setSumLogImpl",,,,,,,,,,,,,,16,5,2,2,0,3,1,1,0,,,,0,,,,,,,,,,,,,2,0,2,11,1,2,1,2,1,1,,,0,0,,1,1,1,1,2.20
Public Class,"org.apache.commons.math3.stat.descriptive.moment.GeometricMeanTest",1,1,2,4,2,,0,,3,21,0,0,3,56,28,16,,,21,,,,1,1,3,,1,1,13,7,1,0,0,,,1,3,0,,11,9,17,,17,6,15,,,1,1,,0,100,3,3,3,3,0.61
Public Method,"org.apache.commons.math3.stat.descriptive.moment.GeometricMeanTest.expectedValue",,,,,,,,,,,,,,6,3,1,1,0,2,1,1,0,,,,0,,,,,,,,,,,,,1,0,1,3,1,1,1,1,1,1,,,0,0,,1,1,1,1,1.00
Public Method,"org.apache.commons.math3.stat.descriptive.moment.GeometricMeanTest.getUnivariateStatistic",,,,,,,,,,,,,,6,3,1,2,0,2,1,1,0,,,,0,,,,,,,,,,,,,0,0,1,3,1,1,1,1,1,1,,,0,0,,1,1,1,1,1.00
Public Method,"org.apache.commons.math3.stat.descriptive.moment.GeometricMeanTest.testSpecialValues",,,,,,,,,,,,,,29,16,14,9,0,15,1,1,0,,,,0,,,,,,,,,,,,,0,6,2,7,1,14,2,13,1,1,,,0,0,,1,1,1,1,0.44
Public Class,"org.apache.commons.math3.stat.descriptive.moment.InteractionTest",2,1,4,0,5,,0,,1,1,0,0,1,58,46,38,,,21,,,,2,1,1,,2,2,18,14,1,0,0,,,6,1,0,,9,36,3,,18,14,7,,,2,2,,1,0,2,2,1,2,0.07
Public Method,"org.apache.commons.math3.stat.descriptive.moment.InteractionTest.testInteraction",,,,,,,,,,,,,,18,14,11,11,0,14,2,2,0,,,,0,,,,,,,,,,,,,7,4,6,0,2,12,7,7,2,1,,,0,1,,2,2,1,2,0.00
Public Class,"org.apache.commons.math3.stat.descriptive.moment.Kurtosis",1,1,0,5,9,,1,,9,32,0,0,10,197,88,50,,,59,,,,3,1,3,,1,1,14,7,2,0,1,,,2,10,0,,21,34,88,,42,27,32,,,3,4,,2,60,16,18,10,16,1.00
Public Constructor,"org.apache.commons.math3.stat.descriptive.moment.Kurtosis.Kurtosis",,,,,,,,,,,,,,7,4,2,4,0,3,1,1,0,,,,0,,,,,,,,,,,,,3,0,1,3,1,2,1,2,1,1,,,0,0,,1,1,1,1,0.75
Public Constructor,"org.apache.commons.math3.stat.descriptive.moment.Kurtosis.Kurtosis",,,,,,,,,,,,,,9,4,2,3,0,3,1,1,0,,,,0,,,,,,,,,,,,,2,0,1,5,1,2,1,2,1,1,,,0,0,,1,1,1,1,1.25
Public Constructor,"org.apache.commons.math3.stat.descriptive.moment.Kurtosis.Kurtosis",,,,,,,,,,,,,,9,3,1,2,0,2,1,1,0,,,,0,,,,,,,,,,,,,1,0,1,6,1,1,1,1,1,1,,,0,0,,1,1,1,1,2.00
Public Method,"org.apache.commons.math3.stat.descriptive.moment.Kurtosis.clear",,,,,,,,,,,,,,10,7,4,2,0,4,2,2,1,,,,0,,,,,,,,,,,,,3,0,1,3,2,2,1,3,2,1,,,0,1,,2,2,1,2,0.43
Public Method,"org.apache.commons.math3.stat.descriptive.moment.Kurtosis.copy",,,,,,,,,,,,,,8,5,3,3,0,4,1,1,0,,,,0,,,,,,,,,,,,,0,0,2,3,1,3,2,2,1,1,,,0,0,,1,1,1,1,0.60
Public Static Method,"org.apache.commons.math3.stat.descriptive.moment.Kurtosis.copy",,,,,,,,,,,,,,16,8,5,6,0,6,1,1,0,,,,0,,,,,,,,,,,,,6,0,2,8,1,5,1,5,1,1,,,0,0,,1,1,1,1,1.00
Public Method,"org.apache.commons.math3.stat.descriptive.moment.Kurtosis.evaluate",,,,,,,,,,,,,,49,21,15,7,0,18,3,4,0,,,,0,,,,,,,,,,,,,5,6,11,22,3,15,10,8,3,1,,,0,2,,3,4,1,3,1.05
Public Method,"org.apache.commons.math3.stat.descriptive.moment.Kurtosis.getN",,,,,,,,,,,,,,6,3,1,2,0,2,1,1,0,,,,0,,,,,,,,,,,,,1,0,1,3,1,1,1,1,1,1,,,0,0,,1,1,1,1,1.00
Public Method,"org.apache.commons.math3.stat.descriptive.moment.Kurtosis.getResult",,,,,,,,,,,,,,19,16,12,3,0,9,3,4,1,,,,0,,,,,,,,,,,,,5,0,4,3,3,6,4,5,3,1,,,0,2,,3,4,1,3,0.19
Public Method,"org.apache.commons.math3.stat.descriptive.moment.Kurtosis.increment",,,,,,,,,,,,,,10,7,4,2,0,4,2,2,1,,,,0,,,,,,,,,,,,,5,0,1,3,2,2,1,3,2,1,,,0,1,,2,2,1,2,0.43
Public Class,"org.apache.commons.math3.stat.descriptive.moment.KurtosisTest",1,1,0,3,2,,0,,3,21,0,0,3,43,24,12,,,17,,,,1,1,3,,1,1,9,6,1,0,0,,,1,3,0,,5,9,14,,13,6,11,,,1,1,,0,100,3,3,3,3,0.58
Public Method,"org.apache.commons.math3.stat.descriptive.moment.KurtosisTest.expectedValue",,,,,,,,,,,,,,6,3,1,1,0,2,1,1,0,,,,0,,,,,,,,,,,,,1,0,1,3,1,1,1,1,1,1,,,0,0,,1,1,1,1,1.00
Public Method,"org.apache.commons.math3.stat.descriptive.moment.KurtosisTest.getUnivariateStatistic",,,,,,,,,,,,,,6,3,1,2,0,2,1,1,0,,,,0,,,,,,,,,,,,,0,0,1,3,1,1,1,1,1,1,,,0,0,,1,1,1,1,1.00
Public Method,"org.apache.commons.math3.stat.descriptive.moment.KurtosisTest.testNaN",,,,,,,,,,,,,,16,12,10,6,0,11,1,1,0,,,,0,,,,,,,,,,,,,0,0,2,4,1,10,2,9,1,1,,,0,0,,1,1,1,1,0.33
Public Class,"org.apache.commons.math3.stat.descriptive.moment.Mean",1,1,0,9,4,,1,,11,34,0,0,12,251,81,39,,,58,,,,3,1,3,,1,1,15,5,3,0,1,,,2,12,0,,20,33,150,,39,27,31,,,3,3,,2,66,18,18,12,18,1.85
Public Constructor,"org.apache.commons.math3.stat.descriptive.moment.Mean.Mean",,,,,,,,,,,,,,5,4,2,4,0,3,1,1,0,,,,0,,,,,,,,,,,,,18,0,1,1,1,2,1,2,1,1,,,0,0,,1,1,1,1,0.25
Public Constructor,"org.apache.commons.math3.stat.descriptive.moment.Mean.Mean",,,,,,,,,,,,,,9,4,2,3,0,3,1,1,0,,,,0,,,,,,,,,,,,,3,0,1,5,1,2,1,2,1,1,,,0,0,,1,1,1,1,1.25
Public Constructor,"org.apache.commons.math3.stat.descriptive.moment.Mean.Mean",,,,,,,,,,,,,,9,3,1,2,0,2,1,1,0,,,,0,,,,,,,,,,,,,1,0,1,6,1,1,1,1,1,1,,,0,0,,1,1,1,1,2.00
Public Method,"org.apache.commons.math3.stat.descriptive.moment.Mean.clear",,,,,,,,,,,,,,8,5,2,1,0,3,2,2,0,,,,0,,,,,,,,,,,,,2,0,1,3,2,1,1,2,2,1,,,0,1,,2,2,1,2,0.60
Public Method,"org.apache.commons.math3.stat.descriptive.moment.Mean.copy",,,,,,,,,,,,,,8,5,3,3,0,4,1,1,0,,,,0,,,,,,,,,,,,,0,0,2,3,1,3,2,2,1,1,,,0,0,,1,1,1,1,0.60
Public Static Method,"org.apache.commons.math3.stat.descriptive.moment.Mean.copy",,,,,,,,,,,,,,16,8,5,6,0,6,1,1,0,,,,0,,,,,,,,,,,,,7,0,2,8,1,5,1,5,1,1,,,0,0,,1,1,1,1,1.00
Public Method,"org.apache.commons.math3.stat.descriptive.moment.Mean.evaluate",,,,,,,,,,,,,,33,13,9,4,0,12,3,3,1,,,,0,,,,,,,,,,,,,6,2,5,18,3,9,6,6,3,1,,,0,2,,3,3,1,3,1.38
Public Method,"org.apache.commons.math3.stat.descriptive.moment.Mean.evaluate",,,,,,,,,,,,,,47,14,9,5,0,12,3,3,1,,,,0,,,,,,,,,,,,,7,2,6,31,3,9,6,6,3,1,,,0,2,,3,3,1,3,2.21
Public Method,"org.apache.commons.math3.stat.descriptive.moment.Mean.evaluate",,,,,,,,,,,,,,27,3,1,2,0,2,1,1,0,,,,0,,,,,,,,,,,,,3,0,1,24,1,1,1,1,1,1,,,0,0,,1,1,1,1,8.00
Public Method,"org.apache.commons.math3.stat.descriptive.moment.Mean.getN",,,,,,,,,,,,,,6,3,1,2,0,2,1,1,0,,,,0,,,,,,,,,,,,,2,0,1,3,1,1,1,1,1,1,,,0,0,,1,1,1,1,1.00
Public Method,"org.apache.commons.math3.stat.descriptive.moment.Mean.getResult",,,,,,,,,,,,,,6,3,1,1,0,2,1,1,0,,,,0,,,,,,,,,,,,,5,0,1,3,1,1,1,1,1,1,,,0,0,,1,1,1,1,1.00
Public Method,"org.apache.commons.math3.stat.descriptive.moment.Mean.increment",,,,,,,,,,,,,,8,5,2,1,0,3,2,2,0,,,,0,,,,,,,,,,,,,5,0,1,3,2,1,1,2,2,1,,,0,1,,2,2,1,2,0.60
Public Class,"org.apache.commons.math3.stat.descriptive.moment.MeanTest",1,1,0,1,2,,0,,5,23,0,0,5,45,27,10,,,17,,,,1,1,3,,1,1,5,4,1,0,0,,,1,5,0,,7,13,11,,11,9,8,,,1,1,,0,100,5,5,5,5,0.41
Public Method,"org.apache.commons.math3.stat.descriptive.moment.MeanTest.expectedValue",,,,,,,,,,,,,,6,3,1,1,0,2,1,1,0,,,,0,,,,,,,,,,,,,2,0,1,3,1,1,1,1,1,1,,,0,0,,1,1,1,1,1.00
Public Method,"org.apache.commons.math3.stat.descriptive.moment.MeanTest.expectedWeightedValue",,,,,,,,,,,,,,4,3,1,1,0,2,1,1,0,,,,0,,,,,,,,,,,,,2,0,1,1,1,1,1,1,1,1,,,0,0,,1,1,1,1,0.33
Public Method,"org.apache.commons.math3.stat.descriptive.moment.MeanTest.getUnivariateStatistic",,,,,,,,,,,,,,6,3,1,2,0,2,1,1,0,,,,0,,,,,,,,,,,,,0,0,1,3,1,1,1,1,1,1,,,0,0,,1,1,1,1,1.00
Public Method,"org.apache.commons.math3.stat.descriptive.moment.MeanTest.testSmallSamples",,,,,,,,,,,,,,6,6,4,6,0,5,1,1,0,,,,0,,,,,,,,,,,,,0,0,2,0,1,4,2,3,1,1,,,0,0,,1,1,1,1,0.00
Public Method,"org.apache.commons.math3.stat.descriptive.moment.MeanTest.testWeightedMean",,,,,,,,,,,,,,5,5,3,6,0,4,1,1,0,,,,0,,,,,,,,,,,,,4,0,2,0,1,3,2,2,1,1,,,0,0,,1,1,1,1,0.00
Public Class,"org.apache.commons.math3.stat.descriptive.moment.SecondMoment",1,1,0,4,2,,1,,6,37,0,0,7,107,42,19,,,28,,,,2,1,4,,1,1,9,4,2,1,1,,,1,7,0,,10,16,55,,19,11,17,,,2,2,,1,57,8,8,7,8,1.31
Public Constructor,"org.apache.commons.math3.stat.descriptive.moment.SecondMoment.SecondMoment",,,,,,,,,,,,,,7,4,2,3,0,3,1,1,0,,,,0,,,,,,,,,,,,,8,0,1,3,1,2,1,2,1,1,,,0,0,,1,1,1,1,0.75
Public Constructor,"org.apache.commons.math3.stat.descriptive.moment.SecondMoment.SecondMoment",,,,,,,,,,,,,,10,4,2,3,0,3,1,1,0,,,,0,,,,,,,,,,,,,2,0,1,6,1,2,1,2,1,1,,,0,0,,1,1,1,1,1.50
Public Method,"org.apache.commons.math3.stat.descriptive.moment.SecondMoment.clear",,,,,,,,,,,,,,7,4,2,2,0,3,1,1,0,,,,0,,,,,,,,,,,,,3,0,1,3,1,2,1,2,1,1,,,0,0,,1,1,1,1,0.75
Public Method,"org.apache.commons.math3.stat.descriptive.moment.SecondMoment.copy",,,,,,,,,,,,,,8,5,3,3,0,4,1,1,0,,,,0,,,,,,,,,,,,,2,0,2,3,1,3,2,2,1,1,,,0,0,,1,1,1,1,0.60
Public Static Method,"org.apache.commons.math3.stat.descriptive.moment.SecondMoment.copy",,,,,,,,,,,,,,15,7,4,3,0,5,1,1,0,,,,0,,,,,,,,,,,,,5,0,2,8,1,4,1,4,1,1,,,0,0,,1,1,1,1,1.14
Public Method,"org.apache.commons.math3.stat.descriptive.moment.SecondMoment.getResult",,,,,,,,,,,,,,6,3,1,1,0,2,1,1,0,,,,0,,,,,,,,,,,,,3,0,1,3,1,1,1,1,1,1,,,0,0,,1,1,1,1,1.00
Public Method,"org.apache.commons.math3.stat.descriptive.moment.SecondMoment.increment",,,,,,,,,,,,,,10,7,4,3,0,5,2,2,0,,,,0,,,,,,,,,,,,,8,0,1,3,2,3,1,4,2,1,,,0,1,,2,2,1,2,0.43
Public Class,"org.apache.commons.math3.stat.descriptive.moment.SecondMomentTest",1,1,0,3,2,,0,,2,20,0,0,2,26,11,2,,,6,,,,1,1,3,,1,1,6,3,1,0,0,,,1,2,0,,4,6,11,,3,4,2,,,1,1,,0,100,2,2,2,2,1.00
Public Method,"org.apache.commons.math3.stat.descriptive.moment.SecondMomentTest.expectedValue",,,,,,,,,,,,,,6,3,1,1,0,2,1,1,0,,,,0,,,,,,,,,,,,,1,0,1,3,1,1,1,1,1,1,,,0,0,,1,1,1,1,1.00
Public Method,"org.apache.commons.math3.stat.descriptive.moment.SecondMomentTest.getUnivariateStatistic",,,,,,,,,,,,,,6,3,1,2,0,2,1,1,0,,,,0,,,,,,,,,,,,,0,0,1,3,1,1,1,1,1,1,,,0,0,,1,1,1,1,1.00
Public Class,"org.apache.commons.math3.stat.descriptive.moment.SemiVariance",1,1,0,8,6,,3,,16,29,0,0,17,357,107,51,,,72,,,,6,4,2,,1,1,13,5,2,0,1,,,2,17,0,,39,40,211,,46,34,38,,,6,6,,4,81,23,23,20,23,1.97
Public Enum Type,"org.apache.commons.math3.stat.descriptive.moment.SemiVariance.Direction",1,1,0,2,1,,0,,4,4,2,0,2,40,11,2,,,6,,,,1,1,1,,1,1,4,1,1,0,0,,,3,4,0,,4,6,25,,4,4,2,,,1,1,,0,83,4,4,4,4,2.27
Constructor,"org.apache.commons.math3.stat.descriptive.moment.SemiVariance.Direction.Direction",,,,,,,,,,,,,,8,3,1,2,0,2,1,1,0,,,,0,,,,,,,,,,,,,1,0,1,5,1,1,1,1,1,1,,,0,0,,1,1,1,1,1.67
Method,"org.apache.commons.math3.stat.descriptive.moment.SemiVariance.Direction.getDirection",,,,,,,,,,,,,,8,3,1,1,0,2,1,1,0,,,,0,,,,,,,,,,,,,2,0,1,5,1,1,1,1,1,1,,,0,0,,1,1,1,1,1.67
Public Method,"org.apache.commons.math3.stat.descriptive.moment.SemiVariance.Direction.valueOf",,,,,,,,,,,,,,0,0,0,1,0,0,1,1,0,,,,0,,,,,,,,,,,,,0,0,0,0,0,0,0,0,1,1,,,0,0,,1,1,1,1,0.00
Public Method,"org.apache.commons.math3.stat.descriptive.moment.SemiVariance.Direction.values",,,,,,,,,,,,,,0,0,0,1,0,0,1,1,0,,,,0,,,,,,,,,,,,,0,0,0,0,0,0,0,0,1,1,,,0,0,,1,1,1,1,0.00
Public Constructor,"org.apache.commons.math3.stat.descriptive.moment.SemiVariance.SemiVariance",,,,,,,,,,,,,,6,2,0,1,0,1,1,1,0,,,,0,,,,,,,,,,,,,5,0,1,4,1,0,1,0,1,1,,,0,0,,1,1,1,1,2.00
Public Constructor,"org.apache.commons.math3.stat.descriptive.moment.SemiVariance.SemiVariance",,,,,,,,,,,,,,11,3,1,2,0,2,1,1,0,,,,0,,,,,,,,,,,,,5,0,1,8,1,1,1,1,1,1,,,0,0,,1,1,1,1,2.67
Public Constructor,"org.apache.commons.math3.stat.descriptive.moment.SemiVariance.SemiVariance",,,,,,,,,,,,,,10,3,1,2,0,2,1,1,0,,,,0,,,,,,,,,,,,,2,0,1,7,1,1,1,1,1,1,,,0,0,,1,1,1,1,2.33
Public Constructor,"org.apache.commons.math3.stat.descriptive.moment.SemiVariance.SemiVariance",,,,,,,,,,,,,,15,4,2,3,0,3,1,1,0,,,,0,,,,,,,,,,,,,2,0,1,11,1,2,1,2,1,1,,,0,0,,1,1,1,1,2.75
Public Constructor,"org.apache.commons.math3.stat.descriptive.moment.SemiVariance.SemiVariance",,,,,,,,,,,,,,9,3,1,2,0,2,1,1,0,,,,0,,,,,,,,,,,,,1,0,1,6,1,1,1,1,1,1,,,0,0,,1,1,1,1,2.00
Public Method,"org.apache.commons.math3.stat.descriptive.moment.SemiVariance.copy",,,,,,,,,,,,,,8,5,3,3,0,4,1,1,0,,,,0,,,,,,,,,,,,,0,0,2,3,1,3,2,2,1,1,,,0,0,,1,1,1,1,0.60
Public Static Method,"org.apache.commons.math3.stat.descriptive.moment.SemiVariance.copy",,,,,,,,,,,,,,16,8,5,5,0,6,1,1,0,,,,0,,,,,,,,,,,,,6,0,2,8,1,5,1,5,1,1,,,0,0,,1,1,1,1,1.00
Public Method,"org.apache.commons.math3.stat.descriptive.moment.SemiVariance.evaluate",,,,,,,,,,,,,,15,6,3,3,0,4,2,2,0,,,,0,,,,,,,,,,,,,10,0,1,9,2,2,1,3,2,1,,,0,1,,2,2,1,2,1.50
Public Method,"org.apache.commons.math3.stat.descriptive.moment.SemiVariance.evaluate",,,,,,,,,,,,,,18,4,2,4,0,3,1,1,0,,,,0,,,,,,,,,,,,,7,0,2,14,1,2,2,1,1,1,,,0,0,,1,1,1,1,3.50
Public Method,"org.apache.commons.math3.stat.descriptive.moment.SemiVariance.evaluate",,,,,,,,,,,,,,14,4,2,4,0,3,1,1,0,,,,0,,,,,,,,,,,,,4,0,2,10,1,2,2,1,1,1,,,0,0,,1,1,1,1,2.50
Public Method,"org.apache.commons.math3.stat.descriptive.moment.SemiVariance.evaluate",,,,,,,,,,,,,,15,3,1,2,0,2,1,1,0,,,,0,,,,,,,,,,,,,7,0,1,12,1,1,1,1,1,1,,,0,0,,1,1,1,1,4.00
Public Method,"org.apache.commons.math3.stat.descriptive.moment.SemiVariance.evaluate",,,,,,,,,,,,,,16,3,1,2,0,2,1,1,0,,,,0,,,,,,,,,,,,,5,0,1,13,1,1,1,1,1,1,,,0,0,,1,1,1,1,4.33
Public Method,"org.apache.commons.math3.stat.descriptive.moment.SemiVariance.evaluate",,,,,,,,,,,,,,46,26,18,3,1,18,6,6,3,,,,3,,,,,,,,,,,,,13,3,5,17,8,12,5,13,6,4,,,3,4,,6,6,4,6,0.65
Public Method,"org.apache.commons.math3.stat.descriptive.moment.SemiVariance.getVarianceDirection",,,,,,,,,,,,,,8,3,1,1,0,2,1,1,0,,,,0,,,,,,,,,,,,,1,0,1,5,1,1,1,1,1,1,,,0,0,,1,1,1,1,1.67
Public Method,"org.apache.commons.math3.stat.descriptive.moment.SemiVariance.isBiasCorrected",,,,,,,,,,,,,,8,3,1,1,0,2,1,1,0,,,,0,,,,,,,,,,,,,1,0,1,5,1,1,1,1,1,1,,,0,0,,1,1,1,1,1.67
Public Method,"org.apache.commons.math3.stat.descriptive.moment.SemiVariance.setBiasCorrected",,,,,,,,,,,,,,8,3,1,1,0,2,1,1,0,,,,0,,,,,,,,,,,,,1,0,1,5,1,1,1,1,1,1,,,0,0,,1,1,1,1,1.67
Public Method,"org.apache.commons.math3.stat.descriptive.moment.SemiVariance.setVarianceDirection",,,,,,,,,,,,,,8,3,1,1,0,2,1,1,0,,,,0,,,,,,,,,,,,,6,0,1,5,1,1,1,1,1,1,,,0,0,,1,1,1,1,1.67
Public Class,"org.apache.commons.math3.stat.descriptive.moment.SemiVarianceTest",1,1,0,1,4,,0,,9,9,0,0,9,127,101,70,,,74,,,,3,1,1,,1,1,11,10,1,0,0,,,0,9,0,,16,52,16,,62,43,31,,,3,3,,1,0,11,11,9,11,0.16
Public Method,"org.apache.commons.math3.stat.descriptive.moment.SemiVarianceTest.testInsufficientData",,,,,,,,,,,,,,18,17,13,6,1,12,3,3,2,,,,0,,,,,,,,,,,,,1,1,3,0,4,9,3,9,3,1,,,0,1,,3,3,1,3,0.00
Public Method,"org.apache.commons.math3.stat.descriptive.moment.SemiVarianceTest.testNoVariance",,,,,,,,,,,,,,7,7,5,5,0,6,1,1,0,,,,0,,,,,,,,,,,,,2,0,3,0,1,5,3,3,1,1,,,0,0,,1,1,1,1,0.00
Public Method,"org.apache.commons.math3.stat.descriptive.moment.SemiVarianceTest.testNonMeanCutoffs",,,,,,,,,,,,,,12,10,8,4,0,7,1,1,0,,,,0,,,,,,,,,,,,,3,2,4,1,1,6,4,3,1,1,,,0,0,,1,1,1,1,0.10
Public Method,"org.apache.commons.math3.stat.descriptive.moment.SemiVarianceTest.testPopulation",,,,,,,,,,,,,,11,9,7,4,0,8,1,1,0,,,,0,,,,,,,,,,,,,1,2,4,0,1,7,4,4,1,1,,,0,0,,1,1,1,1,0.00
Public Method,"org.apache.commons.math3.stat.descriptive.moment.SemiVarianceTest.testSample",,,,,,,,,,,,,,17,14,12,7,0,11,1,1,0,,,,0,,,,,,,,,,,,,2,2,7,4,1,10,7,4,1,1,,,0,0,,1,1,1,1,0.29
Public Method,"org.apache.commons.math3.stat.descriptive.moment.SemiVarianceTest.testSingleDown",,,,,,,,,,,,,,6,6,4,3,0,5,1,1,0,,,,0,,,,,,,,,,,,,0,0,4,0,1,4,4,1,1,1,,,0,0,,1,1,1,1,0.00
Public Method,"org.apache.commons.math3.stat.descriptive.moment.SemiVarianceTest.testSingleUp",,,,,,,,,,,,,,6,6,4,3,0,5,1,1,0,,,,0,,,,,,,,,,,,,1,0,4,0,1,4,4,1,1,1,,,0,0,,1,1,1,1,0.00
Public Method,"org.apache.commons.math3.stat.descriptive.moment.SemiVarianceTest.testVarianceDecompMeanCutoff",,,,,,,,,,,,,,14,10,8,5,0,9,1,1,0,,,,0,,,,,,,,,,,,,2,0,6,5,1,8,6,3,1,1,,,0,0,,1,1,1,1,0.50
Public Method,"org.apache.commons.math3.stat.descriptive.moment.SemiVarianceTest.testVarianceDecompNonMeanCutoff",,,,,,,,,,,,,,16,11,9,5,0,10,1,1,0,,,,0,,,,,,,,,,,,,3,0,7,6,1,9,7,3,1,1,,,0,0,,1,1,1,1,0.55
Public Class,"org.apache.commons.math3.stat.descriptive.moment.Skewness",1,1,0,6,7,,1,,9,32,0,0,10,193,85,48,,,62,,,,4,3,3,,1,1,14,7,2,0,1,,,2,10,0,,20,34,88,,44,29,33,,,4,5,,2,60,17,18,12,17,1.04
Public Constructor,"org.apache.commons.math3.stat.descriptive.moment.Skewness.Skewness",,,,,,,,,,,,,,8,4,2,3,0,3,1,1,0,,,,0,,,,,,,,,,,,,2,0,1,4,1,2,1,2,1,1,,,0,0,,1,1,1,1,1.00
Public Constructor,"org.apache.commons.math3.stat.descriptive.moment.Skewness.Skewness",,,,,,,,,,,,,,7,4,2,4,0,3,1,1,0,,,,0,,,,,,,,,,,,,3,0,1,3,1,2,1,2,1,1,,,0,0,,1,1,1,1,0.75
Public Constructor,"org.apache.commons.math3.stat.descriptive.moment.Skewness.Skewness",,,,,,,,,,,,,,9,3,1,2,0,2,1,1,0,,,,0,,,,,,,,,,,,,1,0,1,6,1,1,1,1,1,1,,,0,0,,1,1,1,1,2.00
Public Method,"org.apache.commons.math3.stat.descriptive.moment.Skewness.clear",,,,,,,,,,,,,,8,5,2,1,0,3,2,2,0,,,,0,,,,,,,,,,,,,2,0,1,3,2,1,1,2,2,1,,,0,1,,2,2,1,2,0.60
Public Method,"org.apache.commons.math3.stat.descriptive.moment.Skewness.copy",,,,,,,,,,,,,,8,5,3,3,0,4,1,1,0,,,,0,,,,,,,,,,,,,0,0,2,3,1,3,2,2,1,1,,,0,0,,1,1,1,1,0.60
Public Static Method,"org.apache.commons.math3.stat.descriptive.moment.Skewness.copy",,,,,,,,,,,,,,16,8,5,7,0,6,1,1,0,,,,0,,,,,,,,,,,,,6,0,2,8,1,5,1,5,1,1,,,0,0,,1,1,1,1,1.00
Public Method,"org.apache.commons.math3.stat.descriptive.moment.Skewness.evaluate",,,,,,,,,,,,,,54,25,19,5,1,24,4,5,0,,,,0,,,,,,,,,,,,,3,6,12,23,5,20,13,11,4,1,,,0,2,,4,5,1,4,0.92
Public Method,"org.apache.commons.math3.stat.descriptive.moment.Skewness.getN",,,,,,,,,,,,,,6,3,1,2,0,2,1,1,0,,,,0,,,,,,,,,,,,,1,0,1,3,1,1,1,1,1,1,,,0,0,,1,1,1,1,1.00
Public Method,"org.apache.commons.math3.stat.descriptive.moment.Skewness.getResult",,,,,,,,,,,,,,21,13,9,3,0,8,3,3,2,,,,2,,,,,,,,,,,,,6,1,3,7,3,5,3,5,3,3,,,2,1,,3,3,3,3,0.54
Public Method,"org.apache.commons.math3.stat.descriptive.moment.Skewness.increment",,,,,,,,,,,,,,8,5,2,1,0,3,2,2,0,,,,0,,,,,,,,,,,,,4,0,1,3,2,1,1,2,2,1,,,0,1,,2,2,1,2,0.60
Public Class,"org.apache.commons.math3.stat.descriptive.moment.SkewnessTest",1,1,0,3,2,,0,,3,21,0,0,3,42,22,10,,,15,,,,1,1,3,,1,1,8,5,1,0,0,,,1,3,0,,5,9,15,,11,6,9,,,1,1,,0,100,3,3,3,3,0.68
Public Method,"org.apache.commons.math3.stat.descriptive.moment.SkewnessTest.expectedValue",,,,,,,,,,,,,,6,3,1,1,0,2,1,1,0,,,,0,,,,,,,,,,,,,1,0,1,3,1,1,1,1,1,1,,,0,0,,1,1,1,1,1.00
Public Method,"org.apache.commons.math3.stat.descriptive.moment.SkewnessTest.getUnivariateStatistic",,,,,,,,,,,,,,6,3,1,2,0,2,1,1,0,,,,0,,,,,,,,,,,,,0,0,1,3,1,1,1,1,1,1,,,0,0,,1,1,1,1,1.00
Public Method,"org.apache.commons.math3.stat.descriptive.moment.SkewnessTest.testNaN",,,,,,,,,,,,,,14,10,8,6,0,9,1,1,0,,,,0,,,,,,,,,,,,,0,0,2,4,1,8,2,7,1,1,,,0,0,,1,1,1,1,0.40
Public Class,"org.apache.commons.math3.stat.descriptive.moment.StandardDeviation",1,1,0,8,5,,1,,16,39,0,0,17,251,69,24,,,42,,,,1,1,3,,1,1,11,3,2,0,1,,,1,17,0,,21,30,161,,24,21,21,,,1,1,,0,55,17,17,17,17,2.33
Public Constructor,"org.apache.commons.math3.stat.descriptive.moment.StandardDeviation.StandardDeviation",,,,,,,,,,,,,,7,3,1,3,0,2,1,1,0,,,,0,,,,,,,,,,,,,5,0,1,4,1,1,1,1,1,1,,,0,0,,1,1,1,1,1.33
Public Constructor,"org.apache.commons.math3.stat.descriptive.moment.StandardDeviation.StandardDeviation",,,,,,,,,,,,,,14,3,1,3,0,2,1,1,0,,,,0,,,,,,,,,,,,,3,0,1,11,1,1,1,1,1,1,,,0,0,,1,1,1,1,3.67
Public Constructor,"org.apache.commons.math3.stat.descriptive.moment.StandardDeviation.StandardDeviation",,,,,,,,,,,,,,13,3,1,3,0,2,1,1,0,,,,0,,,,,,,,,,,,,2,0,1,10,1,1,1,1,1,1,,,0,0,,1,1,1,1,3.33
Public Constructor,"org.apache.commons.math3.stat.descriptive.moment.StandardDeviation.StandardDeviation",,,,,,,,,,,,,,8,3,1,3,0,2,1,1,0,,,,0,,,,,,,,,,,,,1,0,1,5,1,1,1,1,1,1,,,0,0,,1,1,1,1,1.67
Public Constructor,"org.apache.commons.math3.stat.descriptive.moment.StandardDeviation.StandardDeviation",,,,,,,,,,,,,,9,3,1,2,0,2,1,1,0,,,,0,,,,,,,,,,,,,1,0,1,6,1,1,1,1,1,1,,,0,0,,1,1,1,1,2.00
Public Method,"org.apache.commons.math3.stat.descriptive.moment.StandardDeviation.clear",,,,,,,,,,,,,,6,3,1,1,0,2,1,1,0,,,,0,,,,,,,,,,,,,1,0,1,3,1,1,1,1,1,1,,,0,0,,1,1,1,1,1.00
Public Method,"org.apache.commons.math3.stat.descriptive.moment.StandardDeviation.copy",,,,,,,,,,,,,,8,5,3,3,0,4,1,1,0,,,,0,,,,,,,,,,,,,0,0,2,3,1,3,2,2,1,1,,,0,0,,1,1,1,1,0.60
Public Static Method,"org.apache.commons.math3.stat.descriptive.moment.StandardDeviation.copy",,,,,,,,,,,,,,15,7,4,5,0,5,1,1,0,,,,0,,,,,,,,,,,,,5,0,2,8,1,4,1,4,1,1,,,0,0,,1,1,1,1,1.14
Public Method,"org.apache.commons.math3.stat.descriptive.moment.StandardDeviation.evaluate",,,,,,,,,,,,,,17,3,1,3,0,2,1,1,0,,,,0,,,,,,,,,,,,,3,0,1,14,1,1,1,1,1,1,,,0,0,,1,1,1,1,4.67
Public Method,"org.apache.commons.math3.stat.descriptive.moment.StandardDeviation.evaluate",,,,,,,,,,,,,,21,3,1,3,0,2,1,1,0,,,,0,,,,,,,,,,,,,4,0,1,18,1,1,1,1,1,1,,,0,0,,1,1,1,1,6.00
Public Method,"org.apache.commons.math3.stat.descriptive.moment.StandardDeviation.evaluate",,,,,,,,,,,,,,28,4,1,3,0,2,1,1,0,,,,0,,,,,,,,,,,,,5,0,2,24,1,1,1,1,1,1,,,0,0,,1,1,1,1,6.00
Public Method,"org.apache.commons.math3.stat.descriptive.moment.StandardDeviation.evaluate",,,,,,,,,,,,,,24,3,1,3,0,2,1,1,0,,,,0,,,,,,,,,,,,,3,0,1,21,1,1,1,1,1,1,,,0,0,,1,1,1,1,7.00
Public Method,"org.apache.commons.math3.stat.descriptive.moment.StandardDeviation.getN",,,,,,,,,,,,,,6,3,1,2,0,2,1,1,0,,,,0,,,,,,,,,,,,,1,0,1,3,1,1,1,1,1,1,,,0,0,,1,1,1,1,1.00
Public Method,"org.apache.commons.math3.stat.descriptive.moment.StandardDeviation.getResult",,,,,,,,,,,,,,6,3,1,3,0,2,1,1,0,,,,0,,,,,,,,,,,,,4,0,1,3,1,1,1,1,1,1,,,0,0,,1,1,1,1,1.00
Public Method,"org.apache.commons.math3.stat.descriptive.moment.StandardDeviation.increment",,,,,,,,,,,,,,6,3,1,1,0,2,1,1,0,,,,0,,,,,,,,,,,,,4,0,1,3,1,1,1,1,1,1,,,0,0,,1,1,1,1,1.00
Public Method,"org.apache.commons.math3.stat.descriptive.moment.StandardDeviation.isBiasCorrected",,,,,,,,,,,,,,6,3,1,2,0,2,1,1,0,,,,0,,,,,,,,,,,,,1,0,1,3,1,1,1,1,1,1,,,0,0,,1,1,1,1,1.00
Public Method,"org.apache.commons.math3.stat.descriptive.moment.StandardDeviation.setBiasCorrected",,,,,,,,,,,,,,6,3,1,1,0,2,1,1,0,,,,0,,,,,,,,,,,,,3,0,1,3,1,1,1,1,1,1,,,0,0,,1,1,1,1,1.00
Public Class,"org.apache.commons.math3.stat.descriptive.moment.StandardDeviationTest",1,1,0,3,6,,0,,5,23,0,0,4,72,44,26,,,35,,,,2,1,3,,1,1,10,7,1,0,0,,,1,5,1,,7,18,22,,28,15,20,,,2,2,,1,100,6,6,5,6,0.50
Public Method,"org.apache.commons.math3.stat.descriptive.moment.StandardDeviationTest.expectedValue",,,,,,,,,,,,,,6,3,1,1,0,2,1,1,0,,,,0,,,,,,,,,,,,,1,0,1,3,1,1,1,1,1,1,,,0,0,,1,1,1,1,1.00
Public Method,"org.apache.commons.math3.stat.descriptive.moment.StandardDeviationTest.getUnivariateStatistic",,,,,,,,,,,,,,6,3,1,2,0,2,1,1,0,,,,0,,,,,,,,,,,,,0,0,1,3,1,1,1,1,1,1,,,0,0,,1,1,1,1,1.00
Protected Method,"org.apache.commons.math3.stat.descriptive.moment.StandardDeviationTest.populationStandardDeviation",,,,,,,,,,,,,,11,8,5,4,0,8,2,2,0,,,,0,,,,,,,,,,,,,3,0,3,3,2,6,4,4,2,1,,,0,1,,2,2,1,2,0.38
Public Method,"org.apache.commons.math3.stat.descriptive.moment.StandardDeviationTest.testNaN",,,,,,,,,,,,,,10,6,4,6,0,5,1,1,0,,,,0,,,,,,,,,,,,,0,0,2,4,1,4,2,3,1,1,,,0,0,,1,1,1,1,0.67
Public Method,"org.apache.commons.math3.stat.descriptive.moment.StandardDeviationTest.testPopulation",,,,,,,,,,,,,,20,17,15,11,0,16,1,1,0,,,,0,,,,,,,,,,,,,0,0,5,4,1,15,5,11,1,1,,,0,0,,1,1,1,1,0.24
Class,"org.apache.commons.math3.stat.descriptive.moment.ThirdMoment",1,1,0,4,2,,1,,6,44,0,0,7,121,48,24,,,34,,,,2,1,5,,1,1,9,5,2,1,1,,,2,7,0,,12,19,61,,25,14,20,,,2,2,,1,57,8,8,7,8,1.27
Public Constructor,"org.apache.commons.math3.stat.descriptive.moment.ThirdMoment.ThirdMoment",,,,,,,,,,,,,,8,5,3,4,0,4,1,1,0,,,,0,,,,,,,,,,,,,5,0,1,3,1,3,1,3,1,1,,,0,0,,1,1,1,1,0.60
Public Constructor,"org.apache.commons.math3.stat.descriptive.moment.ThirdMoment.ThirdMoment",,,,,,,,,,,,,,9,3,1,2,0,2,1,1,0,,,,0,,,,,,,,,,,,,2,0,1,6,1,1,1,1,1,1,,,0,0,,1,1,1,1,2.00
Public Method,"org.apache.commons.math3.stat.descriptive.moment.ThirdMoment.clear",,,,,,,,,,,,,,8,5,3,3,0,4,1,1,0,,,,0,,,,,,,,,,,,,2,0,1,3,1,3,1,3,1,1,,,0,0,,1,1,1,1,0.60
Public Method,"org.apache.commons.math3.stat.descriptive.moment.ThirdMoment.copy",,,,,,,,,,,,,,8,5,3,3,0,4,1,1,0,,,,0,,,,,,,,,,,,,1,0,2,3,1,3,2,2,1,1,,,0,0,,1,1,1,1,0.60
Public Static Method,"org.apache.commons.math3.stat.descriptive.moment.ThirdMoment.copy",,,,,,,,,,,,,,16,8,5,4,0,6,1,1,0,,,,0,,,,,,,,,,,,,7,0,2,8,1,5,1,5,1,1,,,0,0,,1,1,1,1,1.00
Public Method,"org.apache.commons.math3.stat.descriptive.moment.ThirdMoment.getResult",,,,,,,,,,,,,,6,3,1,1,0,2,1,1,0,,,,0,,,,,,,,,,,,,1,0,1,3,1,1,1,1,1,1,,,0,0,,1,1,1,1,1.00
Public Method,"org.apache.commons.math3.stat.descriptive.moment.ThirdMoment.increment",,,,,,,,,,,,,,14,10,7,5,0,8,2,2,0,,,,0,,,,,,,,,,,,,9,1,3,3,2,6,3,5,2,1,,,0,1,,2,2,1,2,0.30
Public Class,"org.apache.commons.math3.stat.descriptive.moment.ThirdMomentTest",1,1,0,3,2,,0,,2,20,0,0,2,26,11,2,,,6,,,,1,1,3,,1,1,6,3,1,0,0,,,1,2,0,,4,6,11,,3,4,2,,,1,1,,0,100,2,2,2,2,1.00
Public Method,"org.apache.commons.math3.stat.descriptive.moment.ThirdMomentTest.expectedValue",,,,,,,,,,,,,,6,3,1,1,0,2,1,1,0,,,,0,,,,,,,,,,,,,1,0,1,3,1,1,1,1,1,1,,,0,0,,1,1,1,1,1.00
Public Method,"org.apache.commons.math3.stat.descriptive.moment.ThirdMomentTest.getUnivariateStatistic",,,,,,,,,,,,,,6,3,1,2,0,2,1,1,0,,,,0,,,,,,,,,,,,,0,0,1,3,1,1,1,1,1,1,,,0,0,,1,1,1,1,1.00
Public Class,"org.apache.commons.math3.stat.descriptive.moment.Variance",2,1,0,15,6,,1,,20,43,0,0,21,594,174,102,,,126,,,,7,4,3,,2,2,23,7,3,0,1,,,3,21,0,,35,53,385,,81,46,80,,,7,7,,3,73,44,44,24,44,2.21
Public Constructor,"org.apache.commons.math3.stat.descriptive.moment.Variance.Variance",,,,,,,,,,,,,,7,3,1,3,0,2,1,1,0,,,,0,,,,,,,,,,,,,11,0,1,4,1,1,1,1,1,1,,,0,0,,1,1,1,1,1.33
Public Constructor,"org.apache.commons.math3.stat.descriptive.moment.Variance.Variance",,,,,,,,,,,,,,12,4,2,4,0,3,1,1,0,,,,0,,,,,,,,,,,,,11,0,1,8,1,2,1,2,1,1,,,0,0,,1,1,1,1,2.00
Public Constructor,"org.apache.commons.math3.stat.descriptive.moment.Variance.Variance",,,,,,,,,,,,,,14,4,2,3,0,3,1,1,0,,,,0,,,,,,,,,,,,,5,0,1,10,1,2,1,2,1,1,,,0,0,,1,1,1,1,2.50
Public Constructor,"org.apache.commons.math3.stat.descriptive.moment.Variance.Variance",,,,,,,,,,,,,,14,5,3,4,0,4,1,1,0,,,,0,,,,,,,,,,,,,4,0,1,9,1,3,1,3,1,1,,,0,0,,1,1,1,1,1.80
Public Constructor,"org.apache.commons.math3.stat.descriptive.moment.Variance.Variance",,,,,,,,,,,,,,9,3,1,2,0,2,1,1,0,,,,0,,,,,,,,,,,,,1,0,1,6,1,1,1,1,1,1,,,0,0,,1,1,1,1,2.00
Public Method,"org.apache.commons.math3.stat.descriptive.moment.Variance.clear",,,,,,,,,,,,,,8,5,2,1,0,3,2,2,0,,,,0,,,,,,,,,,,,,5,0,1,3,2,1,1,2,2,1,,,0,1,,2,2,1,2,0.60
Public Method,"org.apache.commons.math3.stat.descriptive.moment.Variance.copy",,,,,,,,,,,,,,8,5,3,3,0,4,1,1,0,,,,0,,,,,,,,,,,,,1,0,2,3,1,3,2,2,1,1,,,0,0,,1,1,1,1,0.60
Public Static Method,"org.apache.commons.math3.stat.descriptive.moment.Variance.copy",,,,,,,,,,,,,,17,9,6,7,0,7,1,1,0,,,,0,,,,,,,,,,,,,8,0,2,8,1,6,1,6,1,1,,,0,0,,1,1,1,1,0.89
Public Method,"org.apache.commons.math3.stat.descriptive.moment.Variance.evaluate",,,,,,,,,,,,,,22,6,3,3,0,4,2,2,0,,,,0,,,,,,,,,,,,,12,0,1,16,2,2,1,3,2,1,,,0,1,,2,2,1,2,2.67
Public Method,"org.apache.commons.math3.stat.descriptive.moment.Variance.evaluate",,,,,,,,,,,,,,36,14,10,6,1,11,4,4,1,,,,0,,,,,,,,,,,,,7,2,4,20,4,7,4,7,4,1,,,0,2,,4,4,1,4,1.43
Public Method,"org.apache.commons.math3.stat.descriptive.moment.Variance.evaluate",,,,,,,,,,,,,,53,25,18,2,1,20,6,6,2,,,,0,,,,,,,,,,,,,10,2,7,26,7,14,7,13,6,1,,,0,3,,6,6,1,6,1.04
Public Method,"org.apache.commons.math3.stat.descriptive.moment.Variance.evaluate",,,,,,,,,,,,,,28,3,1,2,0,2,1,1,0,,,,0,,,,,,,,,,,,,6,0,1,25,1,1,1,1,1,1,,,0,0,,1,1,1,1,8.33
Public Method,"org.apache.commons.math3.stat.descriptive.moment.Variance.evaluate",,,,,,,,,,,,,,59,15,10,6,1,11,4,4,1,,,,0,,,,,,,,,,,,,6,2,5,42,4,7,4,7,4,1,,,0,2,,4,4,1,4,2.80
Public Method,"org.apache.commons.math3.stat.descriptive.moment.Variance.evaluate",,,,,,,,,,,,,,41,3,1,2,0,2,1,1,0,,,,0,,,,,,,,,,,,,3,0,1,38,1,1,1,1,1,1,,,0,0,,1,1,1,1,12.67
Public Method,"org.apache.commons.math3.stat.descriptive.moment.Variance.evaluate",,,,,,,,,,,,,,77,28,20,2,1,24,7,7,2,,,,0,,,,,,,,,,,,,8,4,7,45,11,17,8,16,7,1,,,0,3,,7,7,1,7,1.61
Public Method,"org.apache.commons.math3.stat.descriptive.moment.Variance.evaluate",,,,,,,,,,,,,,44,3,1,2,0,2,1,1,0,,,,0,,,,,,,,,,,,,4,0,1,41,1,1,1,1,1,1,,,0,0,,1,1,1,1,13.67
Public Method,"org.apache.commons.math3.stat.descriptive.moment.Variance.getN",,,,,,,,,,,,,,6,3,1,2,0,2,1,1,0,,,,0,,,,,,,,,,,,,2,0,1,3,1,1,1,1,1,1,,,0,0,,1,1,1,1,1.00
Public Method,"org.apache.commons.math3.stat.descriptive.moment.Variance.getResult",,,,,,,,,,,,,,16,13,9,1,1,8,4,4,3,,,,3,,,,,,,,,,,,,11,0,1,3,4,4,1,7,4,4,,,3,2,,4,4,4,4,0.23
Public Method,"org.apache.commons.math3.stat.descriptive.moment.Variance.increment",,,,,,,,,,,,,,18,5,2,1,0,3,2,2,0,,,,0,,,,,,,,,,,,,6,0,1,13,2,1,1,2,2,1,,,0,1,,2,2,1,2,2.60
Public Method,"org.apache.commons.math3.stat.descriptive.moment.Variance.isBiasCorrected",,,,,,,,,,,,,,6,3,1,1,0,2,1,1,0,,,,0,,,,,,,,,,,,,2,0,1,3,1,1,1,1,1,1,,,0,0,,1,1,1,1,1.00
Public Method,"org.apache.commons.math3.stat.descriptive.moment.Variance.setBiasCorrected",,,,,,,,,,,,,,6,3,1,1,0,2,1,1,0,,,,0,,,,,,,,,,,,,4,0,1,3,1,1,1,1,1,1,,,0,0,,1,1,1,1,1.00
Public Class,"org.apache.commons.math3.stat.descriptive.moment.VarianceTest",1,1,0,3,7,,0,,7,25,0,0,6,94,57,34,,,41,,,,2,1,3,,1,1,10,7,1,0,0,,,1,7,1,,12,21,26,,32,17,24,,,2,2,,1,100,8,8,7,8,0.46
Public Method,"org.apache.commons.math3.stat.descriptive.moment.VarianceTest.expectedValue",,,,,,,,,,,,,,6,3,1,1,0,2,1,1,0,,,,0,,,,,,,,,,,,,2,0,1,3,1,1,1,1,1,1,,,0,0,,1,1,1,1,1.00
Public Method,"org.apache.commons.math3.stat.descriptive.moment.VarianceTest.expectedWeightedValue",,,,,,,,,,,,,,4,3,1,1,0,2,1,1,0,,,,0,,,,,,,,,,,,,2,0,1,1,1,1,1,1,1,1,,,0,0,,1,1,1,1,0.33
Public Method,"org.apache.commons.math3.stat.descriptive.moment.VarianceTest.getUnivariateStatistic",,,,,,,,,,,,,,6,3,1,2,0,2,1,1,0,,,,0,,,,,,,,,,,,,0,0,1,3,1,1,1,1,1,1,,,0,0,,1,1,1,1,1.00
Protected Method,"org.apache.commons.math3.stat.descriptive.moment.VarianceTest.populationVariance",,,,,,,,,,,,,,11,8,5,3,0,8,2,2,0,,,,0,,,,,,,,,,,,,3,0,3,3,2,6,4,4,2,1,,,0,1,,2,2,1,2,0.38
Public Method,"org.apache.commons.math3.stat.descriptive.moment.VarianceTest.testNaN",,,,,,,,,,,,,,10,6,4,6,0,5,1,1,0,,,,0,,,,,,,,,,,,,0,0,2,4,1,4,2,3,1,1,,,0,0,,1,1,1,1,0.67
Public Method,"org.apache.commons.math3.stat.descriptive.moment.VarianceTest.testPopulation",,,,,,,,,,,,,,19,16,14,11,0,15,1,1,0,,,,0,,,,,,,,,,,,,0,0,4,4,1,14,4,11,1,1,,,0,0,,1,1,1,1,0.25
Public Method,"org.apache.commons.math3.stat.descriptive.moment.VarianceTest.testWeightedVariance",,,,,,,,,,,,,,16,10,8,7,0,5,1,1,0,,,,0,,,,,,,,,,,,,5,3,2,3,1,4,2,3,1,1,,,0,0,,1,1,1,1,0.30
Public Class,"org.apache.commons.math3.stat.descriptive.moment.VectorialCovariance",3,1,0,3,3,,1,,7,7,0,0,7,133,83,49,,,69,,,,7,7,1,,3,3,14,10,2,0,0,,,4,7,0,,17,24,33,,49,26,43,,,7,7,,3,34,21,21,13,21,0.40
Public Constructor,"org.apache.commons.math3.stat.descriptive.moment.VectorialCovariance.VectorialCovariance",,,,,,,,,,,,,,11,6,4,5,0,5,1,1,0,,,,0,,,,,,,,,,,,,9,0,1,5,1,4,1,4,1,1,,,0,0,,1,1,1,1,0.83
Public Method,"org.apache.commons.math3.stat.descriptive.moment.VectorialCovariance.clear",,,,,,,,,,,,,,8,5,3,2,0,4,1,1,0,,,,0,,,,,,,,,,,,,3,0,1,3,1,3,1,3,1,1,,,0,0,,1,1,1,1,0.60
Public Method,"org.apache.commons.math3.stat.descriptive.moment.VectorialCovariance.equals",,,,,,,,,,,,,,23,22,14,2,1,15,7,7,6,,,,6,,,,,,,,,,,,,5,0,2,1,7,8,2,13,7,7,,,6,1,,7,7,7,7,0.05
Public Method,"org.apache.commons.math3.stat.descriptive.moment.VectorialCovariance.getN",,,,,,,,,,,,,,7,3,1,1,0,2,1,1,0,,,,0,,,,,,,,,,,,,2,0,1,4,1,1,1,1,1,1,,,0,0,,1,1,1,1,1.33
Public Method,"org.apache.commons.math3.stat.descriptive.moment.VectorialCovariance.getResult",,,,,,,,,,,,,,24,16,11,3,1,16,5,5,0,,,,0,,,,,,,,,,,,,11,4,6,4,4,12,8,8,5,1,,,0,3,,5,5,1,5,0.25
Public Method,"org.apache.commons.math3.stat.descriptive.moment.VectorialCovariance.hashCode",,,,,,,,,,,,,,10,9,7,2,0,8,2,2,0,,,,0,,,,,,,,,,,,,4,0,3,1,1,7,3,5,2,1,,,0,0,,2,2,1,2,0.11
Public Method,"org.apache.commons.math3.stat.descriptive.moment.VectorialCovariance.increment",,,,,,,,,,,,,,18,13,8,4,1,13,4,4,0,,,,0,,,,,,,,,,,,,9,0,2,5,6,9,4,9,4,1,,,0,2,,4,4,1,4,0.38
Public Class,"org.apache.commons.math3.stat.descriptive.moment.VectorialCovarianceTest",1,1,1,0,6,,0,,5,5,0,0,5,66,56,34,,,37,,,,4,1,1,,1,1,10,9,1,0,0,,,1,5,0,,10,18,0,,27,16,21,,,4,4,,2,40,9,9,5,9,0.00
Public Constructor,"org.apache.commons.math3.stat.descriptive.moment.VectorialCovarianceTest.VectorialCovarianceTest",,,,,,,,,,,,,,9,9,7,2,0,2,1,1,0,,,,0,,,,,,,,,,,,,0,0,1,0,1,1,1,1,1,1,,,0,0,,1,1,1,1,0.00
Public Method,"org.apache.commons.math3.stat.descriptive.moment.VectorialCovarianceTest.testBasicStats",,,,,,,,,,,,,,23,18,12,7,1,16,4,4,0,,,,0,,,,,,,,,,,,,2,5,5,0,6,12,7,9,4,1,,,0,2,,4,4,1,4,0.00
Public Method,"org.apache.commons.math3.stat.descriptive.moment.VectorialCovarianceTest.testMismatch",,,,,,,,,,,,,,9,9,6,6,0,6,2,2,1,,,,0,,,,,,,,,,,,,1,0,1,0,2,4,1,5,2,1,,,0,1,,2,2,1,2,0.00
Public Method,"org.apache.commons.math3.stat.descriptive.moment.VectorialCovarianceTest.testSerial",,,,,,,,,,,,,,4,4,2,3,0,3,1,1,0,,,,0,,,,,,,,,,,,,2,0,2,0,1,2,2,1,1,1,,,0,0,,1,1,1,1,0.00
Public Method,"org.apache.commons.math3.stat.descriptive.moment.VectorialCovarianceTest.testSimplistic",,,,,,,,,,,,,,9,9,7,5,0,8,1,1,0,,,,0,,,,,,,,,,,,,0,0,3,0,1,7,3,5,1,1,,,0,0,,1,1,1,1,0.00
Public Class,"org.apache.commons.math3.stat.descriptive.moment.VectorialMean",2,1,0,3,2,,1,,6,6,0,0,6,83,49,25,,,39,,,,4,4,1,,2,2,10,7,2,0,0,,,1,6,0,,9,15,25,,25,16,23,,,4,4,,1,50,14,14,9,14,0.51
Public Constructor,"org.apache.commons.math3.stat.descriptive.moment.VectorialMean.VectorialMean",,,,,,,,,,,,,,9,6,3,3,0,6,2,2,0,,,,0,,,,,,,,,,,,,7,0,1,3,2,4,2,4,2,1,,,0,1,,2,2,1,2,0.50
Public Method,"org.apache.commons.math3.stat.descriptive.moment.VectorialMean.equals",,,,,,,,,,,,,,14,13,8,2,1,9,4,4,3,,,,3,,,,,,,,,,,,,2,0,2,1,4,5,2,7,4,4,,,3,1,,4,4,4,4,0.08
Public Method,"org.apache.commons.math3.stat.descriptive.moment.VectorialMean.getN",,,,,,,,,,,,,,7,3,1,2,0,2,2,2,0,,,,0,,,,,,,,,,,,,3,0,1,4,1,1,1,1,2,1,,,0,0,,2,2,1,2,1.33
Public Method,"org.apache.commons.math3.stat.descriptive.moment.VectorialMean.getResult",,,,,,,,,,,,,,11,7,4,2,0,7,2,2,0,,,,0,,,,,,,,,,,,,6,0,2,4,2,5,3,4,2,1,,,0,1,,2,2,1,2,0.57
Public Method,"org.apache.commons.math3.stat.descriptive.moment.VectorialMean.hashCode",,,,,,,,,,,,,,7,6,4,2,0,5,1,1,0,,,,0,,,,,,,,,,,,,1,0,3,1,1,4,3,2,1,1,,,0,0,,1,1,1,1,0.17
Public Method,"org.apache.commons.math3.stat.descriptive.moment.VectorialMean.increment",,,,,,,,,,,,,,13,8,4,2,1,7,3,3,0,,,,0,,,,,,,,,,,,,9,0,1,5,4,4,2,5,3,1,,,0,1,,3,3,1,3,0.62
Public Class,"org.apache.commons.math3.stat.descriptive.moment.VectorialMeanTest",1,1,1,0,4,,0,,5,5,0,0,5,62,52,31,,,37,,,,3,1,1,,1,1,10,9,1,0,0,,,1,5,0,,10,17,0,,27,16,21,,,3,3,,1,40,9,9,5,9,0.00
Public Constructor,"org.apache.commons.math3.stat.descriptive.moment.VectorialMeanTest.VectorialMeanTest",,,,,,,,,,,,,,9,9,7,2,0,2,1,1,0,,,,0,,,,,,,,,,,,,0,0,1,0,1,1,1,1,1,1,,,0,0,,1,1,1,1,0.00
Public Method,"org.apache.commons.math3.stat.descriptive.moment.VectorialMeanTest.testBasicStats",,,,,,,,,,,,,,17,12,8,5,1,13,3,3,0,,,,0,,,,,,,,,,,,,2,5,4,0,4,10,6,7,3,1,,,0,1,,3,3,1,3,0.00
Public Method,"org.apache.commons.math3.stat.descriptive.moment.VectorialMeanTest.testMismatch",,,,,,,,,,,,,,9,9,6,6,0,6,2,2,1,,,,0,,,,,,,,,,,,,1,0,1,0,2,4,1,5,2,1,,,0,1,,2,2,1,2,0.00
Public Method,"org.apache.commons.math3.stat.descriptive.moment.VectorialMeanTest.testSerial",,,,,,,,,,,,,,7,7,4,4,0,7,2,2,0,,,,0,,,,,,,,,,,,,2,0,2,0,2,5,3,4,2,1,,,0,1,,2,2,1,2,0.00
Public Method,"org.apache.commons.math3.stat.descriptive.moment.VectorialMeanTest.testSimplistic",,,,,,,,,,,,,,8,8,6,4,0,7,1,1,0,,,,0,,,,,,,,,,,,,0,0,3,0,1,6,3,4,1,1,,,0,0,,1,1,1,1,0.00
Package,"org.apache.commons.math3.stat.descriptive.rank",1,1,0,5,,8,6,9,55,,1,3,54,1276,558,296,,,401,,,,7,5,,,1,1,13,7,,,3,,,10,58,0,,119,219,603,,297,180,221,,,7,9,,3,,100,109,67,100,1.08
Public Class,"org.apache.commons.math3.stat.descriptive.rank.Max",1,1,0,6,2,,1,,8,31,0,0,9,144,58,26,,,40,,,,5,1,3,,1,1,11,5,2,0,1,,,2,9,0,,12,21,74,,26,16,24,,,5,5,,3,62,14,15,9,14,1.28
Public Constructor,"org.apache.commons.math3.stat.descriptive.rank.Max.Max",,,,,,,,,,,,,,7,4,2,3,0,3,1,1,0,,,,0,,,,,,,,,,,,,6,0,1,3,1,2,1,2,1,1,,,0,0,,1,1,1,1,0.75
Public Constructor,"org.apache.commons.math3.stat.descriptive.rank.Max.Max",,,,,,,,,,,,,,9,3,1,2,0,2,1,1,0,,,,0,,,,,,,,,,,,,1,0,1,6,1,1,1,1,1,1,,,0,0,,1,1,1,1,2.00
Public Method,"org.apache.commons.math3.stat.descriptive.rank.Max.clear",,,,,,,,,,,,,,7,4,2,2,0,3,1,1,0,,,,0,,,,,,,,,,,,,0,0,1,3,1,2,1,2,1,1,,,0,0,,1,1,1,1,0.75
Public Method,"org.apache.commons.math3.stat.descriptive.rank.Max.copy",,,,,,,,,,,,,,8,5,3,3,0,4,1,1,0,,,,0,,,,,,,,,,,,,0,0,2,3,1,3,2,2,1,1,,,0,0,,1,1,1,1,0.60
Public Static Method,"org.apache.commons.math3.stat.descriptive.rank.Max.copy",,,,,,,,,,,,,,16,8,5,5,0,6,1,1,0,,,,0,,,,,,,,,,,,,7,0,2,8,1,5,1,5,1,1,,,0,0,,1,1,1,1,1.00
Public Method,"org.apache.commons.math3.stat.descriptive.rank.Max.evaluate",,,,,,,,,,,,,,34,12,7,3,1,10,5,5,0,,,,0,,,,,,,,,,,,,3,0,2,22,4,6,3,7,5,1,,,0,3,,5,5,1,5,1.83
Public Method,"org.apache.commons.math3.stat.descriptive.rank.Max.getN",,,,,,,,,,,,,,6,3,1,1,0,2,1,1,0,,,,0,,,,,,,,,,,,,1,0,1,3,1,1,1,1,1,1,,,0,0,,1,1,1,1,1.00
Public Method,"org.apache.commons.math3.stat.descriptive.rank.Max.getResult",,,,,,,,,,,,,,6,3,1,1,0,2,1,1,0,,,,0,,,,,,,,,,,,,2,0,1,3,1,1,1,1,1,1,,,0,0,,1,1,1,1,1.00
Public Method,"org.apache.commons.math3.stat.descriptive.rank.Max.increment",,,,,,,,,,,,,,9,6,3,3,0,4,2,3,0,,,,0,,,,,,,,,,,,,3,0,1,3,2,2,1,3,2,1,,,0,1,,2,3,1,2,0.50
Public Class,"org.apache.commons.math3.stat.descriptive.rank.MaxTest",1,1,0,1,3,,0,,4,22,0,0,4,52,36,21,,,26,,,,1,1,3,,1,1,8,7,1,0,0,,,1,4,0,,6,15,10,,21,10,16,,,1,1,,0,100,4,4,4,4,0.28
Public Method,"org.apache.commons.math3.stat.descriptive.rank.MaxTest.expectedValue",,,,,,,,,,,,,,6,3,1,1,0,2,1,1,0,,,,0,,,,,,,,,,,,,1,0,1,3,1,1,1,1,1,1,,,0,0,,1,1,1,1,1.00
Public Method,"org.apache.commons.math3.stat.descriptive.rank.MaxTest.getUnivariateStatistic",,,,,,,,,,,,,,6,3,1,2,0,2,1,1,0,,,,0,,,,,,,,,,,,,0,0,1,3,1,1,1,1,1,1,,,0,0,,1,1,1,1,1.00
Public Method,"org.apache.commons.math3.stat.descriptive.rank.MaxTest.testNaNs",,,,,,,,,,,,,,8,8,6,5,0,7,1,1,0,,,,0,,,,,,,,,,,,,0,0,3,0,1,6,3,4,1,1,,,0,0,,1,1,1,1,0.00
Public Method,"org.apache.commons.math3.stat.descriptive.rank.MaxTest.testSpecialValues",,,,,,,,,,,,,,15,15,13,7,0,13,1,1,0,,,,0,,,,,,,,,,,,,0,0,4,0,1,12,3,10,1,1,,,0,0,,1,1,1,1,0.00
Public Class,"org.apache.commons.math3.stat.descriptive.rank.Median",1,1,0,4,0,,1,,2,31,0,0,2,34,9,3,,,6,,,,1,1,3,,1,1,7,3,2,0,0,,,0,2,0,,4,4,21,,3,4,2,,,1,1,,0,100,2,2,2,2,2.33
Public Constructor,"org.apache.commons.math3.stat.descriptive.rank.Median.Median",,,,,,,,,,,,,,6,3,1,2,0,2,1,1,0,,,,0,,,,,,,,,,,,,1,0,1,3,1,1,1,1,1,1,,,0,0,,1,1,1,1,1.00
Public Constructor,"org.apache.commons.math3.stat.descriptive.rank.Median.Median",,,,,,,,,,,,,,9,3,1,2,0,2,1,1,0,,,,0,,,,,,,,,,,,,1,0,1,6,1,1,1,1,1,1,,,0,0,,1,1,1,1,2.00
Public Class,"org.apache.commons.math3.stat.descriptive.rank.MedianTest",1,1,0,3,2,,0,,2,10,0,0,2,25,11,2,,,6,,,,1,1,2,,1,1,6,3,1,0,0,,,1,2,0,,4,6,10,,3,4,2,,,1,1,,0,100,2,2,2,2,0.91
Public Method,"org.apache.commons.math3.stat.descriptive.rank.MedianTest.expectedValue",,,,,,,,,,,,,,6,3,1,1,0,2,1,1,0,,,,0,,,,,,,,,,,,,1,0,1,3,1,1,1,1,1,1,,,0,0,,1,1,1,1,1.00
Public Method,"org.apache.commons.math3.stat.descriptive.rank.MedianTest.getUnivariateStatistic",,,,,,,,,,,,,,6,3,1,2,0,2,1,1,0,,,,0,,,,,,,,,,,,,0,0,1,3,1,1,1,1,1,1,,,0,0,,1,1,1,1,1.00
Public Class,"org.apache.commons.math3.stat.descriptive.rank.Min",1,1,0,6,2,,1,,8,31,0,0,9,144,58,26,,,40,,,,5,1,3,,1,1,11,5,2,0,1,,,2,9,0,,12,21,74,,26,16,24,,,5,5,,3,62,14,15,9,14,1.28
Public Constructor,"org.apache.commons.math3.stat.descriptive.rank.Min.Min",,,,,,,,,,,,,,7,4,2,3,0,3,1,1,0,,,,0,,,,,,,,,,,,,6,0,1,3,1,2,1,2,1,1,,,0,0,,1,1,1,1,0.75
Public Constructor,"org.apache.commons.math3.stat.descriptive.rank.Min.Min",,,,,,,,,,,,,,9,3,1,2,0,2,1,1,0,,,,0,,,,,,,,,,,,,1,0,1,6,1,1,1,1,1,1,,,0,0,,1,1,1,1,2.00
Public Method,"org.apache.commons.math3.stat.descriptive.rank.Min.clear",,,,,,,,,,,,,,7,4,2,2,0,3,1,1,0,,,,0,,,,,,,,,,,,,0,0,1,3,1,2,1,2,1,1,,,0,0,,1,1,1,1,0.75
Public Static Method,"org.apache.commons.math3.stat.descriptive.rank.Min.copy",,,,,,,,,,,,,,16,8,5,5,0,6,1,1,0,,,,0,,,,,,,,,,,,,7,0,2,8,1,5,1,5,1,1,,,0,0,,1,1,1,1,1.00
Public Method,"org.apache.commons.math3.stat.descriptive.rank.Min.copy",,,,,,,,,,,,,,8,5,3,3,0,4,1,1,0,,,,0,,,,,,,,,,,,,0,0,2,3,1,3,2,2,1,1,,,0,0,,1,1,1,1,0.60
Public Method,"org.apache.commons.math3.stat.descriptive.rank.Min.evaluate",,,,,,,,,,,,,,34,12,7,3,1,10,5,5,0,,,,0,,,,,,,,,,,,,3,0,2,22,4,6,3,7,5,1,,,0,3,,5,5,1,5,1.83
Public Method,"org.apache.commons.math3.stat.descriptive.rank.Min.getN",,,,,,,,,,,,,,6,3,1,1,0,2,1,1,0,,,,0,,,,,,,,,,,,,1,0,1,3,1,1,1,1,1,1,,,0,0,,1,1,1,1,1.00
Public Method,"org.apache.commons.math3.stat.descriptive.rank.Min.getResult",,,,,,,,,,,,,,6,3,1,1,0,2,1,1,0,,,,0,,,,,,,,,,,,,2,0,1,3,1,1,1,1,1,1,,,0,0,,1,1,1,1,1.00
Public Method,"org.apache.commons.math3.stat.descriptive.rank.Min.increment",,,,,,,,,,,,,,9,6,3,3,0,4,2,3,0,,,,0,,,,,,,,,,,,,3,0,1,3,2,2,1,3,2,1,,,0,1,,2,3,1,2,0.50
Public Class,"org.apache.commons.math3.stat.descriptive.rank.MinTest",1,1,0,1,3,,0,,4,22,0,0,4,52,36,21,,,26,,,,1,1,3,,1,1,8,7,1,0,0,,,1,4,0,,6,15,10,,21,10,16,,,1,1,,0,100,4,4,4,4,0.28
Public Method,"org.apache.commons.math3.stat.descriptive.rank.MinTest.expectedValue",,,,,,,,,,,,,,6,3,1,1,0,2,1,1,0,,,,0,,,,,,,,,,,,,1,0,1,3,1,1,1,1,1,1,,,0,0,,1,1,1,1,1.00
Public Method,"org.apache.commons.math3.stat.descriptive.rank.MinTest.getUnivariateStatistic",,,,,,,,,,,,,,6,3,1,2,0,2,1,1,0,,,,0,,,,,,,,,,,,,0,0,1,3,1,1,1,1,1,1,,,0,0,,1,1,1,1,1.00
Public Method,"org.apache.commons.math3.stat.descriptive.rank.MinTest.testNaNs",,,,,,,,,,,,,,8,8,6,5,0,7,1,1,0,,,,0,,,,,,,,,,,,,0,0,3,0,1,6,3,4,1,1,,,0,0,,1,1,1,1,0.00
Public Method,"org.apache.commons.math3.stat.descriptive.rank.MinTest.testSpecialValues",,,,,,,,,,,,,,15,15,13,7,0,13,1,1,0,,,,0,,,,,,,,,,,,,0,0,4,0,1,12,3,10,1,1,,,0,0,,1,1,1,1,0.00
Public Class,"org.apache.commons.math3.stat.descriptive.rank.Percentile",2,1,1,10,5,,3,,16,29,1,3,13,471,194,124,,,140,,,,7,5,2,,2,3,22,10,2,2,1,,,2,17,0,,41,54,239,,97,49,91,,,7,9,,3,84,44,51,26,44,1.23
Public Constructor,"org.apache.commons.math3.stat.descriptive.rank.Percentile.Percentile",,,,,,,,,,,,,,7,3,1,2,0,2,1,1,0,,,,0,,,,,,,,,,,,,1,0,1,4,1,1,1,1,1,1,,,0,0,,1,1,1,1,1.33
Public Constructor,"org.apache.commons.math3.stat.descriptive.rank.Percentile.Percentile",,,,,,,,,,,,,,10,4,2,3,0,3,1,1,0,,,,0,,,,,,,,,,,,,13,0,1,6,1,2,1,2,1,1,,,0,0,,1,1,1,1,1.50
Public Constructor,"org.apache.commons.math3.stat.descriptive.rank.Percentile.Percentile",,,,,,,,,,,,,,9,3,1,2,0,2,1,1,0,,,,0,,,,,,,,,,,,,2,0,1,6,1,1,1,1,1,1,,,0,0,,1,1,1,1,2.00
Public Method,"org.apache.commons.math3.stat.descriptive.rank.Percentile.copy",,,,,,,,,,,,,,8,5,3,3,0,4,1,1,0,,,,0,,,,,,,,,,,,,0,0,2,3,1,3,2,2,1,1,,,0,0,,1,1,1,1,0.60
Public Static Method,"org.apache.commons.math3.stat.descriptive.rank.Percentile.copy",,,,,,,,,,,,,,18,10,6,5,0,7,2,2,0,,,,0,,,,,,,,,,,,,7,0,2,8,2,5,1,6,2,1,,,0,1,,2,2,1,2,0.80
Public Method,"org.apache.commons.math3.stat.descriptive.rank.Percentile.evaluate",,,,,,,,,,,,,,30,4,2,3,0,3,1,1,0,,,,0,,,,,,,,,,,,,5,0,1,26,1,2,1,2,1,1,,,0,0,,1,1,1,1,6.50
Public Method,"org.apache.commons.math3.stat.descriptive.rank.Percentile.evaluate",,,,,,,,,,,,,,71,38,27,8,1,29,7,8,5,,,,4,,,,,,,,,,,,,13,3,11,31,16,22,10,19,7,5,,,4,1,,7,8,5,7,0.82
Public Method,"org.apache.commons.math3.stat.descriptive.rank.Percentile.evaluate",,,,,,,,,,,,,,27,3,1,2,0,2,1,1,0,,,,0,,,,,,,,,,,,,7,0,1,24,1,1,1,1,1,1,,,0,0,,1,1,1,1,8.00
Public Method,"org.apache.commons.math3.stat.descriptive.rank.Percentile.evaluate",,,,,,,,,,,,,,11,3,1,3,0,2,1,1,0,,,,0,,,,,,,,,,,,,1,0,1,8,1,1,1,1,1,1,,,0,0,,1,1,1,1,2.67
Public Method,"org.apache.commons.math3.stat.descriptive.rank.Percentile.getQuantile",,,,,,,,,,,,,,9,3,1,1,0,2,1,1,0,,,,0,,,,,,,,,,,,,5,0,1,6,1,1,1,1,1,1,,,0,0,,1,1,1,1,2.00
Private Method,"org.apache.commons.math3.stat.descriptive.rank.Percentile.insertionSort",,,,,,,,,,,,,,17,11,7,1,0,10,3,4,0,,,,0,,,,,,,,,,,,,4,0,3,6,3,7,4,6,3,1,,,0,2,,3,4,1,3,0.55
Method,"org.apache.commons.math3.stat.descriptive.rank.Percentile.medianOf3",,,,,,,,,,,,,,30,20,15,1,1,13,6,6,4,,,,4,,,,,,,,,,,,,4,3,6,7,4,9,6,7,6,4,,,4,2,,6,6,4,6,0.35
Private Method,"org.apache.commons.math3.stat.descriptive.rank.Percentile.partition",,,,,,,,,,,,,,43,25,18,2,1,19,6,9,0,,,,0,,,,,,,,,,,,,5,5,5,13,18,13,5,14,6,1,,,0,2,,6,9,1,6,0.52
Private Method,"org.apache.commons.math3.stat.descriptive.rank.Percentile.select",,,,,,,,,,,,,,53,27,20,6,1,20,6,7,5,,,,3,,,,,,,,,,,,,6,7,5,21,10,14,5,15,6,3,,,4,3,,6,7,3,6,0.78
Public Method,"org.apache.commons.math3.stat.descriptive.rank.Percentile.setData",,,,,,,,,,,,,,10,9,6,3,0,6,2,2,1,,,,0,,,,,,,,,,,,,4,0,1,1,2,4,1,5,2,1,,,0,1,,2,2,1,2,0.11
Public Method,"org.apache.commons.math3.stat.descriptive.rank.Percentile.setData",,,,,,,,,,,,,,10,9,6,3,0,6,2,2,1,,,,0,,,,,,,,,,,,,5,0,1,1,2,4,1,5,2,1,,,0,1,,2,2,1,2,0.11
Public Method,"org.apache.commons.math3.stat.descriptive.rank.Percentile.setQuantile",,,,,,,,,,,,,,14,6,3,2,0,4,2,3,0,,,,0,,,,,,,,,,,,,7,0,1,8,2,2,1,3,2,1,,,0,1,,2,3,1,2,1.33
Public Class,"org.apache.commons.math3.stat.descriptive.rank.PercentileTest",1,1,0,1,4,,0,,11,19,0,0,11,146,115,73,,,76,,,,3,1,2,,1,1,10,9,1,0,0,,,1,11,0,,14,42,18,,59,30,46,,,3,3,,1,100,16,16,11,16,0.16
Public Method,"org.apache.commons.math3.stat.descriptive.rank.PercentileTest.expectedValue",,,,,,,,,,,,,,6,3,1,1,0,2,1,1,0,,,,0,,,,,,,,,,,,,1,0,1,3,1,1,1,1,1,1,,,0,0,,1,1,1,1,1.00
Public Method,"org.apache.commons.math3.stat.descriptive.rank.PercentileTest.getUnivariateStatistic",,,,,,,,,,,,,,6,3,1,2,0,2,1,1,0,,,,0,,,,,,,,,,,,,0,0,1,3,1,1,1,1,1,1,,,0,0,,1,1,1,1,1.00
Public Method,"org.apache.commons.math3.stat.descriptive.rank.PercentileTest.test5",,,,,,,,,,,,,,4,4,2,4,0,3,1,1,0,,,,0,,,,,,,,,,,,,2,0,2,0,1,2,2,1,1,1,,,0,0,,1,1,1,1,0.00
Public Method,"org.apache.commons.math3.stat.descriptive.rank.PercentileTest.testHighPercentile",,,,,,,,,,,,,,5,5,3,3,0,4,1,1,0,,,,0,,,,,,,,,,,,,0,0,3,0,1,3,3,1,1,1,,,0,0,,1,1,1,1,0.00
Public Method,"org.apache.commons.math3.stat.descriptive.rank.PercentileTest.testLowPercentile",,,,,,,,,,,,,,5,5,3,3,0,4,1,1,0,,,,0,,,,,,,,,,,,,0,0,3,0,1,3,3,1,1,1,,,0,0,,1,1,1,1,0.00
Public Method,"org.apache.commons.math3.stat.descriptive.rank.PercentileTest.testNISTExample",,,,,,,,,,,,,,8,8,5,4,0,5,1,1,0,,,,0,,,,,,,,,,,,,1,0,4,0,1,4,3,2,1,1,,,0,0,,1,1,1,1,0.00
Public Method,"org.apache.commons.math3.stat.descriptive.rank.PercentileTest.testNullEmpty",,,,,,,,,,,,,,12,11,8,5,0,8,2,2,1,,,,0,,,,,,,,,,,,,0,0,4,1,2,6,4,4,2,1,,,0,1,,2,2,1,2,0.09
Public Method,"org.apache.commons.math3.stat.descriptive.rank.PercentileTest.testPercentile",,,,,,,,,,,,,,25,21,17,6,1,16,3,3,2,,,,0,,,,,,,,,,,,,1,1,3,3,4,13,3,13,3,1,,,0,1,,3,3,1,3,0.14
Public Method,"org.apache.commons.math3.stat.descriptive.rank.PercentileTest.testSetQuantile",,,,,,,,,,,,,,17,15,11,5,1,10,3,3,2,,,,0,,,,,,,,,,,,,0,0,2,3,4,7,2,8,3,1,,,0,1,,3,3,1,3,0.20
Public Method,"org.apache.commons.math3.stat.descriptive.rank.PercentileTest.testSingleton",,,,,,,,,,,,,,9,9,7,7,0,8,1,1,0,,,,0,,,,,,,,,,,,,0,0,3,0,1,7,3,5,1,1,,,0,0,,1,1,1,1,0.00
Public Method,"org.apache.commons.math3.stat.descriptive.rank.PercentileTest.testSpecialValues",,,,,,,,,,,,,,18,17,15,6,0,12,1,1,0,,,,0,,,,,,,,,,,,,0,0,3,1,1,11,3,9,1,1,,,0,0,,1,1,1,1,0.06
Package,"org.apache.commons.math3.stat.descriptive.summary",1,1,0,5,,8,4,9,57,,0,0,57,1121,434,179,,,320,,,,3,1,,,1,1,10,5,,,4,,,12,61,4,,116,194,572,,239,155,165,,,3,3,,2,,73,73,61,73,1.32
Public Class,"org.apache.commons.math3.stat.descriptive.summary.Product",1,1,0,8,3,,1,,10,33,0,0,11,200,68,31,,,49,,,,3,1,3,,1,1,14,5,3,0,1,,,2,11,0,,16,25,116,,33,20,29,,,3,3,,2,69,15,15,11,15,1.71
Public Constructor,"org.apache.commons.math3.stat.descriptive.summary.Product.Product",,,,,,,,,,,,,,7,4,2,3,0,3,1,1,0,,,,0,,,,,,,,,,,,,4,0,1,3,1,2,1,2,1,1,,,0,0,,1,1,1,1,0.75
Public Constructor,"org.apache.commons.math3.stat.descriptive.summary.Product.Product",,,,,,,,,,,,,,9,3,1,2,0,2,1,1,0,,,,0,,,,,,,,,,,,,1,0,1,6,1,1,1,1,1,1,,,0,0,,1,1,1,1,2.00
Public Method,"org.apache.commons.math3.stat.descriptive.summary.Product.clear",,,,,,,,,,,,,,7,4,2,2,0,3,1,1,0,,,,0,,,,,,,,,,,,,0,0,1,3,1,2,1,2,1,1,,,0,0,,1,1,1,1,0.75
Public Method,"org.apache.commons.math3.stat.descriptive.summary.Product.copy",,,,,,,,,,,,,,8,5,3,3,0,4,1,1,0,,,,0,,,,,,,,,,,,,0,0,2,3,1,3,2,2,1,1,,,0,0,,1,1,1,1,0.60
Public Static Method,"org.apache.commons.math3.stat.descriptive.summary.Product.copy",,,,,,,,,,,,,,16,8,5,5,0,6,1,1,0,,,,0,,,,,,,,,,,,,6,0,2,8,1,5,1,5,1,1,,,0,0,,1,1,1,1,1.00
Public Method,"org.apache.commons.math3.stat.descriptive.summary.Product.evaluate",,,,,,,,,,,,,,39,11,6,3,0,9,3,3,0,,,,0,,,,,,,,,,,,,6,0,3,28,3,6,3,6,3,1,,,0,2,,3,3,1,3,2.55
Public Method,"org.apache.commons.math3.stat.descriptive.summary.Product.evaluate",,,,,,,,,,,,,,24,10,6,2,0,9,3,3,0,,,,0,,,,,,,,,,,,,3,0,2,14,3,6,3,6,3,1,,,0,2,,3,3,1,3,1.40
Public Method,"org.apache.commons.math3.stat.descriptive.summary.Product.evaluate",,,,,,,,,,,,,,26,3,1,2,0,2,1,1,0,,,,0,,,,,,,,,,,,,3,0,1,23,1,1,1,1,1,1,,,0,0,,1,1,1,1,7.67
Public Method,"org.apache.commons.math3.stat.descriptive.summary.Product.getN",,,,,,,,,,,,,,6,3,1,1,0,2,1,1,0,,,,0,,,,,,,,,,,,,1,0,1,3,1,1,1,1,1,1,,,0,0,,1,1,1,1,1.00
Public Method,"org.apache.commons.math3.stat.descriptive.summary.Product.getResult",,,,,,,,,,,,,,6,3,1,1,0,2,1,1,0,,,,0,,,,,,,,,,,,,2,0,1,3,1,1,1,1,1,1,,,0,0,,1,1,1,1,1.00
Public Method,"org.apache.commons.math3.stat.descriptive.summary.Product.increment",,,,,,,,,,,,,,7,4,2,2,0,3,1,1,0,,,,0,,,,,,,,,,,,,2,0,1,3,1,2,1,2,1,1,,,0,0,,1,1,1,1,0.75
Public Class,"org.apache.commons.math3.stat.descriptive.summary.ProductTest",1,1,0,1,3,,0,,7,25,0,0,6,67,43,20,,,29,,,,1,1,3,,1,1,6,4,1,0,0,,,1,7,1,,10,17,15,,21,11,18,,,1,1,,0,100,7,7,7,7,0.35
Protected Method,"org.apache.commons.math3.stat.descriptive.summary.ProductTest.checkClearValue",,,,,,,,,,,,,,3,3,1,2,0,2,1,1,0,,,,0,,,,,,,,,,,,,1,0,1,0,1,1,1,1,1,1,,,0,0,,1,1,1,1,0.00
Public Method,"org.apache.commons.math3.stat.descriptive.summary.ProductTest.expectedValue",,,,,,,,,,,,,,6,3,1,1,0,2,1,1,0,,,,0,,,,,,,,,,,,,2,0,1,3,1,1,1,1,1,1,,,0,0,,1,1,1,1,1.00
Public Method,"org.apache.commons.math3.stat.descriptive.summary.ProductTest.expectedWeightedValue",,,,,,,,,,,,,,4,3,1,1,0,2,1,1,0,,,,0,,,,,,,,,,,,,2,0,1,1,1,1,1,1,1,1,,,0,0,,1,1,1,1,0.33
Public Method,"org.apache.commons.math3.stat.descriptive.summary.ProductTest.getTolerance",,,,,,,,,,,,,,6,3,1,1,0,2,1,1,0,,,,0,,,,,,,,,,,,,1,0,1,4,1,1,1,1,1,1,,,0,0,,1,1,1,1,1.33
Public Method,"org.apache.commons.math3.stat.descriptive.summary.ProductTest.getUnivariateStatistic",,,,,,,,,,,,,,6,3,1,2,0,2,1,1,0,,,,0,,,,,,,,,,,,,0,0,1,3,1,1,1,1,1,1,,,0,0,,1,1,1,1,1.00
Public Method,"org.apache.commons.math3.stat.descriptive.summary.ProductTest.testSpecialValues",,,,,,,,,,,,,,14,14,12,7,0,13,1,1,0,,,,0,,,,,,,,,,,,,0,0,2,0,1,12,2,11,1,1,,,0,0,,1,1,1,1,0.00
Public Method,"org.apache.commons.math3.stat.descriptive.summary.ProductTest.testWeightedProduct",,,,,,,,,,,,,,5,5,3,6,0,4,1,1,0,,,,0,,,,,,,,,,,,,4,0,2,0,1,3,2,2,1,1,,,0,0,,1,1,1,1,0.00
Public Class,"org.apache.commons.math3.stat.descriptive.summary.Sum",1,1,0,8,2,,1,,10,33,0,0,11,197,68,31,,,49,,,,3,1,3,,1,1,13,5,2,0,1,,,2,11,0,,15,25,114,,33,20,29,,,3,3,,2,69,15,15,11,15,1.68
Public Constructor,"org.apache.commons.math3.stat.descriptive.summary.Sum.Sum",,,,,,,,,,,,,,7,4,2,3,0,3,1,1,0,,,,0,,,,,,,,,,,,,12,0,1,3,1,2,1,2,1,1,,,0,0,,1,1,1,1,0.75
Public Constructor,"org.apache.commons.math3.stat.descriptive.summary.Sum.Sum",,,,,,,,,,,,,,9,3,1,2,0,2,1,1,0,,,,0,,,,,,,,,,,,,1,0,1,6,1,1,1,1,1,1,,,0,0,,1,1,1,1,2.00
Public Method,"org.apache.commons.math3.stat.descriptive.summary.Sum.clear",,,,,,,,,,,,,,7,4,2,2,0,3,1,1,0,,,,0,,,,,,,,,,,,,0,0,1,3,1,2,1,2,1,1,,,0,0,,1,1,1,1,0.75
Public Method,"org.apache.commons.math3.stat.descriptive.summary.Sum.copy",,,,,,,,,,,,,,8,5,3,3,0,4,1,1,0,,,,0,,,,,,,,,,,,,0,0,2,3,1,3,2,2,1,1,,,0,0,,1,1,1,1,0.60
Public Static Method,"org.apache.commons.math3.stat.descriptive.summary.Sum.copy",,,,,,,,,,,,,,16,8,5,5,0,6,1,1,0,,,,0,,,,,,,,,,,,,7,0,2,8,1,5,1,5,1,1,,,0,0,,1,1,1,1,1.00
Public Method,"org.apache.commons.math3.stat.descriptive.summary.Sum.evaluate",,,,,,,,,,,,,,24,10,6,2,0,9,3,3,0,,,,0,,,,,,,,,,,,,5,0,2,14,3,6,3,6,3,1,,,0,2,,3,3,1,3,1.40
Public Method,"org.apache.commons.math3.stat.descriptive.summary.Sum.evaluate",,,,,,,,,,,,,,38,11,6,2,0,9,3,3,0,,,,0,,,,,,,,,,,,,7,0,3,27,3,6,3,6,3,1,,,0,2,,3,3,1,3,2.45
Public Method,"org.apache.commons.math3.stat.descriptive.summary.Sum.evaluate",,,,,,,,,,,,,,25,3,1,2,0,2,1,1,0,,,,0,,,,,,,,,,,,,3,0,1,22,1,1,1,1,1,1,,,0,0,,1,1,1,1,7.33
Public Method,"org.apache.commons.math3.stat.descriptive.summary.Sum.getN",,,,,,,,,,,,,,6,3,1,1,0,2,1,1,0,,,,0,,,,,,,,,,,,,1,0,1,3,1,1,1,1,1,1,,,0,0,,1,1,1,1,1.00
Public Method,"org.apache.commons.math3.stat.descriptive.summary.Sum.getResult",,,,,,,,,,,,,,6,3,1,1,0,2,1,1,0,,,,0,,,,,,,,,,,,,3,0,1,3,1,1,1,1,1,1,,,0,0,,1,1,1,1,1.00
Public Method,"org.apache.commons.math3.stat.descriptive.summary.Sum.increment",,,,,,,,,,,,,,7,4,2,2,0,3,1,1,0,,,,0,,,,,,,,,,,,,3,0,1,3,1,2,1,2,1,1,,,0,0,,1,1,1,1,0.75
Public Class,"org.apache.commons.math3.stat.descriptive.summary.SumLogTest",1,1,1,3,3,,0,,4,22,0,0,3,62,32,17,,,23,,,,1,1,3,,1,1,11,6,1,0,0,,,1,4,1,,13,11,17,,18,7,16,,,1,1,,0,100,4,4,4,4,0.53
Protected Method,"org.apache.commons.math3.stat.descriptive.summary.SumLogTest.checkClearValue",,,,,,,,,,,,,,3,3,1,2,0,2,1,1,0,,,,0,,,,,,,,,,,,,1,0,1,0,1,1,1,1,1,1,,,0,0,,1,1,1,1,0.00
Public Method,"org.apache.commons.math3.stat.descriptive.summary.SumLogTest.expectedValue",,,,,,,,,,,,,,6,3,1,1,0,2,1,1,0,,,,0,,,,,,,,,,,,,1,0,1,3,1,1,1,1,1,1,,,0,0,,1,1,1,1,1.00
Public Method,"org.apache.commons.math3.stat.descriptive.summary.SumLogTest.getUnivariateStatistic",,,,,,,,,,,,,,6,3,1,2,0,2,1,1,0,,,,0,,,,,,,,,,,,,0,0,1,3,1,1,1,1,1,1,,,0,0,,1,1,1,1,1.00
Public Method,"org.apache.commons.math3.stat.descriptive.summary.SumLogTest.testSpecialValues",,,,,,,,,,,,,,29,16,14,9,0,15,1,1,0,,,,0,,,,,,,,,,,,,0,6,2,7,1,14,2,13,1,1,,,0,0,,1,1,1,1,0.44
Public Class,"org.apache.commons.math3.stat.descriptive.summary.SumOfLogs",1,1,0,5,3,,1,,8,31,0,0,9,142,54,24,,,38,,,,3,1,3,,1,1,10,4,2,0,1,,,2,9,0,,12,21,76,,26,16,22,,,3,3,,2,62,11,11,9,11,1.41
Public Constructor,"org.apache.commons.math3.stat.descriptive.summary.SumOfLogs.SumOfLogs",,,,,,,,,,,,,,7,4,2,3,0,3,1,1,0,,,,0,,,,,,,,,,,,,5,0,1,3,1,2,1,2,1,1,,,0,0,,1,1,1,1,0.75
Public Constructor,"org.apache.commons.math3.stat.descriptive.summary.SumOfLogs.SumOfLogs",,,,,,,,,,,,,,9,3,1,2,0,2,1,1,0,,,,0,,,,,,,,,,,,,1,0,1,6,1,1,1,1,1,1,,,0,0,,1,1,1,1,2.00
Public Method,"org.apache.commons.math3.stat.descriptive.summary.SumOfLogs.clear",,,,,,,,,,,,,,7,4,2,2,0,3,1,1,0,,,,0,,,,,,,,,,,,,1,0,1,3,1,2,1,2,1,1,,,0,0,,1,1,1,1,0.75
Public Method,"org.apache.commons.math3.stat.descriptive.summary.SumOfLogs.copy",,,,,,,,,,,,,,8,5,3,3,0,4,1,1,0,,,,0,,,,,,,,,,,,,0,0,2,3,1,3,2,2,1,1,,,0,0,,1,1,1,1,0.60
Public Static Method,"org.apache.commons.math3.stat.descriptive.summary.SumOfLogs.copy",,,,,,,,,,,,,,16,8,5,5,0,6,1,1,0,,,,0,,,,,,,,,,,,,7,0,2,8,1,5,1,5,1,1,,,0,0,,1,1,1,1,1.00
Public Method,"org.apache.commons.math3.stat.descriptive.summary.SumOfLogs.evaluate",,,,,,,,,,,,,,27,10,6,3,0,9,3,3,0,,,,0,,,,,,,,,,,,,3,0,2,17,3,6,3,6,3,1,,,0,2,,3,3,1,3,1.70
Public Method,"org.apache.commons.math3.stat.descriptive.summary.SumOfLogs.getN",,,,,,,,,,,,,,6,3,1,1,0,2,1,1,0,,,,0,,,,,,,,,,,,,1,0,1,3,1,1,1,1,1,1,,,0,0,,1,1,1,1,1.00
Public Method,"org.apache.commons.math3.stat.descriptive.summary.SumOfLogs.getResult",,,,,,,,,,,,,,6,3,1,1,0,2,1,1,0,,,,0,,,,,,,,,,,,,2,0,1,3,1,1,1,1,1,1,,,0,0,,1,1,1,1,1.00
Public Method,"org.apache.commons.math3.stat.descriptive.summary.SumOfLogs.increment",,,,,,,,,,,,,,7,4,2,3,0,3,1,1,0,,,,0,,,,,,,,,,,,,2,0,1,3,1,2,1,2,1,1,,,0,0,,1,1,1,1,0.75
Public Class,"org.apache.commons.math3.stat.descriptive.summary.SumOfSquares",1,1,0,5,2,,1,,8,31,0,0,9,132,54,24,,,38,,,,3,1,3,,1,1,10,4,2,0,1,,,2,9,0,,13,21,65,,26,16,22,,,3,3,,2,62,11,11,9,11,1.20
Public Constructor,"org.apache.commons.math3.stat.descriptive.summary.SumOfSquares.SumOfSquares",,,,,,,,,,,,,,7,4,2,3,0,3,1,1,0,,,,0,,,,,,,,,,,,,6,0,1,3,1,2,1,2,1,1,,,0,0,,1,1,1,1,0.75
Public Constructor,"org.apache.commons.math3.stat.descriptive.summary.SumOfSquares.SumOfSquares",,,,,,,,,,,,,,9,3,1,2,0,2,1,1,0,,,,0,,,,,,,,,,,,,1,0,1,6,1,1,1,1,1,1,,,0,0,,1,1,1,1,2.00
Public Method,"org.apache.commons.math3.stat.descriptive.summary.SumOfSquares.clear",,,,,,,,,,,,,,7,4,2,2,0,3,1,1,0,,,,0,,,,,,,,,,,,,0,0,1,3,1,2,1,2,1,1,,,0,0,,1,1,1,1,0.75
Public Method,"org.apache.commons.math3.stat.descriptive.summary.SumOfSquares.copy",,,,,,,,,,,,,,8,5,3,3,0,4,1,1,0,,,,0,,,,,,,,,,,,,0,0,2,3,1,3,2,2,1,1,,,0,0,,1,1,1,1,0.60
Public Static Method,"org.apache.commons.math3.stat.descriptive.summary.SumOfSquares.copy",,,,,,,,,,,,,,16,8,5,5,0,6,1,1,0,,,,0,,,,,,,,,,,,,7,0,2,8,1,5,1,5,1,1,,,0,0,,1,1,1,1,1.00
Public Method,"org.apache.commons.math3.stat.descriptive.summary.SumOfSquares.evaluate",,,,,,,,,,,,,,24,10,6,2,0,9,3,3,0,,,,0,,,,,,,,,,,,,3,0,2,14,3,6,3,6,3,1,,,0,2,,3,3,1,3,1.40
Public Method,"org.apache.commons.math3.stat.descriptive.summary.SumOfSquares.getN",,,,,,,,,,,,,,6,3,1,1,0,2,1,1,0,,,,0,,,,,,,,,,,,,1,0,1,3,1,1,1,1,1,1,,,0,0,,1,1,1,1,1.00
Public Method,"org.apache.commons.math3.stat.descriptive.summary.SumOfSquares.getResult",,,,,,,,,,,,,,6,3,1,1,0,2,1,1,0,,,,0,,,,,,,,,,,,,3,0,1,3,1,1,1,1,1,1,,,0,0,,1,1,1,1,1.00
Public Method,"org.apache.commons.math3.stat.descriptive.summary.SumOfSquares.increment",,,,,,,,,,,,,,7,4,2,2,0,3,1,1,0,,,,0,,,,,,,,,,,,,3,0,1,3,1,2,1,2,1,1,,,0,0,,1,1,1,1,0.75
Public Class,"org.apache.commons.math3.stat.descriptive.summary.SumSqTest",1,1,0,1,3,,0,,4,22,0,0,3,48,30,15,,,21,,,,1,1,3,,1,1,7,5,1,0,0,,,1,4,1,,7,11,11,,16,7,14,,,1,1,,0,100,4,4,4,4,0.37
Protected Method,"org.apache.commons.math3.stat.descriptive.summary.SumSqTest.checkClearValue",,,,,,,,,,,,,,3,3,1,2,0,2,1,1,0,,,,0,,,,,,,,,,,,,1,0,1,0,1,1,1,1,1,1,,,0,0,,1,1,1,1,0.00
Public Method,"org.apache.commons.math3.stat.descriptive.summary.SumSqTest.expectedValue",,,,,,,,,,,,,,6,3,1,1,0,2,1,1,0,,,,0,,,,,,,,,,,,,1,0,1,3,1,1,1,1,1,1,,,0,0,,1,1,1,1,1.00
Public Method,"org.apache.commons.math3.stat.descriptive.summary.SumSqTest.getUnivariateStatistic",,,,,,,,,,,,,,6,3,1,2,0,2,1,1,0,,,,0,,,,,,,,,,,,,0,0,1,3,1,1,1,1,1,1,,,0,0,,1,1,1,1,1.00
Public Method,"org.apache.commons.math3.stat.descriptive.summary.SumSqTest.testSpecialValues",,,,,,,,,,,,,,14,14,12,7,0,13,1,1,0,,,,0,,,,,,,,,,,,,0,0,2,0,1,12,2,11,1,1,,,0,0,,1,1,1,1,0.00
Public Class,"org.apache.commons.math3.stat.descriptive.summary.SumTest",1,1,0,1,3,,0,,6,24,0,0,5,57,37,17,,,25,,,,1,1,3,,1,1,6,4,1,0,0,,,1,6,1,,9,15,11,,18,10,15,,,1,1,,0,100,6,6,6,6,0.30
Protected Method,"org.apache.commons.math3.stat.descriptive.summary.SumTest.checkClearValue",,,,,,,,,,,,,,3,3,1,2,0,2,1,1,0,,,,0,,,,,,,,,,,,,1,0,1,0,1,1,1,1,1,1,,,0,0,,1,1,1,1,0.00
Public Method,"org.apache.commons.math3.stat.descriptive.summary.SumTest.expectedValue",,,,,,,,,,,,,,6,3,1,1,0,2,1,1,0,,,,0,,,,,,,,,,,,,2,0,1,3,1,1,1,1,1,1,,,0,0,,1,1,1,1,1.00
Public Method,"org.apache.commons.math3.stat.descriptive.summary.SumTest.expectedWeightedValue",,,,,,,,,,,,,,4,3,1,1,0,2,1,1,0,,,,0,,,,,,,,,,,,,2,0,1,1,1,1,1,1,1,1,,,0,0,,1,1,1,1,0.33
Public Method,"org.apache.commons.math3.stat.descriptive.summary.SumTest.getUnivariateStatistic",,,,,,,,,,,,,,6,3,1,2,0,2,1,1,0,,,,0,,,,,,,,,,,,,0,0,1,3,1,1,1,1,1,1,,,0,0,,1,1,1,1,1.00
Public Method,"org.apache.commons.math3.stat.descriptive.summary.SumTest.testSpecialValues",,,,,,,,,,,,,,12,12,10,7,0,11,1,1,0,,,,0,,,,,,,,,,,,,0,0,2,0,1,10,2,9,1,1,,,0,0,,1,1,1,1,0.00
Public Method,"org.apache.commons.math3.stat.descriptive.summary.SumTest.testWeightedSum",,,,,,,,,,,,,,5,5,3,6,0,4,1,1,0,,,,0,,,,,,,,,,,,,4,0,2,0,1,3,2,2,1,1,,,0,0,,1,1,1,1,0.00
Package,"org.apache.commons.math3.stat.inference",2,1,2,13,,13,3,13,100,,0,19,106,4518,1908,1106,,,1226,,,,15,1,,,2,2,28,12,,,32,,,26,132,7,,463,709,2148,,924,513,713,,,15,15,,3,,287,299,132,287,1.13
Public Class,"org.apache.commons.math3.stat.inference.ChiSquareTest",3,1,2,24,11,,0,,15,15,0,5,10,648,216,123,,,156,,,,9,1,1,,3,3,41,14,1,0,0,,,0,15,0,,51,69,382,,108,55,101,,,9,11,,3,0,47,52,15,47,1.77
Public Constructor,"org.apache.commons.math3.stat.inference.ChiSquareTest.ChiSquareTest",,,,,,,,,,,,,,6,3,1,1,0,2,1,1,0,,,,0,,,,,,,,,,,,,2,0,1,3,1,1,1,1,1,1,,,0,0,,1,1,1,1,1.00
Private Method,"org.apache.commons.math3.stat.inference.ChiSquareTest.checkArray",,,,,,,,,,,,,,25,12,6,3,1,7,3,3,0,,,,0,,,,,,,,,,,,,4,4,3,9,4,4,1,6,3,1,,,0,1,,3,3,1,3,0.75
Private Method,"org.apache.commons.math3.stat.inference.ChiSquareTest.checkNonNegative",,,,,,,,,,,,,,16,8,3,1,0,6,3,3,0,,,,0,,,,,,,,,,,,,4,2,2,6,3,3,2,4,3,1,,,0,2,,3,3,1,3,0.75
Private Method,"org.apache.commons.math3.stat.inference.ChiSquareTest.checkNonNegative",,,,,,,,,,,,,,18,10,4,1,1,9,4,4,0,,,,0,,,,,,,,,,,,,3,2,2,6,4,5,3,6,4,1,,,0,3,,4,4,1,4,0.60
Private Method,"org.apache.commons.math3.stat.inference.ChiSquareTest.checkPositive",,,,,,,,,,,,,,16,8,3,1,0,6,3,3,0,,,,0,,,,,,,,,,,,,3,2,2,6,3,3,2,4,3,1,,,0,2,,3,3,1,3,0.75
Private Method,"org.apache.commons.math3.stat.inference.ChiSquareTest.checkRectangular",,,,,,,,,,,,,,20,11,6,2,0,7,3,3,0,,,,0,,,,,,,,,,,,,4,2,2,7,3,4,2,5,3,1,,,0,2,,3,3,1,3,0.64
Public Method,"org.apache.commons.math3.stat.inference.ChiSquareTest.chiSquare",,,,,,,,,,,,,,69,35,25,5,2,29,7,7,1,,,,0,,,,,,,,,,,,,16,3,10,31,48,22,10,19,7,1,,,0,2,,7,7,1,7,0.89
Public Method,"org.apache.commons.math3.stat.inference.ChiSquareTest.chiSquare",,,,,,,,,,,,,,61,27,19,2,1,27,5,5,0,,,,0,,,,,,,,,,,,,6,4,10,30,9,22,12,15,5,1,,,0,2,,5,5,1,5,1.11
Public Method,"org.apache.commons.math3.stat.inference.ChiSquareTest.chiSquareDataSetsComparison",,,,,,,,,,,,,,93,45,34,6,2,37,9,11,2,,,,0,,,,,,,,,,,,,8,3,10,46,128,28,11,26,9,1,,,0,3,,9,11,1,9,1.02
Public Method,"org.apache.commons.math3.stat.inference.ChiSquareTest.chiSquareTest",,,,,,,,,,,,,,45,7,2,4,0,3,1,1,0,,,,0,,,,,,,,,,,,,11,2,5,36,1,2,2,1,1,1,,,0,0,,1,1,1,1,5.14
Public Method,"org.apache.commons.math3.stat.inference.ChiSquareTest.chiSquareTest",,,,,,,,,,,,,,52,10,4,3,0,4,2,3,0,,,,0,,,,,,,,,,,,,8,2,4,40,2,2,1,3,2,1,,,0,1,,2,3,1,2,4.00
Public Method,"org.apache.commons.math3.stat.inference.ChiSquareTest.chiSquareTest",,,,,,,,,,,,,,49,9,4,3,0,4,2,3,0,,,,0,,,,,,,,,,,,,5,2,3,38,2,2,1,3,2,1,,,0,1,,2,3,1,2,4.22
Public Method,"org.apache.commons.math3.stat.inference.ChiSquareTest.chiSquareTest",,,,,,,,,,,,,,42,9,4,5,0,6,1,1,0,,,,0,,,,,,,,,,,,,6,2,5,31,1,5,3,3,1,1,,,0,0,,1,1,1,1,3.44
Public Method,"org.apache.commons.math3.stat.inference.ChiSquareTest.chiSquareTestDataSetsComparison",,,,,,,,,,,,,,52,8,3,4,0,4,1,1,0,,,,0,,,,,,,,,,,,,8,2,4,42,1,3,2,2,1,1,,,0,0,,1,1,1,1,5.25
Public Method,"org.apache.commons.math3.stat.inference.ChiSquareTest.chiSquareTestDataSetsComparison",,,,,,,,,,,,,,56,12,5,3,0,4,2,3,0,,,,0,,,,,,,,,,,,,7,2,5,42,2,2,1,3,2,1,,,0,1,,2,3,1,2,3.50
Public Class,"org.apache.commons.math3.stat.inference.ChiSquareTestTest",2,1,2,4,6,,0,,7,7,0,0,7,233,174,132,,,104,,,,6,1,1,,2,2,30,23,1,0,0,,,1,7,0,,25,51,34,,83,38,66,,,6,6,,1,0,20,20,7,20,0.20
Public Method,"org.apache.commons.math3.stat.inference.ChiSquareTestTest.testChiSquare",,,,,,,,,,,,,,65,44,37,6,2,33,6,6,5,,,,0,,,,,,,,,,,,,1,9,9,12,32,27,9,24,6,1,,,0,1,,6,6,1,6,0.27
Public Method,"org.apache.commons.math3.stat.inference.ChiSquareTestTest.testChiSquareDataSetsComparisonBadCounts",,,,,,,,,,,,,,30,27,21,2,1,16,4,4,3,,,,0,,,,,,,,,,,,,1,0,8,3,8,12,7,9,4,1,,,0,1,,4,4,1,4,0.11
Public Method,"org.apache.commons.math3.stat.inference.ChiSquareTestTest.testChiSquareDataSetsComparisonEqualCounts",,,,,,,,,,,,,,15,14,11,5,0,6,1,1,0,,,,0,,,,,,,,,,,,,1,0,4,1,1,5,3,3,1,1,,,0,0,,1,1,1,1,0.07
Public Method,"org.apache.commons.math3.stat.inference.ChiSquareTestTest.testChiSquareDataSetsComparisonUnEqualCounts",,,,,,,,,,,,,,18,17,14,6,0,7,1,1,0,,,,0,,,,,,,,,,,,,1,0,4,1,1,6,3,4,1,1,,,0,0,,1,1,1,1,0.06
Public Method,"org.apache.commons.math3.stat.inference.ChiSquareTestTest.testChiSquareIndependence",,,,,,,,,,,,,,57,40,33,6,2,29,6,6,5,,,,0,,,,,,,,,,,,,1,7,7,10,32,23,7,22,6,1,,,0,1,,6,6,1,6,0.25
Public Method,"org.apache.commons.math3.stat.inference.ChiSquareTestTest.testChiSquareLargeTestStatistic",,,,,,,,,,,,,,16,15,10,3,0,7,1,1,0,,,,0,,,,,,,,,,,,,1,1,8,0,1,6,5,2,1,1,,,0,0,,1,1,1,1,0.00
Public Method,"org.apache.commons.math3.stat.inference.ChiSquareTestTest.testChiSquareZeroCount",,,,,,,,,,,,,,9,7,5,3,0,4,1,1,0,,,,0,,,,,,,,,,,,,1,0,2,2,1,3,2,2,1,1,,,0,0,,1,1,1,1,0.29
Public Class,"org.apache.commons.math3.stat.inference.MannWhitneyUTest",1,1,2,16,9,,0,,7,7,0,3,4,206,60,32,,,40,,,,3,1,1,,1,1,26,8,1,0,0,,,1,7,0,,28,30,118,,29,23,17,,,3,5,,1,57,10,12,7,10,1.97
Public Constructor,"org.apache.commons.math3.stat.inference.MannWhitneyUTest.MannWhitneyUTest",,,,,,,,,,,,,,9,4,2,3,0,2,1,1,0,,,,0,,,,,,,,,,,,,2,0,1,5,1,1,1,1,1,1,,,0,0,,1,1,1,1,1.25
Public Constructor,"org.apache.commons.math3.stat.inference.MannWhitneyUTest.MannWhitneyUTest",,,,,,,,,,,,,,13,4,1,3,0,2,1,1,0,,,,0,,,,,,,,,,,,,2,0,2,9,1,1,1,1,1,1,,,0,0,,1,1,1,1,2.25
Private Method,"org.apache.commons.math3.stat.inference.MannWhitneyUTest.calculateAsymptoticPValue",,,,,,,,,,,,,,27,11,6,4,0,7,1,1,0,,,,0,,,,,,,,,,,,,4,5,9,11,1,6,6,1,1,1,,,0,0,,1,1,1,1,1.00
Private Method,"org.apache.commons.math3.stat.inference.MannWhitneyUTest.concatenateSamples",,,,,,,,,,,,,,13,6,4,2,0,5,1,1,0,,,,0,,,,,,,,,,,,,4,2,2,5,1,4,2,3,1,1,,,0,0,,1,1,1,1,0.83
Private Method,"org.apache.commons.math3.stat.inference.MannWhitneyUTest.ensureDataConformance",,,,,,,,,,,,,,20,11,6,2,1,5,3,5,0,,,,0,,,,,,,,,,,,,5,1,2,8,4,2,1,4,3,1,,,0,1,,3,5,1,3,0.73
Public Method,"org.apache.commons.math3.stat.inference.MannWhitneyUTest.mannWhitneyU",,,,,,,,,,,,,,59,13,9,5,0,12,2,2,0,,,,0,,,,,,,,,,,,,6,7,7,39,2,10,7,5,2,1,,,0,1,,2,2,1,2,3.00
Public Method,"org.apache.commons.math3.stat.inference.MannWhitneyUTest.mannWhitneyUTest",,,,,,,,,,,,,,47,8,4,4,0,5,1,1,0,,,,0,,,,,,,,,,,,,5,4,5,35,1,4,3,2,1,1,,,0,0,,1,1,1,1,4.38
Public Class,"org.apache.commons.math3.stat.inference.MannWhitneyUTestTest",4,1,3,10,3,,0,,2,2,0,0,2,78,43,29,,,26,,,,7,1,1,,4,4,32,19,1,0,0,,,1,2,0,,10,8,25,,17,6,20,,,7,7,,1,0,8,8,2,8,0.58
Public Method,"org.apache.commons.math3.stat.inference.MannWhitneyUTestTest.testMannWhitneyUInputValidation",,,,,,,,,,,,,,51,32,24,2,2,19,7,7,6,,,,0,,,,,,,,,,,,,1,5,1,14,64,12,1,18,7,1,,,0,1,,7,7,1,7,0.44
Public Method,"org.apache.commons.math3.stat.inference.MannWhitneyUTestTest.testMannWhitneyUSimple",,,,,,,,,,,,,,13,6,4,3,0,5,1,1,0,,,,0,,,,,,,,,,,,,1,1,3,6,1,4,3,2,1,1,,,0,0,,1,1,1,1,1.00
Public Class,"org.apache.commons.math3.stat.inference.OneWayAnova",2,1,3,21,10,,0,,5,5,0,1,4,253,85,52,,,60,,,,7,1,1,,2,2,39,14,1,0,0,,,0,5,0,,27,38,141,,43,33,27,,,7,7,,2,0,12,13,5,12,1.66
Private Static Class,"org.apache.commons.math3.stat.inference.OneWayAnova.AnovaStats",1,1,0,6,0,,0,,1,1,0,1,0,27,10,3,,,8,,,,1,1,1,,1,1,11,5,1,0,0,,,3,1,0,,4,5,13,,6,5,3,,,1,1,,0,0,1,1,1,1,1.30
Private Constructor,"org.apache.commons.math3.stat.inference.OneWayAnova.AnovaStats.AnovaStats",,,,,,,,,,,,,,11,5,3,4,0,4,1,1,0,,,,0,,,,,,,,,,,,,4,0,1,6,1,3,1,3,1,1,,,0,0,,1,1,1,1,1.20
Public Constructor,"org.apache.commons.math3.stat.inference.OneWayAnova.OneWayAnova",,,,,,,,,,,,,,5,2,0,1,0,1,1,1,0,,,,0,,,,,,,,,,,,,0,0,1,3,1,0,1,0,1,1,,,0,0,,1,1,1,1,1.50
Public Method,"org.apache.commons.math3.stat.inference.OneWayAnova.anovaFValue",,,,,,,,,,,,,,34,5,2,2,0,3,1,1,0,,,,0,,,,,,,,,,,,,5,2,3,27,1,2,2,1,1,1,,,0,0,,1,1,1,1,5.40
Public Method,"org.apache.commons.math3.stat.inference.OneWayAnova.anovaPValue",,,,,,,,,,,,,,37,7,3,4,0,4,1,1,0,,,,0,,,,,,,,,,,,,8,2,5,28,1,3,3,1,1,1,,,0,0,,1,1,1,1,4.00
Private Method,"org.apache.commons.math3.stat.inference.OneWayAnova.anovaStats",,,,,,,,,,,,,,73,48,39,11,2,39,7,7,0,,,,0,,,,,,,,,,,,,6,10,19,15,36,30,20,19,7,1,,,0,2,,7,7,1,7,0.31
Public Method,"org.apache.commons.math3.stat.inference.OneWayAnova.anovaTest",,,,,,,,,,,,,,47,11,5,3,0,4,2,3,0,,,,0,,,,,,,,,,,,,6,2,4,34,2,2,1,3,2,1,,,0,1,,2,3,1,2,3.09
Public Class,"org.apache.commons.math3.stat.inference.OneWayAnovaTest",1,1,4,1,2,,0,,3,3,0,0,3,95,65,48,,,47,,,,3,1,1,,1,1,23,17,1,0,0,,,5,3,0,,20,23,10,,41,17,30,,,3,3,,1,13,5,5,3,5,0.15
Public Method,"org.apache.commons.math3.stat.inference.OneWayAnovaTest.testAnovaFValue",,,,,,,,,,,,,,36,28,24,4,1,21,3,3,2,,,,0,,,,,,,,,,,,,5,5,5,3,4,18,5,16,3,1,,,0,1,,3,3,1,3,0.11
Public Method,"org.apache.commons.math3.stat.inference.OneWayAnovaTest.testAnovaPValue",,,,,,,,,,,,,,18,13,11,3,0,10,1,1,0,,,,0,,,,,,,,,,,,,4,4,3,1,1,9,3,7,1,1,,,0,0,,1,1,1,1,0.08
Public Method,"org.apache.commons.math3.stat.inference.OneWayAnovaTest.testAnovaTest",,,,,,,,,,,,,,15,11,9,4,0,10,1,1,0,,,,0,,,,,,,,,,,,,4,3,3,1,1,9,3,7,1,1,,,0,0,,1,1,1,1,0.09
Public Class,"org.apache.commons.math3.stat.inference.TTest",1,1,1,26,11,,0,,30,30,0,3,20,1139,238,111,,,107,,,,3,1,1,,1,1,35,7,1,0,0,,,0,30,7,,83,102,818,,71,42,65,,,3,3,,1,0,35,36,30,35,3.44
Private Method,"org.apache.commons.math3.stat.inference.TTest.checkSampleData",,,,,,,,,,,,,,20,11,6,2,1,5,3,3,0,,,,0,,,,,,,,,,,,,10,2,2,7,4,2,1,4,3,1,,,0,1,,3,3,1,3,0.64
Private Method,"org.apache.commons.math3.stat.inference.TTest.checkSampleData",,,,,,,,,,,,,,20,11,6,3,1,5,3,3,0,,,,0,,,,,,,,,,,,,8,2,2,7,4,2,1,4,3,1,,,0,1,,3,3,1,3,0.64
Private Method,"org.apache.commons.math3.stat.inference.TTest.checkSignificanceLevel",,,,,,,,,,,,,,15,7,3,1,0,3,2,3,0,,,,0,,,,,,,,,,,,,8,2,2,6,2,1,1,2,2,1,,,0,1,,2,3,1,2,0.86
Protected Method,"org.apache.commons.math3.stat.inference.TTest.df",,,,,,,,,,,,,,14,5,3,1,0,2,1,1,0,,,,0,,,,,,,,,,,,,5,0,1,9,1,1,1,1,1,1,,,0,0,,1,1,1,1,1.80
Public Method,"org.apache.commons.math3.stat.inference.TTest.homoscedasticT",,,,,,,,,,,,,,44,8,5,5,0,4,1,1,0,,,,0,,,,,,,,,,,,,5,2,2,34,1,3,1,3,1,1,,,0,0,,1,1,1,1,4.25
Public Method,"org.apache.commons.math3.stat.inference.TTest.homoscedasticT",,,,,,,,,,,,,,47,9,5,6,0,4,1,1,0,,,,0,,,,,,,,,,,,,3,2,3,36,1,3,1,3,1,1,,,0,0,,1,1,1,1,4.00
Protected Method,"org.apache.commons.math3.stat.inference.TTest.homoscedasticT",,,,,,,,,,,,,,18,6,2,2,0,3,1,1,0,,,,0,,,,,,,,,,,,,9,0,4,12,1,2,2,1,1,1,,,0,0,,1,1,1,1,2.00
Public Method,"org.apache.commons.math3.stat.inference.TTest.homoscedasticTTest",,,,,,,,,,,,,,62,7,2,3,0,3,1,1,0,,,,0,,,,,,,,,,,,,5,2,4,53,1,2,1,2,1,1,,,0,0,,1,1,1,1,7.57
Public Method,"org.apache.commons.math3.stat.inference.TTest.homoscedasticTTest",,,,,,,,,,,,,,47,11,7,5,0,4,1,1,0,,,,0,,,,,,,,,,,,,5,2,3,34,1,3,1,3,1,1,,,0,0,,1,1,1,1,3.09
Public Method,"org.apache.commons.math3.stat.inference.TTest.homoscedasticTTest",,,,,,,,,,,,,,48,12,7,6,0,4,1,1,0,,,,0,,,,,,,,,,,,,4,2,4,34,1,3,1,3,1,1,,,0,0,,1,1,1,1,2.83
Protected Method,"org.apache.commons.math3.stat.inference.TTest.homoscedasticTTest",,,,,,,,,,,,,,26,9,4,5,0,5,1,1,0,,,,0,,,,,,,,,,,,,8,2,7,15,1,4,4,1,1,1,,,0,0,,1,1,1,1,1.67
Public Method,"org.apache.commons.math3.stat.inference.TTest.pairedT",,,,,,,,,,,,,,33,10,6,5,0,5,1,1,0,,,,0,,,,,,,,,,,,,5,2,4,21,1,4,2,3,1,1,,,0,0,,1,1,1,1,2.10
Public Method,"org.apache.commons.math3.stat.inference.TTest.pairedTTest",,,,,,,,,,,,,,45,7,2,3,0,3,1,1,0,,,,0,,,,,,,,,,,,,5,2,4,36,1,2,1,2,1,1,,,0,0,,1,1,1,1,5.14
Public Method,"org.apache.commons.math3.stat.inference.TTest.pairedTTest",,,,,,,,,,,,,,46,8,4,4,0,3,1,1,0,,,,0,,,,,,,,,,,,,6,2,4,36,1,2,2,1,1,1,,,0,0,,1,1,1,1,4.50
Public Method,"org.apache.commons.math3.stat.inference.TTest.t",,,,,,,,,,,,,,24,6,3,5,0,3,1,1,0,,,,0,,,,,,,,,,,,,6,2,2,16,1,2,1,2,1,1,,,0,0,,1,1,1,1,2.67
Public Method,"org.apache.commons.math3.stat.inference.TTest.t",,,,,,,,,,,,,,25,6,3,6,0,3,1,1,0,,,,0,,,,,,,,,,,,,5,2,2,17,1,2,1,2,1,1,,,0,0,,1,1,1,1,2.83
Public Method,"org.apache.commons.math3.stat.inference.TTest.t",,,,,,,,,,,,,,39,8,5,5,0,4,1,1,0,,,,0,,,,,,,,,,,,,6,2,2,29,1,3,1,3,1,1,,,0,0,,1,1,1,1,3.62
Public Method,"org.apache.commons.math3.stat.inference.TTest.t",,,,,,,,,,,,,,43,9,5,6,0,4,1,1,0,,,,0,,,,,,,,,,,,,4,2,3,32,1,3,1,3,1,1,,,0,0,,1,1,1,1,3.56
Protected Method,"org.apache.commons.math3.stat.inference.TTest.t",,,,,,,,,,,,,,13,4,1,2,0,2,1,1,0,,,,0,,,,,,,,,,,,,8,0,2,9,1,1,1,1,1,1,,,0,0,,1,1,1,1,2.25
Protected Method,"org.apache.commons.math3.stat.inference.TTest.t",,,,,,,,,,,,,,18,5,1,2,0,2,1,1,0,,,,0,,,,,,,,,,,,,9,0,3,13,1,1,1,1,1,1,,,0,0,,1,1,1,1,2.60
Public Method,"org.apache.commons.math3.stat.inference.TTest.tTest",,,,,,,,,,,,,,45,6,2,3,0,3,1,1,0,,,,0,,,,,,,,,,,,,5,2,3,37,1,2,1,2,1,1,,,0,0,,1,1,1,1,6.17
Public Method,"org.apache.commons.math3.stat.inference.TTest.tTest",,,,,,,,,,,,,,36,7,3,5,0,3,1,1,0,,,,0,,,,,,,,,,,,,7,2,3,27,1,2,1,2,1,1,,,0,0,,1,1,1,1,3.86
Public Method,"org.apache.commons.math3.stat.inference.TTest.tTest",,,,,,,,,,,,,,47,7,2,3,0,3,1,1,0,,,,0,,,,,,,,,,,,,5,2,4,38,1,2,1,2,1,1,,,0,0,,1,1,1,1,5.43
Public Method,"org.apache.commons.math3.stat.inference.TTest.tTest",,,,,,,,,,,,,,38,7,3,6,0,3,1,1,0,,,,0,,,,,,,,,,,,,6,2,3,29,1,2,1,2,1,1,,,0,0,,1,1,1,1,4.14
Public Method,"org.apache.commons.math3.stat.inference.TTest.tTest",,,,,,,,,,,,,,61,7,2,3,0,3,1,1,0,,,,0,,,,,,,,,,,,,5,2,4,52,1,2,1,2,1,1,,,0,0,,1,1,1,1,7.43
Public Method,"org.apache.commons.math3.stat.inference.TTest.tTest",,,,,,,,,,,,,,48,9,5,5,0,4,1,1,0,,,,0,,,,,,,,,,,,,7,2,3,37,1,3,1,3,1,1,,,0,0,,1,1,1,1,4.11
Public Method,"org.apache.commons.math3.stat.inference.TTest.tTest",,,,,,,,,,,,,,65,8,2,3,0,3,1,1,0,,,,0,,,,,,,,,,,,,5,2,5,55,1,2,1,2,1,1,,,0,0,,1,1,1,1,6.88
Public Method,"org.apache.commons.math3.stat.inference.TTest.tTest",,,,,,,,,,,,,,47,10,5,6,0,4,1,1,0,,,,0,,,,,,,,,,,,,5,2,4,35,1,3,1,3,1,1,,,0,0,,1,1,1,1,3.50
Protected Method,"org.apache.commons.math3.stat.inference.TTest.tTest",,,,,,,,,,,,,,19,7,3,5,0,4,1,1,0,,,,0,,,,,,,,,,,,,7,2,5,10,1,3,3,1,1,1,,,0,0,,1,1,1,1,1.43
Protected Method,"org.apache.commons.math3.stat.inference.TTest.tTest",,,,,,,,,,,,,,26,9,4,6,0,5,1,1,0,,,,0,,,,,,,,,,,,,8,2,7,15,1,4,4,1,1,1,,,0,0,,1,1,1,1,1.67
Public Class,"org.apache.commons.math3.stat.inference.TTestTest",4,1,3,3,5,,0,,7,7,0,0,7,271,212,162,,,143,,,,11,1,1,,4,4,34,28,1,0,0,,,5,7,0,,30,40,29,,111,37,106,,,11,11,,1,62,31,31,7,31,0.14
Public Method,"org.apache.commons.math3.stat.inference.TTestTest.setUp",,,,,,,,,,,,,,4,4,2,3,0,3,1,1,0,,,,0,,,,,,,,,,,,,1,0,1,0,1,2,1,2,1,1,,,0,0,,1,1,1,1,0.00
Public Method,"org.apache.commons.math3.stat.inference.TTestTest.testOneSampleT",,,,,,,,,,,,,,74,58,46,8,3,37,10,10,8,,,,0,,,,,,,,,,,,,6,7,5,9,512,27,5,32,10,1,,,0,1,,10,10,1,10,0.16
Public Method,"org.apache.commons.math3.stat.inference.TTestTest.testOneSampleTTest",,,,,,,,,,,,,,36,30,24,11,1,21,4,4,2,,,,0,,,,,,,,,,,,,2,3,4,3,8,17,4,17,4,1,,,0,1,,4,4,1,4,0.10
Public Method,"org.apache.commons.math3.stat.inference.TTestTest.testPaired",,,,,,,,,,,,,,12,10,8,6,0,9,1,1,0,,,,0,,,,,,,,,,,,,1,1,4,1,1,8,4,5,1,1,,,0,0,,1,1,1,1,0.10
Public Method,"org.apache.commons.math3.stat.inference.TTestTest.testSmallSamples",,,,,,,,,,,,,,10,8,6,3,0,5,1,1,0,,,,0,,,,,,,,,,,,,1,1,3,1,1,4,3,2,1,1,,,0,0,,1,1,1,1,0.12
Public Method,"org.apache.commons.math3.stat.inference.TTestTest.testTwoSampleTHeterscedastic",,,,,,,,,,,,,,86,68,56,11,3,45,11,11,8,,,,0,,,,,,,,,,,,,4,9,5,9,1024,34,7,38,11,1,,,0,1,,11,11,1,11,0.13
Public Method,"org.apache.commons.math3.stat.inference.TTestTest.testTwoSampleTHomoscedastic",,,,,,,,,,,,,,22,20,16,7,1,17,3,3,0,,,,0,,,,,,,,,,,,,2,1,5,1,4,14,7,10,3,1,,,0,1,,3,3,1,3,0.05
Public Class,"org.apache.commons.math3.stat.inference.TestUtils",1,1,0,3,14,,3,,1,33,0,1,32,336,174,36,,,70,,,,1,1,1,,1,1,8,5,1,0,32,,,0,33,0,,39,107,123,,36,37,33,,,1,1,,0,67,33,33,33,33,0.71
Private Constructor,"org.apache.commons.math3.stat.inference.TestUtils.TestUtils",,,,,,,,,,,,,,6,3,1,1,0,2,1,1,0,,,,0,,,,,,,,,,,,,0,0,1,3,1,1,1,1,1,1,,,0,0,,1,1,1,1,1.00
Public Static Method,"org.apache.commons.math3.stat.inference.TestUtils.chiSquare",,,,,,,,,,,,,,8,5,1,2,0,2,1,1,0,,,,0,,,,,,,,,,,,,5,0,3,3,1,1,1,1,1,1,,,0,0,,1,1,1,1,0.60
Public Static Method,"org.apache.commons.math3.stat.inference.TestUtils.chiSquare",,,,,,,,,,,,,,8,5,1,2,0,2,1,1,0,,,,0,,,,,,,,,,,,,4,0,3,3,1,1,1,1,1,1,,,0,0,,1,1,1,1,0.60
Public Static Method,"org.apache.commons.math3.stat.inference.TestUtils.chiSquareDataSetsComparison",,,,,,,,,,,,,,10,5,1,2,0,2,1,1,0,,,,0,,,,,,,,,,,,,3,0,3,5,1,1,1,1,1,1,,,0,0,,1,1,1,1,1.00
Public Static Method,"org.apache.commons.math3.stat.inference.TestUtils.chiSquareTest",,,,,,,,,,,,,,8,5,1,2,0,2,1,1,0,,,,0,,,,,,,,,,,,,4,0,3,3,1,1,1,1,1,1,,,0,0,,1,1,1,1,0.60
Public Static Method,"org.apache.commons.math3.stat.inference.TestUtils.chiSquareTest",,,,,,,,,,,,,,9,6,1,2,0,2,1,1,0,,,,0,,,,,,,,,,,,,5,0,4,3,1,1,1,1,1,1,,,0,0,,1,1,1,1,0.50
Public Static Method,"org.apache.commons.math3.stat.inference.TestUtils.chiSquareTest",,,,,,,,,,,,,,8,5,1,2,0,2,1,1,0,,,,0,,,,,,,,,,,,,4,0,3,3,1,1,1,1,1,1,,,0,0,,1,1,1,1,0.60
Public Static Method,"org.apache.commons.math3.stat.inference.TestUtils.chiSquareTest",,,,,,,,,,,,,,8,5,1,2,0,2,1,1,0,,,,0,,,,,,,,,,,,,4,0,3,3,1,1,1,1,1,1,,,0,0,,1,1,1,1,0.60
Public Static Method,"org.apache.commons.math3.stat.inference.TestUtils.chiSquareTestDataSetsComparison",,,,,,,,,,,,,,11,6,1,2,0,2,1,1,0,,,,0,,,,,,,,,,,,,3,0,4,5,1,1,1,1,1,1,,,0,0,,1,1,1,1,0.83
Public Static Method,"org.apache.commons.math3.stat.inference.TestUtils.chiSquareTestDataSetsComparison",,,,,,,,,,,,,,12,7,1,2,0,2,1,1,0,,,,0,,,,,,,,,,,,,4,0,5,5,1,1,1,1,1,1,,,0,0,,1,1,1,1,0.71
Public Static Method,"org.apache.commons.math3.stat.inference.TestUtils.homoscedasticT",,,,,,,,,,,,,,7,4,1,2,0,2,1,1,0,,,,0,,,,,,,,,,,,,4,0,2,3,1,1,1,1,1,1,,,0,0,,1,1,1,1,0.75
Public Static Method,"org.apache.commons.math3.stat.inference.TestUtils.homoscedasticT",,,,,,,,,,,,,,8,5,1,2,0,2,1,1,0,,,,0,,,,,,,,,,,,,3,0,3,3,1,1,1,1,1,1,,,0,0,,1,1,1,1,0.60
Public Static Method,"org.apache.commons.math3.stat.inference.TestUtils.homoscedasticTTest",,,,,,,,,,,,,,8,5,1,2,0,2,1,1,0,,,,0,,,,,,,,,,,,,4,0,3,3,1,1,1,1,1,1,,,0,0,,1,1,1,1,0.60
Public Static Method,"org.apache.commons.math3.stat.inference.TestUtils.homoscedasticTTest",,,,,,,,,,,,,,9,6,1,2,0,2,1,1,0,,,,0,,,,,,,,,,,,,5,0,4,3,1,1,1,1,1,1,,,0,0,,1,1,1,1,0.50
Public Static Method,"org.apache.commons.math3.stat.inference.TestUtils.homoscedasticTTest",,,,,,,,,,,,,,7,4,1,2,0,2,1,1,0,,,,0,,,,,,,,,,,,,3,0,2,3,1,1,1,1,1,1,,,0,0,,1,1,1,1,0.75
Public Static Method,"org.apache.commons.math3.stat.inference.TestUtils.oneWayAnovaFValue",,,,,,,,,,,,,,9,4,1,2,0,2,1,1,0,,,,0,,,,,,,,,,,,,3,0,2,5,1,1,1,1,1,1,,,0,0,,1,1,1,1,1.25
Public Static Method,"org.apache.commons.math3.stat.inference.TestUtils.oneWayAnovaPValue",,,,,,,,,,,,,,10,5,1,2,0,2,1,1,0,,,,0,,,,,,,,,,,,,3,0,3,5,1,1,1,1,1,1,,,0,0,,1,1,1,1,1.00
Public Static Method,"org.apache.commons.math3.stat.inference.TestUtils.oneWayAnovaTest",,,,,,,,,,,,,,11,6,1,2,0,2,1,1,0,,,,0,,,,,,,,,,,,,4,0,4,5,1,1,1,1,1,1,,,0,0,,1,1,1,1,0.83
Public Static Method,"org.apache.commons.math3.stat.inference.TestUtils.pairedT",,,,,,,,,,,,,,8,5,1,2,0,2,1,1,0,,,,0,,,,,,,,,,,,,4,0,3,3,1,1,1,1,1,1,,,0,0,,1,1,1,1,0.60
Public Static Method,"org.apache.commons.math3.stat.inference.TestUtils.pairedTTest",,,,,,,,,,,,,,8,5,1,2,0,2,1,1,0,,,,0,,,,,,,,,,,,,4,0,3,3,1,1,1,1,1,1,,,0,0,,1,1,1,1,0.60
Public Static Method,"org.apache.commons.math3.stat.inference.TestUtils.pairedTTest",,,,,,,,,,,,,,9,6,1,2,0,2,1,1,0,,,,0,,,,,,,,,,,,,5,0,4,3,1,1,1,1,1,1,,,0,0,,1,1,1,1,0.50
Public Static Method,"org.apache.commons.math3.stat.inference.TestUtils.t",,,,,,,,,,,,,,7,4,1,2,0,2,1,1,0,,,,0,,,,,,,,,,,,,5,0,2,3,1,1,1,1,1,1,,,0,0,,1,1,1,1,0.75
Public Static Method,"org.apache.commons.math3.stat.inference.TestUtils.t",,,,,,,,,,,,,,7,4,1,2,0,2,1,1,0,,,,0,,,,,,,,,,,,,5,0,2,3,1,1,1,1,1,1,,,0,0,,1,1,1,1,0.75
Public Static Method,"org.apache.commons.math3.stat.inference.TestUtils.t",,,,,,,,,,,,,,7,4,1,2,0,2,1,1,0,,,,0,,,,,,,,,,,,,5,0,2,3,1,1,1,1,1,1,,,0,0,,1,1,1,1,0.75
Public Static Method,"org.apache.commons.math3.stat.inference.TestUtils.t",,,,,,,,,,,,,,8,5,1,2,0,2,1,1,0,,,,0,,,,,,,,,,,,,4,0,3,3,1,1,1,1,1,1,,,0,0,,1,1,1,1,0.60
Public Static Method,"org.apache.commons.math3.stat.inference.TestUtils.tTest",,,,,,,,,,,,,,8,5,1,2,0,2,1,1,0,,,,0,,,,,,,,,,,,,5,0,3,3,1,1,1,1,1,1,,,0,0,,1,1,1,1,0.60
Public Static Method,"org.apache.commons.math3.stat.inference.TestUtils.tTest",,,,,,,,,,,,,,8,5,1,2,0,2,1,1,0,,,,0,,,,,,,,,,,,,5,0,3,3,1,1,1,1,1,1,,,0,0,,1,1,1,1,0.60
Public Static Method,"org.apache.commons.math3.stat.inference.TestUtils.tTest",,,,,,,,,,,,,,8,5,1,2,0,2,1,1,0,,,,0,,,,,,,,,,,,,5,0,3,3,1,1,1,1,1,1,,,0,0,,1,1,1,1,0.60
Public Static Method,"org.apache.commons.math3.stat.inference.TestUtils.tTest",,,,,,,,,,,,,,9,6,1,2,0,2,1,1,0,,,,0,,,,,,,,,,,,,5,0,4,3,1,1,1,1,1,1,,,0,0,,1,1,1,1,0.50
Public Static Method,"org.apache.commons.math3.stat.inference.TestUtils.tTest",,,,,,,,,,,,,,8,5,1,2,0,2,1,1,0,,,,0,,,,,,,,,,,,,5,0,3,3,1,1,1,1,1,1,,,0,0,,1,1,1,1,0.60
Public Static Method,"org.apache.commons.math3.stat.inference.TestUtils.tTest",,,,,,,,,,,,,,9,6,1,2,0,2,1,1,0,,,,0,,,,,,,,,,,,,4,0,4,3,1,1,1,1,1,1,,,0,0,,1,1,1,1,0.50
Public Static Method,"org.apache.commons.math3.stat.inference.TestUtils.tTest",,,,,,,,,,,,,,9,6,1,2,0,2,1,1,0,,,,0,,,,,,,,,,,,,5,0,4,3,1,1,1,1,1,1,,,0,0,,1,1,1,1,0.50
Public Static Method,"org.apache.commons.math3.stat.inference.TestUtils.tTest",,,,,,,,,,,,,,10,7,1,2,0,2,1,1,0,,,,0,,,,,,,,,,,,,5,0,5,3,1,1,1,1,1,1,,,0,0,,1,1,1,1,0.43
Public Class,"org.apache.commons.math3.stat.inference.TestUtilsTest",4,1,3,4,10,,0,,11,11,0,0,11,440,335,257,,,223,,,,11,1,1,,4,4,36,28,1,0,0,,,8,11,0,,52,76,53,,177,63,160,,,11,11,,1,89,45,45,11,45,0.16
Public Method,"org.apache.commons.math3.stat.inference.TestUtilsTest.testChiSquare",,,,,,,,,,,,,,65,44,37,6,2,33,6,6,5,,,,0,,,,,,,,,,,,,0,9,9,12,32,27,9,24,6,1,,,0,1,,6,6,1,6,0.27
Public Method,"org.apache.commons.math3.stat.inference.TestUtilsTest.testChiSquareIndependence",,,,,,,,,,,,,,57,40,33,6,2,29,6,6,5,,,,0,,,,,,,,,,,,,0,7,7,10,32,23,7,22,6,1,,,0,1,,6,6,1,6,0.25
Public Method,"org.apache.commons.math3.stat.inference.TestUtilsTest.testChiSquareLargeTestStatistic",,,,,,,,,,,,,,16,15,10,3,0,7,1,1,0,,,,0,,,,,,,,,,,,,0,1,8,0,1,6,5,2,1,1,,,0,0,,1,1,1,1,0.00
Public Method,"org.apache.commons.math3.stat.inference.TestUtilsTest.testChiSquareZeroCount",,,,,,,,,,,,,,9,7,5,3,0,4,1,1,0,,,,0,,,,,,,,,,,,,0,0,2,2,1,3,2,2,1,1,,,0,0,,1,1,1,1,0.29
Public Method,"org.apache.commons.math3.stat.inference.TestUtilsTest.testOneSampleT",,,,,,,,,,,,,,74,58,46,8,3,37,10,10,8,,,,0,,,,,,,,,,,,,4,7,5,9,512,27,5,32,10,1,,,0,1,,10,10,1,10,0.16
Public Method,"org.apache.commons.math3.stat.inference.TestUtilsTest.testOneSampleTTest",,,,,,,,,,,,,,36,30,24,11,1,21,4,4,2,,,,0,,,,,,,,,,,,,1,3,4,3,8,17,4,17,4,1,,,0,1,,4,4,1,4,0.10
Public Method,"org.apache.commons.math3.stat.inference.TestUtilsTest.testOneWayAnovaUtils",,,,,,,,,,,,,,11,11,9,8,0,7,1,1,0,,,,0,,,,,,,,,,,,,5,0,1,0,1,6,1,6,1,1,,,0,0,,1,1,1,1,0.00
Public Method,"org.apache.commons.math3.stat.inference.TestUtilsTest.testPaired",,,,,,,,,,,,,,12,10,8,6,0,9,1,1,0,,,,0,,,,,,,,,,,,,0,1,4,1,1,8,4,5,1,1,,,0,0,,1,1,1,1,0.10
Public Method,"org.apache.commons.math3.stat.inference.TestUtilsTest.testSmallSamples",,,,,,,,,,,,,,10,8,6,3,0,5,1,1,0,,,,0,,,,,,,,,,,,,0,1,3,1,1,4,3,2,1,1,,,0,0,,1,1,1,1,0.12
Public Method,"org.apache.commons.math3.stat.inference.TestUtilsTest.testTwoSampleTHeterscedastic",,,,,,,,,,,,,,86,68,56,11,3,45,11,11,8,,,,0,,,,,,,,,,,,,2,9,5,9,1024,34,7,38,11,1,,,0,1,,11,11,1,11,0.13
Public Method,"org.apache.commons.math3.stat.inference.TestUtilsTest.testTwoSampleTHomoscedastic",,,,,,,,,,,,,,22,20,16,7,1,17,3,3,0,,,,0,,,,,,,,,,,,,1,1,5,1,4,14,7,10,3,1,,,0,1,,3,3,1,3,0.05
Public Class,"org.apache.commons.math3.stat.inference.WilcoxonSignedRankTest",2,1,3,16,11,,0,,9,9,0,5,4,294,102,59,,,76,,,,5,1,1,,2,3,30,11,1,0,0,,,1,9,0,,42,36,150,,51,34,42,,,5,6,,3,66,24,27,9,24,1.47
Public Constructor,"org.apache.commons.math3.stat.inference.WilcoxonSignedRankTest.WilcoxonSignedRankTest",,,,,,,,,,,,,,9,4,2,3,0,2,1,1,0,,,,0,,,,,,,,,,,,,2,0,1,5,1,1,1,1,1,1,,,0,0,,1,1,1,1,1.25
Public Constructor,"org.apache.commons.math3.stat.inference.WilcoxonSignedRankTest.WilcoxonSignedRankTest",,,,,,,,,,,,,,13,4,1,3,0,2,1,1,0,,,,0,,,,,,,,,,,,,2,0,2,9,1,1,1,1,1,1,,,0,0,,1,1,1,1,2.25
Private Method,"org.apache.commons.math3.stat.inference.WilcoxonSignedRankTest.calculateAbsoluteDifferences",,,,,,,,,,,,,,27,14,8,4,1,11,4,4,0,,,,0,,,,,,,,,,,,,3,5,3,8,8,7,3,8,4,1,,,0,1,,4,4,1,4,0.57
Private Method,"org.apache.commons.math3.stat.inference.WilcoxonSignedRankTest.calculateAsymptoticPValue",,,,,,,,,,,,,,21,7,5,4,0,6,1,1,0,,,,0,,,,,,,,,,,,,3,5,5,9,1,5,5,1,1,1,,,0,0,,1,1,1,1,1.29
Private Method,"org.apache.commons.math3.stat.inference.WilcoxonSignedRankTest.calculateDifferences",,,,,,,,,,,,,,17,7,4,1,0,7,2,2,0,,,,0,,,,,,,,,,,,,4,3,2,7,2,5,3,4,2,1,,,0,1,,2,2,1,2,1.00
Private Method,"org.apache.commons.math3.stat.inference.WilcoxonSignedRankTest.calculateExactPValue",,,,,,,,,,,,,,40,16,10,1,1,15,5,5,0,,,,0,,,,,,,,,,,,,3,7,4,17,7,10,6,9,5,1,,,0,3,,5,5,1,5,1.06
Private Method,"org.apache.commons.math3.stat.inference.WilcoxonSignedRankTest.ensureDataConformance",,,,,,,,,,,,,,25,14,8,3,1,7,4,6,0,,,,0,,,,,,,,,,,,,5,1,2,10,8,3,1,6,4,1,,,0,1,,4,6,1,4,0.71
Public Method,"org.apache.commons.math3.stat.inference.WilcoxonSignedRankTest.wilcoxonSignedRank",,,,,,,,,,,,,,60,16,11,6,0,14,3,3,0,,,,0,,,,,,,,,,,,,6,7,8,37,3,11,8,6,3,1,,,0,2,,3,3,1,3,2.31
Public Method,"org.apache.commons.math3.stat.inference.WilcoxonSignedRankTest.wilcoxonSignedRankTest",,,,,,,,,,,,,,63,17,10,6,1,10,3,4,1,,,,0,,,,,,,,,,,,,6,4,7,42,4,7,4,6,3,1,,,0,1,,3,4,1,3,2.47
Public Class,"org.apache.commons.math3.stat.inference.WilcoxonSignedRankTestTest",8,1,8,23,5,,0,,2,2,0,0,2,157,87,65,,,57,,,,15,1,1,,8,8,72,41,1,0,0,,,1,2,0,,19,12,51,,40,11,46,,,15,15,,1,0,16,16,2,16,0.59
Public Method,"org.apache.commons.math3.stat.inference.WilcoxonSignedRankTestTest.testWilcoxonSignedRankInputValidation",,,,,,,,,,,,,,116,74,58,2,4,48,15,15,13,,,,0,,,,,,,,,,,,,1,14,5,28,16384,33,6,42,15,1,,,0,1,,15,15,1,15,0.38
Public Method,"org.apache.commons.math3.stat.inference.WilcoxonSignedRankTestTest.testWilcoxonSignedRankSimple",,,,,,,,,,,,,,28,8,6,3,0,7,1,1,0,,,,0,,,,,,,,,,,,,1,2,3,18,1,6,3,4,1,1,,,0,0,,1,1,1,1,2.25
Package,"org.apache.commons.math3.stat.ranking",1,1,0,4,,6,2,6,32,,1,7,24,828,405,274,,,324,,,,8,3,,,1,1,15,11,,,0,,,20,32,0,,68,127,370,,268,112,212,,,11,11,,3,,61,61,33,54,0.91
Public Enum Type,"org.apache.commons.math3.stat.ranking.NaNStrategy",1,1,0,0,1,,0,,2,2,0,0,2,30,6,0,,,1,,,,1,1,1,,1,1,0,0,1,0,0,,,4,2,0,,4,5,20,,0,1,0,,,1,1,,0,100,2,2,2,2,3.33
Public Method,"org.apache.commons.math3.stat.ranking.NaNStrategy.valueOf",,,,,,,,,,,,,,0,0,0,1,0,0,1,1,0,,,,0,,,,,,,,,,,,,0,0,0,0,0,0,0,0,1,1,,,0,0,,1,1,1,1,0.00
Public Method,"org.apache.commons.math3.stat.ranking.NaNStrategy.values",,,,,,,,,,,,,,0,0,0,1,0,0,1,1,0,,,,0,,,,,,,,,,,,,0,0,0,0,0,0,0,0,1,1,,,0,0,,1,1,1,1,0.00
Public Class,"org.apache.commons.math3.stat.ranking.NaturalRanking",2,1,0,7,8,,2,,16,16,0,7,9,433,211,138,,,162,,,,8,3,1,,2,2,19,11,2,0,0,,,3,16,0,,37,46,199,,117,52,110,,,11,11,,3,65,46,46,18,39,0.94
Private Static Class,"org.apache.commons.math3.stat.ranking.NaturalRanking.IntDoublePair",1,1,0,5,0,,0,,4,4,0,0,4,51,17,5,,,12,,,,1,1,1,,1,1,8,3,2,0,0,,,2,4,0,,6,7,28,,7,7,5,,,1,1,,0,37,4,4,4,4,1.65
Public Constructor,"org.apache.commons.math3.stat.ranking.NaturalRanking.IntDoublePair.IntDoublePair",,,,,,,,,,,,,,9,4,2,3,0,3,1,1,0,,,,0,,,,,,,,,,,,,5,0,1,5,1,2,1,2,1,1,,,0,0,,1,1,1,1,1.25
Public Method,"org.apache.commons.math3.stat.ranking.NaturalRanking.IntDoublePair.compareTo",,,,,,,,,,,,,,10,3,1,2,0,2,1,1,0,,,,0,,,,,,,,,,,,,2,0,1,7,1,1,1,1,1,1,,,0,0,,1,1,1,1,2.33
Public Method,"org.apache.commons.math3.stat.ranking.NaturalRanking.IntDoublePair.getPosition",,,,,,,,,,,,,,7,3,1,1,0,2,1,1,0,,,,0,,,,,,,,,,,,,4,0,1,4,1,1,1,1,1,1,,,0,0,,1,1,1,1,1.33
Public Method,"org.apache.commons.math3.stat.ranking.NaturalRanking.IntDoublePair.getValue",,,,,,,,,,,,,,7,3,1,1,0,2,1,1,0,,,,0,,,,,,,,,,,,,6,0,1,4,1,1,1,1,1,1,,,0,0,,1,1,1,1,1.33
Public Constructor,"org.apache.commons.math3.stat.ranking.NaturalRanking.NaturalRanking",,,,,,,,,,,,,,9,6,4,4,0,5,1,1,0,,,,0,,,,,,,,,,,,,5,0,1,3,1,4,1,4,1,1,,,0,0,,1,1,1,1,0.50
Public Constructor,"org.apache.commons.math3.stat.ranking.NaturalRanking.NaturalRanking",,,,,,,,,,,,,,11,6,4,4,0,5,1,1,0,,,,0,,,,,,,,,,,,,4,0,1,5,1,4,1,4,1,1,,,0,0,,1,1,1,1,0.83
Public Constructor,"org.apache.commons.math3.stat.ranking.NaturalRanking.NaturalRanking",,,,,,,,,,,,,,14,7,4,5,0,5,1,1,0,,,,0,,,,,,,,,,,,,4,0,2,7,1,4,1,4,1,1,,,0,0,,1,1,1,1,1.00
Public Constructor,"org.apache.commons.math3.stat.ranking.NaturalRanking.NaturalRanking",,,,,,,,,,,,,,11,6,4,5,0,5,1,1,0,,,,0,,,,,,,,,,,,,3,0,1,5,1,4,1,4,1,1,,,0,0,,1,1,1,1,0.83
Public Constructor,"org.apache.commons.math3.stat.ranking.NaturalRanking.NaturalRanking",,,,,,,,,,,,,,12,6,4,5,0,5,1,1,0,,,,0,,,,,,,,,,,,,8,0,1,6,1,4,1,4,1,1,,,0,0,,1,1,1,1,1.00
Public Constructor,"org.apache.commons.math3.stat.ranking.NaturalRanking.NaturalRanking",,,,,,,,,,,,,,12,6,4,5,0,5,1,1,0,,,,0,,,,,,,,,,,,,3,0,1,6,1,4,1,4,1,1,,,0,0,,1,1,1,1,1.00
Private Method,"org.apache.commons.math3.stat.ranking.NaturalRanking.containsNaNs",,,,,,,,,,,,,,14,8,4,3,0,7,3,3,3,,,,3,,,,,,,,,,,,,3,0,1,6,3,4,2,5,3,3,,,3,2,,3,3,3,3,0.75
Private Method,"org.apache.commons.math3.stat.ranking.NaturalRanking.fill",,,,,,,,,,,,,,13,6,3,4,0,4,2,2,0,,,,0,,,,,,,,,,,,,3,0,2,7,2,2,2,2,2,1,,,0,1,,2,2,1,2,1.17
Private Method,"org.apache.commons.math3.stat.ranking.NaturalRanking.getNanPositions",,,,,,,,,,,,,,15,9,5,5,0,8,3,3,0,,,,0,,,,,,,,,,,,,3,0,2,6,3,5,3,5,3,1,,,0,2,,3,3,1,3,0.67
Public Method,"org.apache.commons.math3.stat.ranking.NaturalRanking.getNanStrategy",,,,,,,,,,,,,,8,3,1,1,0,2,1,1,0,,,,0,,,,,,,,,,,,,1,0,1,5,1,1,1,1,1,1,,,0,0,,1,1,1,1,1.67
Public Method,"org.apache.commons.math3.stat.ranking.NaturalRanking.getTiesStrategy",,,,,,,,,,,,,,8,3,1,1,0,2,1,1,0,,,,0,,,,,,,,,,,,,1,0,1,5,1,1,1,1,1,1,,,0,0,,1,1,1,1,1.67
Public Method,"org.apache.commons.math3.stat.ranking.NaturalRanking.rank",,,,,,,,,,,,,,68,49,40,14,2,39,11,11,11,,,,0,,,,,,,,,,,,,16,4,6,23,160,31,8,31,8,1,,,0,3,,11,11,1,8,0.47
Private Method,"org.apache.commons.math3.stat.ranking.NaturalRanking.recodeNaNs",,,,,,,,,,,,,,14,8,4,5,0,6,3,3,0,,,,0,,,,,,,,,,,,,4,0,1,6,3,3,2,4,3,1,,,0,2,,3,3,1,3,0.75
Private Method,"org.apache.commons.math3.stat.ranking.NaturalRanking.removeNaNs",,,,,,,,,,,,,,30,22,16,8,1,18,5,5,2,,,,0,,,,,,,,,,,,,3,0,4,8,5,13,6,12,5,1,,,0,3,,5,5,1,5,0.36
Private Method,"org.apache.commons.math3.stat.ranking.NaturalRanking.resolveTie",,,,,,,,,,,,,,53,33,28,10,1,22,8,8,15,,,,0,,,,,,,,,,,,,10,3,6,23,8,18,6,16,4,1,,,0,2,,8,8,1,4,0.70
Private Method,"org.apache.commons.math3.stat.ranking.NaturalRanking.restoreNaNs",,,,,,,,,,,,,,16,9,5,6,0,6,3,3,1,,,,0,,,,,,,,,,,,,2,1,2,6,3,3,2,4,3,1,,,0,1,,3,3,1,3,0.67
Public Class,"org.apache.commons.math3.stat.ranking.NaturalRankingTest",1,1,0,0,6,,0,,7,7,0,0,7,173,159,136,,,139,,,,1,1,1,,1,1,20,20,1,0,0,,,6,7,0,,8,49,7,,131,37,102,,,1,1,,0,14,7,7,7,7,0.04
Public Method,"org.apache.commons.math3.stat.ranking.NaturalRankingTest.testDefault",,,,,,,,,,,,,,21,21,19,3,0,20,1,1,0,,,,0,,,,,,,,,,,,,6,0,4,1,1,19,4,16,1,1,,,0,0,,1,1,1,1,0.05
Public Method,"org.apache.commons.math3.stat.ranking.NaturalRankingTest.testNaNsAndInfs",,,,,,,,,,,,,,12,12,10,3,0,10,1,1,0,,,,0,,,,,,,,,,,,,2,0,6,0,1,9,5,5,1,1,,,0,0,,1,1,1,1,0.00
Public Method,"org.apache.commons.math3.stat.ranking.NaturalRankingTest.testNaNsFixedTiesRandom",,,,,,,,,,,,,,24,24,22,4,0,22,1,1,0,,,,0,,,,,,,,,,,,,7,0,6,0,1,21,5,17,1,1,,,0,0,,1,1,1,1,0.00
Public Method,"org.apache.commons.math3.stat.ranking.NaturalRankingTest.testNaNsMaximalTiesMinimum",,,,,,,,,,,,,,21,21,19,3,0,20,1,1,0,,,,0,,,,,,,,,,,,,7,0,4,0,1,19,4,16,1,1,,,0,0,,1,1,1,1,0.00
Public Method,"org.apache.commons.math3.stat.ranking.NaturalRankingTest.testNaNsMinimalTiesAverage",,,,,,,,,,,,,,21,21,19,3,0,20,1,1,0,,,,0,,,,,,,,,,,,,7,0,4,0,1,19,4,16,1,1,,,0,0,,1,1,1,1,0.00
Public Method,"org.apache.commons.math3.stat.ranking.NaturalRankingTest.testNaNsMinimalTiesMaximum",,,,,,,,,,,,,,22,22,20,3,0,20,1,1,0,,,,0,,,,,,,,,,,,,8,0,5,0,1,19,4,16,1,1,,,0,0,,1,1,1,1,0.00
Public Method,"org.apache.commons.math3.stat.ranking.NaturalRankingTest.testNaNsRemovedTiesSequential",,,,,,,,,,,,,,22,22,20,3,0,20,1,1,0,,,,0,,,,,,,,,,,,,8,0,5,0,1,19,4,16,1,1,,,0,0,,1,1,1,1,0.00
Public Interface,"org.apache.commons.math3.stat.ranking.RankingAlgorithm",0,0,0,0,0,,0,,1,1,1,0,0,16,3,0,,,2,,,,0,0,0,,0,0,0,0,0,1,0,,,0,1,0,,0,2,13,,1,2,0,,,0,0,,0,0,0,0,0,0,4.33
Abstract Method,"org.apache.commons.math3.stat.ranking.RankingAlgorithm.rank",,,,,,,,,,,,,,14,1,0,1,0,1,0,0,0,,,,0,,,,,,,,,,,,,2,0,1,13,0,1,1,0,0,0,,,0,0,,0,0,0,0,13.00
Public Enum Type,"org.apache.commons.math3.stat.ranking.TiesStrategy",1,1,0,0,1,,0,,2,2,0,0,2,36,7,0,,,1,,,,1,1,1,,1,1,0,0,1,0,0,,,5,2,0,,5,6,24,,0,1,0,,,1,1,,0,100,2,2,2,2,3.43
Public Method,"org.apache.commons.math3.stat.ranking.TiesStrategy.valueOf",,,,,,,,,,,,,,0,0,0,1,0,0,1,1,0,,,,0,,,,,,,,,,,,,0,0,0,0,0,0,0,0,1,1,,,0,0,,1,1,1,1,0.00
Public Method,"org.apache.commons.math3.stat.ranking.TiesStrategy.values",,,,,,,,,,,,,,0,0,0,1,0,0,1,1,0,,,,0,,,,,,,,,,,,,0,0,0,0,0,0,0,0,1,1,,,0,0,,1,1,1,1,0.00
Package,"org.apache.commons.math3.stat.regression",2,1,0,6,,15,9,15,208,,12,15,152,6163,3799,2776,,,2603,,,,20,7,,,2,2,25,18,,,0,,,58,208,29,,467,1013,1924,,2096,963,1640,,,20,21,,6,,511,542,227,511,0.51
Public Abstract Class,"org.apache.commons.math3.stat.regression.AbstractMultipleLinearRegression",2,1,0,8,14,,0,,21,21,0,0,10,352,144,79,,,107,,,,9,1,1,,2,2,15,7,2,2,0,,,3,21,11,,27,41,183,,67,44,63,,,9,9,,3,71,41,43,19,41,1.27
Protected Abstract Method,"org.apache.commons.math3.stat.regression.AbstractMultipleLinearRegression.calculateBeta",,,,,,,,,,,,,,6,1,0,1,0,1,0,0,0,,,,0,,,,,,,,,,,,,3,0,1,5,0,1,1,0,0,0,,,0,0,,0,0,0,0,5.00
Protected Abstract Method,"org.apache.commons.math3.stat.regression.AbstractMultipleLinearRegression.calculateBetaVariance",,,,,,,,,,,,,,7,1,0,1,0,1,0,0,0,,,,0,,,,,,,,,,,,,1,0,1,6,0,1,1,0,0,0,,,0,0,,0,0,0,0,6.00
Protected Method,"org.apache.commons.math3.stat.regression.AbstractMultipleLinearRegression.calculateErrorVariance",,,,,,,,,,,,,,16,5,3,5,0,3,1,1,0,,,,0,,,,,,,,,,,,,4,0,2,11,1,2,2,1,1,1,,,0,0,,1,1,1,1,2.20
Protected Method,"org.apache.commons.math3.stat.regression.AbstractMultipleLinearRegression.calculateResiduals",,,,,,,,,,,,,,14,4,2,4,0,3,1,1,0,,,,0,,,,,,,,,,,,,6,0,2,10,1,2,2,1,1,1,,,0,0,,1,1,1,1,2.50
Protected Method,"org.apache.commons.math3.stat.regression.AbstractMultipleLinearRegression.calculateYVariance",,,,,,,,,,,,,,8,3,1,4,0,2,1,1,0,,,,0,,,,,,,,,,,,,5,0,1,5,1,1,1,1,1,1,,,0,0,,1,1,1,1,1.67
Public Method,"org.apache.commons.math3.stat.regression.AbstractMultipleLinearRegression.estimateErrorVariance",,,,,,,,,,,,,,10,3,1,2,0,2,1,1,0,,,,0,,,,,,,,,,,,,5,1,1,6,1,1,1,1,1,1,,,0,0,,1,1,1,1,2.00
Public Method,"org.apache.commons.math3.stat.regression.AbstractMultipleLinearRegression.estimateRegressandVariance",,,,,,,,,,,,,,6,3,1,2,0,2,1,1,0,,,,0,,,,,,,,,,,,,1,0,1,3,1,1,1,1,1,1,,,0,0,,1,1,1,1,1.00
Public Method,"org.apache.commons.math3.stat.regression.AbstractMultipleLinearRegression.estimateRegressionParameters",,,,,,,,,,,,,,7,4,2,3,0,3,1,1,0,,,,0,,,,,,,,,,,,,8,0,2,3,1,2,2,1,1,1,,,0,0,,1,1,1,1,0.75
Public Method,"org.apache.commons.math3.stat.regression.AbstractMultipleLinearRegression.estimateRegressionParametersStandardErrors",,,,,,,,,,,,,,13,10,7,4,0,10,2,2,0,,,,0,,,,,,,,,,,,,7,0,5,3,2,8,6,4,2,1,,,0,1,,2,2,1,2,0.30
Public Method,"org.apache.commons.math3.stat.regression.AbstractMultipleLinearRegression.estimateRegressionParametersVariance",,,,,,,,,,,,,,6,3,1,3,0,2,1,1,0,,,,0,,,,,,,,,,,,,3,0,1,3,1,1,1,1,1,1,,,0,0,,1,1,1,1,1.00
Public Method,"org.apache.commons.math3.stat.regression.AbstractMultipleLinearRegression.estimateRegressionStandardError",,,,,,,,,,,,,,9,3,1,3,0,2,1,1,0,,,,0,,,,,,,,,,,,,2,0,1,6,1,1,1,1,1,1,,,0,0,,1,1,1,1,2.00
Public Method,"org.apache.commons.math3.stat.regression.AbstractMultipleLinearRegression.estimateResiduals",,,,,,,,,,,,,,8,5,3,5,0,4,1,1,0,,,,0,,,,,,,,,,,,,7,0,3,3,1,3,3,1,1,1,,,0,0,,1,1,1,1,0.60
Protected Method,"org.apache.commons.math3.stat.regression.AbstractMultipleLinearRegression.getX",,,,,,,,,,,,,,6,3,1,1,0,2,1,1,0,,,,0,,,,,,,,,,,,,13,0,1,3,1,1,1,1,1,1,,,0,0,,1,1,1,1,1.00
Protected Method,"org.apache.commons.math3.stat.regression.AbstractMultipleLinearRegression.getY",,,,,,,,,,,,,,6,3,1,1,0,2,1,1,0,,,,0,,,,,,,,,,,,,9,0,1,3,1,1,1,1,1,1,,,0,0,,1,1,1,1,1.00
Public Method,"org.apache.commons.math3.stat.regression.AbstractMultipleLinearRegression.isNoIntercept",,,,,,,,,,,,,,7,3,1,1,0,2,1,1,0,,,,0,,,,,,,,,,,,,3,0,1,4,1,1,1,1,1,1,,,0,0,,1,1,1,1,1.33
Public Method,"org.apache.commons.math3.stat.regression.AbstractMultipleLinearRegression.newSampleData",,,,,,,,,,,,,,61,26,18,7,2,23,9,9,0,,,,0,,,,,,,,,,,,,12,0,5,35,40,16,7,16,9,1,,,0,2,,9,9,1,9,1.35
Protected Method,"org.apache.commons.math3.stat.regression.AbstractMultipleLinearRegression.newXSampleData",,,,,,,,,,,,,,47,22,15,6,1,17,6,6,1,,,,0,,,,,,,,,,,,,8,0,3,26,16,11,4,13,6,1,,,0,3,,6,6,1,6,1.18
Protected Method,"org.apache.commons.math3.stat.regression.AbstractMultipleLinearRegression.newYSampleData",,,,,,,,,,,,,,16,9,5,4,1,6,3,3,0,,,,0,,,,,,,,,,,,,9,0,1,7,4,3,1,5,3,1,,,0,1,,3,3,1,3,0.78
Public Method,"org.apache.commons.math3.stat.regression.AbstractMultipleLinearRegression.setNoIntercept",,,,,,,,,,,,,,7,3,1,1,0,2,1,1,0,,,,0,,,,,,,,,,,,,7,0,1,4,1,1,1,1,1,1,,,0,0,,1,1,1,1,1.33
Protected Method,"org.apache.commons.math3.stat.regression.AbstractMultipleLinearRegression.validateCovarianceData",,,,,,,,,,,,,,18,8,4,2,1,5,3,4,0,,,,0,,,,,,,,,,,,,4,0,1,10,4,2,1,4,3,1,,,0,1,,3,4,1,3,1.25
Protected Method,"org.apache.commons.math3.stat.regression.AbstractMultipleLinearRegression.validateSampleData",,,,,,,,,,,,,,34,16,10,4,1,9,5,6,0,,,,0,,,,,,,,,,,,,6,0,1,19,16,4,1,8,5,1,,,0,1,,5,6,1,5,1.19
Public Class,"org.apache.commons.math3.stat.regression.GLSMultipleLinearRegression",1,1,0,6,6,,0,,6,27,0,0,1,113,41,21,,,30,,,,2,1,2,,1,1,12,5,1,0,0,,,2,6,5,,11,20,61,,22,17,13,,,2,2,,1,66,7,7,6,7,1.49
Protected Method,"org.apache.commons.math3.stat.regression.GLSMultipleLinearRegression.calculateBeta",,,,,,,,,,,,,,14,7,5,10,0,6,1,1,0,,,,0,,,,,,,,,,,,,2,0,5,7,1,5,5,1,1,1,,,0,0,,1,1,1,1,1.00
Protected Method,"org.apache.commons.math3.stat.regression.GLSMultipleLinearRegression.calculateBetaVariance",,,,,,,,,,,,,,12,5,3,8,0,4,1,1,0,,,,0,,,,,,,,,,,,,0,0,3,7,1,3,3,1,1,1,,,0,0,,1,1,1,1,1.40
Protected Method,"org.apache.commons.math3.stat.regression.GLSMultipleLinearRegression.calculateErrorVariance",,,,,,,,,,,,,,17,5,3,8,0,4,1,1,0,,,,0,,,,,,,,,,,,,0,1,3,11,1,3,3,1,1,1,,,0,0,,1,1,1,1,2.20
Protected Method,"org.apache.commons.math3.stat.regression.GLSMultipleLinearRegression.getOmegaInverse",,,,,,,,,,,,,,11,6,3,5,0,4,2,2,0,,,,0,,,,,,,,,,,,,6,0,1,5,2,2,1,3,2,1,,,0,1,,2,2,1,2,0.83
Protected Method,"org.apache.commons.math3.stat.regression.GLSMultipleLinearRegression.newCovarianceData",,,,,,,,,,,,,,9,4,2,3,0,3,1,1,0,,,,0,,,,,,,,,,,,,4,0,1,5,1,2,1,2,1,1,,,0,0,,1,1,1,1,1.25
Public Method,"org.apache.commons.math3.stat.regression.GLSMultipleLinearRegression.newSampleData",,,,,,,,,,,,,,12,7,5,5,0,6,1,1,0,,,,0,,,,,,,,,,,,,13,0,1,5,1,5,1,5,1,1,,,0,0,,1,1,1,1,0.71
Public Class,"org.apache.commons.math3.stat.regression.GLSMultipleLinearRegressionTest",1,1,1,2,13,,0,,15,29,0,0,12,265,195,137,,,145,,,,5,1,2,,1,1,13,10,1,0,0,,,4,15,3,,33,85,39,,124,71,74,,,5,5,,2,73,20,20,15,20,0.20
Public Method,"org.apache.commons.math3.stat.regression.GLSMultipleLinearRegressionTest.cannotAddCovarianceDataThatIsNotSquare",,,,,,,,,,,,,,11,11,9,2,0,10,1,1,0,,,,0,,,,,,,,,,,,,0,0,4,0,1,9,4,6,1,1,,,0,0,,1,1,1,1,0.00
Public Method,"org.apache.commons.math3.stat.regression.GLSMultipleLinearRegressionTest.cannotAddCovarianceDataWithSampleSizeMismatch",,,,,,,,,,,,,,9,9,7,2,0,8,1,1,0,,,,0,,,,,,,,,,,,,0,0,4,0,1,7,4,4,1,1,,,0,0,,1,1,1,1,0.00
Public Method,"org.apache.commons.math3.stat.regression.GLSMultipleLinearRegressionTest.cannotAddNullCovarianceData",,,,,,,,,,,,,,3,3,1,2,0,2,1,1,0,,,,0,,,,,,,,,,,,,0,0,1,0,1,1,1,1,1,1,,,0,0,,1,1,1,1,0.00
Public Method,"org.apache.commons.math3.stat.regression.GLSMultipleLinearRegressionTest.cannotAddNullYSampleData",,,,,,,,,,,,,,3,3,1,2,0,2,1,1,0,,,,0,,,,,,,,,,,,,0,0,1,0,1,1,1,1,1,1,,,0,0,,1,1,1,1,0.00
Public Method,"org.apache.commons.math3.stat.regression.GLSMultipleLinearRegressionTest.cannotAddSampleDataWithSizeMismatch",,,,,,,,,,,,,,6,6,4,2,0,5,1,1,0,,,,0,,,,,,,,,,,,,0,0,3,0,1,4,3,2,1,1,,,0,0,,1,1,1,1,0.00
Public Method,"org.apache.commons.math3.stat.regression.GLSMultipleLinearRegressionTest.cannotAddXSampleData",,,,,,,,,,,,,,3,3,1,2,0,2,1,1,0,,,,0,,,,,,,,,,,,,0,0,1,0,1,1,1,1,1,1,,,0,0,,1,1,1,1,0.00
Protected Method,"org.apache.commons.math3.stat.regression.GLSMultipleLinearRegressionTest.createRegression",,,,,,,,,,,,,,5,5,3,2,0,4,1,1,0,,,,0,,,,,,,,,,,,,10,0,2,0,1,3,2,2,1,1,,,0,0,,1,1,1,1,0.00
Protected Method,"org.apache.commons.math3.stat.regression.GLSMultipleLinearRegressionTest.getNumberOfRegressors",,,,,,,,,,,,,,3,3,1,1,0,2,1,1,0,,,,0,,,,,,,,,,,,,2,0,1,0,1,1,1,1,1,1,,,0,0,,1,1,1,1,0.00
Protected Method,"org.apache.commons.math3.stat.regression.GLSMultipleLinearRegressionTest.getSampleSize",,,,,,,,,,,,,,3,3,1,1,0,2,1,1,0,,,,0,,,,,,,,,,,,,2,0,1,0,1,1,1,1,1,1,,,0,0,,1,1,1,1,0.00
Public Method,"org.apache.commons.math3.stat.regression.GLSMultipleLinearRegressionTest.notEnoughData",,,,,,,,,,,,,,9,9,7,3,0,8,1,1,0,,,,0,,,,,,,,,,,,,4,0,4,0,1,7,4,4,1,1,,,0,0,,1,1,1,1,0.00
Public Method,"org.apache.commons.math3.stat.regression.GLSMultipleLinearRegressionTest.setUp",,,,,,,,,,,,,,18,18,16,4,0,17,1,1,0,,,,0,,,,,,,,,,,,,0,0,1,0,1,16,1,16,1,1,,,0,0,,1,1,1,1,0.00
Public Method,"org.apache.commons.math3.stat.regression.GLSMultipleLinearRegressionTest.testGLSEfficiency",,,,,,,,,,,,,,83,45,39,30,1,47,5,5,0,,,,0,,,,,,,,,,,,,1,14,23,26,12,42,26,21,5,1,,,0,2,,5,5,1,5,0.58
Public Method,"org.apache.commons.math3.stat.regression.GLSMultipleLinearRegressionTest.testGLSOLSConsistency",,,,,,,,,,,,,,19,13,10,9,0,13,2,2,0,,,,0,,,,,,,,,,,,,2,0,6,6,2,11,7,6,2,1,,,0,1,,2,2,1,2,0.46
Public Method,"org.apache.commons.math3.stat.regression.GLSMultipleLinearRegressionTest.testNewSample2",,,,,,,,,,,,,,23,20,17,12,0,14,1,1,0,,,,0,,,,,,,,,,,,,0,0,9,3,1,13,8,6,1,1,,,0,0,,1,1,1,1,0.15
Public Method,"org.apache.commons.math3.stat.regression.GLSMultipleLinearRegressionTest.testYVariance",,,,,,,,,,,,,,11,5,3,3,0,4,1,1,0,,,,0,,,,,,,,,,,,,3,2,2,4,1,3,2,2,1,1,,,0,0,,1,1,1,1,0.80
Public Class,"org.apache.commons.math3.stat.regression.MillerUpdatingRegression",6,1,1,9,6,,0,,24,24,0,11,13,1107,799,561,,,704,,,,20,7,1,,6,6,42,32,2,0,0,,,19,24,0,,48,150,261,,554,200,504,,,20,21,,6,69,151,161,40,151,0.33
Public Constructor,"org.apache.commons.math3.stat.regression.MillerUpdatingRegression.MillerUpdatingRegression",,,,,,,,,,,,,,9,3,1,2,0,2,1,1,0,,,,0,,,,,,,,,,,,,21,0,1,6,1,1,1,1,1,1,,,0,0,,1,1,1,1,2.00
Private Constructor,"org.apache.commons.math3.stat.regression.MillerUpdatingRegression.MillerUpdatingRegression",,,,,,,,,,,,,,25,21,19,20,0,20,1,1,0,,,,0,,,,,,,,,,,,,0,0,1,4,1,19,1,19,1,1,,,0,0,,1,1,1,1,0.19
Public Constructor,"org.apache.commons.math3.stat.regression.MillerUpdatingRegression.MillerUpdatingRegression",,,,,,,,,,,,,,38,31,25,16,1,26,5,5,2,,,,0,,,,,,,,,,,,,6,0,1,7,16,21,2,24,5,1,,,0,1,,5,5,1,5,0.23
Public Method,"org.apache.commons.math3.stat.regression.MillerUpdatingRegression.addObservation",,,,,,,,,,,,,,26,17,13,5,1,11,3,6,1,,,,0,,,,,,,,,,,,,15,2,2,7,4,8,2,9,3,1,,,0,1,,3,6,1,3,0.41
Public Method,"org.apache.commons.math3.stat.regression.MillerUpdatingRegression.addObservations",,,,,,,,,,,,,,28,21,15,2,1,12,7,9,0,,,,0,,,,,,,,,,,,,16,0,1,8,16,7,2,10,7,1,,,0,1,,7,9,1,7,0.38
Public Method,"org.apache.commons.math3.stat.regression.MillerUpdatingRegression.clear",,,,,,,,,,,,,,25,21,18,8,0,21,2,2,0,,,,0,,,,,,,,,,,,,11,0,1,4,2,19,2,19,2,1,,,0,1,,2,2,1,2,0.19
Private Method,"org.apache.commons.math3.stat.regression.MillerUpdatingRegression.cov",,,,,,,,,,,,,,65,47,33,3,1,42,11,11,3,,,,0,,,,,,,,,,,,,7,0,9,18,31,31,13,29,11,1,,,0,6,,11,11,1,11,0.38
Public Method,"org.apache.commons.math3.stat.regression.MillerUpdatingRegression.getDiagonalOfHatMatrix",,,,,,,,,,,,,,39,32,22,4,1,28,6,6,3,,,,0,,,,,,,,,,,,,9,1,6,6,9,22,8,20,6,1,,,0,3,,6,6,1,6,0.19
Public Method,"org.apache.commons.math3.stat.regression.MillerUpdatingRegression.getN",,,,,,,,,,,,,,7,3,1,1,0,2,1,1,0,,,,0,,,,,,,,,,,,,2,0,1,4,1,1,1,1,1,1,,,0,0,,1,1,1,1,1.33
Public Method,"org.apache.commons.math3.stat.regression.MillerUpdatingRegression.getOrderOfRegressors",,,,,,,,,,,,,,10,3,1,2,0,2,1,1,0,,,,0,,,,,,,,,,,,,1,0,1,7,1,1,1,1,1,1,,,0,0,,1,1,1,1,2.33
Public Method,"org.apache.commons.math3.stat.regression.MillerUpdatingRegression.getPartialCorrelations",,,,,,,,,,,,,,103,69,49,3,2,69,12,13,2,,,,0,,,,,,,,,,,,,8,1,15,33,281,57,22,47,12,1,,,0,3,,12,13,1,12,0.48
Public Method,"org.apache.commons.math3.stat.regression.MillerUpdatingRegression.hasIntercept",,,,,,,,,,,,,,7,3,1,1,0,2,1,1,0,,,,0,,,,,,,,,,,,,2,0,1,4,1,1,1,1,1,1,,,0,0,,1,1,1,1,1.33
Private Method,"org.apache.commons.math3.stat.regression.MillerUpdatingRegression.include",,,,,,,,,,,,,,72,57,41,10,2,49,9,9,8,,,,5,,,,,,,,,,,,,14,1,11,14,38,40,13,36,9,4,,,7,3,,9,9,4,9,0.25
Private Method,"org.apache.commons.math3.stat.regression.MillerUpdatingRegression.inverse",,,,,,,,,,,,,,37,30,22,2,1,29,6,6,1,,,,0,,,,,,,,,,,,,6,0,6,7,6,23,9,20,6,1,,,0,5,,6,6,1,6,0.23
Private Method,"org.apache.commons.math3.stat.regression.MillerUpdatingRegression.regcf",,,,,,,,,,,,,,46,37,25,6,2,31,10,10,1,,,,0,,,,,,,,,,,,,12,0,4,9,128,21,7,24,10,1,,,0,3,,10,10,1,10,0.24
Public Method,"org.apache.commons.math3.stat.regression.MillerUpdatingRegression.regress",,,,,,,,,,,,,,10,3,1,2,0,2,1,1,0,,,,0,,,,,,,,,,,,,12,0,1,7,1,1,1,1,1,1,,,0,0,,1,1,1,1,2.33
Public Method,"org.apache.commons.math3.stat.regression.MillerUpdatingRegression.regress",,,,,,,,,,,,,,111,91,66,11,4,76,20,21,5,,,,2,,,,,,,,,,,,,14,8,15,12,12240,56,23,53,20,3,,,3,4,,20,21,3,20,0.13
Public Method,"org.apache.commons.math3.stat.regression.MillerUpdatingRegression.regress",,,,,,,,,,,,,,83,65,47,8,3,54,14,14,4,,,,2,,,,,,,,,,,,,13,8,12,10,612,40,18,36,14,3,,,3,4,,14,14,3,14,0.15
Private Method,"org.apache.commons.math3.stat.regression.MillerUpdatingRegression.reorderRegressors",,,,,,,,,,,,,,43,28,17,2,1,22,7,8,11,,,,11,,,,,,,,,,,,,6,0,4,15,7,15,5,17,7,7,,,11,5,,7,8,7,7,0.54
Private Method,"org.apache.commons.math3.stat.regression.MillerUpdatingRegression.singcheck",,,,,,,,,,,,,,49,39,26,11,1,38,8,8,1,,,,0,,,,,,,,,,,,,9,0,6,10,26,30,10,28,8,1,,,0,4,,8,8,1,8,0.26
Private Method,"org.apache.commons.math3.stat.regression.MillerUpdatingRegression.smartAdd",,,,,,,,,,,,,,24,17,12,2,1,12,4,4,4,,,,4,,,,,,,,,,,,,6,0,5,7,4,8,5,7,4,4,,,4,2,,4,4,4,4,0.41
Private Method,"org.apache.commons.math3.stat.regression.MillerUpdatingRegression.ss",,,,,,,,,,,,,,19,10,7,2,0,10,2,2,0,,,,0,,,,,,,,,,,,,7,0,2,9,2,8,3,7,2,1,,,0,1,,2,2,1,2,0.90
Private Method,"org.apache.commons.math3.stat.regression.MillerUpdatingRegression.tolset",,,,,,,,,,,,,,23,20,13,5,1,22,4,4,0,,,,0,,,,,,,,,,,,,8,0,4,3,6,18,7,15,4,1,,,0,2,,4,4,1,4,0.15
Private Method,"org.apache.commons.math3.stat.regression.MillerUpdatingRegression.vmove",,,,,,,,,,,,,,125,109,80,9,3,102,15,17,3,,,,0,,,,,,,,,,,,,12,3,19,13,377,87,23,79,15,1,,,0,4,,15,17,1,15,0.12
Public Class,"org.apache.commons.math3.stat.regression.MillerUpdatingRegressionTest",4,1,3,2,8,,1,,19,19,0,0,19,1057,884,756,,,537,,,,20,1,1,,4,4,50,45,1,0,0,,,0,19,0,,79,172,111,,450,171,366,,,20,20,,3,52,92,92,19,92,0.13
Public Constructor,"org.apache.commons.math3.stat.regression.MillerUpdatingRegressionTest.MillerUpdatingRegressionTest",,,,,,,,,,,,,,2,2,0,1,0,1,1,1,0,,,,0,,,,,,,,,,,,,0,0,1,0,1,0,1,0,1,1,,,0,0,,1,1,1,1,0.00
Public Method,"org.apache.commons.math3.stat.regression.MillerUpdatingRegressionTest.testAddObsGetNClear",,,,,,,,,,,,,,27,24,18,7,1,23,5,5,0,,,,0,,,,,,,,,,,,,2,0,4,3,16,18,6,17,5,1,,,0,1,,5,5,1,5,0.12
Public Method,"org.apache.commons.math3.stat.regression.MillerUpdatingRegressionTest.testFilippelli",,,,,,,,,,,,,,150,138,134,10,0,29,2,2,0,,,,0,,,,,,,,,,,,,0,2,10,12,2,27,10,19,2,1,,,0,1,,2,2,1,2,0.09
Public Method,"org.apache.commons.math3.stat.regression.MillerUpdatingRegressionTest.testHasIntercept",,,,,,,,,,,,,,13,10,6,3,1,7,3,3,0,,,,0,,,,,,,,,,,,,0,0,2,3,4,4,2,5,3,1,,,0,1,,3,3,1,3,0.30
Public Method,"org.apache.commons.math3.stat.regression.MillerUpdatingRegressionTest.testHdiag",,,,,,,,,,,,,,23,22,18,9,1,23,3,3,0,,,,0,,,,,,,,,,,,,2,1,6,0,4,20,8,15,3,1,,,0,1,,3,3,1,3,0.00
Public Method,"org.apache.commons.math3.stat.regression.MillerUpdatingRegressionTest.testHdiagConstant",,,,,,,,,,,,,,22,21,17,9,1,22,3,3,0,,,,0,,,,,,,,,,,,,2,1,6,0,4,19,8,14,3,1,,,0,1,,3,3,1,3,0.00
Public Method,"org.apache.commons.math3.stat.regression.MillerUpdatingRegressionTest.testLongly",,,,,,,,,,,,,,97,66,61,10,1,35,3,3,0,,,,0,,,,,,,,,,,,,0,6,11,26,4,32,12,23,3,1,,,0,1,,3,3,1,3,0.39
Public Method,"org.apache.commons.math3.stat.regression.MillerUpdatingRegressionTest.testNegativeTestAddMultipleObs",,,,,,,,,,,,,,24,21,17,3,1,14,5,5,6,,,,0,,,,,,,,,,,,,0,3,6,0,9,11,6,8,5,1,,,0,1,,5,5,1,5,0.00
Public Method,"org.apache.commons.math3.stat.regression.MillerUpdatingRegressionTest.testNegativeTestAddObs",,,,,,,,,,,,,,44,42,34,3,3,25,11,11,14,,,,0,,,,,,,,,,,,,0,1,2,1,324,18,2,23,11,1,,,0,1,,11,11,1,11,0.02
Public Method,"org.apache.commons.math3.stat.regression.MillerUpdatingRegressionTest.testOneRedundantColumn",,,,,,,,,,,,,,57,50,42,15,1,48,7,7,0,,,,0,,,,,,,,,,,,,2,7,12,0,26,41,15,33,7,1,,,0,3,,7,7,1,7,0.00
Public Method,"org.apache.commons.math3.stat.regression.MillerUpdatingRegressionTest.testPCorr",,,,,,,,,,,,,,69,66,52,10,3,69,13,13,0,,,,0,,,,,,,,,,,,,2,3,17,0,448,56,25,44,13,1,,,0,3,,13,13,1,13,0.00
Public Method,"org.apache.commons.math3.stat.regression.MillerUpdatingRegressionTest.testRegressAirlineConstantExternal",,,,,,,,,,,,,,31,27,23,11,1,21,3,3,1,,,,0,,,,,,,,,,,,,2,4,5,0,4,18,6,15,3,1,,,0,1,,3,3,1,3,0.00
Public Method,"org.apache.commons.math3.stat.regression.MillerUpdatingRegressionTest.testRegressAirlineConstantInternal",,,,,,,,,,,,,,31,27,23,12,1,21,3,3,1,,,,0,,,,,,,,,,,,,2,4,5,0,4,18,6,15,3,1,,,0,1,,3,3,1,3,0.00
Public Method,"org.apache.commons.math3.stat.regression.MillerUpdatingRegressionTest.testSubsetRegression",,,,,,,,,,,,,,29,23,20,8,0,23,2,2,0,,,,0,,,,,,,,,,,,,2,6,8,0,2,21,9,14,2,1,,,0,1,,2,2,1,2,0.00
Public Method,"org.apache.commons.math3.stat.regression.MillerUpdatingRegressionTest.testThreeRedundantColumn",,,,,,,,,,,,,,113,102,81,15,6,74,20,20,0,,,,0,,,,,,,,,,,,,2,11,12,0,524288,54,13,61,20,1,,,0,1,,20,20,1,20,0.00
Public Method,"org.apache.commons.math3.stat.regression.MillerUpdatingRegressionTest.testWampler1",,,,,,,,,,,,,,58,54,51,10,0,25,2,2,0,,,,0,,,,,,,,,,,,,0,3,10,3,2,23,10,15,2,1,,,0,1,,2,2,1,2,0.06
Public Method,"org.apache.commons.math3.stat.regression.MillerUpdatingRegressionTest.testWampler2",,,,,,,,,,,,,,57,54,51,10,0,25,2,2,0,,,,0,,,,,,,,,,,,,0,2,10,3,2,23,10,15,2,1,,,0,1,,2,2,1,2,0.06
Public Method,"org.apache.commons.math3.stat.regression.MillerUpdatingRegressionTest.testWampler3",,,,,,,,,,,,,,55,54,51,10,0,25,2,2,0,,,,0,,,,,,,,,,,,,0,1,10,2,2,23,10,15,2,1,,,0,1,,2,2,1,2,0.04
Public Method,"org.apache.commons.math3.stat.regression.MillerUpdatingRegressionTest.testWampler4",,,,,,,,,,,,,,57,54,51,10,0,25,2,2,0,,,,0,,,,,,,,,,,,,0,2,10,3,2,23,10,15,2,1,,,0,1,,2,2,1,2,0.06
Public Class,"org.apache.commons.math3.stat.regression.ModelSpecificationException",1,1,0,5,1,,1,,1,5,0,0,1,20,7,2,,,4,,,,1,1,3,,1,1,9,4,1,0,0,,,0,1,0,,1,4,12,,2,3,1,,,1,1,,0,100,1,1,1,1,1.71
Public Constructor,"org.apache.commons.math3.stat.regression.ModelSpecificationException.ModelSpecificationException",,,,,,,,,,,,,,9,4,1,2,0,2,1,1,0,,,,0,,,,,,,,,,,,,12,0,2,5,1,1,1,1,1,1,,,0,0,,1,1,1,1,1.25
Public Interface,"org.apache.commons.math3.stat.regression.MultipleLinearRegression",0,0,0,0,0,,0,,5,5,5,0,0,38,7,0,,,6,,,,0,0,0,,0,0,0,0,0,1,0,,,0,5,0,,6,6,25,,5,6,0,,,0,0,,0,0,0,0,0,0,3.57
Abstract Method,"org.apache.commons.math3.stat.regression.MultipleLinearRegression.estimateRegressandVariance",,,,,,,,,,,,,,6,1,0,1,0,1,0,0,0,,,,0,,,,,,,,,,,,,0,0,1,5,0,1,1,0,0,0,,,0,0,,0,0,0,0,5.00
Abstract Method,"org.apache.commons.math3.stat.regression.MultipleLinearRegression.estimateRegressionParameters",,,,,,,,,,,,,,6,1,0,1,0,1,0,0,0,,,,0,,,,,,,,,,,,,0,0,1,5,0,1,1,0,0,0,,,0,0,,0,0,0,0,5.00
Abstract Method,"org.apache.commons.math3.stat.regression.MultipleLinearRegression.estimateRegressionParametersStandardErrors",,,,,,,,,,,,,,6,1,0,1,0,1,0,0,0,,,,0,,,,,,,,,,,,,0,0,1,5,0,1,1,0,0,0,,,0,0,,0,0,0,0,5.00
Abstract Method,"org.apache.commons.math3.stat.regression.MultipleLinearRegression.estimateRegressionParametersVariance",,,,,,,,,,,,,,6,1,0,1,0,1,0,0,0,,,,0,,,,,,,,,,,,,0,0,1,5,0,1,1,0,0,0,,,0,0,,0,0,0,0,5.00
Abstract Method,"org.apache.commons.math3.stat.regression.MultipleLinearRegression.estimateResiduals",,,,,,,,,,,,,,6,1,0,1,0,1,0,0,0,,,,0,,,,,,,,,,,,,0,0,1,5,0,1,1,0,0,0,,,0,0,,0,0,0,0,5.00
Public Abstract Class,"org.apache.commons.math3.stat.regression.MultipleLinearRegressionAbstractTest",1,1,0,0,3,,0,,14,14,0,0,11,109,87,45,,,53,,,,2,1,1,,1,1,6,6,1,2,0,,,1,14,3,,17,42,5,,40,29,24,,,2,2,,1,54,12,12,11,12,0.06
Public Method,"org.apache.commons.math3.stat.regression.MultipleLinearRegressionAbstractTest.canEstimateRegressandVariance",,,,,,,,,,,,,,6,6,3,4,0,4,2,2,0,,,,0,,,,,,,,,,,,,1,0,2,0,2,2,2,2,2,1,,,0,1,,2,2,1,2,0.00
Public Method,"org.apache.commons.math3.stat.regression.MultipleLinearRegressionAbstractTest.canEstimateRegressionParameters",,,,,,,,,,,,,,4,4,2,3,0,3,1,1,0,,,,0,,,,,,,,,,,,,2,0,2,0,1,2,2,1,1,1,,,0,0,,1,1,1,1,0.00
Public Method,"org.apache.commons.math3.stat.regression.MultipleLinearRegressionAbstractTest.canEstimateRegressionParametersVariance",,,,,,,,,,,,,,4,4,2,3,0,3,1,1,0,,,,0,,,,,,,,,,,,,2,0,2,0,1,2,2,1,1,1,,,0,0,,1,1,1,1,0.00
Public Method,"org.apache.commons.math3.stat.regression.MultipleLinearRegressionAbstractTest.canEstimateResiduals",,,,,,,,,,,,,,4,4,2,3,0,3,1,1,0,,,,0,,,,,,,,,,,,,2,0,2,0,1,2,2,1,1,1,,,0,0,,1,1,1,1,0.00
Protected Abstract Method,"org.apache.commons.math3.stat.regression.MultipleLinearRegressionAbstractTest.createRegression",,,,,,,,,,,,,,1,1,0,1,0,1,0,0,0,,,,0,,,,,,,,,,,,,7,0,1,0,0,1,1,0,0,0,,,0,0,,0,0,0,0,0.00
Protected Abstract Method,"org.apache.commons.math3.stat.regression.MultipleLinearRegressionAbstractTest.getNumberOfRegressors",,,,,,,,,,,,,,1,1,0,1,0,1,0,0,0,,,,0,,,,,,,,,,,,,3,0,1,0,0,1,1,0,0,0,,,0,0,,0,0,0,0,0.00
Protected Abstract Method,"org.apache.commons.math3.stat.regression.MultipleLinearRegressionAbstractTest.getSampleSize",,,,,,,,,,,,,,1,1,0,1,0,1,0,0,0,,,,0,,,,,,,,,,,,,2,0,1,0,0,1,1,0,0,0,,,0,0,,0,0,0,0,0.00
Public Method,"org.apache.commons.math3.stat.regression.MultipleLinearRegressionAbstractTest.setUp",,,,,,,,,,,,,,3,3,1,2,0,2,1,1,0,,,,0,,,,,,,,,,,,,2,0,1,0,1,1,1,1,1,1,,,0,0,,1,1,1,1,0.00
Public Method,"org.apache.commons.math3.stat.regression.MultipleLinearRegressionAbstractTest.testNewSample",,,,,,,,,,,,,,37,31,27,10,0,20,1,1,0,,,,0,,,,,,,,,,,,,0,1,9,5,1,19,7,13,1,1,,,0,0,,1,1,1,1,0.16
Public Method,"org.apache.commons.math3.stat.regression.MultipleLinearRegressionAbstractTest.testNewSampleInsufficientData",,,,,,,,,,,,,,4,4,2,2,0,3,1,1,0,,,,0,,,,,,,,,,,,,0,0,2,0,1,2,2,1,1,1,,,0,0,,1,1,1,1,0.00
Public Method,"org.apache.commons.math3.stat.regression.MultipleLinearRegressionAbstractTest.testNewSampleInvalidData",,,,,,,,,,,,,,4,4,2,2,0,3,1,1,0,,,,0,,,,,,,,,,,,,0,0,2,0,1,2,2,1,1,1,,,0,0,,1,1,1,1,0.00
Public Method,"org.apache.commons.math3.stat.regression.MultipleLinearRegressionAbstractTest.testNewSampleNullData",,,,,,,,,,,,,,4,4,2,2,0,3,1,1,0,,,,0,,,,,,,,,,,,,0,0,2,0,1,2,2,1,1,1,,,0,0,,1,1,1,1,0.00
Public Method,"org.apache.commons.math3.stat.regression.MultipleLinearRegressionAbstractTest.testXSampleDataNull",,,,,,,,,,,,,,3,3,1,2,0,2,1,1,0,,,,0,,,,,,,,,,,,,0,0,1,0,1,1,1,1,1,1,,,0,0,,1,1,1,1,0.00
Public Method,"org.apache.commons.math3.stat.regression.MultipleLinearRegressionAbstractTest.testYSampleDataNull",,,,,,,,,,,,,,3,3,1,2,0,2,1,1,0,,,,0,,,,,,,,,,,,,0,0,1,0,1,1,1,1,1,1,,,0,0,,1,1,1,1,0.00
Public Class,"org.apache.commons.math3.stat.regression.OLSMultipleLinearRegression",1,1,0,9,10,,0,,10,31,0,0,7,206,69,38,,,49,,,,4,1,2,,1,1,15,6,1,0,0,,,1,10,3,,13,26,124,,33,24,25,,,4,5,,3,50,15,16,10,15,1.80
Public Method,"org.apache.commons.math3.stat.regression.OLSMultipleLinearRegression.calculateAdjustedRSquared",,,,,,,,,,,,,,25,9,6,8,0,5,2,2,1,,,,0,,,,,,,,,,,,,2,0,2,16,2,3,2,3,2,1,,,0,1,,2,2,1,2,1.78
Protected Method,"org.apache.commons.math3.stat.regression.OLSMultipleLinearRegression.calculateBeta",,,,,,,,,,,,,,8,3,1,4,0,2,1,1,0,,,,0,,,,,,,,,,,,,3,0,1,5,1,1,1,1,1,1,,,0,0,,1,1,1,1,1.67
Protected Method,"org.apache.commons.math3.stat.regression.OLSMultipleLinearRegression.calculateBetaVariance",,,,,,,,,,,,,,17,6,4,10,0,5,1,1,0,,,,0,,,,,,,,,,,,,1,0,4,11,1,4,4,1,1,1,,,0,0,,1,1,1,1,1.83
Public Method,"org.apache.commons.math3.stat.regression.OLSMultipleLinearRegression.calculateHat",,,,,,,,,,,,,,35,17,12,8,1,16,4,5,1,,,,0,,,,,,,,,,,,,4,1,6,17,4,12,8,8,4,1,,,0,3,,4,5,1,4,1.00
Public Method,"org.apache.commons.math3.stat.regression.OLSMultipleLinearRegression.calculateRSquared",,,,,,,,,,,,,,13,3,1,3,0,2,1,1,0,,,,0,,,,,,,,,,,,,8,0,1,10,1,1,1,1,1,1,,,0,0,,1,1,1,1,3.33
Public Method,"org.apache.commons.math3.stat.regression.OLSMultipleLinearRegression.calculateResidualSumOfSquares",,,,,,,,,,,,,,10,4,2,3,0,3,1,1,0,,,,0,,,,,,,,,,,,,6,0,2,6,1,2,2,1,1,1,,,0,0,,1,1,1,1,1.50
Public Method,"org.apache.commons.math3.stat.regression.OLSMultipleLinearRegression.calculateTotalSumOfSquares",,,,,,,,,,,,,,20,7,4,7,0,4,2,2,1,,,,0,,,,,,,,,,,,,2,0,1,13,2,2,1,3,2,1,,,0,1,,2,2,1,2,1.86
Public Method,"org.apache.commons.math3.stat.regression.OLSMultipleLinearRegression.newSampleData",,,,,,,,,,,,,,14,5,3,3,0,4,1,1,0,,,,0,,,,,,,,,,,,,10,0,1,9,1,3,1,3,1,1,,,0,0,,1,1,1,1,1.80
Public Method,"org.apache.commons.math3.stat.regression.OLSMultipleLinearRegression.newSampleData",,,,,,,,,,,,,,8,4,2,4,0,3,1,1,0,,,,0,,,,,,,,,,,,,12,0,1,4,1,2,1,2,1,1,,,0,0,,1,1,1,1,1.00
Protected Method,"org.apache.commons.math3.stat.regression.OLSMultipleLinearRegression.newXSampleData",,,,,,,,,,,,,,9,4,2,4,0,3,1,1,0,,,,0,,,,,,,,,,,,,3,0,1,5,1,2,1,2,1,1,,,0,0,,1,1,1,1,1.25
Public Class,"org.apache.commons.math3.stat.regression.OLSMultipleLinearRegressionTest",1,1,3,4,9,,0,,18,32,0,0,14,756,593,521,,,263,,,,3,1,2,,1,1,38,31,1,0,0,,,2,18,4,,75,126,90,,236,105,158,,,3,3,,2,77,24,24,18,24,0.15
Public Method,"org.apache.commons.math3.stat.regression.OLSMultipleLinearRegressionTest.cannotAddSampleDataWithSizeMismatch",,,,,,,,,,,,,,6,6,4,2,0,5,1,1,0,,,,0,,,,,,,,,,,,,0,0,3,0,1,4,3,2,1,1,,,0,0,,1,1,1,1,0.00
Protected Method,"org.apache.commons.math3.stat.regression.OLSMultipleLinearRegressionTest.checkVarianceConsistency",,,,,,,,,,,,,,16,8,6,10,0,5,1,1,0,,,,0,,,,,,,,,,,,,4,2,3,6,1,4,3,2,1,1,,,0,0,,1,1,1,1,0.75
Protected Method,"org.apache.commons.math3.stat.regression.OLSMultipleLinearRegressionTest.createRegression",,,,,,,,,,,,,,5,5,3,2,0,4,1,1,0,,,,0,,,,,,,,,,,,,5,0,2,0,1,3,2,2,1,1,,,0,0,,1,1,1,1,0.00
Protected Method,"org.apache.commons.math3.stat.regression.OLSMultipleLinearRegressionTest.getNumberOfRegressors",,,,,,,,,,,,,,3,3,1,1,0,2,1,1,0,,,,0,,,,,,,,,,,,,2,0,1,0,1,1,1,1,1,1,,,0,0,,1,1,1,1,0.00
Protected Method,"org.apache.commons.math3.stat.regression.OLSMultipleLinearRegressionTest.getSampleSize",,,,,,,,,,,,,,3,3,1,1,0,2,1,1,0,,,,0,,,,,,,,,,,,,2,0,1,0,1,1,1,1,1,1,,,0,0,,1,1,1,1,0.00
Public Method,"org.apache.commons.math3.stat.regression.OLSMultipleLinearRegressionTest.setUp",,,,,,,,,,,,,,11,11,9,3,0,10,1,1,0,,,,0,,,,,,,,,,,,,0,0,1,0,1,9,1,9,1,1,,,0,0,,1,1,1,1,0.00
Public Method,"org.apache.commons.math3.stat.regression.OLSMultipleLinearRegressionTest.testHat",,,,,,,,,,,,,,68,43,37,11,0,22,3,3,0,,,,0,,,,,,,,,,,,,0,7,13,18,3,19,13,9,3,1,,,0,2,,3,3,1,3,0.42
Public Method,"org.apache.commons.math3.stat.regression.OLSMultipleLinearRegressionTest.testLongly",,,,,,,,,,,,,,111,72,69,11,0,27,1,1,0,,,,0,,,,,,,,,,,,,0,15,9,25,1,26,8,19,1,1,,,0,0,,1,1,1,1,0.35
Public Method,"org.apache.commons.math3.stat.regression.OLSMultipleLinearRegressionTest.testNewSample2",,,,,,,,,,,,,,30,25,22,9,0,19,1,1,0,,,,0,,,,,,,,,,,,,0,1,7,4,1,18,6,13,1,1,,,0,0,,1,1,1,1,0.16
Public Method,"org.apache.commons.math3.stat.regression.OLSMultipleLinearRegressionTest.testNewSampleDataXNull",,,,,,,,,,,,,,3,3,1,2,0,2,1,1,0,,,,0,,,,,,,,,,,,,0,0,1,0,1,1,1,1,1,1,,,0,0,,1,1,1,1,0.00
Public Method,"org.apache.commons.math3.stat.regression.OLSMultipleLinearRegressionTest.testNewSampleDataYNull",,,,,,,,,,,,,,3,3,1,2,0,2,1,1,0,,,,0,,,,,,,,,,,,,0,0,1,0,1,1,1,1,1,1,,,0,0,,1,1,1,1,0.00
Public Method,"org.apache.commons.math3.stat.regression.OLSMultipleLinearRegressionTest.testPerfectFit",,,,,,,,,,,,,,27,27,22,11,0,16,1,1,0,,,,0,,,,,,,,,,,,,2,0,8,0,1,13,8,8,1,1,,,0,0,,1,1,1,1,0.00
Anonymous Class,"org.apache.commons.math3.stat.regression.OLSMultipleLinearRegressionTest.testPerfectFit.(Anon_1)",3,1,0,0,1,,0,,1,4,0,0,1,9,9,7,,,5,,,,3,1,2,,3,3,7,7,1,0,0,,,0,1,0,,0,1,0,,3,2,3,,,3,3,,1,0,3,3,1,3,0.00
Public Method,"org.apache.commons.math3.stat.regression.OLSMultipleLinearRegressionTest.testPerfectFit.(Anon_1).visit",,,,,,,,,,,,,,7,7,5,1,0,5,3,3,1,,,,0,,,,,,,,,,,,,2,0,1,0,2,3,2,3,3,1,,,0,1,,3,3,1,3,0.00
Public Method,"org.apache.commons.math3.stat.regression.OLSMultipleLinearRegressionTest.testSwissFertility",,,,,,,,,,,,,,151,121,118,11,0,28,1,1,0,,,,0,,,,,,,,,,,,,0,14,9,16,1,27,8,20,1,1,,,0,0,,1,1,1,1,0.13
Public Method,"org.apache.commons.math3.stat.regression.OLSMultipleLinearRegressionTest.testWampler1",,,,,,,,,,,,,,62,57,54,8,0,28,2,2,0,,,,0,,,,,,,,,,,,,0,5,11,0,2,26,11,17,2,1,,,0,1,,2,2,1,2,0.00
Public Method,"org.apache.commons.math3.stat.regression.OLSMultipleLinearRegressionTest.testWampler2",,,,,,,,,,,,,,62,59,56,8,0,28,2,2,0,,,,0,,,,,,,,,,,,,0,3,11,0,2,26,11,17,2,1,,,0,1,,2,2,1,2,0.00
Public Method,"org.apache.commons.math3.stat.regression.OLSMultipleLinearRegressionTest.testWampler3",,,,,,,,,,,,,,63,60,57,8,0,28,2,2,0,,,,0,,,,,,,,,,,,,0,3,11,1,2,26,11,17,2,1,,,0,1,,2,2,1,2,0.02
Public Method,"org.apache.commons.math3.stat.regression.OLSMultipleLinearRegressionTest.testWampler4",,,,,,,,,,,,,,63,60,57,8,0,28,2,2,0,,,,0,,,,,,,,,,,,,0,3,11,0,2,26,11,17,2,1,,,0,1,,2,2,1,2,0.00
Public Method,"org.apache.commons.math3.stat.regression.OLSMultipleLinearRegressionTest.testYVariance",,,,,,,,,,,,,,11,5,3,3,0,4,1,1,0,,,,0,,,,,,,,,,,,,2,2,2,4,1,3,2,2,1,1,,,0,0,,1,1,1,1,0.80
Public Class,"org.apache.commons.math3.stat.regression.RegressionResults",2,1,0,10,3,,6,,17,17,0,2,15,398,174,102,,,118,,,,6,6,1,,2,2,20,9,2,0,0,,,7,17,0,,21,42,204,,78,36,82,,,6,6,,3,80,40,46,27,40,1.17
Private Constructor,"org.apache.commons.math3.stat.regression.RegressionResults.RegressionResults",,,,,,,,,,,,,,13,9,7,8,0,8,1,1,0,,,,0,,,,,,,,,,,,,0,0,1,4,1,7,1,7,1,1,,,0,0,,1,1,1,1,0.44
Public Constructor,"org.apache.commons.math3.stat.regression.RegressionResults.RegressionResults",,,,,,,,,,,,,,62,42,30,10,1,24,6,6,2,,,,0,,,,,,,,,,,,,21,3,7,17,12,19,2,22,6,1,,,0,2,,6,6,1,6,0.40
Public Method,"org.apache.commons.math3.stat.regression.RegressionResults.getAdjustedRSquared",,,,,,,,,,,,,,17,3,1,1,0,2,1,1,0,,,,0,,,,,,,,,,,,,5,0,1,14,1,1,1,1,1,1,,,0,0,,1,1,1,1,4.67
Public Method,"org.apache.commons.math3.stat.regression.RegressionResults.getCovarianceOfParameters",,,,,,,,,,,,,,24,12,7,3,1,8,4,6,1,,,,0,,,,,,,,,,,,,6,0,1,12,5,4,1,7,4,1,,,0,1,,4,6,1,4,1.00
Public Method,"org.apache.commons.math3.stat.regression.RegressionResults.getErrorSumSquares",,,,,,,,,,,,,,21,3,1,1,0,2,1,1,0,,,,0,,,,,,,,,,,,,10,0,1,18,1,1,1,1,1,1,,,0,0,,1,1,1,1,6.00
Public Method,"org.apache.commons.math3.stat.regression.RegressionResults.getMeanSquareError",,,,,,,,,,,,,,13,3,1,1,0,2,1,1,0,,,,0,,,,,,,,,,,,,12,0,1,10,1,1,1,1,1,1,,,0,0,,1,1,1,1,3.33
Public Method,"org.apache.commons.math3.stat.regression.RegressionResults.getN",,,,,,,,,,,,,,8,3,1,1,0,2,1,1,0,,,,0,,,,,,,,,,,,,2,0,1,5,1,1,1,1,1,1,,,0,0,,1,1,1,1,1.67
Public Method,"org.apache.commons.math3.stat.regression.RegressionResults.getNumberOfParameters",,,,,,,,,,,,,,14,6,3,1,0,4,2,2,1,,,,0,,,,,,,,,,,,,2,0,1,8,2,2,1,3,2,1,,,0,1,,2,2,1,2,1.33
Public Method,"org.apache.commons.math3.stat.regression.RegressionResults.getParameterEstimate",,,,,,,,,,,,,,20,9,5,2,0,6,3,4,1,,,,0,,,,,,,,,,,,,4,0,1,11,3,3,1,5,3,1,,,0,1,,3,4,1,3,1.22
Public Method,"org.apache.commons.math3.stat.regression.RegressionResults.getParameterEstimates",,,,,,,,,,,,,,16,6,3,2,0,4,2,2,1,,,,0,,,,,,,,,,,,,12,0,1,10,2,2,1,3,2,1,,,0,1,,2,2,1,2,1.67
Public Method,"org.apache.commons.math3.stat.regression.RegressionResults.getRSquared",,,,,,,,,,,,,,17,3,1,1,0,2,1,1,0,,,,0,,,,,,,,,,,,,12,0,1,14,1,1,1,1,1,1,,,0,0,,1,1,1,1,4.67
Public Method,"org.apache.commons.math3.stat.regression.RegressionResults.getRegressionSumSquares",,,,,,,,,,,,,,19,3,1,1,0,2,1,1,0,,,,0,,,,,,,,,,,,,4,0,1,16,1,1,1,1,1,1,,,0,0,,1,1,1,1,5.33
Public Method,"org.apache.commons.math3.stat.regression.RegressionResults.getStdErrorOfEstimate",,,,,,,,,,,,,,23,13,8,5,1,9,4,6,2,,,,2,,,,,,,,,,,,,4,0,2,10,5,5,2,7,4,3,,,2,1,,4,6,3,4,0.77
Public Method,"org.apache.commons.math3.stat.regression.RegressionResults.getStdErrorOfEstimates",,,,,,,,,,,,,,26,15,10,4,1,13,4,5,2,,,,2,,,,,,,,,,,,,13,0,3,11,4,9,4,9,4,4,,,2,2,,4,5,4,4,0.73
Public Method,"org.apache.commons.math3.stat.regression.RegressionResults.getTotalSumSquares",,,,,,,,,,,,,,13,3,1,1,0,2,1,1,0,,,,0,,,,,,,,,,,,,2,0,1,10,1,1,1,1,1,1,,,0,0,,1,1,1,1,3.33
Private Method,"org.apache.commons.math3.stat.regression.RegressionResults.getVcvElement",,,,,,,,,,,,,,29,21,15,1,1,12,6,6,11,,,,11,,,,,,,,,,,,,8,0,1,9,6,6,1,11,6,6,,,11,3,,6,6,6,6,0.43
Public Method,"org.apache.commons.math3.stat.regression.RegressionResults.hasIntercept",,,,,,,,,,,,,,9,3,1,1,0,2,1,1,0,,,,0,,,,,,,,,,,,,1,0,1,6,1,1,1,1,1,1,,,0,0,,1,1,1,1,2.00
Public Class,"org.apache.commons.math3.stat.regression.SimpleRegression",2,1,0,12,10,,1,,31,31,0,2,29,811,330,226,,,227,,,,14,6,1,,2,2,22,10,3,0,0,,,9,31,0,,45,82,438,,154,84,143,,,14,19,,4,77,78,89,41,78,1.33
Public Constructor,"org.apache.commons.math3.stat.regression.SimpleRegression.SimpleRegression",,,,,,,,,,,,,,6,3,1,2,0,2,1,1,0,,,,0,,,,,,,,,,,,,17,0,1,3,1,1,1,1,1,1,,,0,0,,1,1,1,1,1.00
Public Constructor,"org.apache.commons.math3.stat.regression.SimpleRegression.SimpleRegression",,,,,,,,,,,,,,15,4,2,2,0,3,1,1,0,,,,0,,,,,,,,,,,,,6,0,1,11,1,2,1,2,1,1,,,0,0,,1,1,1,1,2.75
Public Method,"org.apache.commons.math3.stat.regression.SimpleRegression.addData",,,,,,,,,,,,,,40,27,22,8,1,22,4,4,1,,,,0,,,,,,,,,,,,,23,0,5,13,6,18,5,17,4,1,,,0,2,,4,4,1,4,0.48
Public Method,"org.apache.commons.math3.stat.regression.SimpleRegression.addData",,,,,,,,,,,,,,28,10,6,2,0,8,3,3,0,,,,0,,,,,,,,,,,,,10,0,1,18,3,5,2,6,3,1,,,0,2,,3,3,1,3,1.80
Public Method,"org.apache.commons.math3.stat.regression.SimpleRegression.addObservation",,,,,,,,,,,,,,15,7,4,2,0,5,3,4,0,,,,0,,,,,,,,,,,,,4,0,1,8,2,3,1,4,3,1,,,0,1,,3,4,1,3,1.14
Public Method,"org.apache.commons.math3.stat.regression.SimpleRegression.addObservations",,,,,,,,,,,,,,33,23,16,2,1,16,8,11,0,,,,0,,,,,,,,,,,,,5,0,2,10,24,10,4,12,8,1,,,0,2,,8,11,1,8,0.43
Public Method,"org.apache.commons.math3.stat.regression.SimpleRegression.clear",,,,,,,,,,,,,,11,8,6,6,0,7,1,1,0,,,,0,,,,,,,,,,,,,1,0,1,3,1,6,1,6,1,1,,,0,0,,1,1,1,1,0.38
Public Method,"org.apache.commons.math3.stat.regression.SimpleRegression.getIntercept",,,,,,,,,,,,,,22,3,1,3,0,2,2,2,0,,,,0,,,,,,,,,,,,,8,0,1,19,1,1,1,1,2,1,,,0,0,,2,2,1,2,6.33
Private Method,"org.apache.commons.math3.stat.regression.SimpleRegression.getIntercept",,,,,,,,,,,,,,14,6,3,1,0,4,2,2,1,,,,0,,,,,,,,,,,,,7,0,1,8,2,2,1,3,2,1,,,0,1,,2,2,1,2,1.33
Public Method,"org.apache.commons.math3.stat.regression.SimpleRegression.getInterceptStdErr",,,,,,,,,,,,,,19,7,4,3,0,4,2,2,1,,,,0,,,,,,,,,,,,,11,0,1,12,2,2,1,3,2,1,,,0,1,,2,2,1,2,1.71
Public Method,"org.apache.commons.math3.stat.regression.SimpleRegression.getMeanSquareError",,,,,,,,,,,,,,16,6,3,2,0,4,3,3,1,,,,0,,,,,,,,,,,,,10,0,1,10,2,2,1,3,3,1,,,0,1,,3,3,1,3,1.67
Public Method,"org.apache.commons.math3.stat.regression.SimpleRegression.getN",,,,,,,,,,,,,,8,3,1,1,0,2,1,1,0,,,,0,,,,,,,,,,,,,11,0,1,5,1,1,1,1,1,1,,,0,0,,1,1,1,1,1.67
Public Method,"org.apache.commons.math3.stat.regression.SimpleRegression.getR",,,,,,,,,,,,,,22,8,5,4,0,6,2,2,0,,,,0,,,,,,,,,,,,,3,0,3,14,2,4,3,3,2,1,,,0,1,,2,2,1,2,1.75
Public Method,"org.apache.commons.math3.stat.regression.SimpleRegression.getRSquare",,,,,,,,,,,,,,18,4,2,3,0,3,1,1,0,,,,0,,,,,,,,,,,,,8,0,2,14,1,2,2,1,1,1,,,0,0,,1,1,1,1,3.50
Public Method,"org.apache.commons.math3.stat.regression.SimpleRegression.getRegressionSumSquares",,,,,,,,,,,,,,19,3,1,3,0,2,1,1,0,,,,0,,,,,,,,,,,,,5,0,1,16,1,1,1,1,1,1,,,0,0,,1,1,1,1,5.33
Private Method,"org.apache.commons.math3.stat.regression.SimpleRegression.getRegressionSumSquares",,,,,,,,,,,,,,9,3,1,1,0,2,1,1,0,,,,0,,,,,,,,,,,,,3,0,1,6,1,1,1,1,1,1,,,0,0,,1,1,1,1,2.00
Public Method,"org.apache.commons.math3.stat.regression.SimpleRegression.getSignificance",,,,,,,,,,,,,,27,5,3,6,0,3,1,1,0,,,,0,,,,,,,,,,,,,8,0,2,22,1,2,2,1,1,1,,,0,0,,1,1,1,1,4.40
Public Method,"org.apache.commons.math3.stat.regression.SimpleRegression.getSlope",,,,,,,,,,,,,,25,9,5,2,0,6,3,3,2,,,,2,,,,,,,,,,,,,17,0,1,18,3,3,1,5,3,3,,,2,1,,3,3,3,3,2.00
Public Method,"org.apache.commons.math3.stat.regression.SimpleRegression.getSlopeConfidenceInterval",,,,,,,,,,,,,,25,3,1,2,0,2,1,1,0,,,,0,,,,,,,,,,,,,4,0,1,22,1,1,1,1,1,1,,,0,0,,1,1,1,1,7.33
Public Method,"org.apache.commons.math3.stat.regression.SimpleRegression.getSlopeConfidenceInterval",,,,,,,,,,,,,,40,9,6,5,0,5,2,3,0,,,,0,,,,,,,,,,,,,5,0,2,31,2,3,2,3,2,1,,,0,1,,2,3,1,2,3.44
Public Method,"org.apache.commons.math3.stat.regression.SimpleRegression.getSlopeStdErr",,,,,,,,,,,,,,14,3,1,3,0,2,1,1,0,,,,0,,,,,,,,,,,,,12,0,1,11,1,1,1,1,1,1,,,0,0,,1,1,1,1,3.67
Public Method,"org.apache.commons.math3.stat.regression.SimpleRegression.getSumOfCrossProducts",,,,,,,,,,,,,,8,3,1,1,0,2,1,1,0,,,,0,,,,,,,,,,,,,1,0,1,5,1,1,1,1,1,1,,,0,0,,1,1,1,1,1.67
Public Method,"org.apache.commons.math3.stat.regression.SimpleRegression.getSumSquaredErrors",,,,,,,,,,,,,,32,3,1,2,0,2,1,1,0,,,,0,,,,,,,,,,,,,13,0,1,29,1,1,1,1,1,1,,,0,0,,1,1,1,1,9.67
Public Method,"org.apache.commons.math3.stat.regression.SimpleRegression.getTotalSumSquares",,,,,,,,,,,,,,16,6,3,1,0,4,2,2,1,,,,0,,,,,,,,,,,,,4,0,1,10,2,2,1,3,2,1,,,0,1,,2,2,1,2,1.67
Public Method,"org.apache.commons.math3.stat.regression.SimpleRegression.getXSumSquares",,,,,,,,,,,,,,13,6,3,1,0,4,2,2,1,,,,0,,,,,,,,,,,,,2,0,1,7,2,2,1,3,2,1,,,0,1,,2,2,1,2,1.17
Public Method,"org.apache.commons.math3.stat.regression.SimpleRegression.hasIntercept",,,,,,,,,,,,,,9,3,1,1,0,2,1,1,0,,,,0,,,,,,,,,,,,,1,0,1,6,1,1,1,1,1,1,,,0,0,,1,1,1,1,2.00
Public Method,"org.apache.commons.math3.stat.regression.SimpleRegression.predict",,,,,,,,,,,,,,24,7,4,3,0,5,2,2,1,,,,0,,,,,,,,,,,,,4,0,2,17,2,3,2,3,2,1,,,0,1,,2,2,1,2,2.43
Public Method,"org.apache.commons.math3.stat.regression.SimpleRegression.regress",,,,,,,,,,,,,,51,45,38,9,1,22,6,6,4,,,,4,,,,,,,,,,,,,11,0,13,6,8,16,11,11,6,4,,,4,2,,6,6,4,6,0.13
Public Method,"org.apache.commons.math3.stat.regression.SimpleRegression.regress",,,,,,,,,,,,,,74,60,48,8,2,38,14,19,12,,,,10,,,,,,,,,,,,,13,3,13,11,64,25,13,25,14,6,,,10,4,,14,19,6,14,0.18
Public Method,"org.apache.commons.math3.stat.regression.SimpleRegression.removeData",,,,,,,,,,,,,,39,26,22,8,0,22,3,3,1,,,,0,,,,,,,,,,,,,10,0,6,13,3,19,6,16,3,1,,,0,2,,3,3,1,3,0.50
Public Method,"org.apache.commons.math3.stat.regression.SimpleRegression.removeData",,,,,,,,,,,,,,18,5,2,1,0,5,2,3,0,,,,0,,,,,,,,,,,,,7,0,1,13,2,3,2,3,2,1,,,0,1,,2,3,1,2,2.60
Public Class,"org.apache.commons.math3.stat.regression.SimpleRegressionTest",1,1,1,1,4,,0,,19,19,0,0,19,472,363,288,,,255,,,,2,1,1,,1,1,17,15,1,0,0,,,10,19,0,,50,112,59,,227,68,187,,,2,3,,1,87,27,28,19,27,0.16
Public Method,"org.apache.commons.math3.stat.regression.SimpleRegressionTest.testClear",,,,,,,,,,,,,,11,11,9,6,0,10,1,1,0,,,,0,,,,,,,,,,,,,2,0,2,0,1,9,2,8,1,1,,,0,0,,1,1,1,1,0.00
Public Method,"org.apache.commons.math3.stat.regression.SimpleRegressionTest.testCorr",,,,,,,,,,,,,,7,7,5,6,0,6,1,1,0,,,,0,,,,,,,,,,,,,1,0,2,0,1,5,2,4,1,1,,,0,0,,1,1,1,1,0.00
Public Method,"org.apache.commons.math3.stat.regression.SimpleRegressionTest.testInference",,,,,,,,,,,,,,38,29,26,10,0,17,2,2,1,,,,0,,,,,,,,,,,,,2,3,2,6,2,15,2,15,2,1,,,0,1,,2,2,1,2,0.21
Public Method,"org.apache.commons.math3.stat.regression.SimpleRegressionTest.testNaNs",,,,,,,,,,,,,,57,45,43,15,0,44,1,1,0,,,,0,,,,,,,,,,,,,0,8,2,4,1,43,2,42,1,1,,,0,0,,1,1,1,1,0.09
Public Method,"org.apache.commons.math3.stat.regression.SimpleRegressionTest.testNoInterceot_noint2",,,,,,,,,,,,,,20,20,18,11,0,13,1,1,0,,,,0,,,,,,,,,,,,,1,0,2,0,1,12,2,11,1,1,,,0,0,,1,1,1,1,0.00
Public Method,"org.apache.commons.math3.stat.regression.SimpleRegressionTest.testNoIntercept_noint1",,,,,,,,,,,,,,20,19,16,11,0,14,2,2,0,,,,0,,,,,,,,,,,,,2,1,2,0,2,12,3,11,2,1,,,0,1,,2,2,1,2,0.00
Public Method,"org.apache.commons.math3.stat.regression.SimpleRegressionTest.testNorris",,,,,,,,,,,,,,30,26,23,13,0,17,2,2,0,,,,0,,,,,,,,,,,,,2,1,2,3,2,15,3,14,2,1,,,0,1,,2,2,1,2,0.12
Public Method,"org.apache.commons.math3.stat.regression.SimpleRegressionTest.testPerfect",,,,,,,,,,,,,,10,10,7,7,0,10,2,2,0,,,,0,,,,,,,,,,,,,0,0,3,0,2,8,4,6,2,1,,,0,1,,2,2,1,2,0.00
Public Method,"org.apache.commons.math3.stat.regression.SimpleRegressionTest.testPerfectNegative",,,,,,,,,,,,,,10,9,6,6,0,9,2,2,0,,,,0,,,,,,,,,,,,,0,1,3,0,2,7,4,5,2,1,,,0,1,,2,2,1,2,0.00
Public Method,"org.apache.commons.math3.stat.regression.SimpleRegressionTest.testRandom",,,,,,,,,,,,,,11,10,7,5,0,9,2,3,0,,,,0,,,,,,,,,,,,,0,1,4,0,2,7,5,4,2,1,,,0,1,,2,3,1,2,0.00
Public Method,"org.apache.commons.math3.stat.regression.SimpleRegressionTest.testRegressIfaceMethod",,,,,,,,,,,,,,46,40,37,23,0,40,2,2,0,,,,0,,,,,,,,,,,,,2,5,8,1,2,38,9,31,2,1,,,0,1,,2,2,1,2,0.03
Public Method,"org.apache.commons.math3.stat.regression.SimpleRegressionTest.testRemoveMultiple",,,,,,,,,,,,,,16,14,12,8,0,9,1,1,0,,,,0,,,,,,,,,,,,,2,0,2,2,1,8,2,7,1,1,,,0,0,,1,1,1,1,0.14
Public Method,"org.apache.commons.math3.stat.regression.SimpleRegressionTest.testRemoveMultiplePastEmpty",,,,,,,,,,,,,,6,6,4,5,0,5,1,1,0,,,,0,,,,,,,,,,,,,3,0,2,0,1,4,2,3,1,1,,,0,0,,1,1,1,1,0.00
Public Method,"org.apache.commons.math3.stat.regression.SimpleRegressionTest.testRemoveMultipleToEmpty",,,,,,,,,,,,,,6,6,4,5,0,5,1,1,0,,,,0,,,,,,,,,,,,,1,0,2,0,1,4,2,3,1,1,,,0,0,,1,1,1,1,0.00
Public Method,"org.apache.commons.math3.stat.regression.SimpleRegressionTest.testRemoveObsFromEmpty",,,,,,,,,,,,,,5,5,3,4,0,4,1,1,0,,,,0,,,,,,,,,,,,,2,0,2,0,1,3,2,2,1,1,,,0,0,,1,1,1,1,0.00
Public Method,"org.apache.commons.math3.stat.regression.SimpleRegressionTest.testRemoveObsFromSingle",,,,,,,,,,,,,,6,6,4,5,0,5,1,1,0,,,,0,,,,,,,,,,,,,2,0,2,0,1,4,2,3,1,1,,,0,0,,1,1,1,1,0.00
Public Method,"org.apache.commons.math3.stat.regression.SimpleRegressionTest.testRemoveSingle",,,,,,,,,,,,,,16,14,12,8,0,9,1,1,0,,,,0,,,,,,,,,,,,,2,0,2,2,1,8,2,7,1,1,,,0,0,,1,1,1,1,0.14
Public Method,"org.apache.commons.math3.stat.regression.SimpleRegressionTest.testRemoveXY",,,,,,,,,,,,,,16,14,12,9,0,9,1,1,0,,,,0,,,,,,,,,,,,,3,0,2,2,1,8,2,7,1,1,,,0,0,,1,1,1,1,0.14
Public Method,"org.apache.commons.math3.stat.regression.SimpleRegressionTest.testSSENonNegative",,,,,,,,,,,,,,9,9,6,4,0,9,2,2,0,,,,0,,,,,,,,,,,,,1,0,4,0,2,7,5,4,2,1,,,0,1,,2,2,1,2,0.00
Public Interface,"org.apache.commons.math3.stat.regression.UpdatingMultipleLinearRegression",0,0,0,0,2,,0,,7,7,7,0,0,61,9,0,,,8,,,,0,0,0,,0,0,0,0,0,2,0,,,0,7,0,,8,8,44,,7,8,0,,,0,0,,0,0,0,0,0,0,4.89
Abstract Method,"org.apache.commons.math3.stat.regression.UpdatingMultipleLinearRegression.addObservation",,,,,,,,,,,,,,9,1,0,0,0,1,0,0,0,,,,0,,,,,,,,,,,,,1,0,1,8,0,1,1,0,0,0,,,0,0,,0,0,0,0,8.00
Abstract Method,"org.apache.commons.math3.stat.regression.UpdatingMultipleLinearRegression.addObservations",,,,,,,,,,,,,,11,1,0,0,0,1,0,0,0,,,,0,,,,,,,,,,,,,0,0,1,10,0,1,1,0,0,0,,,0,0,,0,0,0,0,10.00
Abstract Method,"org.apache.commons.math3.stat.regression.UpdatingMultipleLinearRegression.clear",,,,,,,,,,,,,,5,1,0,0,0,1,0,0,0,,,,0,,,,,,,,,,,,,0,0,1,4,0,1,1,0,0,0,,,0,0,,0,0,0,0,4.00
Abstract Method,"org.apache.commons.math3.stat.regression.UpdatingMultipleLinearRegression.getN",,,,,,,,,,,,,,6,1,0,1,0,1,0,0,0,,,,0,,,,,,,,,,,,,0,0,1,5,0,1,1,0,0,0,,,0,0,,0,0,0,0,5.00
Abstract Method,"org.apache.commons.math3.stat.regression.UpdatingMultipleLinearRegression.hasIntercept",,,,,,,,,,,,,,6,1,0,1,0,1,0,0,0,,,,0,,,,,,,,,,,,,0,0,1,5,0,1,1,0,0,0,,,0,0,,0,0,0,0,5.00
Abstract Method,"org.apache.commons.math3.stat.regression.UpdatingMultipleLinearRegression.regress",,,,,,,,,,,,,,6,1,0,1,0,1,0,0,0,,,,0,,,,,,,,,,,,,1,0,1,5,0,1,1,0,0,0,,,0,0,,0,0,0,0,5.00
Abstract Method,"org.apache.commons.math3.stat.regression.UpdatingMultipleLinearRegression.regress",,,,,,,,,,,,,,8,1,0,1,0,1,0,0,0,,,,0,,,,,,,,,,,,,1,0,1,7,0,1,1,0,0,0,,,0,0,,0,0,0,0,7.00
Package,"org.apache.commons.math3.transform",2,1,1,5,,16,9,16,106,,34,17,67,3486,1793,1088,,,1449,,,,13,4,,,2,2,20,13,,,16,,,21,122,4,,307,729,1388,,1147,683,766,,,13,13,,3,,302,303,119,301,0.77
Public Enum Type,"org.apache.commons.math3.transform.DctNormalization",1,1,0,0,1,,0,,2,2,0,0,2,52,4,0,,,1,,,,1,1,1,,1,1,0,0,1,0,0,,,2,2,0,,1,3,47,,1,1,0,,,1,1,,0,100,2,2,2,2,11.75
Public Method,"org.apache.commons.math3.transform.DctNormalization.valueOf",,,,,,,,,,,,,,0,0,0,1,0,0,1,1,0,,,,0,,,,,,,,,,,,,0,0,0,0,0,0,0,0,1,1,,,0,0,,1,1,1,1,0.00
Public Method,"org.apache.commons.math3.transform.DctNormalization.values",,,,,,,,,,,,,,0,0,0,1,0,0,1,1,0,,,,0,,,,,,,,,,,,,1,0,0,0,0,0,0,0,1,1,,,0,0,,1,1,1,1,0.00
Public Enum Type,"org.apache.commons.math3.transform.DftNormalization",1,1,0,0,1,,0,,2,2,0,0,2,43,4,0,,,1,,,,1,1,1,,1,1,0,0,1,0,0,,,2,2,0,,1,3,38,,1,1,0,,,1,1,,0,100,2,2,2,2,9.50
Public Method,"org.apache.commons.math3.transform.DftNormalization.valueOf",,,,,,,,,,,,,,0,0,0,1,0,0,1,1,0,,,,0,,,,,,,,,,,,,0,0,0,0,0,0,0,0,1,1,,,0,0,,1,1,1,1,0.00
Public Method,"org.apache.commons.math3.transform.DftNormalization.values",,,,,,,,,,,,,,0,0,0,1,0,0,1,1,0,,,,0,,,,,,,,,,,,,8,0,0,0,0,0,0,0,1,1,,,0,0,,1,1,1,1,0.00
Public Enum Type,"org.apache.commons.math3.transform.DstNormalization",1,1,0,0,1,,0,,2,2,0,0,2,43,4,0,,,1,,,,1,1,1,,1,1,0,0,1,0,0,,,2,2,0,,1,3,38,,0,1,0,,,1,1,,0,100,2,2,2,2,9.50
Public Method,"org.apache.commons.math3.transform.DstNormalization.valueOf",,,,,,,,,,,,,,0,0,0,1,0,0,1,1,0,,,,0,,,,,,,,,,,,,0,0,0,0,0,0,0,0,1,1,,,0,0,,1,1,1,1,0.00
Public Method,"org.apache.commons.math3.transform.DstNormalization.values",,,,,,,,,,,,,,0,0,0,1,0,0,1,1,0,,,,0,,,,,,,,,,,,,1,0,0,0,0,0,0,0,1,1,,,0,0,,1,1,1,1,0.00
Public Class,"org.apache.commons.math3.transform.FastCosineTransformer",2,1,1,8,12,,1,,4,4,0,0,3,159,68,45,,,54,,,,5,3,1,,2,2,26,16,3,0,0,,,1,4,1,,12,23,80,,42,22,32,,,5,5,,2,75,11,11,6,11,1.18
Public Constructor,"org.apache.commons.math3.transform.FastCosineTransformer.FastCosineTransformer",,,,,,,,,,,,,,10,3,1,2,0,2,1,1,0,,,,0,,,,,,,,,,,,,5,0,1,7,1,1,1,1,1,1,,,0,0,,1,1,1,1,2.33
Protected Method,"org.apache.commons.math3.transform.FastCosineTransformer.fct",,,,,,,,,,,,,,54,38,30,10,1,34,5,5,1,,,,0,,,,,,,,,,,,,7,5,11,12,10,29,12,22,5,1,,,0,1,,5,5,1,5,0.32
Public Method,"org.apache.commons.math3.transform.FastCosineTransformer.transform",,,,,,,,,,,,,,23,17,11,4,1,12,4,4,4,,,,3,,,,,,,,,,,,,8,0,4,6,4,8,4,8,4,3,,,3,2,,4,4,3,4,0.35
Public Method,"org.apache.commons.math3.transform.FastCosineTransformer.transform",,,,,,,,,,,,,,17,6,2,3,0,3,1,1,0,,,,0,,,,,,,,,,,,,7,1,4,10,1,2,2,1,1,1,,,0,0,,1,1,1,1,1.67
Public Class,"org.apache.commons.math3.transform.FastCosineTransformerTest",2,1,0,1,10,,0,,14,34,10,0,5,245,186,106,,,133,,,,10,1,2,,2,2,12,11,1,0,1,,,4,15,0,,29,63,30,,98,49,84,,,10,10,,2,81,34,34,15,34,0.16
Public Constructor,"org.apache.commons.math3.transform.FastCosineTransformerTest.FastCosineTransformerTest",,,,,,,,,,,,,,12,12,10,5,0,5,1,1,0,,,,0,,,,,,,,,,,,,1,0,1,0,1,4,1,4,1,1,,,0,0,,1,1,1,1,0.00
Method,"org.apache.commons.math3.transform.FastCosineTransformerTest.createRealTransformer",,,,,,,,,,,,,,3,3,1,2,0,2,1,1,0,,,,0,,,,,,,,,,,,,1,0,1,0,1,1,1,1,1,1,,,0,0,,1,1,1,1,0.00
Public Static Method,"org.apache.commons.math3.transform.FastCosineTransformerTest.data",,,,,,,,,,,,,,14,8,5,3,0,8,2,2,0,,,,0,,,,,,,,,,,,,1,0,3,6,2,6,4,4,2,1,,,0,1,,2,2,1,2,0.75
Method,"org.apache.commons.math3.transform.FastCosineTransformerTest.getInvalidDataSize",,,,,,,,,,,,,,3,3,1,1,0,2,1,1,0,,,,0,,,,,,,,,,,,,2,0,1,0,1,1,1,1,1,1,,,0,0,,1,1,1,1,0.00
Method,"org.apache.commons.math3.transform.FastCosineTransformerTest.getNumberOfInvalidDataSizes",,,,,,,,,,,,,,3,3,1,1,0,2,1,1,0,,,,0,,,,,,,,,,,,,2,0,1,0,1,1,1,1,1,1,,,0,0,,1,1,1,1,0.00
Method,"org.apache.commons.math3.transform.FastCosineTransformerTest.getNumberOfValidDataSizes",,,,,,,,,,,,,,3,3,1,1,0,2,1,1,0,,,,0,,,,,,,,,,,,,2,0,1,0,1,1,1,1,1,1,,,0,0,,1,1,1,1,0.00
Method,"org.apache.commons.math3.transform.FastCosineTransformerTest.getRelativeTolerance",,,,,,,,,,,,,,3,3,1,1,0,2,1,1,0,,,,0,,,,,,,,,,,,,2,0,1,0,1,1,1,1,1,1,,,0,0,,1,1,1,1,0.00
Method,"org.apache.commons.math3.transform.FastCosineTransformerTest.getValidDataSize",,,,,,,,,,,,,,3,3,1,1,0,2,1,1,0,,,,0,,,,,,,,,,,,,2,0,1,0,1,1,1,1,1,1,,,0,0,,1,1,1,1,0.00
Method,"org.apache.commons.math3.transform.FastCosineTransformerTest.getValidFunction",,,,,,,,,,,,,,3,3,1,2,0,2,1,1,0,,,,0,,,,,,,,,,,,,0,0,1,0,1,1,1,1,1,1,,,0,0,,1,1,1,1,0.00
Method,"org.apache.commons.math3.transform.FastCosineTransformerTest.getValidLowerBound",,,,,,,,,,,,,,3,3,1,1,0,2,1,1,0,,,,0,,,,,,,,,,,,,0,0,1,0,1,1,1,1,1,1,,,0,0,,1,1,1,1,0.00
Method,"org.apache.commons.math3.transform.FastCosineTransformerTest.getValidUpperBound",,,,,,,,,,,,,,3,3,1,1,0,2,1,1,0,,,,0,,,,,,,,,,,,,1,0,1,0,1,1,1,1,1,1,,,0,0,,1,1,1,1,0.00
Public Method,"org.apache.commons.math3.transform.FastCosineTransformerTest.testAdHocData",,,,,,,,,,,,,,39,32,20,5,1,28,5,5,0,,,,0,,,,,,,,,,,,,5,6,10,1,16,23,9,19,5,1,,,0,1,,5,5,1,5,0.03
Public Method,"org.apache.commons.math3.transform.FastCosineTransformerTest.testParameters",,,,,,,,,,,,,,31,23,16,3,1,13,4,4,3,,,,0,,,,,,,,,,,,,2,1,4,7,8,9,3,10,4,1,,,0,1,,4,4,1,4,0.30
Public Method,"org.apache.commons.math3.transform.FastCosineTransformerTest.testSinFunction",,,,,,,,,,,,,,27,24,16,3,1,21,3,3,0,,,,0,,,,,,,,,,,,,3,2,9,1,4,18,8,13,3,1,,,0,1,,3,3,1,3,0.04
Method,"org.apache.commons.math3.transform.FastCosineTransformerTest.transform",,,,,,,,,,,,,,43,39,30,5,2,35,10,10,6,,,,0,,,,,,,,,,,,,9,0,7,4,42,25,10,25,10,1,,,0,2,,10,10,1,10,0.10
Public Class,"org.apache.commons.math3.transform.FastFourierTransformer",3,1,3,15,14,,3,,6,9,0,3,6,658,364,269,,,271,,,,13,3,1,,3,4,43,24,2,0,3,,,1,9,0,,69,144,225,,213,115,156,,,13,13,,3,86,35,36,11,34,0.62
Public Constructor,"org.apache.commons.math3.transform.FastFourierTransformer.FastFourierTransformer",,,,,,,,,,,,,,10,3,1,2,0,2,1,1,0,,,,0,,,,,,,,,,,,,15,0,1,7,1,1,1,1,1,1,,,0,0,,1,1,1,1,2.33
Private Static Class,"org.apache.commons.math3.transform.FastFourierTransformer.MultiDimensionalComplexMatrix",3,1,2,5,2,,0,,7,7,0,1,6,178,105,66,,,75,,,,6,4,1,,3,3,21,14,2,0,0,,,2,7,0,,23,26,50,,52,28,47,,,6,6,,3,28,22,22,10,22,0.48
Public Constructor,"org.apache.commons.math3.transform.FastFourierTransformer.MultiDimensionalComplexMatrix.MultiDimensionalComplexMatrix",,,,,,,,,,,,,,33,19,14,3,1,15,3,3,0,,,,0,,,,,,,,,,,,,4,5,5,9,4,14,6,9,3,1,,,0,1,,3,3,1,3,0.47
Public Method,"org.apache.commons.math3.transform.FastFourierTransformer.MultiDimensionalComplexMatrix.clone",,,,,,,,,,,,,,8,7,4,4,0,4,1,1,0,,,,0,,,,,,,,,,,,,3,0,3,1,1,3,2,2,1,1,,,0,0,,1,1,1,1,0.14
Private Method,"org.apache.commons.math3.transform.FastFourierTransformer.MultiDimensionalComplexMatrix.clone",,,,,,,,,,,,,,30,23,16,3,1,21,6,6,2,,,,2,,,,,,,,,,,,,4,2,4,5,16,13,8,13,6,4,,,2,3,,6,6,4,6,0.22
Public Method,"org.apache.commons.math3.transform.FastFourierTransformer.MultiDimensionalComplexMatrix.get",,,,,,,,,,,,,,31,21,14,2,1,13,5,5,1,,,,0,,,,,,,,,,,,,7,3,3,7,6,8,3,10,5,1,,,0,2,,5,5,1,5,0.33
Public Method,"org.apache.commons.math3.transform.FastFourierTransformer.MultiDimensionalComplexMatrix.getArray",,,,,,,,,,,,,,8,3,1,1,0,2,1,1,0,,,,0,,,,,,,,,,,,,2,0,1,5,1,1,1,1,1,1,,,0,0,,1,1,1,1,1.67
Public Method,"org.apache.commons.math3.transform.FastFourierTransformer.MultiDimensionalComplexMatrix.getDimensionSizes",,,,,,,,,,,,,,8,3,1,2,0,2,1,1,0,,,,0,,,,,,,,,,,,,3,0,1,5,1,1,1,1,1,1,,,0,0,,1,1,1,1,1.67
Public Method,"org.apache.commons.math3.transform.FastFourierTransformer.MultiDimensionalComplexMatrix.set",,,,,,,,,,,,,,35,23,16,2,1,15,5,5,1,,,,0,,,,,,,,,,,,,8,4,4,8,6,10,4,11,5,1,,,0,2,,5,5,1,5,0.35
Private Static Method,"org.apache.commons.math3.transform.FastFourierTransformer.bitReversalShuffle2",,,,,,,,,,,,,,36,22,17,2,1,20,4,5,0,,,,0,,,,,,,,,,,,,4,3,6,11,5,16,7,13,4,1,,,0,2,,4,5,1,4,0.50
Public Method,"org.apache.commons.math3.transform.FastFourierTransformer.mdfft",,,,,,,,,,,,,,27,9,6,6,0,8,2,2,0,,,,0,,,,,,,,,,,,,5,0,4,18,2,6,4,4,2,1,,,0,1,,2,2,1,2,2.00
Private Method,"org.apache.commons.math3.transform.FastFourierTransformer.mdfft",,,,,,,,,,,,,,47,29,21,6,1,26,6,6,2,,,,0,,,,,,,,,,,,,6,3,5,15,7,20,7,19,6,1,,,0,3,,6,6,1,6,0.52
Private Static Method,"org.apache.commons.math3.transform.FastFourierTransformer.normalizeTransformedData",,,,,,,,,,,,,,43,27,20,2,1,22,6,6,3,,,,0,,,,,,,,,,,,,8,2,7,14,6,17,8,14,5,1,,,0,3,,6,6,1,5,0.52
Public Method,"org.apache.commons.math3.transform.FastFourierTransformer.transform",,,,,,,,,,,,,,18,7,4,4,0,4,1,1,0,,,,0,,,,,,,,,,,,,10,2,3,9,1,3,2,2,1,1,,,0,0,,1,1,1,1,1.29
Public Method,"org.apache.commons.math3.transform.FastFourierTransformer.transform",,,,,,,,,,,,,,17,5,3,4,0,4,1,1,0,,,,0,,,,,,,,,,,,,7,2,2,10,1,3,2,2,1,1,,,0,0,,1,1,1,1,2.00
Public Method,"org.apache.commons.math3.transform.FastFourierTransformer.transform",,,,,,,,,,,,,,24,6,2,3,0,3,1,1,0,,,,0,,,,,,,,,,,,,10,1,4,17,1,2,2,1,1,1,,,0,0,,1,1,1,1,2.83
Public Static Method,"org.apache.commons.math3.transform.FastFourierTransformer.transformInPlace",,,,,,,,,,,,,,166,110,96,6,2,102,13,13,3,,,,2,,,,,,,,,,,,,10,19,46,37,240,89,49,53,13,3,,,2,3,,13,13,3,13,0.34
Public Class,"org.apache.commons.math3.transform.FastFourierTransformerTest",3,1,0,0,13,,1,,12,18,0,6,12,532,459,314,,,398,,,,6,1,1,,3,3,26,24,1,0,6,,,0,18,0,,37,151,36,,328,159,239,,,6,6,,3,88,71,71,18,71,0.08
Private Static Method,"org.apache.commons.math3.transform.FastFourierTransformerTest.createComplexData",,,,,,,,,,,,,,10,10,7,3,0,10,2,2,0,,,,0,,,,,,,,,,,,,4,0,5,0,2,8,6,4,2,1,,,0,1,,2,2,1,2,0.00
Private Static Method,"org.apache.commons.math3.transform.FastFourierTransformerTest.createRealData",,,,,,,,,,,,,,8,8,5,2,0,8,2,2,0,,,,0,,,,,,,,,,,,,4,0,3,0,2,6,4,4,2,1,,,0,1,,2,2,1,2,0.00
Private Static Method,"org.apache.commons.math3.transform.FastFourierTransformerTest.dft",,,,,,,,,,,,,,27,26,21,6,1,28,4,4,0,,,,0,,,,,,,,,,,,,7,0,13,1,6,24,16,12,4,1,,,0,2,,4,4,1,4,0.04
Private Static Method,"org.apache.commons.math3.transform.FastFourierTransformerTest.doTestTransformComplex",,,,,,,,,,,,,,35,35,23,10,1,25,5,5,3,,,,0,,,,,,,,,,,,,7,0,11,0,8,20,10,15,5,1,,,0,2,,5,5,1,5,0.00
Private Static Method,"org.apache.commons.math3.transform.FastFourierTransformerTest.doTestTransformFunction",,,,,,,,,,,,,,39,39,26,11,1,29,6,6,3,,,,0,,,,,,,,,,,,,10,0,13,0,16,23,12,17,6,1,,,0,2,,6,6,1,6,0.00
Private Static Method,"org.apache.commons.math3.transform.FastFourierTransformerTest.doTestTransformReal",,,,,,,,,,,,,,39,39,26,11,1,30,6,6,3,,,,0,,,,,,,,,,,,,7,0,12,0,16,24,12,18,6,1,,,0,2,,6,6,1,6,0.00
Public Method,"org.apache.commons.math3.transform.FastFourierTransformerTest.test2DData",,,,,,,,,,,,,,39,36,30,8,1,28,4,4,0,,,,0,,,,,,,,,,,,,4,3,9,0,6,24,10,18,4,1,,,0,2,,4,4,1,4,0.00
Public Method,"org.apache.commons.math3.transform.FastFourierTransformerTest.test2DDataUnitary",,,,,,,,,,,,,,32,30,25,6,0,24,3,3,0,,,,0,,,,,,,,,,,,,4,2,9,0,3,21,9,15,3,1,,,0,2,,3,3,1,3,0.00
Public Method,"org.apache.commons.math3.transform.FastFourierTransformerTest.testAdHocData",,,,,,,,,,,,,,48,39,31,9,1,35,5,5,0,,,,0,,,,,,,,,,,,,5,6,15,3,16,30,12,23,5,1,,,0,1,,5,5,1,5,0.08
Public Method,"org.apache.commons.math3.transform.FastFourierTransformerTest.testSinFunction",,,,,,,,,,,,,,32,27,22,5,1,31,5,5,0,,,,0,,,,,,,,,,,,,4,2,5,3,4,28,8,23,5,1,,,0,1,,5,5,1,5,0.11
Public Method,"org.apache.commons.math3.transform.FastFourierTransformerTest.testStandardTransformFunction",,,,,,,,,,,,,,20,20,14,4,0,21,3,3,0,,,,0,,,,,,,,,,,,,2,0,6,0,3,18,8,13,3,1,,,0,2,,3,3,1,3,0.00
Public Method,"org.apache.commons.math3.transform.FastFourierTransformerTest.testStandardTransformReal",,,,,,,,,,,,,,17,17,11,3,0,18,3,3,0,,,,0,,,,,,,,,,,,,1,0,3,0,3,15,5,13,3,1,,,0,2,,3,3,1,3,0.00
Public Method,"org.apache.commons.math3.transform.FastFourierTransformerTest.testTransformComplex",,,,,,,,,,,,,,17,17,11,3,0,18,3,3,0,,,,0,,,,,,,,,,,,,1,0,3,0,3,15,5,13,3,1,,,0,2,,3,3,1,3,0.00
Public Method,"org.apache.commons.math3.transform.FastFourierTransformerTest.testTransformComplexSizeNotAPowerOfTwo",,,,,,,,,,,,,,21,20,12,6,1,18,4,4,1,,,,0,,,,,,,,,,,,,1,0,6,1,4,14,8,10,4,1,,,0,3,,4,4,1,4,0.05
Public Method,"org.apache.commons.math3.transform.FastFourierTransformerTest.testTransformFunctionInvalidBounds",,,,,,,,,,,,,,21,20,12,5,1,18,4,4,1,,,,0,,,,,,,,,,,,,1,0,6,1,4,14,8,10,4,1,,,0,3,,4,4,1,4,0.05
Public Method,"org.apache.commons.math3.transform.FastFourierTransformerTest.testTransformFunctionNotStrictlyPositiveNumberOfSamples",,,,,,,,,,,,,,22,21,13,5,1,19,4,4,1,,,,0,,,,,,,,,,,,,1,0,6,1,4,15,8,11,4,1,,,0,3,,4,4,1,4,0.05
Public Method,"org.apache.commons.math3.transform.FastFourierTransformerTest.testTransformFunctionSizeNotAPowerOfTwo",,,,,,,,,,,,,,21,20,12,5,1,18,4,4,1,,,,0,,,,,,,,,,,,,1,0,6,1,4,14,8,10,4,1,,,0,3,,4,4,1,4,0.05
Public Method,"org.apache.commons.math3.transform.FastFourierTransformerTest.testTransformRealSizeNotAPowerOfTwo",,,,,,,,,,,,,,21,20,12,6,1,18,4,4,1,,,,0,,,,,,,,,,,,,1,0,6,1,4,14,8,10,4,1,,,0,3,,4,4,1,4,0.05
Public Class,"org.apache.commons.math3.transform.FastHadamardTransformer",2,1,3,39,7,,1,,5,5,0,0,3,300,67,44,,,58,,,,5,1,1,,2,2,55,12,3,0,0,,,0,5,2,,24,23,209,,43,27,31,,,5,5,,2,100,14,14,5,14,3.12
Protected Method,"org.apache.commons.math3.transform.FastHadamardTransformer.fht",,,,,,,,,,,,,,185,25,19,5,1,24,5,5,0,,,,0,,,,,,,,,,,,,4,8,8,152,10,19,11,13,5,1,,,0,2,,5,5,1,5,6.08
Protected Method,"org.apache.commons.math3.transform.FastHadamardTransformer.fht",,,,,,,,,,,,,,52,25,19,5,1,24,5,5,0,,,,0,,,,,,,,,,,,,4,8,8,19,10,19,11,13,5,1,,,0,2,,5,5,1,5,0.76
Public Method,"org.apache.commons.math3.transform.FastHadamardTransformer.transform",,,,,,,,,,,,,,12,6,3,3,0,4,2,2,1,,,,0,,,,,,,,,,,,,9,0,1,6,2,2,1,3,2,1,,,0,1,,2,2,1,2,1.00
Public Method,"org.apache.commons.math3.transform.FastHadamardTransformer.transform",,,,,,,,,,,,,,16,5,1,3,0,2,1,1,0,,,,0,,,,,,,,,,,,,5,1,3,10,1,1,1,1,1,1,,,0,0,,1,1,1,1,2.00
Public Method,"org.apache.commons.math3.transform.FastHadamardTransformer.transform",,,,,,,,,,,,,,13,3,1,2,0,2,1,1,0,,,,0,,,,,,,,,,,,,2,0,1,10,1,1,1,1,1,1,,,0,0,,1,1,1,1,3.33
Public Class,"org.apache.commons.math3.transform.FastHadamardTransformerTest",1,1,0,2,3,,0,,8,8,0,4,4,103,63,35,,,51,,,,3,1,1,,1,1,10,7,1,0,0,,,0,8,0,,14,23,26,,36,24,27,,,3,3,,1,0,14,14,8,14,0.41
Private Method,"org.apache.commons.math3.transform.FastHadamardTransformerTest.checkAllTransforms",,,,,,,,,,,,,,5,5,3,3,0,4,1,1,0,,,,0,,,,,,,,,,,,,4,0,1,0,1,3,1,3,1,1,,,0,0,,1,1,1,1,0.00
Private Method,"org.apache.commons.math3.transform.FastHadamardTransformerTest.checkDoubleTransform",,,,,,,,,,,,,,15,11,7,3,1,12,3,3,0,,,,0,,,,,,,,,,,,,5,1,4,3,4,9,6,6,3,1,,,0,1,,3,3,1,3,0.27
Private Method,"org.apache.commons.math3.transform.FastHadamardTransformerTest.checkIntTransform",,,,,,,,,,,,,,12,7,4,2,0,7,2,2,0,,,,0,,,,,,,,,,,,,4,2,3,3,2,5,4,3,2,1,,,0,1,,2,2,1,2,0.43
Private Method,"org.apache.commons.math3.transform.FastHadamardTransformerTest.checkInverseDoubleTransform",,,,,,,,,,,,,,16,11,7,3,1,12,3,3,0,,,,0,,,,,,,,,,,,,5,2,4,3,4,9,6,6,3,1,,,0,1,,3,3,1,3,0.27
Public Method,"org.apache.commons.math3.transform.FastHadamardTransformerTest.test3Points",,,,,,,,,,,,,,11,7,4,2,0,4,2,2,1,,,,0,,,,,,,,,,,,,1,0,1,4,2,2,1,3,2,1,,,0,1,,2,2,1,2,0.57
Public Method,"org.apache.commons.math3.transform.FastHadamardTransformerTest.test4Points",,,,,,,,,,,,,,7,4,2,1,0,2,1,1,0,,,,0,,,,,,,,,,,,,0,0,1,3,1,1,1,1,1,1,,,0,0,,1,1,1,1,0.75
Public Method,"org.apache.commons.math3.transform.FastHadamardTransformerTest.test8Points",,,,,,,,,,,,,,7,4,2,1,0,2,1,1,0,,,,0,,,,,,,,,,,,,0,0,1,3,1,1,1,1,1,1,,,0,0,,1,1,1,1,0.75
Public Method,"org.apache.commons.math3.transform.FastHadamardTransformerTest.testNoIntInverse",,,,,,,,,,,,,,11,8,6,2,0,7,1,1,0,,,,0,,,,,,,,,,,,,1,0,3,3,1,6,3,4,1,1,,,0,0,,1,1,1,1,0.38
Public Class,"org.apache.commons.math3.transform.FastSineTransformer",2,1,1,9,12,,1,,4,4,0,0,3,162,62,41,,,48,,,,6,3,1,,2,2,25,14,3,0,0,,,1,4,1,,12,19,89,,36,19,29,,,6,6,,1,75,11,11,6,11,1.44
Public Constructor,"org.apache.commons.math3.transform.FastSineTransformer.FastSineTransformer",,,,,,,,,,,,,,10,3,1,2,0,2,1,1,0,,,,0,,,,,,,,,,,,,5,0,1,7,1,1,1,1,1,1,,,0,0,,1,1,1,1,2.33
Protected Method,"org.apache.commons.math3.transform.FastSineTransformer.fst",,,,,,,,,,,,,,53,37,29,9,1,31,6,6,1,,,,0,,,,,,,,,,,,,8,5,8,12,20,25,10,21,6,1,,,0,1,,6,6,1,6,0.32
Public Method,"org.apache.commons.math3.transform.FastSineTransformer.transform",,,,,,,,,,,,,,19,11,7,4,0,8,3,3,2,,,,2,,,,,,,,,,,,,8,0,3,8,3,5,3,5,3,3,,,2,1,,3,3,3,3,0.73
Public Method,"org.apache.commons.math3.transform.FastSineTransformer.transform",,,,,,,,,,,,,,20,7,3,3,0,4,1,1,0,,,,0,,,,,,,,,,,,,7,1,4,12,1,3,2,2,1,1,,,0,0,,1,1,1,1,1.71
Public Class,"org.apache.commons.math3.transform.FastSineTransformerTest",2,1,0,1,11,,0,,16,36,11,0,6,267,190,111,,,146,,,,10,1,2,,2,2,12,9,1,0,1,,,4,17,0,,31,61,46,,107,54,92,,,10,10,,2,83,40,40,17,40,0.24
Public Constructor,"org.apache.commons.math3.transform.FastSineTransformerTest.FastSineTransformerTest",,,,,,,,,,,,,,12,12,10,5,0,5,1,1,0,,,,0,,,,,,,,,,,,,1,0,1,0,1,4,1,4,1,1,,,0,0,,1,1,1,1,0.00
Method,"org.apache.commons.math3.transform.FastSineTransformerTest.createRealData",,,,,,,,,,,,,,11,5,3,2,0,4,1,1,0,,,,0,,,,,,,,,,,,,1,0,2,6,1,3,2,2,1,1,,,0,0,,1,1,1,1,1.20
Method,"org.apache.commons.math3.transform.FastSineTransformerTest.createRealTransformer",,,,,,,,,,,,,,3,3,1,2,0,2,1,1,0,,,,0,,,,,,,,,,,,,2,0,1,0,1,1,1,1,1,1,,,0,0,,1,1,1,1,0.00
Public Static Method,"org.apache.commons.math3.transform.FastSineTransformerTest.data",,,,,,,,,,,,,,14,8,5,3,0,8,2,2,0,,,,0,,,,,,,,,,,,,1,0,3,6,2,6,4,4,2,1,,,0,1,,2,2,1,2,0.75
Method,"org.apache.commons.math3.transform.FastSineTransformerTest.getInvalidDataSize",,,,,,,,,,,,,,3,3,1,1,0,2,1,1,0,,,,0,,,,,,,,,,,,,2,0,1,0,1,1,1,1,1,1,,,0,0,,1,1,1,1,0.00
Method,"org.apache.commons.math3.transform.FastSineTransformerTest.getNumberOfInvalidDataSizes",,,,,,,,,,,,,,3,3,1,1,0,2,1,1,0,,,,0,,,,,,,,,,,,,2,0,1,0,1,1,1,1,1,1,,,0,0,,1,1,1,1,0.00
Method,"org.apache.commons.math3.transform.FastSineTransformerTest.getNumberOfValidDataSizes",,,,,,,,,,,,,,3,3,1,1,0,2,1,1,0,,,,0,,,,,,,,,,,,,2,0,1,0,1,1,1,1,1,1,,,0,0,,1,1,1,1,0.00
Method,"org.apache.commons.math3.transform.FastSineTransformerTest.getRelativeTolerance",,,,,,,,,,,,,,3,3,1,1,0,2,1,1,0,,,,0,,,,,,,,,,,,,2,0,1,0,1,1,1,1,1,1,,,0,0,,1,1,1,1,0.00
Method,"org.apache.commons.math3.transform.FastSineTransformerTest.getValidDataSize",,,,,,,,,,,,,,3,3,1,1,0,2,1,1,0,,,,0,,,,,,,,,,,,,2,0,1,0,1,1,1,1,1,1,,,0,0,,1,1,1,1,0.00
Method,"org.apache.commons.math3.transform.FastSineTransformerTest.getValidFunction",,,,,,,,,,,,,,3,3,1,2,0,2,1,1,0,,,,0,,,,,,,,,,,,,0,0,1,0,1,1,1,1,1,1,,,0,0,,1,1,1,1,0.00
Method,"org.apache.commons.math3.transform.FastSineTransformerTest.getValidLowerBound",,,,,,,,,,,,,,3,3,1,1,0,2,1,1,0,,,,0,,,,,,,,,,,,,0,0,1,0,1,1,1,1,1,1,,,0,0,,1,1,1,1,0.00
Method,"org.apache.commons.math3.transform.FastSineTransformerTest.getValidUpperBound",,,,,,,,,,,,,,3,3,1,1,0,2,1,1,0,,,,0,,,,,,,,,,,,,1,0,1,0,1,1,1,1,1,1,,,0,0,,1,1,1,1,0.00
Public Method,"org.apache.commons.math3.transform.FastSineTransformerTest.testAdHocData",,,,,,,,,,,,,,36,27,20,5,1,28,5,5,0,,,,0,,,,,,,,,,,,,5,6,7,3,16,23,9,19,5,1,,,0,1,,5,5,1,5,0.11
Public Method,"org.apache.commons.math3.transform.FastSineTransformerTest.testParameters",,,,,,,,,,,,,,30,20,14,3,1,13,4,4,3,,,,0,,,,,,,,,,,,,2,1,3,9,8,9,3,10,4,1,,,0,1,,4,4,1,4,0.45
Public Method,"org.apache.commons.math3.transform.FastSineTransformerTest.testSinFunction",,,,,,,,,,,,,,23,18,13,3,1,22,5,5,0,,,,0,,,,,,,,,,,,,3,2,4,3,4,19,7,15,5,1,,,0,1,,5,5,1,5,0.17
Public Method,"org.apache.commons.math3.transform.FastSineTransformerTest.testTransformRealFirstElementNotZero",,,,,,,,,,,,,,15,14,9,5,0,10,3,3,1,,,,0,,,,,,,,,,,,,1,0,5,1,3,7,5,5,3,1,,,0,2,,3,3,1,3,0.07
Method,"org.apache.commons.math3.transform.FastSineTransformerTest.transform",,,,,,,,,,,,,,41,37,28,5,2,33,10,10,6,,,,0,,,,,,,,,,,,,9,0,6,4,42,23,9,24,10,1,,,0,2,,10,10,1,10,0.11
Public Interface,"org.apache.commons.math3.transform.RealTransformer",0,0,0,0,2,,0,,2,2,2,0,0,30,6,0,,,3,,,,0,0,0,,0,0,0,0,0,3,0,,,0,2,0,,2,5,22,,2,3,0,,,0,0,,0,0,0,0,0,0,3.67
Abstract Method,"org.apache.commons.math3.transform.RealTransformer.transform",,,,,,,,,,,,,,8,1,0,1,0,1,0,0,0,,,,0,,,,,,,,,,,,,3,0,1,7,0,1,1,0,0,0,,,0,0,,0,0,0,0,7.00
Abstract Method,"org.apache.commons.math3.transform.RealTransformer.transform",,,,,,,,,,,,,,18,3,0,1,0,1,0,0,0,,,,0,,,,,,,,,,,,,4,0,3,15,0,1,1,0,0,0,,,0,0,,0,0,0,0,5.00
Public Abstract Class,"org.apache.commons.math3.transform.RealTransformerAbstractTest",3,1,0,5,7,,1,,19,19,11,2,6,323,143,85,,,133,,,,4,1,1,,3,3,19,13,1,2,0,,,0,19,0,,24,74,156,,103,82,51,,,4,4,,3,88,29,29,9,29,1.09
Method,"org.apache.commons.math3.transform.RealTransformerAbstractTest.createRealData",,,,,,,,,,,,,,15,8,5,2,0,8,2,2,0,,,,0,,,,,,,,,,,,,6,0,3,7,2,6,4,4,2,1,,,0,1,,2,2,1,2,0.88
Abstract Method,"org.apache.commons.math3.transform.RealTransformerAbstractTest.createRealTransformer",,,,,,,,,,,,,,6,1,0,1,0,1,0,0,0,,,,0,,,,,,,,,,,,,6,0,1,5,0,1,1,0,0,0,,,0,0,,0,0,0,0,5.00
Private Method,"org.apache.commons.math3.transform.RealTransformerAbstractTest.doTestTransformFunction",,,,,,,,,,,,,,19,19,14,11,1,19,3,3,0,,,,0,,,,,,,,,,,,,4,0,12,0,4,16,13,6,3,1,,,0,1,,3,3,1,3,0.00
Private Method,"org.apache.commons.math3.transform.RealTransformerAbstractTest.doTestTransformReal",,,,,,,,,,,,,,12,12,8,7,0,11,2,2,0,,,,0,,,,,,,,,,,,,4,0,8,0,2,9,8,3,2,1,,,0,1,,2,2,1,2,0.00
Abstract Method,"org.apache.commons.math3.transform.RealTransformerAbstractTest.getInvalidDataSize",,,,,,,,,,,,,,9,1,0,1,0,1,0,0,0,,,,0,,,,,,,,,,,,,2,0,1,8,0,1,1,0,0,0,,,0,0,,0,0,0,0,8.00
Abstract Method,"org.apache.commons.math3.transform.RealTransformerAbstractTest.getNumberOfInvalidDataSizes",,,,,,,,,,,,,,9,1,0,1,0,1,0,0,0,,,,0,,,,,,,,,,,,,2,0,1,8,0,1,1,0,0,0,,,0,0,,0,0,0,0,8.00
Abstract Method,"org.apache.commons.math3.transform.RealTransformerAbstractTest.getNumberOfValidDataSizes",,,,,,,,,,,,,,6,1,0,1,0,1,0,0,0,,,,0,,,,,,,,,,,,,4,0,1,5,0,1,1,0,0,0,,,0,0,,0,0,0,0,5.00
Abstract Method,"org.apache.commons.math3.transform.RealTransformerAbstractTest.getRelativeTolerance",,,,,,,,,,,,,,8,1,0,1,0,1,0,0,0,,,,0,,,,,,,,,,,,,2,0,1,7,0,1,1,0,0,0,,,0,0,,0,0,0,0,7.00
Abstract Method,"org.apache.commons.math3.transform.RealTransformerAbstractTest.getValidDataSize",,,,,,,,,,,,,,10,1,0,1,0,1,0,0,0,,,,0,,,,,,,,,,,,,4,0,1,9,0,1,1,0,0,0,,,0,0,,0,0,0,0,9.00
Abstract Method,"org.apache.commons.math3.transform.RealTransformerAbstractTest.getValidFunction",,,,,,,,,,,,,,11,1,0,1,0,1,0,0,0,,,,0,,,,,,,,,,,,,4,0,1,10,0,1,1,0,0,0,,,0,0,,0,0,0,0,10.00
Abstract Method,"org.apache.commons.math3.transform.RealTransformerAbstractTest.getValidLowerBound",,,,,,,,,,,,,,11,1,0,1,0,1,0,0,0,,,,0,,,,,,,,,,,,,4,0,1,10,0,1,1,0,0,0,,,0,0,,0,0,0,0,10.00
Abstract Method,"org.apache.commons.math3.transform.RealTransformerAbstractTest.getValidUpperBound",,,,,,,,,,,,,,11,1,0,1,0,1,0,0,0,,,,0,,,,,,,,,,,,,4,0,1,10,0,1,1,0,0,0,,,0,0,,0,0,0,0,10.00
Public Method,"org.apache.commons.math3.transform.RealTransformerAbstractTest.testTransformFunction",,,,,,,,,,,,,,21,10,6,5,0,11,3,3,0,,,,0,,,,,,,,,,,,,1,0,4,11,3,8,6,5,3,1,,,0,2,,3,3,1,3,1.10
Public Method,"org.apache.commons.math3.transform.RealTransformerAbstractTest.testTransformFunctionInvalidBounds",,,,,,,,,,,,,,23,17,12,9,1,16,4,4,1,,,,0,,,,,,,,,,,,,1,0,7,6,4,12,9,7,4,1,,,0,3,,4,4,1,4,0.35
Public Method,"org.apache.commons.math3.transform.RealTransformerAbstractTest.testTransformFunctionInvalidDataSize",,,,,,,,,,,,,,23,17,12,9,1,16,4,4,1,,,,0,,,,,,,,,,,,,1,0,7,6,4,12,9,7,4,1,,,0,3,,4,4,1,4,0.35
Public Method,"org.apache.commons.math3.transform.RealTransformerAbstractTest.testTransformFunctionNotStrictlyPositiveNumberOfSamples",,,,,,,,,,,,,,23,17,12,9,1,16,4,4,1,,,,0,,,,,,,,,,,,,1,0,7,6,4,12,9,7,4,1,,,0,3,,4,4,1,4,0.35
Public Method,"org.apache.commons.math3.transform.RealTransformerAbstractTest.testTransformReal",,,,,,,,,,,,,,21,10,6,5,0,11,3,3,0,,,,0,,,,,,,,,,,,,1,0,4,11,3,8,6,5,3,1,,,0,2,,3,3,1,3,1.10
Public Method,"org.apache.commons.math3.transform.RealTransformerAbstractTest.testTransformRealInvalidDataSize",,,,,,,,,,,,,,19,14,9,7,1,13,4,4,1,,,,0,,,,,,,,,,,,,1,0,4,5,4,9,6,7,4,1,,,0,3,,4,4,1,4,0.36
Abstract Method,"org.apache.commons.math3.transform.RealTransformerAbstractTest.transform",,,,,,,,,,,,,,8,1,0,1,0,1,0,0,0,,,,0,,,,,,,,,,,,,2,0,1,7,0,1,1,0,0,0,,,0,0,,0,0,0,0,7.00
Public Enum Type,"org.apache.commons.math3.transform.TransformType",1,1,0,0,1,,0,,2,2,0,0,2,13,4,0,,,1,,,,1,1,1,,1,1,0,0,1,0,0,,,2,2,0,,1,3,8,,1,1,0,,,1,1,,0,100,2,2,2,2,2.00
Public Method,"org.apache.commons.math3.transform.TransformType.valueOf",,,,,,,,,,,,,,0,0,0,1,0,0,1,1,0,,,,0,,,,,,,,,,,,,0,0,0,0,0,0,0,0,1,1,,,0,0,,1,1,1,1,0.00
Public Method,"org.apache.commons.math3.transform.TransformType.values",,,,,,,,,,,,,,0,0,0,1,0,0,1,1,0,,,,0,,,,,,,,,,,,,15,0,0,0,0,0,0,0,1,1,,,0,0,,1,1,1,1,0.00
Public Class,"org.apache.commons.math3.transform.TransformUtils",2,1,0,8,4,,1,,1,6,0,1,5,140,63,38,,,46,,,,4,1,1,,2,2,18,8,1,0,5,,,0,6,0,,13,25,64,,32,21,25,,,4,4,,1,83,13,13,6,13,1.02
Private Constructor,"org.apache.commons.math3.transform.TransformUtils.TransformUtils",,,,,,,,,,,,,,4,3,1,1,0,2,1,1,0,,,,0,,,,,,,,,,,,,0,0,1,1,1,1,1,1,1,1,,,0,0,,1,1,1,1,0.33
Public Static Method,"org.apache.commons.math3.transform.TransformUtils.createComplexArray",,,,,,,,,,,,,,34,17,11,3,1,14,4,4,0,,,,0,,,,,,,,,,,,,4,2,6,15,8,10,6,8,4,1,,,0,1,,4,4,1,4,0.88
Public Static Method,"org.apache.commons.math3.transform.TransformUtils.createRealImaginaryArray",,,,,,,,,,,,,,24,11,8,3,0,11,2,2,0,,,,0,,,,,,,,,,,,,3,0,5,13,2,9,6,5,2,1,,,0,1,,2,2,1,2,1.18
Public Static Method,"org.apache.commons.math3.transform.TransformUtils.exactLog2",,,,,,,,,,,,,,19,10,6,4,0,5,2,2,0,,,,0,,,,,,,,,,,,,3,1,3,8,2,3,2,3,2,1,,,0,1,,2,2,1,2,0.80
Public Static Method,"org.apache.commons.math3.transform.TransformUtils.scaleArray",,,,,,,,,,,,,,15,6,3,2,0,6,2,2,0,,,,0,,,,,,,,,,,,,11,1,1,8,2,4,2,4,2,1,,,0,1,,2,2,1,2,1.33
Public Static Method,"org.apache.commons.math3.transform.TransformUtils.scaleArray",,,,,,,,,,,,,,15,6,3,5,0,6,2,2,0,,,,0,,,,,,,,,,,,,4,1,1,8,2,4,2,4,2,1,,,0,1,,2,2,1,2,1.33
Package,"org.apache.commons.math3.util",2,1,1,5,,121,119,48,591,,30,93,671,25466,17353,14055,,,8372,,,,30,28,,,2,2,20,13,,,209,,,69,800,6,,2410,3327,6887,,6505,2999,5373,,,30,39,,7,,1818,1999,1130,1802,0.40
Public Class,"org.apache.commons.math3.util.ArithmeticUtils",4,1,1,16,6,,1,,1,27,0,3,24,933,433,291,,,301,,,,11,6,1,,4,5,32,15,1,0,26,,,0,27,0,,56,67,460,,187,73,228,,,11,15,,4,96,117,137,39,117,1.06
Private Constructor,"org.apache.commons.math3.util.ArithmeticUtils.ArithmeticUtils",,,,,,,,,,,,,,4,3,1,1,0,2,1,1,0,,,,0,,,,,,,,,,,,,0,0,1,1,1,1,1,1,1,1,,,0,0,,1,1,1,1,0.33
Public Static Method,"org.apache.commons.math3.util.ArithmeticUtils.addAndCheck",,,,,,,,,,,,,,13,3,1,2,0,2,1,1,0,,,,0,,,,,,,,,,,,,6,0,1,10,1,1,1,1,1,1,,,0,0,,1,1,1,1,3.33
Public Static Method,"org.apache.commons.math3.util.ArithmeticUtils.addAndCheck",,,,,,,,,,,,,,17,7,4,2,0,5,2,3,0,,,,0,,,,,,,,,,,,,5,0,2,10,2,3,2,3,2,1,,,0,1,,2,3,1,2,1.43
Private Static Method,"org.apache.commons.math3.util.ArithmeticUtils.addAndCheck",,,,,,,,,,,,,,45,25,17,2,1,14,6,6,5,,,,0,,,,,,,,,,,,,5,2,2,18,6,8,2,12,6,1,,,0,4,,6,6,1,6,0.72
Public Static Method,"org.apache.commons.math3.util.ArithmeticUtils.binomialCoefficient",,,,,,,,,,,,,,80,35,26,4,1,32,9,11,5,,,,3,,,,,,,,,,,,,11,1,7,44,9,23,10,22,9,4,,,3,2,,9,11,4,9,1.26
Public Static Method,"org.apache.commons.math3.util.ArithmeticUtils.binomialCoefficientDouble",,,,,,,,,,,,,,45,20,13,4,1,16,6,8,4,,,,4,,,,,,,,,,,,,8,2,2,23,6,10,3,13,6,5,,,4,1,,6,8,5,6,1.15
Public Static Method,"org.apache.commons.math3.util.ArithmeticUtils.binomialCoefficientLog",,,,,,,,,,,,,,65,26,17,5,1,22,8,10,5,,,,5,,,,,,,,,,,,,7,7,2,32,9,14,4,18,8,6,,,5,1,,8,10,6,8,1.23
Private Static Method,"org.apache.commons.math3.util.ArithmeticUtils.checkBinomial",,,,,,,,,,,,,,17,9,5,2,1,5,3,3,0,,,,0,,,,,,,,,,,,,7,0,1,8,4,2,1,4,3,1,,,0,1,,3,3,1,3,0.89
Public Static Method,"org.apache.commons.math3.util.ArithmeticUtils.factorial",,,,,,,,,,,,,,34,10,6,3,1,6,3,3,0,,,,0,,,,,,,,,,,,,7,0,1,24,4,3,1,5,3,1,,,0,1,,3,3,1,3,2.40
Public Static Method,"org.apache.commons.math3.util.ArithmeticUtils.factorialDouble",,,,,,,,,,,,,,23,10,6,6,1,6,3,3,1,,,,0,,,,,,,,,,,,,4,0,1,13,4,3,1,5,3,1,,,0,1,,3,3,1,3,1.30
Public Static Method,"org.apache.commons.math3.util.ArithmeticUtils.factorialLog",,,,,,,,,,,,,,21,14,9,4,1,11,4,4,1,,,,0,,,,,,,,,,,,,6,0,2,7,6,7,3,8,4,1,,,0,1,,4,4,1,4,0.50
Public Static Method,"org.apache.commons.math3.util.ArithmeticUtils.gcd",,,,,,,,,,,,,,86,40,30,3,2,27,11,15,2,,,,0,,,,,,,,,,,,,11,0,5,54,66,18,5,22,11,1,,,0,2,,11,15,1,11,1.35
Public Static Method,"org.apache.commons.math3.util.ArithmeticUtils.gcd",,,,,,,,,,,,,,86,40,30,3,2,27,11,15,2,,,,0,,,,,,,,,,,,,6,0,5,54,66,18,5,22,11,1,,,0,2,,11,15,1,11,1.35
Public Static Method,"org.apache.commons.math3.util.ArithmeticUtils.isPowerOfTwo",,,,,,,,,,,,,,9,3,1,1,0,2,1,2,0,,,,0,,,,,,,,,,,,,7,0,1,6,1,1,1,1,1,1,,,0,0,,1,2,1,1,2.00
Public Static Method,"org.apache.commons.math3.util.ArithmeticUtils.lcm",,,,,,,,,,,,,,33,11,7,5,0,7,3,4,1,,,,0,,,,,,,,,,,,,4,0,2,22,3,4,2,5,3,1,,,0,1,,3,4,1,3,2.00
Public Static Method,"org.apache.commons.math3.util.ArithmeticUtils.lcm",,,,,,,,,,,,,,33,11,7,5,0,7,3,4,1,,,,0,,,,,,,,,,,,,4,0,2,22,3,4,2,5,3,1,,,0,1,,3,4,1,3,2.00
Public Static Method,"org.apache.commons.math3.util.ArithmeticUtils.mulAndCheck",,,,,,,,,,,,,,17,7,4,2,0,5,2,3,0,,,,0,,,,,,,,,,,,,6,0,2,10,2,3,2,3,2,1,,,0,1,,2,3,1,2,1.43
Public Static Method,"org.apache.commons.math3.util.ArithmeticUtils.mulAndCheck",,,,,,,,,,,,,,53,33,24,2,1,20,9,9,8,,,,0,,,,,,,,,,,,,7,2,2,18,9,11,2,18,9,1,,,0,4,,9,9,1,9,0.55
Public Static Method,"org.apache.commons.math3.util.ArithmeticUtils.pow",,,,,,,,,,,,,,25,15,10,2,1,11,4,4,0,,,,0,,,,,,,,,,,,,4,2,3,8,6,7,3,8,4,1,,,0,2,,4,4,1,4,0.53
Public Static Method,"org.apache.commons.math3.util.ArithmeticUtils.pow",,,,,,,,,,,,,,25,15,10,2,1,11,4,4,0,,,,0,,,,,,,,,,,,,4,2,3,8,6,7,3,8,4,1,,,0,2,,4,4,1,4,0.53
Public Static Method,"org.apache.commons.math3.util.ArithmeticUtils.pow",,,,,,,,,,,,,,25,15,10,2,1,11,4,4,0,,,,0,,,,,,,,,,,,,4,2,3,8,6,7,3,8,4,1,,,0,2,,4,4,1,4,0.53
Public Static Method,"org.apache.commons.math3.util.ArithmeticUtils.pow",,,,,,,,,,,,,,25,15,10,2,1,11,4,4,0,,,,0,,,,,,,,,,,,,4,2,3,8,6,7,3,8,4,1,,,0,2,,4,4,1,4,0.53
Public Static Method,"org.apache.commons.math3.util.ArithmeticUtils.pow",,,,,,,,,,,,,,15,6,3,3,0,4,2,2,0,,,,0,,,,,,,,,,,,,4,1,1,8,2,2,1,3,2,1,,,0,1,,2,2,1,2,1.33
Public Static Method,"org.apache.commons.math3.util.ArithmeticUtils.pow",,,,,,,,,,,,,,26,15,10,3,1,11,4,4,0,,,,0,,,,,,,,,,,,,6,3,3,8,6,7,3,8,4,1,,,0,2,,4,4,1,4,0.53
Public Static Method,"org.apache.commons.math3.util.ArithmeticUtils.pow",,,,,,,,,,,,,,25,15,10,7,1,11,4,4,0,,,,0,,,,,,,,,,,,,6,2,3,8,6,7,3,8,4,1,,,0,2,,4,4,1,4,0.53
Public Static Method,"org.apache.commons.math3.util.ArithmeticUtils.subAndCheck",,,,,,,,,,,,,,17,7,4,2,0,5,2,3,0,,,,0,,,,,,,,,,,,,6,0,2,10,2,3,2,3,2,1,,,0,1,,2,3,1,2,1.43
Public Static Method,"org.apache.commons.math3.util.ArithmeticUtils.subAndCheck",,,,,,,,,,,,,,24,13,8,3,0,8,3,3,2,,,,0,,,,,,,,,,,,,5,0,2,11,3,5,2,6,3,1,,,0,2,,3,3,1,3,0.85
Public Class,"org.apache.commons.math3.util.ArithmeticUtilsTest",3,1,1,2,5,,1,,25,25,0,5,20,738,590,450,,,438,,,,9,3,1,,3,3,27,22,1,0,0,,,0,25,0,,76,120,72,,346,100,338,,,9,11,,3,96,91,95,27,91,0.12
Private Method,"org.apache.commons.math3.util.ArithmeticUtilsTest.binomialCoefficient",,,,,,,,,,,,,,35,31,22,9,2,23,9,11,4,,,,2,,,,,,,,,,,,,5,0,3,4,49,14,4,19,9,3,,,2,2,,9,11,3,9,0.13
Private Method,"org.apache.commons.math3.util.ArithmeticUtilsTest.factorial",,,,,,,,,,,,,,10,7,4,1,0,7,2,2,0,,,,0,,,,,,,,,,,,,2,0,2,3,2,5,3,4,2,1,,,0,1,,2,2,1,2,0.43
Public Method,"org.apache.commons.math3.util.ArithmeticUtilsTest.test0Choose0",,,,,,,,,,,,,,6,5,3,4,0,4,1,1,0,,,,0,,,,,,,,,,,,,0,0,1,1,1,3,1,3,1,1,,,0,0,,1,1,1,1,0.20
Public Method,"org.apache.commons.math3.util.ArithmeticUtilsTest.testAddAndCheck",,,,,,,,,,,,,,15,15,11,3,1,10,3,3,2,,,,0,,,,,,,,,,,,,2,0,3,0,4,7,3,7,3,1,,,0,1,,3,3,1,3,0.00
Public Method,"org.apache.commons.math3.util.ArithmeticUtilsTest.testAddAndCheckLong",,,,,,,,,,,,,,16,16,14,3,0,15,1,1,0,,,,0,,,,,,,,,,,,,2,0,3,0,1,14,3,12,1,1,,,0,0,,1,1,1,1,0.00
Private Method,"org.apache.commons.math3.util.ArithmeticUtilsTest.testAddAndCheckLongFailure",,,,,,,,,,,,,,8,7,4,2,0,4,2,2,1,,,,0,,,,,,,,,,,,,3,0,1,1,2,2,1,3,2,1,,,0,1,,2,2,1,2,0.14
Public Method,"org.apache.commons.math3.util.ArithmeticUtilsTest.testBinomialCoefficient",,,,,,,,,,,,,,43,41,32,6,1,29,6,6,0,,,,0,,,,,,,,,,,,,1,2,19,0,24,23,11,18,6,1,,,0,2,,6,6,1,6,0.00
Public Method,"org.apache.commons.math3.util.ArithmeticUtilsTest.testBinomialCoefficientFail",,,,,,,,,,,,,,57,45,35,6,2,27,9,9,8,,,,0,,,,,,,,,,,,,0,4,2,8,256,18,2,25,9,1,,,0,1,,9,9,1,9,0.18
Public Method,"org.apache.commons.math3.util.ArithmeticUtilsTest.testBinomialCoefficientLarge",,,,,,,,,,,,,,59,46,38,8,1,38,7,9,3,,,,0,,,,,,,,,,,,,0,6,8,7,20,31,10,28,7,1,,,0,3,,7,9,1,7,0.15
Public Method,"org.apache.commons.math3.util.ArithmeticUtilsTest.testFactorial",,,,,,,,,,,,,,11,10,7,6,0,10,2,2,0,,,,0,,,,,,,,,,,,,0,1,1,0,2,8,2,8,2,1,,,0,1,,2,2,1,2,0.00
Public Method,"org.apache.commons.math3.util.ArithmeticUtilsTest.testFactorialFail",,,,,,,,,,,,,,27,23,17,6,1,14,5,5,4,,,,0,,,,,,,,,,,,,0,0,1,4,16,9,1,13,5,1,,,0,1,,5,5,1,5,0.17
Public Method,"org.apache.commons.math3.util.ArithmeticUtilsTest.testGcd",,,,,,,,,,,,,,49,37,32,4,1,30,4,4,3,,,,0,,,,,,,,,,,,,2,6,4,6,8,26,4,26,4,1,,,0,1,,4,4,1,4,0.16
Public Method,"org.apache.commons.math3.util.ArithmeticUtilsTest.testGcdConsistency",,,,,,,,,,,,,,22,22,18,8,1,23,3,3,0,,,,0,,,,,,,,,,,,,1,0,14,0,4,20,16,7,3,1,,,0,1,,3,3,1,3,0.00
Public Method,"org.apache.commons.math3.util.ArithmeticUtilsTest.testGcdLong",,,,,,,,,,,,,,51,38,33,4,1,31,4,4,3,,,,0,,,,,,,,,,,,,2,7,4,6,8,27,4,27,4,1,,,0,1,,4,4,1,4,0.16
Public Method,"org.apache.commons.math3.util.ArithmeticUtilsTest.testIsPowerOfTwo",,,,,,,,,,,,,,12,12,8,4,1,13,3,3,0,,,,0,,,,,,,,,,,,,1,0,4,0,4,10,6,7,3,1,,,0,1,,3,3,1,3,0.00
Public Method,"org.apache.commons.math3.util.ArithmeticUtilsTest.testLcm",,,,,,,,,,,,,,45,31,26,4,1,24,4,4,3,,,,0,,,,,,,,,,,,,2,6,4,8,8,20,4,20,4,1,,,0,1,,4,4,1,4,0.26
Public Method,"org.apache.commons.math3.util.ArithmeticUtilsTest.testLcmLong",,,,,,,,,,,,,,49,34,29,4,1,26,4,4,3,,,,0,,,,,,,,,,,,,2,7,4,8,8,22,4,22,4,1,,,0,1,,4,4,1,4,0.24
Public Method,"org.apache.commons.math3.util.ArithmeticUtilsTest.testMulAndCheck",,,,,,,,,,,,,,15,15,11,3,1,10,3,3,2,,,,0,,,,,,,,,,,,,2,0,3,0,4,7,3,7,3,1,,,0,1,,3,3,1,3,0.00
Public Method,"org.apache.commons.math3.util.ArithmeticUtilsTest.testMulAndCheckLong",,,,,,,,,,,,,,20,20,18,3,0,19,1,1,0,,,,0,,,,,,,,,,,,,2,0,3,0,1,18,3,16,1,1,,,0,0,,1,1,1,1,0.00
Private Method,"org.apache.commons.math3.util.ArithmeticUtilsTest.testMulAndCheckLongFailure",,,,,,,,,,,,,,8,7,4,2,0,4,2,2,1,,,,0,,,,,,,,,,,,,3,0,1,1,2,2,1,3,2,1,,,0,1,,2,2,1,2,0.14
Public Method,"org.apache.commons.math3.util.ArithmeticUtilsTest.testPow",,,,,,,,,,,,,,75,59,49,10,2,41,8,8,7,,,,0,,,,,,,,,,,,,2,9,4,7,128,33,3,38,8,1,,,0,1,,8,8,1,8,0.12
Public Method,"org.apache.commons.math3.util.ArithmeticUtilsTest.testSubAndCheck",,,,,,,,,,,,,,17,17,13,3,1,12,3,3,2,,,,0,,,,,,,,,,,,,2,0,3,0,4,9,3,9,3,1,,,0,1,,3,3,1,3,0.00
Public Method,"org.apache.commons.math3.util.ArithmeticUtilsTest.testSubAndCheckErrorMessage",,,,,,,,,,,,,,9,9,6,5,0,6,2,2,1,,,,0,,,,,,,,,,,,,2,0,2,0,2,4,2,4,2,1,,,0,1,,2,2,1,2,0.00
Public Method,"org.apache.commons.math3.util.ArithmeticUtilsTest.testSubAndCheckLong",,,,,,,,,,,,,,14,13,11,3,0,12,1,1,0,,,,0,,,,,,,,,,,,,2,0,3,1,1,11,3,9,1,1,,,0,0,,1,1,1,1,0.08
Private Method,"org.apache.commons.math3.util.ArithmeticUtilsTest.testSubAndCheckLongFailure",,,,,,,,,,,,,,8,7,4,2,0,4,2,2,1,,,,0,,,,,,,,,,,,,3,0,1,1,2,2,1,3,2,1,,,0,1,,2,2,1,2,0.14
Public Class,"org.apache.commons.math3.util.BigReal",1,1,0,3,4,,3,,34,34,0,0,34,296,126,49,,,83,,,,3,3,1,,1,1,6,3,4,0,0,,,3,34,0,,41,43,129,,44,41,42,,,3,3,,1,81,38,38,36,38,1.02
Public Constructor,"org.apache.commons.math3.util.BigReal.BigReal",,,,,,,,,,,,,,6,3,1,2,0,2,1,1,0,,,,0,,,,,,,,,,,,,3,0,1,3,1,1,1,1,1,1,,,0,0,,1,1,1,1,1.00
Public Constructor,"org.apache.commons.math3.util.BigReal.BigReal",,,,,,,,,,,,,,6,3,1,2,0,2,1,1,0,,,,0,,,,,,,,,,,,,7,0,1,3,1,1,1,1,1,1,,,0,0,,1,1,1,1,1.00
Public Constructor,"org.apache.commons.math3.util.BigReal.BigReal",,,,,,,,,,,,,,6,3,1,2,0,2,1,1,0,,,,0,,,,,,,,,,,,,2,0,1,3,1,1,1,1,1,1,,,0,0,,1,1,1,1,1.00
Public Constructor,"org.apache.commons.math3.util.BigReal.BigReal",,,,,,,,,,,,,,7,3,1,2,0,2,1,1,0,,,,0,,,,,,,,,,,,,3,0,1,4,1,1,1,1,1,1,,,0,0,,1,1,1,1,1.33
Public Constructor,"org.apache.commons.math3.util.BigReal.BigReal",,,,,,,,,,,,,,6,3,1,2,0,2,1,1,0,,,,0,,,,,,,,,,,,,3,0,1,3,1,1,1,1,1,1,,,0,0,,1,1,1,1,1.00
Public Constructor,"org.apache.commons.math3.util.BigReal.BigReal",,,,,,,,,,,,,,8,3,1,2,0,2,1,1,0,,,,0,,,,,,,,,,,,,4,0,1,5,1,1,1,1,1,1,,,0,0,,1,1,1,1,1.67
Public Constructor,"org.apache.commons.math3.util.BigReal.BigReal",,,,,,,,,,,,,,9,3,1,2,0,2,1,1,0,,,,0,,,,,,,,,,,,,5,0,1,6,1,1,1,1,1,1,,,0,0,,1,1,1,1,2.00
Public Constructor,"org.apache.commons.math3.util.BigReal.BigReal",,,,,,,,,,,,,,6,3,1,2,0,2,1,1,0,,,,0,,,,,,,,,,,,,2,0,1,3,1,1,1,1,1,1,,,0,0,,1,1,1,1,1.00
Public Constructor,"org.apache.commons.math3.util.BigReal.BigReal",,,,,,,,,,,,,,8,3,1,2,0,2,1,1,0,,,,0,,,,,,,,,,,,,3,0,1,5,1,1,1,1,1,1,,,0,0,,1,1,1,1,1.67
Public Constructor,"org.apache.commons.math3.util.BigReal.BigReal",,,,,,,,,,,,,,7,3,1,2,0,2,1,1,0,,,,0,,,,,,,,,,,,,2,0,1,4,1,1,1,1,1,1,,,0,0,,1,1,1,1,1.33
Public Constructor,"org.apache.commons.math3.util.BigReal.BigReal",,,,,,,,,,,,,,6,3,1,2,0,2,1,1,0,,,,0,,,,,,,,,,,,,1,0,1,3,1,1,1,1,1,1,,,0,0,,1,1,1,1,1.00
Public Constructor,"org.apache.commons.math3.util.BigReal.BigReal",,,,,,,,,,,,,,7,3,1,2,0,2,1,1,0,,,,0,,,,,,,,,,,,,2,0,1,4,1,1,1,1,1,1,,,0,0,,1,1,1,1,1.33
Public Constructor,"org.apache.commons.math3.util.BigReal.BigReal",,,,,,,,,,,,,,7,3,1,2,0,2,1,1,0,,,,0,,,,,,,,,,,,,2,0,1,4,1,1,1,1,1,1,,,0,0,,1,1,1,1,1.33
Public Constructor,"org.apache.commons.math3.util.BigReal.BigReal",,,,,,,,,,,,,,7,3,1,2,0,2,1,1,0,,,,0,,,,,,,,,,,,,2,0,1,4,1,1,1,1,1,1,,,0,0,,1,1,1,1,1.33
Public Constructor,"org.apache.commons.math3.util.BigReal.BigReal",,,,,,,,,,,,,,7,3,1,2,0,2,1,1,0,,,,0,,,,,,,,,,,,,2,0,1,4,1,1,1,1,1,1,,,0,0,,1,1,1,1,1.33
Public Constructor,"org.apache.commons.math3.util.BigReal.BigReal",,,,,,,,,,,,,,6,3,1,2,0,2,1,1,0,,,,0,,,,,,,,,,,,,1,0,1,3,1,1,1,1,1,1,,,0,0,,1,1,1,1,1.00
Public Constructor,"org.apache.commons.math3.util.BigReal.BigReal",,,,,,,,,,,,,,7,3,1,2,0,2,1,1,0,,,,0,,,,,,,,,,,,,2,0,1,4,1,1,1,1,1,1,,,0,0,,1,1,1,1,1.33
Public Method,"org.apache.commons.math3.util.BigReal.add",,,,,,,,,,,,,,4,3,1,2,0,2,1,1,0,,,,0,,,,,,,,,,,,,4,0,1,1,1,1,1,1,1,1,,,0,0,,1,1,1,1,0.33
Public Method,"org.apache.commons.math3.util.BigReal.bigDecimalValue",,,,,,,,,,,,,,6,3,1,1,0,2,1,1,0,,,,0,,,,,,,,,,,,,2,0,1,3,1,1,1,1,1,1,,,0,0,,1,1,1,1,1.00
Public Method,"org.apache.commons.math3.util.BigReal.compareTo",,,,,,,,,,,,,,4,3,1,2,0,2,1,1,0,,,,0,,,,,,,,,,,,,3,0,1,1,1,1,1,1,1,1,,,0,0,,1,1,1,1,0.33
Public Method,"org.apache.commons.math3.util.BigReal.divide",,,,,,,,,,,,,,13,7,4,3,0,4,2,2,1,,,,0,,,,,,,,,,,,,7,0,1,6,2,2,1,3,2,1,,,0,1,,2,2,1,2,0.86
Public Method,"org.apache.commons.math3.util.BigReal.doubleValue",,,,,,,,,,,,,,6,3,1,2,0,2,1,1,0,,,,0,,,,,,,,,,,,,8,0,1,3,1,1,1,1,1,1,,,0,0,,1,1,1,1,1.00
Public Method,"org.apache.commons.math3.util.BigReal.equals",,,,,,,,,,,,,,11,9,5,2,0,6,3,3,2,,,,2,,,,,,,,,,,,,3,1,1,1,3,3,1,5,3,3,,,2,1,,3,3,3,3,0.11
Public Method,"org.apache.commons.math3.util.BigReal.getField",,,,,,,,,,,,,,4,3,1,2,0,2,1,1,0,,,,0,,,,,,,,,,,,,0,0,1,1,1,1,1,1,1,1,,,0,0,,1,1,1,1,0.33
Public Method,"org.apache.commons.math3.util.BigReal.getRoundingMode",,,,,,,,,,,,,,9,3,1,1,0,2,1,1,0,,,,0,,,,,,,,,,,,,1,0,1,6,1,1,1,1,1,1,,,0,0,,1,1,1,1,2.00
Public Method,"org.apache.commons.math3.util.BigReal.getScale",,,,,,,,,,,,,,9,3,1,1,0,2,1,1,0,,,,0,,,,,,,,,,,,,2,0,1,6,1,1,1,1,1,1,,,0,0,,1,1,1,1,2.00
Public Method,"org.apache.commons.math3.util.BigReal.hashCode",,,,,,,,,,,,,,4,3,1,2,0,2,1,1,0,,,,0,,,,,,,,,,,,,2,0,1,1,1,1,1,1,1,1,,,0,0,,1,1,1,1,0.33
Public Method,"org.apache.commons.math3.util.BigReal.multiply",,,,,,,,,,,,,,4,3,1,2,0,2,1,1,0,,,,0,,,,,,,,,,,,,4,0,1,1,1,1,1,1,1,1,,,0,0,,1,1,1,1,0.33
Public Method,"org.apache.commons.math3.util.BigReal.multiply",,,,,,,,,,,,,,4,3,1,2,0,2,1,1,0,,,,0,,,,,,,,,,,,,3,0,1,1,1,1,1,1,1,1,,,0,0,,1,1,1,1,0.33
Public Method,"org.apache.commons.math3.util.BigReal.negate",,,,,,,,,,,,,,4,3,1,2,0,2,1,1,0,,,,0,,,,,,,,,,,,,2,0,1,1,1,1,1,1,1,1,,,0,0,,1,1,1,1,0.33
Public Method,"org.apache.commons.math3.util.BigReal.reciprocal",,,,,,,,,,,,,,13,7,4,3,0,4,2,2,1,,,,0,,,,,,,,,,,,,6,0,1,6,2,2,1,3,2,1,,,0,1,,2,2,1,2,0.86
Public Method,"org.apache.commons.math3.util.BigReal.setRoundingMode",,,,,,,,,,,,,,8,3,1,1,0,2,1,1,0,,,,0,,,,,,,,,,,,,1,0,1,5,1,1,1,1,1,1,,,0,0,,1,1,1,1,1.67
Public Method,"org.apache.commons.math3.util.BigReal.setScale",,,,,,,,,,,,,,8,3,1,1,0,2,1,1,0,,,,0,,,,,,,,,,,,,1,0,1,5,1,1,1,1,1,1,,,0,0,,1,1,1,1,1.67
Public Method,"org.apache.commons.math3.util.BigReal.subtract",,,,,,,,,,,,,,4,3,1,2,0,2,1,1,0,,,,0,,,,,,,,,,,,,4,0,1,1,1,1,1,1,1,1,,,0,0,,1,1,1,1,0.33
Public Class,"org.apache.commons.math3.util.BigRealField",1,1,0,2,2,,1,,5,6,0,2,4,60,23,7,,,15,,,,1,1,1,,1,1,4,2,3,0,1,,,0,6,0,,9,10,28,,7,10,5,,,1,1,,0,100,6,6,6,6,1.22
Private Constructor,"org.apache.commons.math3.util.BigRealField.BigRealField",,,,,,,,,,,,,,4,2,0,1,0,1,1,1,0,,,,0,,,,,,,,,,,,,0,0,1,2,1,0,1,0,1,1,,,0,0,,1,1,1,1,1.00
Private Static Class,"org.apache.commons.math3.util.BigRealField.LazyHolder",0,0,0,0,1,,1,,0,0,0,0,0,7,3,1,,,2,,,,0,0,1,,0,0,0,0,1,0,0,,,0,0,0,,0,2,4,,1,2,0,,,0,0,,0,0,0,0,0,0,1.33
Public Static Method,"org.apache.commons.math3.util.BigRealField.getInstance",,,,,,,,,,,,,,6,3,1,1,0,2,1,1,0,,,,0,,,,,,,,,,,,,5,0,1,3,1,1,1,1,1,1,,,0,0,,1,1,1,1,1.00
Public Method,"org.apache.commons.math3.util.BigRealField.getOne",,,,,,,,,,,,,,4,3,1,1,0,2,1,1,0,,,,0,,,,,,,,,,,,,2,0,1,1,1,1,1,1,1,1,,,0,0,,1,1,1,1,0.33
Public Method,"org.apache.commons.math3.util.BigRealField.getRuntimeClass",,,,,,,,,,,,,,4,3,1,1,0,2,1,1,0,,,,0,,,,,,,,,,,,,1,0,1,1,1,1,1,1,1,1,,,0,0,,1,1,1,1,0.33
Public Method,"org.apache.commons.math3.util.BigRealField.getZero",,,,,,,,,,,,,,4,3,1,1,0,2,1,1,0,,,,0,,,,,,,,,,,,,2,0,1,1,1,1,1,1,1,1,,,0,0,,1,1,1,1,0.33
Private Method,"org.apache.commons.math3.util.BigRealField.readResolve",,,,,,,,,,,,,,7,3,1,1,0,2,1,1,0,,,,0,,,,,,,,,,,,,1,0,1,4,1,1,1,1,1,1,,,0,0,,1,1,1,1,1.33
Public Class,"org.apache.commons.math3.util.BigRealFieldTest",1,1,0,0,3,,0,,3,3,0,0,3,20,15,4,,,8,,,,1,1,1,,1,1,3,3,1,0,0,,,0,3,0,,4,8,1,,4,5,3,,,1,1,,0,0,3,3,3,3,0.07
Public Method,"org.apache.commons.math3.util.BigRealFieldTest.testOne",,,,,,,,,,,,,,3,3,1,3,0,2,1,1,0,,,,0,,,,,,,,,,,,,1,0,1,0,1,1,1,1,1,1,,,0,0,,1,1,1,1,0.00
Public Method,"org.apache.commons.math3.util.BigRealFieldTest.testSerial",,,,,,,,,,,,,,5,4,2,3,0,3,1,1,0,,,,0,,,,,,,,,,,,,0,0,2,1,1,2,2,1,1,1,,,0,0,,1,1,1,1,0.25
Public Method,"org.apache.commons.math3.util.BigRealFieldTest.testZero",,,,,,,,,,,,,,3,3,1,3,0,2,1,1,0,,,,0,,,,,,,,,,,,,1,0,1,0,1,1,1,1,1,1,,,0,0,,1,1,1,1,0.00
Public Class,"org.apache.commons.math3.util.BigRealTest",1,1,0,0,4,,0,,14,14,0,0,14,162,146,99,,,89,,,,2,1,1,,1,1,9,9,1,0,0,,,0,14,0,,16,60,0,,72,43,46,,,2,2,,1,0,15,16,14,15,0.00
Public Method,"org.apache.commons.math3.util.BigRealTest.testAdd",,,,,,,,,,,,,,5,5,3,3,0,4,1,1,0,,,,0,,,,,,,,,,,,,0,0,3,0,1,3,3,1,1,1,,,0,0,,1,1,1,1,0.00
Public Method,"org.apache.commons.math3.util.BigRealTest.testBigDecimalValue",,,,,,,,,,,,,,7,7,5,4,0,4,1,1,0,,,,0,,,,,,,,,,,,,0,0,3,0,1,3,2,2,1,1,,,0,0,,1,1,1,1,0.00
Public Method,"org.apache.commons.math3.util.BigRealTest.testCompareTo",,,,,,,,,,,,,,11,9,7,3,0,8,1,1,0,,,,0,,,,,,,,,,,,,0,2,4,0,1,7,4,4,1,1,,,0,0,,1,1,1,1,0.00
Public Method,"org.apache.commons.math3.util.BigRealTest.testConstructor",,,,,,,,,,,,,,42,42,40,10,0,18,1,1,0,,,,0,,,,,,,,,,,,,1,0,1,0,1,17,1,17,1,1,,,0,0,,1,1,1,1,0.00
Public Method,"org.apache.commons.math3.util.BigRealTest.testDivide",,,,,,,,,,,,,,5,5,3,3,0,4,1,1,0,,,,0,,,,,,,,,,,,,0,0,3,0,1,3,3,1,1,1,,,0,0,,1,1,1,1,0.00
Public Method,"org.apache.commons.math3.util.BigRealTest.testDivisionByZero",,,,,,,,,,,,,,5,5,3,1,0,4,1,1,0,,,,0,,,,,,,,,,,,,2,0,3,0,1,3,3,1,1,1,,,0,0,,1,1,1,1,0.00
Public Method,"org.apache.commons.math3.util.BigRealTest.testDoubleValue",,,,,,,,,,,,,,3,3,1,3,0,2,1,1,0,,,,0,,,,,,,,,,,,,0,0,1,0,1,1,1,1,1,1,,,0,0,,1,1,1,1,0.00
Public Method,"org.apache.commons.math3.util.BigRealTest.testEqualsAndHashCode",,,,,,,,,,,,,,13,13,11,7,0,12,1,2,0,,,,0,,,,,,,,,,,,,1,0,5,0,1,11,5,7,1,1,,,0,0,,1,2,1,1,0.00
Public Method,"org.apache.commons.math3.util.BigRealTest.testMultiply",,,,,,,,,,,,,,7,7,5,4,0,6,1,1,0,,,,0,,,,,,,,,,,,,0,0,4,0,1,5,4,2,1,1,,,0,0,,1,1,1,1,0.00
Public Method,"org.apache.commons.math3.util.BigRealTest.testNegate",,,,,,,,,,,,,,7,7,5,3,0,6,1,1,0,,,,0,,,,,,,,,,,,,0,0,3,0,1,5,3,3,1,1,,,0,0,,1,1,1,1,0.00
Public Method,"org.apache.commons.math3.util.BigRealTest.testReciprocal",,,,,,,,,,,,,,10,10,8,8,0,9,1,1,0,,,,0,,,,,,,,,,,,,0,0,6,0,1,8,6,3,1,1,,,0,0,,1,1,1,1,0.00
Public Method,"org.apache.commons.math3.util.BigRealTest.testReciprocalOfZero",,,,,,,,,,,,,,3,3,1,1,0,2,1,1,0,,,,0,,,,,,,,,,,,,1,0,1,0,1,1,1,1,1,1,,,0,0,,1,1,1,1,0.00
Public Method,"org.apache.commons.math3.util.BigRealTest.testSerial",,,,,,,,,,,,,,9,9,4,4,0,5,2,2,0,,,,0,,,,,,,,,,,,,3,0,5,0,2,2,3,2,2,1,,,0,1,,2,2,1,2,0.00
Public Method,"org.apache.commons.math3.util.BigRealTest.testSubtract",,,,,,,,,,,,,,5,5,3,3,0,4,1,1,0,,,,0,,,,,,,,,,,,,0,0,3,0,1,3,3,1,1,1,,,0,0,,1,1,1,1,0.00
Public Class,"org.apache.commons.math3.util.CompositeFormat",2,1,1,8,0,,0,,1,9,0,2,7,197,96,57,,,66,,,,4,4,1,,2,2,20,10,1,0,8,,,0,9,0,,19,36,82,,47,27,39,,,4,5,,3,0,19,23,12,19,0.85
Private Constructor,"org.apache.commons.math3.util.CompositeFormat.CompositeFormat",,,,,,,,,,,,,,4,1,0,1,0,1,1,1,0,,,,0,,,,,,,,,,,,,0,0,1,3,1,0,1,0,1,1,,,0,0,,1,1,1,1,3.00
Public Static Method,"org.apache.commons.math3.util.CompositeFormat.formatDouble",,,,,,,,,,,,,,29,12,7,5,0,7,2,3,1,,,,0,,,,,,,,,,,,,8,0,3,17,2,5,1,6,2,1,,,0,1,,2,3,1,2,1.42
Public Static Method,"org.apache.commons.math3.util.CompositeFormat.getDefaultNumberFormat",,,,,,,,,,,,,,9,3,1,3,0,2,1,1,0,,,,0,,,,,,,,,,,,,12,0,1,6,1,1,1,1,1,1,,,0,0,,1,1,1,1,2.00
Public Static Method,"org.apache.commons.math3.util.CompositeFormat.getDefaultNumberFormat",,,,,,,,,,,,,,12,5,3,3,0,4,1,1,0,,,,0,,,,,,,,,,,,,8,0,2,7,1,3,2,2,1,1,,,0,0,,1,1,1,1,1.40
Public Static Method,"org.apache.commons.math3.util.CompositeFormat.parseAndIgnoreWhitespace",,,,,,,,,,,,,,12,5,2,3,0,3,1,1,0,,,,0,,,,,,,,,,,,,5,0,2,7,1,2,1,2,1,1,,,0,0,,1,1,1,1,1.40
Public Static Method,"org.apache.commons.math3.util.CompositeFormat.parseFixedstring",,,,,,,,,,,,,,26,15,10,7,0,9,2,4,1,,,,0,,,,,,,,,,,,,6,2,5,9,2,7,3,6,2,1,,,0,1,,2,4,1,2,0.60
Public Static Method,"org.apache.commons.math3.util.CompositeFormat.parseNextCharacter",,,,,,,,,,,,,,27,17,11,6,0,12,4,5,0,,,,0,,,,,,,,,,,,,4,3,6,7,3,9,5,7,4,1,,,0,2,,4,5,1,4,0.41
Private Static Method,"org.apache.commons.math3.util.CompositeFormat.parseNumber",,,,,,,,,,,,,,30,18,13,9,0,14,3,3,0,,,,0,,,,,,,,,,,,,4,3,7,9,3,11,6,8,3,1,,,0,2,,3,3,1,3,0.50
Public Static Method,"org.apache.commons.math3.util.CompositeFormat.parseNumber",,,,,,,,,,,,,,32,18,10,4,1,13,4,4,2,,,,2,,,,,,,,,,,,,7,2,8,12,4,9,6,7,4,4,,,2,3,,4,4,4,4,0.67
Public Abstract Class,"org.apache.commons.math3.util.ContinuedFraction",3,2,2,10,5,,1,,7,7,0,0,4,179,83,58,,,65,,,,13,6,1,,3,4,27,15,1,3,0,,,0,7,3,,18,26,79,,47,27,38,,,13,16,,4,60,17,20,10,17,0.95
Protected Constructor,"org.apache.commons.math3.util.ContinuedFraction.ContinuedFraction",,,,,,,,,,,,,,6,3,1,1,0,2,1,1,0,,,,0,,,,,,,,,,,,,0,0,1,3,1,1,1,1,1,1,,,0,0,,1,1,1,1,1.00
Public Method,"org.apache.commons.math3.util.ContinuedFraction.evaluate",,,,,,,,,,,,,,102,66,53,10,3,53,13,16,5,,,,4,,,,,,,,,,,,,11,10,18,27,484,40,19,34,13,6,,,5,4,,13,16,6,13,0.41
Public Method,"org.apache.commons.math3.util.ContinuedFraction.evaluate",,,,,,,,,,,,,,9,3,1,2,0,2,1,1,0,,,,0,,,,,,,,,,,,,2,0,1,6,1,1,1,1,1,1,,,0,0,,1,1,1,1,2.00
Public Method,"org.apache.commons.math3.util.ContinuedFraction.evaluate",,,,,,,,,,,,,,10,3,1,2,0,2,1,1,0,,,,0,,,,,,,,,,,,,3,0,1,7,1,1,1,1,1,1,,,0,0,,1,1,1,1,2.33
Public Method,"org.apache.commons.math3.util.ContinuedFraction.evaluate",,,,,,,,,,,,,,10,3,1,2,0,2,1,1,0,,,,0,,,,,,,,,,,,,3,0,1,7,1,1,1,1,1,1,,,0,0,,1,1,1,1,2.33
Protected Abstract Method,"org.apache.commons.math3.util.ContinuedFraction.getA",,,,,,,,,,,,,,8,1,0,1,0,1,0,0,0,,,,0,,,,,,,,,,,,,1,0,1,7,0,1,1,0,0,0,,,0,0,,0,0,0,0,7.00
Protected Abstract Method,"org.apache.commons.math3.util.ContinuedFraction.getB",,,,,,,,,,,,,,8,1,0,1,0,1,0,0,0,,,,0,,,,,,,,,,,,,1,0,1,7,0,1,1,0,0,0,,,0,0,,0,0,0,0,7.00
Public Class,"org.apache.commons.math3.util.ContinuedFractionTest",1,1,3,0,1,,0,,1,1,0,0,1,24,17,9,,,9,,,,1,1,1,,1,1,17,14,1,0,0,,,0,1,0,,4,6,3,,5,6,3,,,1,1,,0,0,1,1,1,1,0.18
Public Method,"org.apache.commons.math3.util.ContinuedFractionTest.testGoldenRatio",,,,,,,,,,,,,,17,14,9,2,0,8,1,1,0,,,,0,,,,,,,,,,,,,0,3,4,0,1,5,5,3,1,1,,,0,0,,1,1,1,1,0.00
Anonymous Class,"org.apache.commons.math3.util.ContinuedFractionTest.testGoldenRatio.(Anon_1)",1,1,0,0,0,,0,,2,9,0,0,2,11,9,7,,,4,,,,1,1,2,,1,1,3,3,1,0,0,,,0,2,0,,2,1,0,,2,2,2,,,1,1,,0,0,2,2,2,2,0.00
Public Method,"org.apache.commons.math3.util.ContinuedFractionTest.testGoldenRatio.(Anon_1).getA",,,,,,,,,,,,,,3,3,2,1,0,2,1,1,0,,,,0,,,,,,,,,,,,,0,0,0,0,1,1,1,1,1,1,,,0,0,,1,1,1,1,0.00
Public Method,"org.apache.commons.math3.util.ContinuedFractionTest.testGoldenRatio.(Anon_1).getB",,,,,,,,,,,,,,3,3,2,1,0,2,1,1,0,,,,0,,,,,,,,,,,,,0,0,0,0,1,1,1,1,1,1,,,0,0,,1,1,1,1,0.00
Public Class,"org.apache.commons.math3.util.Decimal64",1,1,0,5,2,,6,,21,21,0,0,21,283,95,32,,,59,,,,2,1,2,,1,1,8,3,3,0,0,,,1,21,0,,34,42,154,,36,31,28,,,2,2,,1,86,22,22,21,22,1.62
Public Constructor,"org.apache.commons.math3.util.Decimal64.Decimal64",,,,,,,,,,,,,,8,3,1,2,0,2,1,1,0,,,,0,,,,,,,,,,,,,13,0,1,5,1,1,1,1,1,1,,,0,0,,1,1,1,1,1.67
Public Method,"org.apache.commons.math3.util.Decimal64.add",,,,,,,,,,,,,,10,3,1,2,0,2,1,1,0,,,,0,,,,,,,,,,,,,3,0,1,7,1,1,1,1,1,1,,,0,0,,1,1,1,1,2.33
Public Method,"org.apache.commons.math3.util.Decimal64.byteValue",,,,,,,,,,,,,,8,3,1,1,0,2,1,1,0,,,,0,,,,,,,,,,,,,1,0,1,5,1,1,1,1,1,1,,,0,0,,1,1,1,1,1.67
Public Method,"org.apache.commons.math3.util.Decimal64.compareTo",,,,,,,,,,,,,,12,3,1,2,0,2,1,1,0,,,,0,,,,,,,,,,,,,2,0,1,9,1,1,1,1,1,1,,,0,0,,1,1,1,1,3.00
Public Method,"org.apache.commons.math3.util.Decimal64.divide",,,,,,,,,,,,,,11,3,1,2,0,2,1,1,0,,,,0,,,,,,,,,,,,,3,0,1,8,1,1,1,1,1,1,,,0,0,,1,1,1,1,2.67
Public Method,"org.apache.commons.math3.util.Decimal64.doubleValue",,,,,,,,,,,,,,4,3,1,1,0,2,1,1,0,,,,0,,,,,,,,,,,,,1,0,1,1,1,1,1,1,1,1,,,0,0,,1,1,1,1,0.33
Public Method,"org.apache.commons.math3.util.Decimal64.equals",,,,,,,,,,,,,,9,8,5,2,0,5,2,2,1,,,,0,,,,,,,,,,,,,2,0,2,1,2,3,2,3,2,1,,,0,1,,2,2,1,2,0.12
Public Method,"org.apache.commons.math3.util.Decimal64.floatValue",,,,,,,,,,,,,,8,3,1,1,0,2,1,1,0,,,,0,,,,,,,,,,,,,1,0,1,5,1,1,1,1,1,1,,,0,0,,1,1,1,1,1.67
Public Method,"org.apache.commons.math3.util.Decimal64.getField",,,,,,,,,,,,,,4,3,1,2,0,2,1,1,0,,,,0,,,,,,,,,,,,,0,0,1,1,1,1,1,1,1,1,,,0,0,,1,1,1,1,0.33
Public Method,"org.apache.commons.math3.util.Decimal64.hashCode",,,,,,,,,,,,,,12,4,2,2,0,3,1,1,0,,,,0,,,,,,,,,,,,,1,0,2,8,1,2,2,1,1,1,,,0,0,,1,1,1,1,2.00
Public Method,"org.apache.commons.math3.util.Decimal64.intValue",,,,,,,,,,,,,,8,3,1,1,0,2,1,1,0,,,,0,,,,,,,,,,,,,1,0,1,5,1,1,1,1,1,1,,,0,0,,1,1,1,1,1.67
Public Method,"org.apache.commons.math3.util.Decimal64.isInfinite",,,,,,,,,,,,,,9,3,1,2,0,2,1,1,0,,,,0,,,,,,,,,,,,,2,0,1,6,1,1,1,1,1,1,,,0,0,,1,1,1,1,2.00
Public Method,"org.apache.commons.math3.util.Decimal64.isNaN",,,,,,,,,,,,,,9,3,1,2,0,2,1,1,0,,,,0,,,,,,,,,,,,,2,0,1,6,1,1,1,1,1,1,,,0,0,,1,1,1,1,2.00
Public Method,"org.apache.commons.math3.util.Decimal64.longValue",,,,,,,,,,,,,,8,3,1,1,0,2,1,1,0,,,,0,,,,,,,,,,,,,1,0,1,5,1,1,1,1,1,1,,,0,0,,1,1,1,1,1.67
Public Method,"org.apache.commons.math3.util.Decimal64.multiply",,,,,,,,,,,,,,10,3,1,2,0,2,1,1,0,,,,0,,,,,,,,,,,,,3,0,1,7,1,1,1,1,1,1,,,0,0,,1,1,1,1,2.33
Public Method,"org.apache.commons.math3.util.Decimal64.multiply",,,,,,,,,,,,,,9,3,1,2,0,2,1,1,0,,,,0,,,,,,,,,,,,,2,0,1,6,1,1,1,1,1,1,,,0,0,,1,1,1,1,2.00
Public Method,"org.apache.commons.math3.util.Decimal64.negate",,,,,,,,,,,,,,9,3,1,2,0,2,1,1,0,,,,0,,,,,,,,,,,,,2,0,1,6,1,1,1,1,1,1,,,0,0,,1,1,1,1,2.00
Public Method,"org.apache.commons.math3.util.Decimal64.reciprocal",,,,,,,,,,,,,,10,3,1,2,0,2,1,1,0,,,,0,,,,,,,,,,,,,2,0,1,7,1,1,1,1,1,1,,,0,0,,1,1,1,1,2.33
Public Method,"org.apache.commons.math3.util.Decimal64.shortValue",,,,,,,,,,,,,,8,3,1,1,0,2,1,1,0,,,,0,,,,,,,,,,,,,1,0,1,5,1,1,1,1,1,1,,,0,0,,1,1,1,1,1.67
Public Method,"org.apache.commons.math3.util.Decimal64.subtract",,,,,,,,,,,,,,10,3,1,2,0,2,1,1,0,,,,0,,,,,,,,,,,,,3,0,1,7,1,1,1,1,1,1,,,0,0,,1,1,1,1,2.33
Public Method,"org.apache.commons.math3.util.Decimal64.toString",,,,,,,,,,,,,,11,3,1,2,0,2,1,1,0,,,,0,,,,,,,,,,,,,1,0,1,8,1,1,1,1,1,1,,,0,0,,1,1,1,1,2.67
Public Class,"org.apache.commons.math3.util.Decimal64Field",1,1,0,2,1,,1,,4,5,0,1,4,41,17,5,,,11,,,,1,1,1,,1,1,4,2,2,0,1,,,0,5,0,,6,7,18,,5,7,4,,,1,1,,0,80,5,5,5,5,1.06
Private Constructor,"org.apache.commons.math3.util.Decimal64Field.Decimal64Field",,,,,,,,,,,,,,4,2,0,1,0,1,1,1,0,,,,0,,,,,,,,,,,,,0,0,1,2,1,0,1,0,1,1,,,0,0,,1,1,1,1,1.00
Public Static Method,"org.apache.commons.math3.util.Decimal64Field.getInstance",,,,,,,,,,,,,,8,3,1,1,0,2,1,1,0,,,,0,,,,,,,,,,,,,2,0,1,5,1,1,1,1,1,1,,,0,0,,1,1,1,1,1.67
Public Method,"org.apache.commons.math3.util.Decimal64Field.getOne",,,,,,,,,,,,,,4,3,1,1,0,2,1,1,0,,,,0,,,,,,,,,,,,,1,0,1,1,1,1,1,1,1,1,,,0,0,,1,1,1,1,0.33
Public Method,"org.apache.commons.math3.util.Decimal64Field.getRuntimeClass",,,,,,,,,,,,,,4,3,1,1,0,2,1,1,0,,,,0,,,,,,,,,,,,,1,0,1,1,1,1,1,1,1,1,,,0,0,,1,1,1,1,0.33
Public Method,"org.apache.commons.math3.util.Decimal64Field.getZero",,,,,,,,,,,,,,4,3,1,1,0,2,1,1,0,,,,0,,,,,,,,,,,,,1,0,1,1,1,1,1,1,1,1,,,0,0,,1,1,1,1,0.33
Public Class,"org.apache.commons.math3.util.Decimal64Test",1,1,5,0,1,,8,,8,8,0,0,8,399,343,311,,,314,,,,1,1,1,,1,1,45,40,1,0,0,,,0,8,0,,56,31,0,,305,23,291,,,1,1,,0,32,8,8,8,8,0.00
Public Method,"org.apache.commons.math3.util.Decimal64Test.testAdd",,,,,,,,,,,,,,69,63,60,3,0,62,1,1,0,,,,0,,,,,,,,,,,,,9,6,2,0,1,61,2,60,1,1,,,0,0,,1,1,1,1,0.00
Public Method,"org.apache.commons.math3.util.Decimal64Test.testDivide",,,,,,,,,,,,,,91,82,79,3,0,77,1,1,0,,,,0,,,,,,,,,,,,,11,9,2,0,1,76,2,75,1,1,,,0,0,,1,1,1,1,0.00
Public Method,"org.apache.commons.math3.util.Decimal64Test.testIsInfinite",,,,,,,,,,,,,,10,9,7,3,0,8,1,1,0,,,,0,,,,,,,,,,,,,7,1,1,0,1,7,1,7,1,1,,,0,0,,1,1,1,1,0.00
Public Method,"org.apache.commons.math3.util.Decimal64Test.testIsNaN",,,,,,,,,,,,,,10,9,7,3,0,8,1,1,0,,,,0,,,,,,,,,,,,,7,1,1,0,1,7,1,7,1,1,,,0,0,,1,1,1,1,0.00
Public Method,"org.apache.commons.math3.util.Decimal64Test.testMultiply",,,,,,,,,,,,,,73,67,64,3,0,62,1,1,0,,,,0,,,,,,,,,,,,,9,6,2,0,1,61,2,60,1,1,,,0,0,,1,1,1,1,0.00
Public Method,"org.apache.commons.math3.util.Decimal64Test.testNegate",,,,,,,,,,,,,,31,24,21,2,0,23,1,1,0,,,,0,,,,,,,,,,,,,7,7,2,0,1,22,2,21,1,1,,,0,0,,1,1,1,1,0.00
Public Method,"org.apache.commons.math3.util.Decimal64Test.testReciprocal",,,,,,,,,,,,,,19,15,12,3,0,14,1,1,0,,,,0,,,,,,,,,,,,,7,4,2,0,1,13,2,12,1,1,,,0,0,,1,1,1,1,0.00
Public Method,"org.apache.commons.math3.util.Decimal64Test.testSubtract",,,,,,,,,,,,,,63,56,53,3,0,51,1,1,0,,,,0,,,,,,,,,,,,,9,7,2,0,1,50,2,49,1,1,,,0,0,,1,1,1,1,0.00
Public Class,"org.apache.commons.math3.util.DefaultTransformer",2,1,1,3,3,,1,,3,3,0,0,3,57,29,14,,,16,,,,4,3,1,,2,2,12,8,3,0,0,,,0,3,0,,8,8,20,,8,5,11,,,4,4,,1,100,7,7,5,7,0.69
Public Method,"org.apache.commons.math3.util.DefaultTransformer.equals",,,,,,,,,,,,,,7,6,3,1,0,4,2,2,1,,,,0,,,,,,,,,,,,,1,0,1,1,2,2,1,3,2,1,,,0,1,,2,2,1,2,0.17
Public Method,"org.apache.commons.math3.util.DefaultTransformer.hashCode",,,,,,,,,,,,,,5,3,1,1,0,2,1,1,0,,,,0,,,,,,,,,,,,,0,0,1,2,1,1,1,1,1,1,,,0,0,,1,1,1,1,0.67
Public Method,"org.apache.commons.math3.util.DefaultTransformer.transform",,,,,,,,,,,,,,26,15,9,6,1,8,4,4,2,,,,2,,,,,,,,,,,,,9,3,2,8,6,4,1,7,4,3,,,2,1,,4,4,3,4,0.53
Public Class,"org.apache.commons.math3.util.DefaultTransformerTest",1,1,0,2,4,,0,,7,7,0,0,7,78,49,25,,,32,,,,2,1,1,,1,1,8,5,1,0,0,,,0,7,0,,7,30,22,,23,23,9,,,2,2,,1,0,8,8,7,8,0.45
Public Method,"org.apache.commons.math3.util.DefaultTransformerTest.testSerial",,,,,,,,,,,,,,3,3,1,2,0,2,1,1,0,,,,0,,,,,,,,,,,,,0,0,1,0,1,1,1,1,1,1,,,0,0,,1,1,1,1,0.00
Public Method,"org.apache.commons.math3.util.DefaultTransformerTest.testTransformBigDecimal",,,,,,,,,,,,,,9,6,4,2,0,5,1,1,0,,,,0,,,,,,,,,,,,,0,0,4,3,1,4,4,1,1,1,,,0,0,,1,1,1,1,0.50
Public Method,"org.apache.commons.math3.util.DefaultTransformerTest.testTransformDouble",,,,,,,,,,,,,,9,6,4,3,0,5,1,1,0,,,,0,,,,,,,,,,,,,0,0,4,3,1,4,4,1,1,1,,,0,0,,1,1,1,1,0.50
Public Method,"org.apache.commons.math3.util.DefaultTransformerTest.testTransformInteger",,,,,,,,,,,,,,9,6,4,3,0,5,1,1,0,,,,0,,,,,,,,,,,,,0,0,4,3,1,4,4,1,1,1,,,0,0,,1,1,1,1,0.50
Public Method,"org.apache.commons.math3.util.DefaultTransformerTest.testTransformNull",,,,,,,,,,,,,,12,8,5,2,0,5,2,2,1,,,,0,,,,,,,,,,,,,0,0,2,4,2,3,2,3,2,1,,,0,1,,2,2,1,2,0.50
Public Method,"org.apache.commons.math3.util.DefaultTransformerTest.testTransformObject",,,,,,,,,,,,,,8,5,3,1,0,4,1,1,0,,,,0,,,,,,,,,,,,,1,0,3,3,1,3,3,1,1,1,,,0,0,,1,1,1,1,0.60
Public Method,"org.apache.commons.math3.util.DefaultTransformerTest.testTransformString",,,,,,,,,,,,,,9,6,4,2,0,5,1,1,0,,,,0,,,,,,,,,,,,,0,0,4,3,1,4,4,1,1,1,,,0,0,,1,1,1,1,0.50
Public Interface,"org.apache.commons.math3.util.DoubleArray",0,0,0,0,0,,0,,8,8,8,0,0,85,10,0,,,9,,,,0,0,0,,0,0,0,0,0,1,0,,,0,8,0,,9,9,66,,8,9,0,,,0,0,,0,0,0,0,0,0,6.60
Abstract Method,"org.apache.commons.math3.util.DoubleArray.addElement",,,,,,,,,,,,,,6,1,0,0,0,1,0,0,0,,,,0,,,,,,,,,,,,,9,0,1,5,0,1,1,0,0,0,,,0,0,,0,0,0,0,5.00
Abstract Method,"org.apache.commons.math3.util.DoubleArray.addElementRolling",,,,,,,,,,,,,,17,1,0,1,0,1,0,0,0,,,,0,,,,,,,,,,,,,2,0,1,16,0,1,1,0,0,0,,,0,0,,0,0,0,0,16.00
Abstract Method,"org.apache.commons.math3.util.DoubleArray.addElements",,,,,,,,,,,,,,6,1,0,0,0,1,0,0,0,,,,0,,,,,,,,,,,,,0,0,1,5,0,1,1,0,0,0,,,0,0,,0,0,0,0,5.00
Abstract Method,"org.apache.commons.math3.util.DoubleArray.clear",,,,,,,,,,,,,,4,1,0,0,0,1,0,0,0,,,,0,,,,,,,,,,,,,2,0,1,3,0,1,1,0,0,0,,,0,0,,0,0,0,0,3.00
Abstract Method,"org.apache.commons.math3.util.DoubleArray.getElement",,,,,,,,,,,,,,11,1,0,1,0,1,0,0,0,,,,0,,,,,,,,,,,,,4,0,1,10,0,1,1,0,0,0,,,0,0,,0,0,0,0,10.00
Abstract Method,"org.apache.commons.math3.util.DoubleArray.getElements",,,,,,,,,,,,,,10,1,0,1,0,1,0,0,0,,,,0,,,,,,,,,,,,,3,0,1,9,0,1,1,0,0,0,,,0,0,,0,0,0,0,9.00
Abstract Method,"org.apache.commons.math3.util.DoubleArray.getNumElements",,,,,,,,,,,,,,7,1,0,1,0,1,0,0,0,,,,0,,,,,,,,,,,,,7,0,1,6,0,1,1,0,0,0,,,0,0,,0,0,0,0,6.00
Abstract Method,"org.apache.commons.math3.util.DoubleArray.setElement",,,,,,,,,,,,,,13,1,0,0,0,1,0,0,0,,,,0,,,,,,,,,,,,,1,0,1,12,0,1,1,0,0,0,,,0,0,,0,0,0,0,12.00
Public Abstract Class,"org.apache.commons.math3.util.DoubleArrayAbstractTest",1,1,2,0,2,,0,,4,4,0,0,4,110,86,67,,,49,,,,2,1,1,,1,1,22,19,1,1,0,,,2,4,0,,18,13,6,,41,12,37,,,2,2,,1,50,7,7,4,7,0.07
Public Method,"org.apache.commons.math3.util.DoubleArrayAbstractTest.testAdd1000",,,,,,,,,,,,,,18,14,10,4,0,7,2,2,0,,,,0,,,,,,,,,,,,,2,4,1,0,2,5,2,5,2,1,,,0,1,,2,2,1,2,0.00
Public Method,"org.apache.commons.math3.util.DoubleArrayAbstractTest.testAddElementRolling",,,,,,,,,,,,,,33,30,26,7,0,16,2,2,0,,,,0,,,,,,,,,,,,,2,3,1,0,2,14,2,14,2,1,,,0,1,,2,2,1,2,0.00
Public Method,"org.apache.commons.math3.util.DoubleArrayAbstractTest.testGetValues",,,,,,,,,,,,,,19,16,13,4,0,10,2,2,0,,,,0,,,,,,,,,,,,,1,3,3,0,2,8,4,6,2,1,,,0,1,,2,2,1,2,0.00
Public Method,"org.apache.commons.math3.util.DoubleArrayAbstractTest.testMinMax",,,,,,,,,,,,,,19,18,16,5,0,13,1,1,0,,,,0,,,,,,,,,,,,,1,1,1,0,1,12,1,12,1,1,,,0,0,,1,1,1,1,0.00
Public Class,"org.apache.commons.math3.util.FastMath",5,3,6,13,5,,42,,1,71,0,12,59,3778,2143,1683,,,1636,,,,30,28,1,,5,6,46,26,1,0,70,,,0,71,0,,594,642,1099,,1303,530,1106,,,30,39,,3,97,364,443,253,358,0.51
Private Static Class,"org.apache.commons.math3.util.FastMath.ExpFracTable",0,0,0,0,3,,2,,0,0,0,0,0,32,20,12,,,16,,,,0,0,1,,0,0,0,0,1,0,0,,,2,0,0,,3,6,9,,13,6,10,,,0,0,,0,0,0,0,0,0,0.45
Private Static Class,"org.apache.commons.math3.util.FastMath.ExpIntTable",0,0,0,0,3,,2,,0,0,0,0,0,38,25,16,,,20,,,,0,0,1,,0,0,0,0,1,0,0,,,2,0,0,,4,6,9,,16,6,14,,,0,0,,0,0,0,0,0,0,0.36
Private Constructor,"org.apache.commons.math3.util.FastMath.FastMath",,,,,,,,,,,,,,4,1,0,1,0,1,1,1,0,,,,0,,,,,,,,,,,,,0,0,1,3,1,0,1,0,1,1,,,0,0,,1,1,1,1,3.00
Public Static Method,"org.apache.commons.math3.util.FastMath.IEEEremainder",,,,,,,,,,,,,,23,3,1,2,0,2,1,1,0,,,,0,,,,,,,,,,,,,2,0,1,21,1,1,1,1,1,1,,,0,0,,1,1,1,1,7.00
Public Static Method,"org.apache.commons.math3.util.FastMath.abs",,,,,,,,,,,,,,8,3,1,1,0,2,3,3,0,,,,0,,,,,,,,,,,,,253,0,1,6,1,1,1,1,3,1,,,0,0,,3,3,1,3,2.00
Public Static Method,"org.apache.commons.math3.util.FastMath.abs",,,,,,,,,,,,,,8,3,1,1,0,2,2,2,0,,,,0,,,,,,,,,,,,,13,0,1,5,1,1,1,1,2,1,,,0,0,,2,2,1,2,1.67
Public Static Method,"org.apache.commons.math3.util.FastMath.abs",,,,,,,,,,,,,,8,3,1,1,0,2,2,2,0,,,,0,,,,,,,,,,,,,5,0,1,5,1,1,1,1,2,1,,,0,0,,2,2,1,2,1.67
Public Static Method,"org.apache.commons.math3.util.FastMath.abs",,,,,,,,,,,,,,8,3,1,1,0,2,3,3,0,,,,0,,,,,,,,,,,,,4,0,1,6,1,1,1,1,3,1,,,0,0,,3,3,1,3,2.00
Public Static Method,"org.apache.commons.math3.util.FastMath.acos",,,,,,,,,,,,,,81,49,41,5,1,42,7,8,6,,,,6,,,,,,,,,,,,,11,19,12,17,7,35,12,30,7,7,,,6,1,,7,8,7,7,0.35
Public Static Method,"org.apache.commons.math3.util.FastMath.acosh",,,,,,,,,,,,,,7,3,1,3,0,2,1,1,0,,,,0,,,,,,,,,,,,,3,0,1,4,1,1,1,1,1,1,,,0,0,,1,1,1,1,1.33
Public Static Method,"org.apache.commons.math3.util.FastMath.asin",,,,,,,,,,,,,,75,46,38,3,1,40,6,7,5,,,,5,,,,,,,,,,,,,11,17,13,15,6,34,13,27,6,6,,,5,1,,6,7,6,6,0.33
Public Static Method,"org.apache.commons.math3.util.FastMath.asinh",,,,,,,,,,,,,,29,23,17,3,1,17,7,7,4,,,,0,,,,,,,,,,,,,19,2,4,4,10,11,4,13,7,1,,,0,2,,7,7,1,7,0.17
Public Static Method,"org.apache.commons.math3.util.FastMath.atan",,,,,,,,,,,,,,8,3,1,2,0,2,1,1,0,,,,0,,,,,,,,,,,,,9,0,1,5,1,1,1,1,1,1,,,0,0,,1,1,1,1,1.67
Private Static Method,"org.apache.commons.math3.util.FastMath.atan",,,,,,,,,,,,,,146,91,81,2,2,81,10,10,4,,,,2,,,,,,,,,,,,,12,29,24,28,35,73,24,57,10,3,,,2,1,,10,10,3,10,0.31
Public Static Method,"org.apache.commons.math3.util.FastMath.atan2",,,,,,,,,,,,,,122,86,60,6,2,58,24,33,35,,,,35,,,,,,,,,,,,,19,25,11,15,50,34,11,47,24,23,,,35,3,,24,33,23,24,0.17
Public Static Method,"org.apache.commons.math3.util.FastMath.atanh",,,,,,,,,,,,,,29,23,17,2,1,17,7,7,4,,,,0,,,,,,,,,,,,,11,2,4,4,10,11,4,13,7,1,,,0,2,,7,7,1,7,0.17
Public Static Method,"org.apache.commons.math3.util.FastMath.cbrt",,,,,,,,,,,,,,83,50,44,3,1,44,5,5,3,,,,3,,,,,,,,,,,,,8,17,18,18,7,39,17,27,5,4,,,3,2,,5,5,4,5,0.36
Public Static Method,"org.apache.commons.math3.util.FastMath.ceil",,,,,,,,,,,,,,24,15,9,2,1,11,4,4,3,,,,3,,,,,,,,,,,,,10,5,2,5,4,7,2,9,4,4,,,3,1,,4,4,4,4,0.33
Public Static Method,"org.apache.commons.math3.util.FastMath.copySign",,,,,,,,,,,,,,16,8,5,2,0,6,2,5,1,,,,0,,,,,,,,,,,,,7,0,3,10,2,4,3,3,2,1,,,0,1,,2,5,1,2,1.25
Public Static Method,"org.apache.commons.math3.util.FastMath.copySign",,,,,,,,,,,,,,16,8,5,2,0,6,2,5,1,,,,0,,,,,,,,,,,,,3,0,3,10,2,4,3,3,2,1,,,0,1,,2,5,1,2,1.25
Public Static Method,"org.apache.commons.math3.util.FastMath.cos",,,,,,,,,,,,,,84,54,44,4,2,42,11,12,14,,,,14,,,,,,,,,,,,,68,11,10,19,52,34,10,32,8,10,,,14,3,,11,12,10,8,0.35
Private Static Method,"org.apache.commons.math3.util.FastMath.cosQ",,,,,,,,,,,,,,17,8,6,2,0,7,1,1,0,,,,0,,,,,,,,,,,,,4,2,5,7,1,6,5,2,1,1,,,0,0,,1,1,1,1,0.88
Public Static Method,"org.apache.commons.math3.util.FastMath.cosh",,,,,,,,,,,,,,58,36,30,3,1,31,5,5,3,,,,3,,,,,,,,,,,,,14,11,11,11,5,26,11,20,5,4,,,3,1,,5,5,4,5,0.31
Private Static Method,"org.apache.commons.math3.util.FastMath.doubleHighPart",,,,,,,,,,,,,,15,8,5,3,0,6,2,3,1,,,,0,,,,,,,,,,,,,7,0,2,9,2,4,2,4,2,1,,,0,1,,2,3,1,2,1.12
Public Static Method,"org.apache.commons.math3.util.FastMath.exp",,,,,,,,,,,,,,23,3,1,2,0,2,1,1,0,,,,0,,,,,,,,,,,,,81,0,1,20,1,1,1,1,1,1,,,0,0,,1,1,1,1,6.67
Private Static Method,"org.apache.commons.math3.util.FastMath.exp",,,,,,,,,,,,,,123,69,52,2,1,55,12,12,10,,,,9,,,,,,,,,,,,,14,17,15,37,16,43,15,40,12,6,,,9,3,,12,12,6,12,0.54
Public Static Method,"org.apache.commons.math3.util.FastMath.expm1",,,,,,,,,,,,,,7,3,1,2,0,2,1,1,0,,,,0,,,,,,,,,,,,,6,0,1,4,1,1,1,1,1,1,,,0,0,,1,1,1,1,1.33
Private Static Method,"org.apache.commons.math3.util.FastMath.expm1",,,,,,,,,,,,,,146,95,82,3,1,85,7,9,4,,,,4,,,,,,,,,,,,,8,26,23,28,11,78,23,62,7,4,,,4,2,,7,9,4,7,0.29
Public Static Method,"org.apache.commons.math3.util.FastMath.floor",,,,,,,,,,,,,,26,17,10,1,1,12,5,7,3,,,,3,,,,,,,,,,,,,24,5,2,5,6,7,2,10,5,4,,,3,1,,5,7,4,5,0.29
Public Static Method,"org.apache.commons.math3.util.FastMath.getExponent",,,,,,,,,,,,,,12,3,1,2,0,2,1,1,0,,,,0,,,,,,,,,,,,,3,0,1,9,1,1,1,1,1,1,,,0,0,,1,1,1,1,3.00
Public Static Method,"org.apache.commons.math3.util.FastMath.getExponent",,,,,,,,,,,,,,12,3,1,2,0,2,1,1,0,,,,0,,,,,,,,,,,,,1,0,1,9,1,1,1,1,1,1,,,0,0,,1,1,1,1,3.00
Public Static Method,"org.apache.commons.math3.util.FastMath.hypot",,,,,,,,,,,,,,48,21,17,7,1,16,5,7,4,,,,4,,,,,,,,,,,,,6,7,7,20,5,11,7,9,5,5,,,4,2,,5,7,5,5,0.95
Private Static Class,"org.apache.commons.math3.util.FastMath.lnMant",0,0,0,0,3,,1,,0,0,0,0,0,19,14,7,,,10,,,,0,0,1,,0,0,0,0,1,0,0,,,0,0,0,,2,4,3,,7,4,6,,,0,0,,0,0,0,0,0,0,0.21
Public Static Method,"org.apache.commons.math3.util.FastMath.log",,,,,,,,,,,,,,9,3,1,2,0,2,1,1,0,,,,0,,,,,,,,,,,,,48,0,1,6,1,1,1,1,1,1,,,0,0,,1,1,1,1,2.00
Private Static Method,"org.apache.commons.math3.util.FastMath.log",,,,,,,,,,,,,,227,133,115,3,2,119,17,21,9,,,,8,,,,,,,,,,,,,14,37,27,58,95,102,29,90,17,9,,,8,3,,17,21,9,17,0.44
Public Static Method,"org.apache.commons.math3.util.FastMath.log",,,,,,,,,,,,,,19,3,1,2,0,2,1,1,0,,,,0,,,,,,,,,,,,,3,0,1,16,1,1,1,1,1,1,,,0,0,,1,1,1,1,5.33
Public Static Method,"org.apache.commons.math3.util.FastMath.log10",,,,,,,,,,,,,,21,13,10,3,0,11,2,2,1,,,,0,,,,,,,,,,,,,7,4,8,5,2,9,8,3,2,1,,,0,1,,2,2,1,2,0.38
Public Static Method,"org.apache.commons.math3.util.FastMath.log1p",,,,,,,,,,,,,,42,25,19,3,1,20,5,7,5,,,,5,,,,,,,,,,,,,10,10,8,10,5,15,8,12,5,5,,,5,2,,5,7,5,5,0.40
Public Static Method,"org.apache.commons.math3.util.FastMath.main",,,,,,,,,,,,,,19,14,12,1,0,13,1,1,0,,,,0,,,,,,,,,,,,,15,0,2,5,1,12,2,11,1,1,,,0,0,,1,1,1,1,0.36
Public Static Method,"org.apache.commons.math3.util.FastMath.max",,,,,,,,,,,,,,24,16,10,2,1,11,5,5,4,,,,4,,,,,,,,,,,,,80,0,2,8,5,6,2,9,5,5,,,4,1,,5,5,5,5,0.50
Public Static Method,"org.apache.commons.math3.util.FastMath.max",,,,,,,,,,,,,,8,3,1,1,0,2,2,2,0,,,,0,,,,,,,,,,,,,29,0,1,5,1,1,1,1,2,1,,,0,0,,2,2,1,2,1.67
Public Static Method,"org.apache.commons.math3.util.FastMath.max",,,,,,,,,,,,,,8,3,1,1,0,2,2,2,0,,,,0,,,,,,,,,,,,,2,0,1,5,1,1,1,1,2,1,,,0,0,,2,2,1,2,1.67
Public Static Method,"org.apache.commons.math3.util.FastMath.max",,,,,,,,,,,,,,24,16,10,2,1,11,5,5,4,,,,4,,,,,,,,,,,,,3,0,2,8,5,6,2,9,5,5,,,4,1,,5,5,5,5,0.50
Public Static Method,"org.apache.commons.math3.util.FastMath.min",,,,,,,,,,,,,,8,3,1,1,0,2,2,2,0,,,,0,,,,,,,,,,,,,64,0,1,5,1,1,1,1,2,1,,,0,0,,2,2,1,2,1.67
Public Static Method,"org.apache.commons.math3.util.FastMath.min",,,,,,,,,,,,,,8,3,1,1,0,2,2,2,0,,,,0,,,,,,,,,,,,,2,0,1,5,1,1,1,1,2,1,,,0,0,,2,2,1,2,1.67
Public Static Method,"org.apache.commons.math3.util.FastMath.min",,,,,,,,,,,,,,24,16,10,2,1,11,5,5,4,,,,4,,,,,,,,,,,,,3,0,2,8,5,6,2,9,5,5,,,4,1,,5,5,5,5,0.50
Public Static Method,"org.apache.commons.math3.util.FastMath.min",,,,,,,,,,,,,,24,16,10,2,1,11,5,5,4,,,,4,,,,,,,,,,,,,20,0,2,8,5,6,2,9,5,5,,,4,1,,5,5,5,5,0.50
Public Static Method,"org.apache.commons.math3.util.FastMath.nextAfter",,,,,,,,,,,,,,55,18,14,5,1,14,8,9,5,,,,5,,,,,,,,,,,,,7,3,3,34,6,8,3,11,8,6,,,5,1,,8,9,6,8,1.89
Public Static Method,"org.apache.commons.math3.util.FastMath.nextAfter",,,,,,,,,,,,,,55,18,14,5,1,14,8,9,5,,,,5,,,,,,,,,,,,,4,3,3,34,6,8,3,11,8,6,,,5,1,,8,9,6,8,1.89
Public Static Method,"org.apache.commons.math3.util.FastMath.nextUp",,,,,,,,,,,,,,7,3,1,2,0,2,1,1,0,,,,0,,,,,,,,,,,,,2,0,1,4,1,1,1,1,1,1,,,0,0,,1,1,1,1,1.33
Public Static Method,"org.apache.commons.math3.util.FastMath.nextUp",,,,,,,,,,,,,,7,3,1,2,0,2,1,1,0,,,,0,,,,,,,,,,,,,1,0,1,4,1,1,1,1,1,1,,,0,0,,1,1,1,1,1.33
Private Static Method,"org.apache.commons.math3.util.FastMath.polyCosine",,,,,,,,,,,,,,17,9,7,1,0,8,1,1,0,,,,0,,,,,,,,,,,,,3,2,3,6,1,7,3,5,1,1,,,0,0,,1,1,1,1,0.67
Private Static Method,"org.apache.commons.math3.util.FastMath.polySine",,,,,,,,,,,,,,20,10,7,1,0,8,1,1,0,,,,0,,,,,,,,,,,,,3,2,3,8,1,7,3,5,1,1,,,0,0,,1,1,1,1,0.80
Public Static Method,"org.apache.commons.math3.util.FastMath.pow",,,,,,,,,,,,,,166,121,89,5,2,87,30,38,47,,,,46,,,,,,,,,,,,,64,29,20,20,41,58,20,67,30,28,,,46,3,,30,38,28,30,0.17
Public Static Method,"org.apache.commons.math3.util.FastMath.random",,,,,,,,,,,,,,7,3,1,2,0,2,1,1,0,,,,0,,,,,,,,,,,,,3,0,1,4,1,1,1,1,1,1,,,0,0,,1,1,1,1,1.33
Private Static Method,"org.apache.commons.math3.util.FastMath.reducePayneHanek",,,,,,,,,,,,,,222,137,123,2,2,119,11,39,1,,,,0,,,,,,,,,,,,,7,42,28,45,256,110,28,91,11,1,,,0,1,,11,39,1,11,0.33
Public Static Method,"org.apache.commons.math3.util.FastMath.rint",,,,,,,,,,,,,,22,15,10,2,1,11,5,5,4,,,,4,,,,,,,,,,,,,5,2,4,6,4,7,4,7,5,4,,,4,2,,5,5,4,5,0.40
Public Static Method,"org.apache.commons.math3.util.FastMath.round",,,,,,,,,,,,,,7,3,1,2,0,2,1,1,0,,,,0,,,,,,,,,,,,,3,0,1,4,1,1,1,1,1,1,,,0,0,,1,1,1,1,1.33
Public Static Method,"org.apache.commons.math3.util.FastMath.round",,,,,,,,,,,,,,7,3,1,2,0,2,1,1,0,,,,0,,,,,,,,,,,,,2,0,1,4,1,1,1,1,1,1,,,0,0,,1,1,1,1,1.33
Public Static Method,"org.apache.commons.math3.util.FastMath.scalb",,,,,,,,,,,,,,83,52,40,5,1,37,18,21,13,,,,13,,,,,,,,,,,,,5,12,7,19,14,24,7,30,18,11,,,13,3,,18,21,11,18,0.37
Public Static Method,"org.apache.commons.math3.util.FastMath.scalb",,,,,,,,,,,,,,83,52,40,5,1,37,18,21,13,,,,13,,,,,,,,,,,,,3,12,7,19,14,24,7,30,18,11,,,13,3,,18,21,11,18,0.37
Public Static Method,"org.apache.commons.math3.util.FastMath.signum",,,,,,,,,,,,,,8,3,1,1,0,2,3,3,0,,,,0,,,,,,,,,,,,,5,0,1,6,1,1,1,1,3,1,,,0,0,,3,3,1,3,2.00
Public Static Method,"org.apache.commons.math3.util.FastMath.signum",,,,,,,,,,,,,,8,3,1,1,0,2,3,3,0,,,,0,,,,,,,,,,,,,2,0,1,6,1,1,1,1,3,1,,,0,0,,3,3,1,3,2.00
Public Static Method,"org.apache.commons.math3.util.FastMath.sin",,,,,,,,,,,,,,97,67,53,5,2,52,14,15,17,,,,17,,,,,,,,,,,,,83,12,12,19,106,41,12,40,11,12,,,17,3,,14,15,12,11,0.28
Private Static Method,"org.apache.commons.math3.util.FastMath.sinQ",,,,,,,,,,,,,,123,41,37,3,0,38,2,2,0,,,,0,,,,,,,,,,,,,11,18,19,66,2,36,19,19,2,1,,,0,1,,2,2,1,2,1.61
Public Static Method,"org.apache.commons.math3.util.FastMath.sinh",,,,,,,,,,,,,,114,76,65,4,1,66,8,8,5,,,,4,,,,,,,,,,,,,14,24,24,16,12,58,24,42,8,5,,,4,1,,8,8,5,8,0.21
Public Static Method,"org.apache.commons.math3.util.FastMath.sqrt",,,,,,,,,,,,,,8,3,1,2,0,2,1,1,0,,,,0,,,,,,,,,,,,,200,0,1,5,1,1,1,1,1,1,,,0,0,,1,1,1,1,1.67
Public Static Method,"org.apache.commons.math3.util.FastMath.tan",,,,,,,,,,,,,,107,72,57,4,2,60,12,13,8,,,,7,,,,,,,,,,,,,9,16,17,19,86,48,17,43,12,8,,,8,3,,12,13,8,12,0.26
Private Static Method,"org.apache.commons.math3.util.FastMath.tanQ",,,,,,,,,,,,,,144,70,64,3,1,70,4,4,0,,,,0,,,,,,,,,,,,,10,29,30,49,6,66,30,40,4,1,,,0,2,,4,4,1,4,0.70
Public Static Method,"org.apache.commons.math3.util.FastMath.tanh",,,,,,,,,,,,,,123,75,64,3,1,65,8,8,5,,,,4,,,,,,,,,,,,,9,26,29,22,12,57,29,36,8,5,,,4,1,,8,8,5,8,0.29
Public Static Method,"org.apache.commons.math3.util.FastMath.toDegrees",,,,,,,,,,,,,,20,11,7,3,0,8,2,3,1,,,,0,,,,,,,,,,,,,2,3,5,7,2,6,5,3,2,1,,,0,1,,2,3,1,2,0.64
Public Static Method,"org.apache.commons.math3.util.FastMath.toRadians",,,,,,,,,,,,,,24,15,10,3,0,11,3,4,1,,,,0,,,,,,,,,,,,,2,3,6,8,3,8,6,5,3,1,,,0,1,,3,4,1,3,0.53
Public Static Method,"org.apache.commons.math3.util.FastMath.ulp",,,,,,,,,,,,,,11,6,3,5,0,4,2,2,1,,,,0,,,,,,,,,,,,,16,0,1,5,2,2,1,3,2,1,,,0,1,,2,2,1,2,0.83
Public Static Method,"org.apache.commons.math3.util.FastMath.ulp",,,,,,,,,,,,,,11,6,3,5,0,4,2,2,1,,,,0,,,,,,,,,,,,,3,0,1,5,2,2,1,3,2,1,,,0,1,,2,2,1,2,0.83
Class,"org.apache.commons.math3.util.FastMathCalc",2,1,4,9,1,,5,,1,17,9,8,0,637,378,306,,,309,,,,5,3,1,,2,2,32,19,1,0,16,,,0,17,0,,93,89,198,,260,77,232,,,5,5,,2,88,46,48,21,46,0.52
Private Constructor,"org.apache.commons.math3.util.FastMathCalc.FastMathCalc",,,,,,,,,,,,,,5,2,0,1,0,1,1,1,0,,,,0,,,,,,,,,,,,,0,0,1,3,1,0,1,0,1,1,,,0,0,,1,1,1,1,1.50
Private Static Method,"org.apache.commons.math3.util.FastMathCalc.buildSinCosTables",,,,,,,,,,,,,,104,71,63,11,1,69,5,5,1,,,,0,,,,,,,,,,,,,5,16,13,17,12,64,14,55,5,1,,,0,2,,5,5,1,5,0.24
Private Static Method,"org.apache.commons.math3.util.FastMathCalc.checkLen",,,,,,,,,,,,,,12,6,2,1,0,3,2,2,0,,,,0,,,,,,,,,,,,,4,0,2,6,2,1,1,2,2,1,,,0,1,,2,2,1,2,1.00
Static Method,"org.apache.commons.math3.util.FastMathCalc.expint",,,,,,,,,,,,,,44,23,18,5,1,21,4,4,0,,,,0,,,,,,,,,,,,,2,8,4,13,6,17,4,17,4,1,,,0,2,,4,4,1,4,0.57
Static Method,"org.apache.commons.math3.util.FastMathCalc.format",,,,,,,,,,,,,,11,7,4,2,0,4,3,3,1,,,,0,,,,,,,,,,,,,3,0,1,4,2,2,1,3,3,1,,,0,1,,3,3,1,3,0.57
Static Method,"org.apache.commons.math3.util.FastMathCalc.printarray",,,,,,,,,,,,,,21,14,10,5,0,13,3,3,0,,,,0,,,,,,,,,,,,,7,0,2,11,3,8,4,9,3,1,,,0,2,,3,3,1,3,0.79
Static Method,"org.apache.commons.math3.util.FastMathCalc.printarray",,,,,,,,,,,,,,16,9,6,4,0,8,2,2,0,,,,0,,,,,,,,,,,,,7,0,1,8,2,5,2,6,2,1,,,0,1,,2,2,1,2,0.89
Private Static Method,"org.apache.commons.math3.util.FastMathCalc.quadMult",,,,,,,,,,,,,,53,36,34,3,0,35,1,1,0,,,,0,,,,,,,,,,,,,4,8,5,9,1,34,5,30,1,1,,,0,0,,1,1,1,1,0.25
Private Static Method,"org.apache.commons.math3.util.FastMathCalc.resplit",,,,,,,,,,,,,,18,13,10,1,0,10,2,3,1,,,,0,,,,,,,,,,,,,7,1,5,5,2,8,5,5,2,1,,,0,1,,2,3,1,2,0.38
Static Method,"org.apache.commons.math3.util.FastMathCalc.slowCos",,,,,,,,,,,,,,44,28,22,6,1,27,5,5,1,,,,1,,,,,,,,,,,,,5,8,5,10,10,22,6,21,5,3,,,1,2,,5,5,3,5,0.36
Static Method,"org.apache.commons.math3.util.FastMathCalc.slowLog",,,,,,,,,,,,,,62,30,27,6,0,30,2,2,0,,,,0,,,,,,,,,,,,,3,9,5,23,2,28,6,24,2,1,,,0,1,,2,2,1,2,0.77
Static Method,"org.apache.commons.math3.util.FastMathCalc.slowSin",,,,,,,,,,,,,,43,28,22,6,1,27,5,5,1,,,,1,,,,,,,,,,,,,5,7,5,10,10,22,6,21,5,3,,,1,2,,5,5,3,5,0.36
Static Method,"org.apache.commons.math3.util.FastMathCalc.slowexp",,,,,,,,,,,,,,35,23,19,6,1,22,3,3,0,,,,0,,,,,,,,,,,,,4,5,5,7,4,19,6,16,3,1,,,0,1,,3,3,1,3,0.30
Private Static Method,"org.apache.commons.math3.util.FastMathCalc.split",,,,,,,,,,,,,,16,11,8,1,0,8,2,3,1,,,,0,,,,,,,,,,,,,9,0,3,5,2,6,3,5,2,1,,,0,1,,2,3,1,2,0.45
Private Static Method,"org.apache.commons.math3.util.FastMathCalc.splitAdd",,,,,,,,,,,,,,11,5,3,2,0,4,1,1,0,,,,0,,,,,,,,,,,,,8,1,1,5,1,3,1,3,1,1,,,0,0,,1,1,1,1,1.00
Private Static Method,"org.apache.commons.math3.util.FastMathCalc.splitMult",,,,,,,,,,,,,,12,5,3,2,0,4,1,1,0,,,,0,,,,,,,,,,,,,9,1,1,6,1,3,1,3,1,1,,,0,0,,1,1,1,1,1.20
Static Method,"org.apache.commons.math3.util.FastMathCalc.splitReciprocal",,,,,,,,,,,,,,47,20,15,3,1,17,4,4,0,,,,0,,,,,,,,,,,,,7,5,5,23,8,13,5,12,4,1,,,0,1,,4,4,1,4,1.15
Class,"org.apache.commons.math3.util.FastMathLiteralArrays",1,1,0,4,0,,5,,1,6,5,1,0,6157,6102,6084,,,17,,,,1,1,1,,1,1,7,2,1,0,5,,,0,6,0,,8,17,1071,,10,12,5,,,1,1,,0,83,6,6,6,6,0.18
Private Constructor,"org.apache.commons.math3.util.FastMathLiteralArrays.FastMathLiteralArrays",,,,,,,,,,,,,,4,1,0,1,0,1,1,1,0,,,,0,,,,,,,,,,,,,0,0,1,3,1,0,1,0,1,1,,,0,0,,1,1,1,1,3.00
Static Method,"org.apache.commons.math3.util.FastMathLiteralArrays.loadExpFracA",,,,,,,,,,,,,,8,3,1,2,0,2,1,1,0,,,,0,,,,,,,,,,,,,1,0,1,5,1,1,1,1,1,1,,,0,0,,1,1,1,1,1.67
Static Method,"org.apache.commons.math3.util.FastMathLiteralArrays.loadExpFracB",,,,,,,,,,,,,,8,3,1,2,0,2,1,1,0,,,,0,,,,,,,,,,,,,1,0,1,5,1,1,1,1,1,1,,,0,0,,1,1,1,1,1.67
Static Method,"org.apache.commons.math3.util.FastMathLiteralArrays.loadExpIntA",,,,,,,,,,,,,,8,3,1,2,0,2,1,1,0,,,,0,,,,,,,,,,,,,1,0,1,5,1,1,1,1,1,1,,,0,0,,1,1,1,1,1.67
Static Method,"org.apache.commons.math3.util.FastMathLiteralArrays.loadExpIntB",,,,,,,,,,,,,,8,3,1,2,0,2,1,1,0,,,,0,,,,,,,,,,,,,1,0,1,5,1,1,1,1,1,1,,,0,0,,1,1,1,1,1.67
Static Method,"org.apache.commons.math3.util.FastMathLiteralArrays.loadLnMant",,,,,,,,,,,,,,8,3,1,2,0,2,1,1,0,,,,0,,,,,,,,,,,,,1,0,1,5,1,1,1,1,1,1,,,0,0,,1,1,1,1,1.67
Public Class,"org.apache.commons.math3.util.FastMathStrictComparisonTest",4,2,0,1,2,,4,,2,8,0,5,3,215,185,128,,,125,,,,12,12,1,,4,5,20,19,1,0,6,,,4,8,0,,12,66,39,,85,46,79,,,12,16,,7,81,34,42,23,34,0.21
Public Constructor,"org.apache.commons.math3.util.FastMathStrictComparisonTest.FastMathStrictComparisonTest",,,,,,,,,,,,,,6,6,4,5,0,5,1,1,0,,,,0,,,,,,,,,,,,,4,0,1,0,1,4,1,4,1,1,,,0,0,,1,1,1,1,0.00
Private Static Method,"org.apache.commons.math3.util.FastMathStrictComparisonTest.callMethods",,,,,,,,,,,,,,13,13,7,4,0,7,3,3,1,,,,0,,,,,,,,,,,,,6,0,5,0,3,4,3,4,3,1,,,0,2,,3,3,1,3,0.00
Public Static Method,"org.apache.commons.math3.util.FastMathStrictComparisonTest.data",,,,,,,,,,,,,,50,43,33,11,1,32,12,13,19,,,,19,,,,,,,,,,,,,6,0,7,10,17,18,9,23,12,12,,,19,7,,12,13,12,12,0.23
Private Static Method,"org.apache.commons.math3.util.FastMathStrictComparisonTest.isNumber",,,,,,,,,,,,,,3,3,1,3,0,2,1,2,0,,,,0,,,,,,,,,,,,,2,0,1,0,1,1,1,1,1,1,,,0,0,,1,2,1,1,0.00
Private Static Method,"org.apache.commons.math3.util.FastMathStrictComparisonTest.isNumber",,,,,,,,,,,,,,3,3,1,3,0,2,1,2,0,,,,0,,,,,,,,,,,,,2,0,1,0,1,1,1,1,1,1,,,0,0,,1,2,1,1,0.00
Private Static Method,"org.apache.commons.math3.util.FastMathStrictComparisonTest.reportFailedResults",,,,,,,,,,,,,,61,60,49,14,2,48,11,16,8,,,,5,,,,,,,,,,,,,6,0,13,3,97,36,14,34,11,5,,,5,4,,11,16,5,11,0.05
Private Static Method,"org.apache.commons.math3.util.FastMathStrictComparisonTest.setupMethodCall",,,,,,,,,,,,,,22,22,16,1,1,18,4,4,1,,,,0,,,,,,,,,,,,,6,0,6,0,4,12,7,11,4,1,,,0,3,,4,4,1,4,0.00
Public Method,"org.apache.commons.math3.util.FastMathStrictComparisonTest.test1",,,,,,,,,,,,,,3,3,1,1,0,2,1,1,0,,,,0,,,,,,,,,,,,,4,0,1,0,1,1,1,1,1,1,,,0,0,,1,1,1,1,0.00
Public Class,"org.apache.commons.math3.util.FastMathTest",2,1,3,1,8,,2,,50,50,0,5,45,1075,742,536,,,573,,,,5,1,1,,2,2,19,13,1,0,0,,,2,50,0,,241,298,92,,466,242,331,,,5,5,,3,63,103,103,50,103,0.12
Private Method,"org.apache.commons.math3.util.FastMathTest.cbrt",,,,,,,,,,,,,,16,12,8,7,1,9,3,3,0,,,,0,,,,,,,,,,,,,3,4,3,0,4,6,3,6,3,1,,,0,1,,3,3,1,3,0.00
Public Method,"org.apache.commons.math3.util.FastMathTest.checkExtraFastMathClasses",,,,,,,,,,,,,,3,3,1,1,0,2,1,1,0,,,,0,,,,,,,,,,,,,1,0,1,0,1,1,1,1,1,1,,,0,0,,1,1,1,1,0.00
Public Method,"org.apache.commons.math3.util.FastMathTest.checkMissingFastMathClasses",,,,,,,,,,,,,,4,4,2,2,0,3,1,1,0,,,,0,,,,,,,,,,,,,1,0,2,0,1,2,2,1,1,1,,,0,0,,1,1,1,1,0.00
Private Method,"org.apache.commons.math3.util.FastMathTest.compareClassMethods",,,,,,,,,,,,,,15,15,10,9,1,11,4,4,1,,,,0,,,,,,,,,,,,,4,0,3,0,4,6,4,7,4,1,,,0,3,,4,4,1,4,0.00
Private Method,"org.apache.commons.math3.util.FastMathTest.cosh",,,,,,,,,,,,,,3,3,1,5,0,2,1,1,0,,,,0,,,,,,,,,,,,,3,0,1,0,1,1,1,1,1,1,,,0,0,,1,1,1,1,0.00
Public Method,"org.apache.commons.math3.util.FastMathTest.setUp",,,,,,,,,,,,,,4,4,2,4,0,3,1,1,0,,,,0,,,,,,,,,,,,,0,0,1,0,1,2,1,2,1,1,,,0,0,,1,1,1,1,0.00
Private Method,"org.apache.commons.math3.util.FastMathTest.sinh",,,,,,,,,,,,,,3,3,1,5,0,2,1,1,0,,,,0,,,,,,,,,,,,,3,0,1,0,1,1,1,1,1,1,,,0,0,,1,1,1,1,0.00
Private Method,"org.apache.commons.math3.util.FastMathTest.tanh",,,,,,,,,,,,,,3,3,1,4,0,2,1,1,0,,,,0,,,,,,,,,,,,,2,0,1,0,1,1,1,1,1,1,,,0,0,,1,1,1,1,0.00
Public Method,"org.apache.commons.math3.util.FastMathTest.testAcosAccuracy",,,,,,,,,,,,,,21,15,11,12,0,14,3,3,0,,,,0,,,,,,,,,,,,,3,5,8,1,3,11,9,5,3,1,,,0,2,,3,3,1,3,0.07
Public Method,"org.apache.commons.math3.util.FastMathTest.testAcosSpecialCases",,,,,,,,,,,,,,17,8,6,4,0,7,1,1,0,,,,0,,,,,,,,,,,,,2,6,1,3,1,6,1,6,1,1,,,0,0,,1,1,1,1,0.38
Public Method,"org.apache.commons.math3.util.FastMathTest.testAsinAccuracy",,,,,,,,,,,,,,21,15,11,12,0,14,3,3,0,,,,0,,,,,,,,,,,,,3,5,8,1,3,11,9,5,3,1,,,0,2,,3,3,1,3,0.07
Public Method,"org.apache.commons.math3.util.FastMathTest.testAsinSpecialCases",,,,,,,,,,,,,,17,8,6,4,0,7,1,1,0,,,,0,,,,,,,,,,,,,2,6,1,3,1,6,1,6,1,1,,,0,0,,1,1,1,1,0.38
Public Method,"org.apache.commons.math3.util.FastMathTest.testAtan2",,,,,,,,,,,,,,8,8,6,3,0,7,1,1,0,,,,0,,,,,,,,,,,,,2,0,5,0,1,6,5,2,1,1,,,0,0,,1,1,1,1,0.00
Public Method,"org.apache.commons.math3.util.FastMathTest.testAtan2Accuracy",,,,,,,,,,,,,,38,26,21,14,1,20,5,5,1,,,,0,,,,,,,,,,,,,4,5,12,7,7,15,11,9,5,1,,,0,3,,5,5,1,5,0.27
Public Method,"org.apache.commons.math3.util.FastMathTest.testAtan2SpecialCases",,,,,,,,,,,,,,54,30,28,4,0,25,1,1,0,,,,0,,,,,,,,,,,,,2,24,1,0,1,24,1,24,1,1,,,0,0,,1,1,1,1,0.00
Public Method,"org.apache.commons.math3.util.FastMathTest.testAtanAccuracy",,,,,,,,,,,,,,29,16,12,12,0,14,3,3,0,,,,0,,,,,,,,,,,,,4,5,9,8,3,11,9,5,3,1,,,0,2,,3,3,1,3,0.50
Public Method,"org.apache.commons.math3.util.FastMathTest.testCbrtAccuracy",,,,,,,,,,,,,,20,15,11,12,0,14,3,3,0,,,,0,,,,,,,,,,,,,3,4,8,1,3,11,9,5,3,1,,,0,2,,3,3,1,3,0.07
Public Method,"org.apache.commons.math3.util.FastMathTest.testConstants",,,,,,,,,,,,,,4,4,2,1,0,3,1,1,0,,,,0,,,,,,,,,,,,,2,0,1,0,1,2,1,2,1,1,,,0,0,,1,1,1,1,0.00
Public Method,"org.apache.commons.math3.util.FastMathTest.testCosAccuracy",,,,,,,,,,,,,,27,17,13,13,0,14,3,3,0,,,,0,,,,,,,,,,,,,4,4,10,6,3,11,9,5,3,1,,,0,2,,3,3,1,3,0.35
Public Method,"org.apache.commons.math3.util.FastMathTest.testCoshAccuracy",,,,,,,,,,,,,,20,15,11,12,0,14,3,3,0,,,,0,,,,,,,,,,,,,3,4,8,1,3,11,9,5,3,1,,,0,2,,3,3,1,3,0.07
Public Method,"org.apache.commons.math3.util.FastMathTest.testDoubleNextAfterSpecialCases",,,,,,,,,,,,,,11,11,9,4,0,10,1,1,0,,,,0,,,,,,,,,,,,,0,0,1,0,1,9,1,9,1,1,,,0,0,,1,1,1,1,0.00
Public Method,"org.apache.commons.math3.util.FastMathTest.testDoubleScalbSpecialCases",,,,,,,,,,,,,,22,22,20,3,0,21,1,1,0,,,,0,,,,,,,,,,,,,0,0,1,0,1,20,1,20,1,1,,,0,0,,1,1,1,1,0.00
Public Method,"org.apache.commons.math3.util.FastMathTest.testExpAccuracy",,,,,,,,,,,,,,25,16,12,12,0,14,3,3,0,,,,0,,,,,,,,,,,,,4,4,9,5,3,11,9,5,3,1,,,0,2,,3,3,1,3,0.31
Public Method,"org.apache.commons.math3.util.FastMathTest.testExpSpecialCases",,,,,,,,,,,,,,15,8,6,5,0,7,1,1,0,,,,0,,,,,,,,,,,,,1,6,1,1,1,6,1,6,1,1,,,0,0,,1,1,1,1,0.12
Public Method,"org.apache.commons.math3.util.FastMathTest.testExpm1Accuracy",,,,,,,,,,,,,,25,17,13,13,0,14,3,3,0,,,,0,,,,,,,,,,,,,4,4,9,4,3,11,9,5,3,1,,,0,2,,3,3,1,3,0.24
Public Method,"org.apache.commons.math3.util.FastMathTest.testFloatNextAfterSpecialCases",,,,,,,,,,,,,,11,11,9,3,0,10,1,1,0,,,,0,,,,,,,,,,,,,0,0,1,0,1,9,1,9,1,1,,,0,0,,1,1,1,1,0.00
Public Method,"org.apache.commons.math3.util.FastMathTest.testFloatScalbSpecialCases",,,,,,,,,,,,,,16,16,14,3,0,15,1,1,0,,,,0,,,,,,,,,,,,,0,0,1,0,1,14,1,14,1,1,,,0,0,,1,1,1,1,0.00
Public Method,"org.apache.commons.math3.util.FastMathTest.testHyperbolic",,,,,,,,,,,,,,26,23,18,10,1,25,4,4,0,,,,0,,,,,,,,,,,,,0,3,8,0,8,21,11,14,4,1,,,0,1,,4,4,1,4,0.00
Public Method,"org.apache.commons.math3.util.FastMathTest.testHyperbolicInverses",,,,,,,,,,,,,,20,17,12,10,1,19,4,4,0,,,,0,,,,,,,,,,,,,1,3,2,0,8,15,5,14,4,1,,,0,1,,4,4,1,4,0.00
Public Method,"org.apache.commons.math3.util.FastMathTest.testIndicatorDouble",,,,,,,,,,,,,,6,6,4,2,0,5,1,1,0,,,,0,,,,,,,,,,,,,0,0,2,0,1,4,2,3,1,1,,,0,0,,1,1,1,1,0.00
Public Method,"org.apache.commons.math3.util.FastMathTest.testIndicatorFloat",,,,,,,,,,,,,,6,6,4,2,0,5,1,1,0,,,,0,,,,,,,,,,,,,0,0,2,0,1,4,2,3,1,1,,,0,0,,1,1,1,1,0.00
Public Method,"org.apache.commons.math3.util.FastMathTest.testLog10Accuracy",,,,,,,,,,,,,,22,16,12,14,0,14,3,3,0,,,,0,,,,,,,,,,,,,4,4,9,2,3,11,9,5,3,1,,,0,2,,3,3,1,3,0.12
Public Method,"org.apache.commons.math3.util.FastMathTest.testLog1pAccuracy",,,,,,,,,,,,,,22,16,12,15,0,14,3,3,0,,,,0,,,,,,,,,,,,,4,4,9,2,3,11,9,5,3,1,,,0,2,,3,3,1,3,0.12
Public Method,"org.apache.commons.math3.util.FastMathTest.testLog1pSpecialCases",,,,,,,,,,,,,,5,3,1,3,0,2,1,1,0,,,,0,,,,,,,,,,,,,0,2,1,0,1,1,1,1,1,1,,,0,0,,1,1,1,1,0.00
Public Method,"org.apache.commons.math3.util.FastMathTest.testLogAccuracy",,,,,,,,,,,,,,23,17,13,13,0,14,3,3,0,,,,0,,,,,,,,,,,,,4,4,9,2,3,11,9,5,3,1,,,0,2,,3,3,1,3,0.12
Public Method,"org.apache.commons.math3.util.FastMathTest.testLogSpecialCases",,,,,,,,,,,,,,14,8,6,5,0,7,1,1,0,,,,0,,,,,,,,,,,,,1,6,1,0,1,6,1,6,1,1,,,0,0,,1,1,1,1,0.00
Public Method,"org.apache.commons.math3.util.FastMathTest.testLogWithBase",,,,,,,,,,,,,,9,9,7,4,0,8,1,1,0,,,,0,,,,,,,,,,,,,0,0,1,0,1,7,1,7,1,1,,,0,0,,1,1,1,1,0.00
Public Method,"org.apache.commons.math3.util.FastMathTest.testMinMaxDouble",,,,,,,,,,,,,,32,32,27,5,0,8,2,2,0,,,,0,,,,,,,,,,,,,2,0,13,0,2,5,3,5,2,1,,,0,1,,2,2,1,2,0.00
Public Method,"org.apache.commons.math3.util.FastMathTest.testMinMaxFloat",,,,,,,,,,,,,,31,31,26,5,0,8,2,2,0,,,,0,,,,,,,,,,,,,1,0,12,0,2,5,3,5,2,1,,,0,1,,2,2,1,2,0.00
Public Method,"org.apache.commons.math3.util.FastMathTest.testNextAfter",,,,,,,,,,,,,,62,22,20,2,0,21,1,1,0,,,,0,,,,,,,,,,,,,0,20,1,20,1,20,1,20,1,1,,,0,0,,1,1,1,1,0.91
Public Method,"org.apache.commons.math3.util.FastMathTest.testPowAccuracy",,,,,,,,,,,,,,31,18,14,12,0,15,3,3,0,,,,0,,,,,,,,,,,,,4,5,10,8,3,12,10,5,3,1,,,0,2,,3,3,1,3,0.44
Public Method,"org.apache.commons.math3.util.FastMathTest.testPowSpecialCases",,,,,,,,,,,,,,61,30,28,5,0,29,1,1,0,,,,0,,,,,,,,,,,,,2,30,1,1,1,28,1,28,1,1,,,0,0,,1,1,1,1,0.03
Public Method,"org.apache.commons.math3.util.FastMathTest.testSignumDouble",,,,,,,,,,,,,,7,7,5,4,0,6,1,1,0,,,,0,,,,,,,,,,,,,0,0,2,0,1,5,2,4,1,1,,,0,0,,1,1,1,1,0.00
Public Method,"org.apache.commons.math3.util.FastMathTest.testSignumFloat",,,,,,,,,,,,,,7,7,5,4,0,6,1,1,0,,,,0,,,,,,,,,,,,,0,0,2,0,1,5,2,4,1,1,,,0,0,,1,1,1,1,0.00
Public Method,"org.apache.commons.math3.util.FastMathTest.testSinAccuracy",,,,,,,,,,,,,,27,17,13,13,0,14,3,3,0,,,,0,,,,,,,,,,,,,4,4,10,6,3,11,9,5,3,1,,,0,2,,3,3,1,3,0.35
Public Method,"org.apache.commons.math3.util.FastMathTest.testSinhAccuracy",,,,,,,,,,,,,,20,15,11,12,0,14,3,3,0,,,,0,,,,,,,,,,,,,3,4,8,1,3,11,9,5,3,1,,,0,2,,3,3,1,3,0.07
Public Method,"org.apache.commons.math3.util.FastMathTest.testTanAccuracy",,,,,,,,,,,,,,27,17,13,13,0,14,3,3,0,,,,0,,,,,,,,,,,,,4,4,10,6,3,11,9,5,3,1,,,0,2,,3,3,1,3,0.35
Public Method,"org.apache.commons.math3.util.FastMathTest.testTanhAccuracy",,,,,,,,,,,,,,20,15,11,12,0,14,3,3,0,,,,0,,,,,,,,,,,,,3,4,8,1,3,11,9,5,3,1,,,0,2,,3,3,1,3,0.07
Public Method,"org.apache.commons.math3.util.FastMathTest.testToDegrees",,,,,,,,,,,,,,20,16,12,15,0,14,3,3,0,,,,0,,,,,,,,,,,,,4,3,9,1,3,11,9,5,3,1,,,0,2,,3,3,1,3,0.06
Public Method,"org.apache.commons.math3.util.FastMathTest.testToRadians",,,,,,,,,,,,,,21,17,13,16,0,14,3,3,0,,,,0,,,,,,,,,,,,,4,3,9,1,3,11,9,5,3,1,,,0,2,,3,3,1,3,0.06
Public Class,"org.apache.commons.math3.util.FastMathTestPerformance",3,1,3,0,2,,4,,21,23,0,1,22,990,875,745,,,638,,,,4,1,1,,3,3,40,36,1,0,2,,,0,23,0,,104,158,20,,494,256,382,,,4,4,,1,57,83,83,23,83,0.02
Public Static Method,"org.apache.commons.math3.util.FastMathTestPerformance.header",,,,,,,,,,,,,,9,9,7,3,0,2,1,1,0,,,,0,,,,,,,,,,,,,2,0,1,0,1,1,1,1,1,1,,,0,0,,1,1,1,1,0.00
Private Static Method,"org.apache.commons.math3.util.FastMathTestPerformance.report",,,,,,,,,,,,,,9,9,7,2,0,3,1,1,0,,,,0,,,,,,,,,,,,,26,0,2,0,1,2,2,1,1,1,,,0,0,,1,1,1,1,0.00
Public Method,"org.apache.commons.math3.util.FastMathTestPerformance.testAbs",,,,,,,,,,,,,,22,19,17,6,1,24,4,4,0,,,,0,,,,,,,,,,,,,1,3,6,0,8,20,9,15,4,1,,,0,1,,4,4,1,4,0.00
Public Method,"org.apache.commons.math3.util.FastMathTestPerformance.testAcos",,,,,,,,,,,,,,21,19,17,6,1,24,4,4,0,,,,0,,,,,,,,,,,,,1,2,6,0,8,20,9,15,4,1,,,0,1,,4,4,1,4,0.00
Public Method,"org.apache.commons.math3.util.FastMathTestPerformance.testAsin",,,,,,,,,,,,,,22,19,17,6,1,24,4,4,0,,,,0,,,,,,,,,,,,,1,3,6,0,8,20,9,15,4,1,,,0,1,,4,4,1,4,0.00
Public Method,"org.apache.commons.math3.util.FastMathTestPerformance.testAtan",,,,,,,,,,,,,,22,19,17,6,1,24,4,4,0,,,,0,,,,,,,,,,,,,2,3,6,0,8,20,9,15,4,1,,,0,1,,4,4,1,4,0.00
Public Method,"org.apache.commons.math3.util.FastMathTestPerformance.testAtan2",,,,,,,,,,,,,,22,19,17,6,1,24,4,4,0,,,,0,,,,,,,,,,,,,2,3,6,0,8,20,9,15,4,1,,,0,1,,4,4,1,4,0.00
Public Method,"org.apache.commons.math3.util.FastMathTestPerformance.testCbrt",,,,,,,,,,,,,,22,19,17,6,1,24,4,4,0,,,,0,,,,,,,,,,,,,2,3,6,0,8,20,9,15,4,1,,,0,1,,4,4,1,4,0.00
Public Method,"org.apache.commons.math3.util.FastMathTestPerformance.testCos",,,,,,,,,,,,,,22,19,17,6,1,24,4,4,0,,,,0,,,,,,,,,,,,,2,3,6,0,8,20,9,15,4,1,,,0,1,,4,4,1,4,0.00
Public Method,"org.apache.commons.math3.util.FastMathTestPerformance.testCosh",,,,,,,,,,,,,,22,19,17,6,1,24,4,4,0,,,,0,,,,,,,,,,,,,2,3,6,0,8,20,9,15,4,1,,,0,1,,4,4,1,4,0.00
Public Method,"org.apache.commons.math3.util.FastMathTestPerformance.testExp",,,,,,,,,,,,,,22,19,17,6,1,24,4,4,0,,,,0,,,,,,,,,,,,,2,3,6,0,8,20,9,15,4,1,,,0,1,,4,4,1,4,0.00
Public Method,"org.apache.commons.math3.util.FastMathTestPerformance.testExpm1",,,,,,,,,,,,,,21,19,17,6,1,24,4,4,0,,,,0,,,,,,,,,,,,,2,2,6,0,8,20,9,15,4,1,,,0,1,,4,4,1,4,0.00
Public Method,"org.apache.commons.math3.util.FastMathTestPerformance.testHypot",,,,,,,,,,,,,,22,19,17,6,1,24,4,4,0,,,,0,,,,,,,,,,,,,2,3,6,0,8,20,9,15,4,1,,,0,1,,4,4,1,4,0.00
Public Method,"org.apache.commons.math3.util.FastMathTestPerformance.testLog",,,,,,,,,,,,,,22,19,17,6,1,24,4,4,0,,,,0,,,,,,,,,,,,,1,3,6,3,8,20,9,15,4,1,,,0,1,,4,4,1,4,0.16
Public Method,"org.apache.commons.math3.util.FastMathTestPerformance.testLog10",,,,,,,,,,,,,,22,19,17,6,1,24,4,4,0,,,,0,,,,,,,,,,,,,1,3,6,3,8,20,9,15,4,1,,,0,1,,4,4,1,4,0.16
Public Method,"org.apache.commons.math3.util.FastMathTestPerformance.testLog1p",,,,,,,,,,,,,,22,19,17,6,1,24,4,4,0,,,,0,,,,,,,,,,,,,1,3,6,3,8,20,9,15,4,1,,,0,1,,4,4,1,4,0.16
Public Method,"org.apache.commons.math3.util.FastMathTestPerformance.testPow",,,,,,,,,,,,,,21,19,17,6,1,24,4,4,0,,,,0,,,,,,,,,,,,,2,2,6,0,8,20,9,15,4,1,,,0,1,,4,4,1,4,0.00
Public Method,"org.apache.commons.math3.util.FastMathTestPerformance.testSimpleBenchmark",,,,,,,,,,,,,,472,449,387,2,0,148,1,1,0,,,,0,,,,,,,,,,,,,1,23,8,0,1,87,68,80,1,1,,,0,0,,1,1,1,1,0.00
Anonymous Class,"org.apache.commons.math3.util.FastMathTestPerformance.testSimpleBenchmark.(Anon_1)",1,1,0,0,1,,0,,1,4,0,0,1,5,5,4,,,2,,,,1,1,2,,1,1,3,3,1,0,0,,,0,1,0,,0,0,0,,1,1,1,,,1,1,,0,0,1,1,1,1,0.00
Public Method,"org.apache.commons.math3.util.FastMathTestPerformance.testSimpleBenchmark.(Anon_1).call",,,,,,,,,,,,,,3,3,2,2,0,2,1,1,0,,,,0,,,,,,,,,,,,,0,0,0,0,1,1,1,1,1,1,,,0,0,,1,1,1,1,0.00
Anonymous Class,"org.apache.commons.math3.util.FastMathTestPerformance.testSimpleBenchmark.(Anon_10)",1,1,0,0,1,,0,,1,4,0,0,1,5,5,4,,,2,,,,1,1,2,,1,1,3,3,1,0,0,,,0,1,0,,0,0,0,,1,1,1,,,1,1,,0,0,1,1,1,1,0.00
Public Method,"org.apache.commons.math3.util.FastMathTestPerformance.testSimpleBenchmark.(Anon_10).call",,,,,,,,,,,,,,3,3,2,2,0,2,1,1,0,,,,0,,,,,,,,,,,,,0,0,0,0,1,1,1,1,1,1,,,0,0,,1,1,1,1,0.00
Anonymous Class,"org.apache.commons.math3.util.FastMathTestPerformance.testSimpleBenchmark.(Anon_11)",1,1,0,0,1,,0,,1,4,0,0,1,5,5,4,,,2,,,,1,1,2,,1,1,3,3,1,0,0,,,0,1,0,,0,0,0,,1,1,1,,,1,1,,0,0,1,1,1,1,0.00
Public Method,"org.apache.commons.math3.util.FastMathTestPerformance.testSimpleBenchmark.(Anon_11).call",,,,,,,,,,,,,,3,3,2,2,0,2,1,1,0,,,,0,,,,,,,,,,,,,0,0,0,0,1,1,1,1,1,1,,,0,0,,1,1,1,1,0.00
Anonymous Class,"org.apache.commons.math3.util.FastMathTestPerformance.testSimpleBenchmark.(Anon_12)",1,1,0,0,2,,0,,1,4,0,0,1,5,5,4,,,2,,,,1,1,2,,1,1,3,3,1,0,0,,,0,1,0,,0,0,0,,1,1,1,,,1,1,,0,0,1,1,1,1,0.00
Public Method,"org.apache.commons.math3.util.FastMathTestPerformance.testSimpleBenchmark.(Anon_12).call",,,,,,,,,,,,,,3,3,2,2,0,2,1,1,0,,,,0,,,,,,,,,,,,,0,0,0,0,1,1,1,1,1,1,,,0,0,,1,1,1,1,0.00
Anonymous Class,"org.apache.commons.math3.util.FastMathTestPerformance.testSimpleBenchmark.(Anon_13)",1,1,0,0,1,,0,,1,4,0,0,1,5,5,4,,,2,,,,1,1,2,,1,1,3,3,1,0,0,,,0,1,0,,0,0,0,,1,1,1,,,1,1,,0,0,1,1,1,1,0.00
Public Method,"org.apache.commons.math3.util.FastMathTestPerformance.testSimpleBenchmark.(Anon_13).call",,,,,,,,,,,,,,3,3,2,2,0,2,1,1,0,,,,0,,,,,,,,,,,,,0,0,0,0,1,1,1,1,1,1,,,0,0,,1,1,1,1,0.00
Anonymous Class,"org.apache.commons.math3.util.FastMathTestPerformance.testSimpleBenchmark.(Anon_14)",1,1,0,0,1,,0,,1,4,0,0,1,5,5,4,,,2,,,,1,1,2,,1,1,3,3,1,0,0,,,0,1,0,,0,0,0,,1,1,1,,,1,1,,0,0,1,1,1,1,0.00
Public Method,"org.apache.commons.math3.util.FastMathTestPerformance.testSimpleBenchmark.(Anon_14).call",,,,,,,,,,,,,,3,3,2,2,0,2,1,1,0,,,,0,,,,,,,,,,,,,0,0,0,0,1,1,1,1,1,1,,,0,0,,1,1,1,1,0.00
Anonymous Class,"org.apache.commons.math3.util.FastMathTestPerformance.testSimpleBenchmark.(Anon_15)",1,1,0,0,2,,0,,1,4,0,0,1,5,5,4,,,2,,,,1,1,2,,1,1,3,3,1,0,0,,,0,1,0,,0,0,0,,1,1,1,,,1,1,,0,0,1,1,1,1,0.00
Public Method,"org.apache.commons.math3.util.FastMathTestPerformance.testSimpleBenchmark.(Anon_15).call",,,,,,,,,,,,,,3,3,2,2,0,2,1,1,0,,,,0,,,,,,,,,,,,,0,0,0,0,1,1,1,1,1,1,,,0,0,,1,1,1,1,0.00
Anonymous Class,"org.apache.commons.math3.util.FastMathTestPerformance.testSimpleBenchmark.(Anon_16)",1,1,0,0,1,,0,,1,4,0,0,1,5,5,4,,,2,,,,1,1,2,,1,1,3,3,1,0,0,,,0,1,0,,0,0,0,,1,1,1,,,1,1,,0,0,1,1,1,1,0.00
Public Method,"org.apache.commons.math3.util.FastMathTestPerformance.testSimpleBenchmark.(Anon_16).call",,,,,,,,,,,,,,3,3,2,2,0,2,1,1,0,,,,0,,,,,,,,,,,,,0,0,0,0,1,1,1,1,1,1,,,0,0,,1,1,1,1,0.00
Anonymous Class,"org.apache.commons.math3.util.FastMathTestPerformance.testSimpleBenchmark.(Anon_17)",1,1,0,0,1,,0,,1,4,0,0,1,5,5,4,,,2,,,,1,1,2,,1,1,3,3,1,0,0,,,0,1,0,,0,0,0,,1,1,1,,,1,1,,0,0,1,1,1,1,0.00
Public Method,"org.apache.commons.math3.util.FastMathTestPerformance.testSimpleBenchmark.(Anon_17).call",,,,,,,,,,,,,,3,3,2,2,0,2,1,1,0,,,,0,,,,,,,,,,,,,0,0,0,0,1,1,1,1,1,1,,,0,0,,1,1,1,1,0.00
Anonymous Class,"org.apache.commons.math3.util.FastMathTestPerformance.testSimpleBenchmark.(Anon_18)",1,1,0,0,2,,0,,1,4,0,0,1,5,5,4,,,2,,,,1,1,2,,1,1,3,3,1,0,0,,,0,1,0,,0,0,0,,1,1,1,,,1,1,,0,0,1,1,1,1,0.00
Public Method,"org.apache.commons.math3.util.FastMathTestPerformance.testSimpleBenchmark.(Anon_18).call",,,,,,,,,,,,,,3,3,2,2,0,2,1,1,0,,,,0,,,,,,,,,,,,,0,0,0,0,1,1,1,1,1,1,,,0,0,,1,1,1,1,0.00
Anonymous Class,"org.apache.commons.math3.util.FastMathTestPerformance.testSimpleBenchmark.(Anon_19)",1,1,0,0,1,,0,,1,4,0,0,1,5,5,4,,,2,,,,1,1,2,,1,1,3,3,1,0,0,,,0,1,0,,0,0,0,,1,1,1,,,1,1,,0,0,1,1,1,1,0.00
Public Method,"org.apache.commons.math3.util.FastMathTestPerformance.testSimpleBenchmark.(Anon_19).call",,,,,,,,,,,,,,3,3,2,2,0,2,1,1,0,,,,0,,,,,,,,,,,,,0,0,0,0,1,1,1,1,1,1,,,0,0,,1,1,1,1,0.00
Anonymous Class,"org.apache.commons.math3.util.FastMathTestPerformance.testSimpleBenchmark.(Anon_2)",1,1,0,0,1,,0,,1,4,0,0,1,5,5,4,,,2,,,,1,1,2,,1,1,3,3,1,0,0,,,0,1,0,,0,0,0,,1,1,1,,,1,1,,0,0,1,1,1,1,0.00
Public Method,"org.apache.commons.math3.util.FastMathTestPerformance.testSimpleBenchmark.(Anon_2).call",,,,,,,,,,,,,,3,3,2,2,0,2,1,1,0,,,,0,,,,,,,,,,,,,0,0,0,0,1,1,1,1,1,1,,,0,0,,1,1,1,1,0.00
Anonymous Class,"org.apache.commons.math3.util.FastMathTestPerformance.testSimpleBenchmark.(Anon_20)",1,1,0,0,1,,0,,1,4,0,0,1,5,5,4,,,2,,,,1,1,2,,1,1,3,3,1,0,0,,,0,1,0,,0,0,0,,1,1,1,,,1,1,,0,0,1,1,1,1,0.00
Public Method,"org.apache.commons.math3.util.FastMathTestPerformance.testSimpleBenchmark.(Anon_20).call",,,,,,,,,,,,,,3,3,2,2,0,2,1,1,0,,,,0,,,,,,,,,,,,,0,0,0,0,1,1,1,1,1,1,,,0,0,,1,1,1,1,0.00
Anonymous Class,"org.apache.commons.math3.util.FastMathTestPerformance.testSimpleBenchmark.(Anon_21)",1,1,0,0,2,,0,,1,4,0,0,1,5,5,4,,,2,,,,1,1,2,,1,1,3,3,1,0,0,,,0,1,0,,0,0,0,,1,1,1,,,1,1,,0,0,1,1,1,1,0.00
Public Method,"org.apache.commons.math3.util.FastMathTestPerformance.testSimpleBenchmark.(Anon_21).call",,,,,,,,,,,,,,3,3,2,2,0,2,1,1,0,,,,0,,,,,,,,,,,,,0,0,0,0,1,1,1,1,1,1,,,0,0,,1,1,1,1,0.00
Anonymous Class,"org.apache.commons.math3.util.FastMathTestPerformance.testSimpleBenchmark.(Anon_22)",1,1,0,0,1,,0,,1,4,0,0,1,5,5,4,,,2,,,,1,1,2,,1,1,3,3,1,0,0,,,0,1,0,,0,0,0,,1,1,1,,,1,1,,0,0,1,1,1,1,0.00
Public Method,"org.apache.commons.math3.util.FastMathTestPerformance.testSimpleBenchmark.(Anon_22).call",,,,,,,,,,,,,,3,3,2,2,0,2,1,1,0,,,,0,,,,,,,,,,,,,0,0,0,0,1,1,1,1,1,1,,,0,0,,1,1,1,1,0.00
Anonymous Class,"org.apache.commons.math3.util.FastMathTestPerformance.testSimpleBenchmark.(Anon_23)",1,1,0,0,1,,0,,1,4,0,0,1,5,5,4,,,2,,,,1,1,2,,1,1,3,3,1,0,0,,,0,1,0,,0,0,0,,1,1,1,,,1,1,,0,0,1,1,1,1,0.00
Public Method,"org.apache.commons.math3.util.FastMathTestPerformance.testSimpleBenchmark.(Anon_23).call",,,,,,,,,,,,,,3,3,2,2,0,2,1,1,0,,,,0,,,,,,,,,,,,,0,0,0,0,1,1,1,1,1,1,,,0,0,,1,1,1,1,0.00
Anonymous Class,"org.apache.commons.math3.util.FastMathTestPerformance.testSimpleBenchmark.(Anon_24)",1,1,0,0,2,,0,,1,4,0,0,1,5,5,4,,,2,,,,1,1,2,,1,1,3,3,1,0,0,,,0,1,0,,0,0,0,,1,1,1,,,1,1,,0,0,1,1,1,1,0.00
Public Method,"org.apache.commons.math3.util.FastMathTestPerformance.testSimpleBenchmark.(Anon_24).call",,,,,,,,,,,,,,3,3,2,2,0,2,1,1,0,,,,0,,,,,,,,,,,,,0,0,0,0,1,1,1,1,1,1,,,0,0,,1,1,1,1,0.00
Anonymous Class,"org.apache.commons.math3.util.FastMathTestPerformance.testSimpleBenchmark.(Anon_25)",1,1,0,0,1,,0,,1,4,0,0,1,5,5,4,,,2,,,,1,1,2,,1,1,3,3,1,0,0,,,0,1,0,,0,0,0,,1,1,1,,,1,1,,0,0,1,1,1,1,0.00
Public Method,"org.apache.commons.math3.util.FastMathTestPerformance.testSimpleBenchmark.(Anon_25).call",,,,,,,,,,,,,,3,3,2,2,0,2,1,1,0,,,,0,,,,,,,,,,,,,0,0,0,0,1,1,1,1,1,1,,,0,0,,1,1,1,1,0.00
Anonymous Class,"org.apache.commons.math3.util.FastMathTestPerformance.testSimpleBenchmark.(Anon_26)",1,1,0,0,1,,0,,1,4,0,0,1,5,5,4,,,2,,,,1,1,2,,1,1,3,3,1,0,0,,,0,1,0,,0,0,0,,1,1,1,,,1,1,,0,0,1,1,1,1,0.00
Public Method,"org.apache.commons.math3.util.FastMathTestPerformance.testSimpleBenchmark.(Anon_26).call",,,,,,,,,,,,,,3,3,2,2,0,2,1,1,0,,,,0,,,,,,,,,,,,,0,0,0,0,1,1,1,1,1,1,,,0,0,,1,1,1,1,0.00
Anonymous Class,"org.apache.commons.math3.util.FastMathTestPerformance.testSimpleBenchmark.(Anon_27)",1,1,0,0,2,,0,,1,4,0,0,1,5,5,4,,,2,,,,1,1,2,,1,1,3,3,1,0,0,,,0,1,0,,0,0,0,,1,1,1,,,1,1,,0,0,1,1,1,1,0.00
Public Method,"org.apache.commons.math3.util.FastMathTestPerformance.testSimpleBenchmark.(Anon_27).call",,,,,,,,,,,,,,3,3,2,2,0,2,1,1,0,,,,0,,,,,,,,,,,,,0,0,0,0,1,1,1,1,1,1,,,0,0,,1,1,1,1,0.00
Anonymous Class,"org.apache.commons.math3.util.FastMathTestPerformance.testSimpleBenchmark.(Anon_28)",1,1,0,0,1,,0,,1,4,0,0,1,5,5,4,,,2,,,,1,1,2,,1,1,3,3,1,0,0,,,0,1,0,,0,0,0,,1,1,1,,,1,1,,0,0,1,1,1,1,0.00
Public Method,"org.apache.commons.math3.util.FastMathTestPerformance.testSimpleBenchmark.(Anon_28).call",,,,,,,,,,,,,,3,3,2,2,0,2,1,1,0,,,,0,,,,,,,,,,,,,0,0,0,0,1,1,1,1,1,1,,,0,0,,1,1,1,1,0.00
Anonymous Class,"org.apache.commons.math3.util.FastMathTestPerformance.testSimpleBenchmark.(Anon_29)",1,1,0,0,1,,0,,1,4,0,0,1,5,5,4,,,2,,,,1,1,2,,1,1,3,3,1,0,0,,,0,1,0,,0,0,0,,1,1,1,,,1,1,,0,0,1,1,1,1,0.00
Public Method,"org.apache.commons.math3.util.FastMathTestPerformance.testSimpleBenchmark.(Anon_29).call",,,,,,,,,,,,,,3,3,2,2,0,2,1,1,0,,,,0,,,,,,,,,,,,,0,0,0,0,1,1,1,1,1,1,,,0,0,,1,1,1,1,0.00
Anonymous Class,"org.apache.commons.math3.util.FastMathTestPerformance.testSimpleBenchmark.(Anon_3)",1,1,0,0,2,,0,,1,4,0,0,1,5,5,4,,,2,,,,1,1,2,,1,1,3,3,1,0,0,,,0,1,0,,0,0,0,,1,1,1,,,1,1,,0,0,1,1,1,1,0.00
Public Method,"org.apache.commons.math3.util.FastMathTestPerformance.testSimpleBenchmark.(Anon_3).call",,,,,,,,,,,,,,3,3,2,2,0,2,1,1,0,,,,0,,,,,,,,,,,,,0,0,0,0,1,1,1,1,1,1,,,0,0,,1,1,1,1,0.00
Anonymous Class,"org.apache.commons.math3.util.FastMathTestPerformance.testSimpleBenchmark.(Anon_30)",1,1,0,0,2,,0,,1,4,0,0,1,5,5,4,,,2,,,,1,1,2,,1,1,3,3,1,0,0,,,0,1,0,,0,0,0,,1,1,1,,,1,1,,0,0,1,1,1,1,0.00
Public Method,"org.apache.commons.math3.util.FastMathTestPerformance.testSimpleBenchmark.(Anon_30).call",,,,,,,,,,,,,,3,3,2,2,0,2,1,1,0,,,,0,,,,,,,,,,,,,0,0,0,0,1,1,1,1,1,1,,,0,0,,1,1,1,1,0.00
Anonymous Class,"org.apache.commons.math3.util.FastMathTestPerformance.testSimpleBenchmark.(Anon_31)",1,1,0,0,1,,0,,1,4,0,0,1,5,5,4,,,2,,,,1,1,2,,1,1,3,3,1,0,0,,,0,1,0,,0,0,0,,1,1,1,,,1,1,,0,0,1,1,1,1,0.00
Public Method,"org.apache.commons.math3.util.FastMathTestPerformance.testSimpleBenchmark.(Anon_31).call",,,,,,,,,,,,,,3,3,2,2,0,2,1,1,0,,,,0,,,,,,,,,,,,,0,0,0,0,1,1,1,1,1,1,,,0,0,,1,1,1,1,0.00
Anonymous Class,"org.apache.commons.math3.util.FastMathTestPerformance.testSimpleBenchmark.(Anon_32)",1,1,0,0,1,,0,,1,4,0,0,1,5,5,4,,,2,,,,1,1,2,,1,1,3,3,1,0,0,,,0,1,0,,0,0,0,,1,1,1,,,1,1,,0,0,1,1,1,1,0.00
Public Method,"org.apache.commons.math3.util.FastMathTestPerformance.testSimpleBenchmark.(Anon_32).call",,,,,,,,,,,,,,3,3,2,2,0,2,1,1,0,,,,0,,,,,,,,,,,,,0,0,0,0,1,1,1,1,1,1,,,0,0,,1,1,1,1,0.00
Anonymous Class,"org.apache.commons.math3.util.FastMathTestPerformance.testSimpleBenchmark.(Anon_33)",1,1,0,0,2,,0,,1,4,0,0,1,5,5,4,,,2,,,,1,1,2,,1,1,3,3,1,0,0,,,0,1,0,,0,0,0,,1,1,1,,,1,1,,0,0,1,1,1,1,0.00
Public Method,"org.apache.commons.math3.util.FastMathTestPerformance.testSimpleBenchmark.(Anon_33).call",,,,,,,,,,,,,,3,3,2,2,0,2,1,1,0,,,,0,,,,,,,,,,,,,0,0,0,0,1,1,1,1,1,1,,,0,0,,1,1,1,1,0.00
Anonymous Class,"org.apache.commons.math3.util.FastMathTestPerformance.testSimpleBenchmark.(Anon_34)",1,1,0,0,1,,0,,1,4,0,0,1,5,5,4,,,2,,,,1,1,2,,1,1,3,3,1,0,0,,,0,1,0,,0,0,0,,1,1,1,,,1,1,,0,0,1,1,1,1,0.00
Public Method,"org.apache.commons.math3.util.FastMathTestPerformance.testSimpleBenchmark.(Anon_34).call",,,,,,,,,,,,,,3,3,2,2,0,2,1,1,0,,,,0,,,,,,,,,,,,,0,0,0,0,1,1,1,1,1,1,,,0,0,,1,1,1,1,0.00
Anonymous Class,"org.apache.commons.math3.util.FastMathTestPerformance.testSimpleBenchmark.(Anon_35)",1,1,0,0,1,,0,,1,4,0,0,1,5,5,4,,,2,,,,1,1,2,,1,1,3,3,1,0,0,,,0,1,0,,0,0,0,,1,1,1,,,1,1,,0,0,1,1,1,1,0.00
Public Method,"org.apache.commons.math3.util.FastMathTestPerformance.testSimpleBenchmark.(Anon_35).call",,,,,,,,,,,,,,3,3,2,2,0,2,1,1,0,,,,0,,,,,,,,,,,,,0,0,0,0,1,1,1,1,1,1,,,0,0,,1,1,1,1,0.00
Anonymous Class,"org.apache.commons.math3.util.FastMathTestPerformance.testSimpleBenchmark.(Anon_36)",1,1,0,0,2,,0,,1,4,0,0,1,5,5,4,,,2,,,,1,1,2,,1,1,3,3,1,0,0,,,0,1,0,,0,0,0,,1,1,1,,,1,1,,0,0,1,1,1,1,0.00
Public Method,"org.apache.commons.math3.util.FastMathTestPerformance.testSimpleBenchmark.(Anon_36).call",,,,,,,,,,,,,,3,3,2,2,0,2,1,1,0,,,,0,,,,,,,,,,,,,0,0,0,0,1,1,1,1,1,1,,,0,0,,1,1,1,1,0.00
Anonymous Class,"org.apache.commons.math3.util.FastMathTestPerformance.testSimpleBenchmark.(Anon_37)",1,1,0,0,1,,0,,1,4,0,0,1,5,5,4,,,2,,,,1,1,2,,1,1,3,3,1,0,0,,,0,1,0,,0,0,0,,1,1,1,,,1,1,,0,0,1,1,1,1,0.00
Public Method,"org.apache.commons.math3.util.FastMathTestPerformance.testSimpleBenchmark.(Anon_37).call",,,,,,,,,,,,,,3,3,2,2,0,2,1,1,0,,,,0,,,,,,,,,,,,,0,0,0,0,1,1,1,1,1,1,,,0,0,,1,1,1,1,0.00
Anonymous Class,"org.apache.commons.math3.util.FastMathTestPerformance.testSimpleBenchmark.(Anon_38)",1,1,0,0,1,,0,,1,4,0,0,1,5,5,4,,,2,,,,1,1,2,,1,1,3,3,1,0,0,,,0,1,0,,0,0,0,,1,1,1,,,1,1,,0,0,1,1,1,1,0.00
Public Method,"org.apache.commons.math3.util.FastMathTestPerformance.testSimpleBenchmark.(Anon_38).call",,,,,,,,,,,,,,3,3,2,2,0,2,1,1,0,,,,0,,,,,,,,,,,,,0,0,0,0,1,1,1,1,1,1,,,0,0,,1,1,1,1,0.00
Anonymous Class,"org.apache.commons.math3.util.FastMathTestPerformance.testSimpleBenchmark.(Anon_39)",1,1,0,0,2,,0,,1,4,0,0,1,5,5,4,,,2,,,,1,1,2,,1,1,3,3,1,0,0,,,0,1,0,,0,0,0,,1,1,1,,,1,1,,0,0,1,1,1,1,0.00
Public Method,"org.apache.commons.math3.util.FastMathTestPerformance.testSimpleBenchmark.(Anon_39).call",,,,,,,,,,,,,,3,3,2,2,0,2,1,1,0,,,,0,,,,,,,,,,,,,0,0,0,0,1,1,1,1,1,1,,,0,0,,1,1,1,1,0.00
Anonymous Class,"org.apache.commons.math3.util.FastMathTestPerformance.testSimpleBenchmark.(Anon_4)",1,1,0,0,1,,0,,1,4,0,0,1,5,5,4,,,2,,,,1,1,2,,1,1,3,3,1,0,0,,,0,1,0,,0,0,0,,1,1,1,,,1,1,,0,0,1,1,1,1,0.00
Public Method,"org.apache.commons.math3.util.FastMathTestPerformance.testSimpleBenchmark.(Anon_4).call",,,,,,,,,,,,,,3,3,2,2,0,2,1,1,0,,,,0,,,,,,,,,,,,,0,0,0,0,1,1,1,1,1,1,,,0,0,,1,1,1,1,0.00
Anonymous Class,"org.apache.commons.math3.util.FastMathTestPerformance.testSimpleBenchmark.(Anon_40)",1,1,0,0,1,,0,,1,4,0,0,1,5,5,4,,,2,,,,1,1,2,,1,1,3,3,1,0,0,,,0,1,0,,0,0,0,,1,1,1,,,1,1,,0,0,1,1,1,1,0.00
Public Method,"org.apache.commons.math3.util.FastMathTestPerformance.testSimpleBenchmark.(Anon_40).call",,,,,,,,,,,,,,3,3,2,2,0,2,1,1,0,,,,0,,,,,,,,,,,,,0,0,0,0,1,1,1,1,1,1,,,0,0,,1,1,1,1,0.00
Anonymous Class,"org.apache.commons.math3.util.FastMathTestPerformance.testSimpleBenchmark.(Anon_41)",1,1,0,0,1,,0,,1,4,0,0,1,5,5,4,,,2,,,,1,1,2,,1,1,3,3,1,0,0,,,0,1,0,,0,0,0,,1,1,1,,,1,1,,0,0,1,1,1,1,0.00
Public Method,"org.apache.commons.math3.util.FastMathTestPerformance.testSimpleBenchmark.(Anon_41).call",,,,,,,,,,,,,,3,3,2,2,0,2,1,1,0,,,,0,,,,,,,,,,,,,0,0,0,0,1,1,1,1,1,1,,,0,0,,1,1,1,1,0.00
Anonymous Class,"org.apache.commons.math3.util.FastMathTestPerformance.testSimpleBenchmark.(Anon_42)",1,1,0,0,2,,0,,1,4,0,0,1,5,5,4,,,2,,,,1,1,2,,1,1,3,3,1,0,0,,,0,1,0,,0,0,0,,1,1,1,,,1,1,,0,0,1,1,1,1,0.00
Public Method,"org.apache.commons.math3.util.FastMathTestPerformance.testSimpleBenchmark.(Anon_42).call",,,,,,,,,,,,,,3,3,2,2,0,2,1,1,0,,,,0,,,,,,,,,,,,,0,0,0,0,1,1,1,1,1,1,,,0,0,,1,1,1,1,0.00
Anonymous Class,"org.apache.commons.math3.util.FastMathTestPerformance.testSimpleBenchmark.(Anon_43)",1,1,0,0,1,,0,,1,4,0,0,1,5,5,4,,,2,,,,1,1,2,,1,1,3,3,1,0,0,,,0,1,0,,0,0,0,,1,1,1,,,1,1,,0,0,1,1,1,1,0.00
Public Method,"org.apache.commons.math3.util.FastMathTestPerformance.testSimpleBenchmark.(Anon_43).call",,,,,,,,,,,,,,3,3,2,2,0,2,1,1,0,,,,0,,,,,,,,,,,,,0,0,0,0,1,1,1,1,1,1,,,0,0,,1,1,1,1,0.00
Anonymous Class,"org.apache.commons.math3.util.FastMathTestPerformance.testSimpleBenchmark.(Anon_44)",1,1,0,0,1,,0,,1,4,0,0,1,5,5,4,,,2,,,,1,1,2,,1,1,3,3,1,0,0,,,0,1,0,,0,0,0,,1,1,1,,,1,1,,0,0,1,1,1,1,0.00
Public Method,"org.apache.commons.math3.util.FastMathTestPerformance.testSimpleBenchmark.(Anon_44).call",,,,,,,,,,,,,,3,3,2,2,0,2,1,1,0,,,,0,,,,,,,,,,,,,0,0,0,0,1,1,1,1,1,1,,,0,0,,1,1,1,1,0.00
Anonymous Class,"org.apache.commons.math3.util.FastMathTestPerformance.testSimpleBenchmark.(Anon_45)",1,1,0,0,2,,0,,1,4,0,0,1,5,5,4,,,2,,,,1,1,2,,1,1,3,3,1,0,0,,,0,1,0,,0,0,0,,1,1,1,,,1,1,,0,0,1,1,1,1,0.00
Public Method,"org.apache.commons.math3.util.FastMathTestPerformance.testSimpleBenchmark.(Anon_45).call",,,,,,,,,,,,,,3,3,2,2,0,2,1,1,0,,,,0,,,,,,,,,,,,,0,0,0,0,1,1,1,1,1,1,,,0,0,,1,1,1,1,0.00
Anonymous Class,"org.apache.commons.math3.util.FastMathTestPerformance.testSimpleBenchmark.(Anon_46)",1,1,0,0,1,,0,,1,4,0,0,1,5,5,4,,,2,,,,1,1,2,,1,1,3,3,1,0,0,,,0,1,0,,0,0,0,,1,1,1,,,1,1,,0,0,1,1,1,1,0.00
Public Method,"org.apache.commons.math3.util.FastMathTestPerformance.testSimpleBenchmark.(Anon_46).call",,,,,,,,,,,,,,3,3,2,2,0,2,1,1,0,,,,0,,,,,,,,,,,,,0,0,0,0,1,1,1,1,1,1,,,0,0,,1,1,1,1,0.00
Anonymous Class,"org.apache.commons.math3.util.FastMathTestPerformance.testSimpleBenchmark.(Anon_47)",1,1,0,0,1,,0,,1,4,0,0,1,5,5,4,,,2,,,,1,1,2,,1,1,3,3,1,0,0,,,0,1,0,,0,0,0,,1,1,1,,,1,1,,0,0,1,1,1,1,0.00
Public Method,"org.apache.commons.math3.util.FastMathTestPerformance.testSimpleBenchmark.(Anon_47).call",,,,,,,,,,,,,,3,3,2,2,0,2,1,1,0,,,,0,,,,,,,,,,,,,0,0,0,0,1,1,1,1,1,1,,,0,0,,1,1,1,1,0.00
Anonymous Class,"org.apache.commons.math3.util.FastMathTestPerformance.testSimpleBenchmark.(Anon_48)",1,1,0,0,2,,0,,1,4,0,0,1,5,5,4,,,2,,,,1,1,2,,1,1,3,3,1,0,0,,,0,1,0,,0,0,0,,1,1,1,,,1,1,,0,0,1,1,1,1,0.00
Public Method,"org.apache.commons.math3.util.FastMathTestPerformance.testSimpleBenchmark.(Anon_48).call",,,,,,,,,,,,,,3,3,2,2,0,2,1,1,0,,,,0,,,,,,,,,,,,,0,0,0,0,1,1,1,1,1,1,,,0,0,,1,1,1,1,0.00
Anonymous Class,"org.apache.commons.math3.util.FastMathTestPerformance.testSimpleBenchmark.(Anon_49)",1,1,0,0,1,,0,,1,4,0,0,1,5,5,4,,,2,,,,1,1,2,,1,1,3,3,1,0,0,,,0,1,0,,0,0,0,,1,1,1,,,1,1,,0,0,1,1,1,1,0.00
Public Method,"org.apache.commons.math3.util.FastMathTestPerformance.testSimpleBenchmark.(Anon_49).call",,,,,,,,,,,,,,3,3,2,2,0,2,1,1,0,,,,0,,,,,,,,,,,,,0,0,0,0,1,1,1,1,1,1,,,0,0,,1,1,1,1,0.00
Anonymous Class,"org.apache.commons.math3.util.FastMathTestPerformance.testSimpleBenchmark.(Anon_5)",1,1,0,0,1,,0,,1,4,0,0,1,5,5,4,,,2,,,,1,1,2,,1,1,3,3,1,0,0,,,0,1,0,,0,0,0,,1,1,1,,,1,1,,0,0,1,1,1,1,0.00
Public Method,"org.apache.commons.math3.util.FastMathTestPerformance.testSimpleBenchmark.(Anon_5).call",,,,,,,,,,,,,,3,3,2,2,0,2,1,1,0,,,,0,,,,,,,,,,,,,0,0,0,0,1,1,1,1,1,1,,,0,0,,1,1,1,1,0.00
Anonymous Class,"org.apache.commons.math3.util.FastMathTestPerformance.testSimpleBenchmark.(Anon_50)",1,1,0,0,1,,0,,1,4,0,0,1,5,5,4,,,2,,,,1,1,2,,1,1,3,3,1,0,0,,,0,1,0,,0,0,0,,1,1,1,,,1,1,,0,0,1,1,1,1,0.00
Public Method,"org.apache.commons.math3.util.FastMathTestPerformance.testSimpleBenchmark.(Anon_50).call",,,,,,,,,,,,,,3,3,2,2,0,2,1,1,0,,,,0,,,,,,,,,,,,,0,0,0,0,1,1,1,1,1,1,,,0,0,,1,1,1,1,0.00
Anonymous Class,"org.apache.commons.math3.util.FastMathTestPerformance.testSimpleBenchmark.(Anon_51)",1,1,0,0,2,,0,,1,4,0,0,1,5,5,4,,,2,,,,1,1,2,,1,1,3,3,1,0,0,,,0,1,0,,0,0,0,,1,1,1,,,1,1,,0,0,1,1,1,1,0.00
Public Method,"org.apache.commons.math3.util.FastMathTestPerformance.testSimpleBenchmark.(Anon_51).call",,,,,,,,,,,,,,3,3,2,2,0,2,1,1,0,,,,0,,,,,,,,,,,,,0,0,0,0,1,1,1,1,1,1,,,0,0,,1,1,1,1,0.00
Anonymous Class,"org.apache.commons.math3.util.FastMathTestPerformance.testSimpleBenchmark.(Anon_52)",1,1,0,0,1,,0,,1,4,0,0,1,5,5,4,,,2,,,,1,1,2,,1,1,3,3,1,0,0,,,0,1,0,,0,0,0,,1,1,1,,,1,1,,0,0,1,1,1,1,0.00
Public Method,"org.apache.commons.math3.util.FastMathTestPerformance.testSimpleBenchmark.(Anon_52).call",,,,,,,,,,,,,,3,3,2,2,0,2,1,1,0,,,,0,,,,,,,,,,,,,0,0,0,0,1,1,1,1,1,1,,,0,0,,1,1,1,1,0.00
Anonymous Class,"org.apache.commons.math3.util.FastMathTestPerformance.testSimpleBenchmark.(Anon_53)",1,1,0,0,1,,0,,1,4,0,0,1,5,5,4,,,2,,,,1,1,2,,1,1,3,3,1,0,0,,,0,1,0,,0,0,0,,1,1,1,,,1,1,,0,0,1,1,1,1,0.00
Public Method,"org.apache.commons.math3.util.FastMathTestPerformance.testSimpleBenchmark.(Anon_53).call",,,,,,,,,,,,,,3,3,2,2,0,2,1,1,0,,,,0,,,,,,,,,,,,,0,0,0,0,1,1,1,1,1,1,,,0,0,,1,1,1,1,0.00
Anonymous Class,"org.apache.commons.math3.util.FastMathTestPerformance.testSimpleBenchmark.(Anon_54)",1,1,0,0,2,,0,,1,4,0,0,1,5,5,4,,,2,,,,1,1,2,,1,1,3,3,1,0,0,,,0,1,0,,0,0,0,,1,1,1,,,1,1,,0,0,1,1,1,1,0.00
Public Method,"org.apache.commons.math3.util.FastMathTestPerformance.testSimpleBenchmark.(Anon_54).call",,,,,,,,,,,,,,3,3,2,2,0,2,1,1,0,,,,0,,,,,,,,,,,,,0,0,0,0,1,1,1,1,1,1,,,0,0,,1,1,1,1,0.00
Anonymous Class,"org.apache.commons.math3.util.FastMathTestPerformance.testSimpleBenchmark.(Anon_55)",1,1,0,0,1,,0,,1,4,0,0,1,5,5,4,,,2,,,,1,1,2,,1,1,3,3,1,0,0,,,0,1,0,,0,0,0,,1,1,1,,,1,1,,0,0,1,1,1,1,0.00
Public Method,"org.apache.commons.math3.util.FastMathTestPerformance.testSimpleBenchmark.(Anon_55).call",,,,,,,,,,,,,,3,3,2,2,0,2,1,1,0,,,,0,,,,,,,,,,,,,0,0,0,0,1,1,1,1,1,1,,,0,0,,1,1,1,1,0.00
Anonymous Class,"org.apache.commons.math3.util.FastMathTestPerformance.testSimpleBenchmark.(Anon_56)",1,1,0,0,1,,0,,1,4,0,0,1,5,5,4,,,2,,,,1,1,2,,1,1,3,3,1,0,0,,,0,1,0,,0,0,0,,1,1,1,,,1,1,,0,0,1,1,1,1,0.00
Public Method,"org.apache.commons.math3.util.FastMathTestPerformance.testSimpleBenchmark.(Anon_56).call",,,,,,,,,,,,,,3,3,2,2,0,2,1,1,0,,,,0,,,,,,,,,,,,,0,0,0,0,1,1,1,1,1,1,,,0,0,,1,1,1,1,0.00
Anonymous Class,"org.apache.commons.math3.util.FastMathTestPerformance.testSimpleBenchmark.(Anon_57)",1,1,0,0,2,,0,,1,4,0,0,1,5,5,4,,,2,,,,1,1,2,,1,1,3,3,1,0,0,,,0,1,0,,0,0,0,,1,1,1,,,1,1,,0,0,1,1,1,1,0.00
Public Method,"org.apache.commons.math3.util.FastMathTestPerformance.testSimpleBenchmark.(Anon_57).call",,,,,,,,,,,,,,3,3,2,2,0,2,1,1,0,,,,0,,,,,,,,,,,,,0,0,0,0,1,1,1,1,1,1,,,0,0,,1,1,1,1,0.00
Anonymous Class,"org.apache.commons.math3.util.FastMathTestPerformance.testSimpleBenchmark.(Anon_58)",1,1,0,0,1,,0,,1,4,0,0,1,5,5,4,,,2,,,,1,1,2,,1,1,3,3,1,0,0,,,0,1,0,,0,0,0,,1,1,1,,,1,1,,0,0,1,1,1,1,0.00
Public Method,"org.apache.commons.math3.util.FastMathTestPerformance.testSimpleBenchmark.(Anon_58).call",,,,,,,,,,,,,,3,3,2,2,0,2,1,1,0,,,,0,,,,,,,,,,,,,0,0,0,0,1,1,1,1,1,1,,,0,0,,1,1,1,1,0.00
Anonymous Class,"org.apache.commons.math3.util.FastMathTestPerformance.testSimpleBenchmark.(Anon_59)",1,1,0,0,1,,0,,1,4,0,0,1,5,5,4,,,2,,,,1,1,2,,1,1,3,3,1,0,0,,,0,1,0,,0,0,0,,1,1,1,,,1,1,,0,0,1,1,1,1,0.00
Public Method,"org.apache.commons.math3.util.FastMathTestPerformance.testSimpleBenchmark.(Anon_59).call",,,,,,,,,,,,,,3,3,2,2,0,2,1,1,0,,,,0,,,,,,,,,,,,,0,0,0,0,1,1,1,1,1,1,,,0,0,,1,1,1,1,0.00
Anonymous Class,"org.apache.commons.math3.util.FastMathTestPerformance.testSimpleBenchmark.(Anon_6)",1,1,0,0,2,,0,,1,4,0,0,1,5,5,4,,,2,,,,1,1,2,,1,1,3,3,1,0,0,,,0,1,0,,0,0,0,,1,1,1,,,1,1,,0,0,1,1,1,1,0.00
Public Method,"org.apache.commons.math3.util.FastMathTestPerformance.testSimpleBenchmark.(Anon_6).call",,,,,,,,,,,,,,3,3,2,2,0,2,1,1,0,,,,0,,,,,,,,,,,,,0,0,0,0,1,1,1,1,1,1,,,0,0,,1,1,1,1,0.00
Anonymous Class,"org.apache.commons.math3.util.FastMathTestPerformance.testSimpleBenchmark.(Anon_60)",1,1,0,0,2,,0,,1,4,0,0,1,5,5,4,,,2,,,,1,1,2,,1,1,3,3,1,0,0,,,0,1,0,,0,0,0,,1,1,1,,,1,1,,0,0,1,1,1,1,0.00
Public Method,"org.apache.commons.math3.util.FastMathTestPerformance.testSimpleBenchmark.(Anon_60).call",,,,,,,,,,,,,,3,3,2,2,0,2,1,1,0,,,,0,,,,,,,,,,,,,0,0,0,0,1,1,1,1,1,1,,,0,0,,1,1,1,1,0.00
Anonymous Class,"org.apache.commons.math3.util.FastMathTestPerformance.testSimpleBenchmark.(Anon_7)",1,1,0,0,1,,0,,1,4,0,0,1,5,5,4,,,2,,,,1,1,2,,1,1,3,3,1,0,0,,,0,1,0,,0,0,0,,1,1,1,,,1,1,,0,0,1,1,1,1,0.00
Public Method,"org.apache.commons.math3.util.FastMathTestPerformance.testSimpleBenchmark.(Anon_7).call",,,,,,,,,,,,,,3,3,2,2,0,2,1,1,0,,,,0,,,,,,,,,,,,,0,0,0,0,1,1,1,1,1,1,,,0,0,,1,1,1,1,0.00
Anonymous Class,"org.apache.commons.math3.util.FastMathTestPerformance.testSimpleBenchmark.(Anon_8)",1,1,0,0,1,,0,,1,4,0,0,1,5,5,4,,,2,,,,1,1,2,,1,1,3,3,1,0,0,,,0,1,0,,0,0,0,,1,1,1,,,1,1,,0,0,1,1,1,1,0.00
Public Method,"org.apache.commons.math3.util.FastMathTestPerformance.testSimpleBenchmark.(Anon_8).call",,,,,,,,,,,,,,3,3,2,2,0,2,1,1,0,,,,0,,,,,,,,,,,,,0,0,0,0,1,1,1,1,1,1,,,0,0,,1,1,1,1,0.00
Anonymous Class,"org.apache.commons.math3.util.FastMathTestPerformance.testSimpleBenchmark.(Anon_9)",1,1,0,0,2,,0,,1,4,0,0,1,5,5,4,,,2,,,,1,1,2,,1,1,3,3,1,0,0,,,0,1,0,,0,0,0,,1,1,1,,,1,1,,0,0,1,1,1,1,0.00
Public Method,"org.apache.commons.math3.util.FastMathTestPerformance.testSimpleBenchmark.(Anon_9).call",,,,,,,,,,,,,,3,3,2,2,0,2,1,1,0,,,,0,,,,,,,,,,,,,0,0,0,0,1,1,1,1,1,1,,,0,0,,1,1,1,1,0.00
Public Method,"org.apache.commons.math3.util.FastMathTestPerformance.testSin",,,,,,,,,,,,,,22,19,17,6,1,24,4,4,0,,,,0,,,,,,,,,,,,,2,3,6,0,8,20,9,15,4,1,,,0,1,,4,4,1,4,0.00
Public Method,"org.apache.commons.math3.util.FastMathTestPerformance.testSinh",,,,,,,,,,,,,,22,19,17,6,1,24,4,4,0,,,,0,,,,,,,,,,,,,2,3,6,0,8,20,9,15,4,1,,,0,1,,4,4,1,4,0.00
Public Method,"org.apache.commons.math3.util.FastMathTestPerformance.testSqrt",,,,,,,,,,,,,,22,19,17,6,1,24,4,4,0,,,,0,,,,,,,,,,,,,2,3,6,0,8,20,9,15,4,1,,,0,1,,4,4,1,4,0.00
Public Method,"org.apache.commons.math3.util.FastMathTestPerformance.testTan",,,,,,,,,,,,,,22,19,17,6,1,24,4,4,0,,,,0,,,,,,,,,,,,,2,3,6,0,8,20,9,15,4,1,,,0,1,,4,4,1,4,0.00
Public Method,"org.apache.commons.math3.util.FastMathTestPerformance.testTanh",,,,,,,,,,,,,,22,19,17,6,1,24,4,4,0,,,,0,,,,,,,,,,,,,2,3,6,0,8,20,9,15,4,1,,,0,1,,4,4,1,4,0.00
Public Class,"org.apache.commons.math3.util.Incrementor",1,1,0,6,1,,0,,10,10,0,0,10,154,49,18,,,33,,,,2,1,1,,1,1,10,4,1,0,0,,,3,10,0,,11,17,94,,18,18,15,,,2,2,,1,63,12,12,10,12,1.92
Public Constructor,"org.apache.commons.math3.util.Incrementor.Incrementor",,,,,,,,,,,,,,8,3,1,2,0,2,1,1,0,,,,0,,,,,,,,,,,,,9,0,1,5,1,1,1,1,1,1,,,0,0,,1,1,1,1,1.67
Public Constructor,"org.apache.commons.math3.util.Incrementor.Incrementor",,,,,,,,,,,,,,17,5,2,3,0,3,1,1,0,,,,0,,,,,,,,,,,,,4,0,2,12,1,2,1,2,1,1,,,0,0,,1,1,1,1,2.40
Public Constructor,"org.apache.commons.math3.util.Incrementor.Incrementor",,,,,,,,,,,,,,9,8,5,2,0,4,1,1,0,,,,0,,,,,,,,,,,,,5,0,1,1,1,2,2,2,1,1,,,0,0,,1,1,1,1,0.12
Anonymous Class,"org.apache.commons.math3.util.Incrementor.Incrementor.(Anon_1)",1,1,0,1,1,,0,,1,1,0,0,1,5,4,3,,,2,,,,1,1,1,,1,1,4,3,2,0,0,,,0,1,0,,0,0,1,,1,1,1,,,1,1,,0,0,1,1,1,1,0.25
Public Method,"org.apache.commons.math3.util.Incrementor.Incrementor.(Anon_1).trigger",,,,,,,,,,,,,,4,3,2,1,0,2,1,1,0,,,,0,,,,,,,,,,,,,1,0,0,1,1,1,1,1,1,1,,,0,0,,1,1,1,1,0.33
Public Interface,"org.apache.commons.math3.util.Incrementor.MaxCountExceededCallback",0,0,0,0,0,,0,,1,1,1,0,0,8,3,0,,,2,,,,0,0,0,,0,0,0,0,0,2,0,,,0,1,0,,0,2,5,,1,2,0,,,0,0,,0,0,0,0,0,0,1.67
Abstract Method,"org.apache.commons.math3.util.Incrementor.MaxCountExceededCallback.trigger",,,,,,,,,,,,,,6,1,0,0,0,1,0,0,0,,,,0,,,,,,,,,,,,,1,0,1,5,0,1,1,0,0,0,,,0,0,,0,0,0,0,5.00
Public Method,"org.apache.commons.math3.util.Incrementor.canIncrement",,,,,,,,,,,,,,10,3,1,1,0,2,1,1,0,,,,0,,,,,,,,,,,,,4,0,1,7,1,1,1,1,1,1,,,0,0,,1,1,1,1,2.33
Public Method,"org.apache.commons.math3.util.Incrementor.getCount",,,,,,,,,,,,,,8,3,1,1,0,2,1,1,0,,,,0,,,,,,,,,,,,,21,0,1,5,1,1,1,1,1,1,,,0,0,,1,1,1,1,1.67
Public Method,"org.apache.commons.math3.util.Incrementor.getMaximalCount",,,,,,,,,,,,,,8,3,1,1,0,2,1,1,0,,,,0,,,,,,,,,,,,,14,0,1,5,1,1,1,1,1,1,,,0,0,,1,1,1,1,1.67
Public Method,"org.apache.commons.math3.util.Incrementor.incrementCount",,,,,,,,,,,,,,18,5,2,2,0,3,2,2,0,,,,0,,,,,,,,,,,,,23,0,1,13,2,1,1,2,2,1,,,0,1,,2,2,1,2,2.60
Public Method,"org.apache.commons.math3.util.Incrementor.incrementCount",,,,,,,,,,,,,,12,5,2,1,0,5,2,2,0,,,,0,,,,,,,,,,,,,2,0,1,7,2,3,2,3,2,1,,,0,1,,2,2,1,2,1.40
Public Method,"org.apache.commons.math3.util.Incrementor.resetCount",,,,,,,,,,,,,,6,3,1,1,0,2,1,1,0,,,,0,,,,,,,,,,,,,11,0,1,3,1,1,1,1,1,1,,,0,0,,1,1,1,1,1.00
Public Method,"org.apache.commons.math3.util.Incrementor.setMaximalCount",,,,,,,,,,,,,,10,3,1,1,0,2,1,1,0,,,,0,,,,,,,,,,,,,16,0,1,7,1,1,1,1,1,1,,,0,0,,1,1,1,1,2.33
Public Class,"org.apache.commons.math3.util.IncrementorTest",1,1,0,0,4,,0,,10,10,0,0,10,116,92,56,,,66,,,,3,1,1,,1,1,9,8,1,0,0,,,0,10,0,,17,34,7,,52,23,43,,,3,3,,1,0,12,12,10,12,0.08
Public Method,"org.apache.commons.math3.util.IncrementorTest.testAboveMaxCount",,,,,,,,,,,,,,9,8,6,3,0,7,1,1,0,,,,0,,,,,,,,,,,,,0,1,2,0,1,6,2,5,1,1,,,0,0,,1,1,1,1,0.00
Public Method,"org.apache.commons.math3.util.IncrementorTest.testAccessor",,,,,,,,,,,,,,7,6,4,5,0,5,1,1,0,,,,0,,,,,,,,,,,,,0,1,2,0,1,4,2,3,1,1,,,0,0,,1,1,1,1,0.00
Public Method,"org.apache.commons.math3.util.IncrementorTest.testAlternateException",,,,,,,,,,,,,,12,10,5,2,0,6,1,1,0,,,,0,,,,,,,,,,,,,0,1,5,1,1,4,4,2,1,1,,,0,0,,1,1,1,1,0.10
Anonymous Class,"org.apache.commons.math3.util.IncrementorTest.testAlternateException.(Anon_1)",1,1,0,1,1,,0,,1,1,0,0,1,5,4,3,,,2,,,,1,1,1,,1,1,4,3,2,0,0,,,0,1,0,,0,1,1,,1,1,1,,,1,1,,0,0,1,1,1,1,0.25
Public Method,"org.apache.commons.math3.util.IncrementorTest.testAlternateException.(Anon_1).trigger",,,,,,,,,,,,,,4,3,2,1,0,2,1,1,0,,,,0,,,,,,,,,,,,,1,0,0,1,1,1,1,1,1,1,,,0,0,,1,1,1,1,0.33
Public Method,"org.apache.commons.math3.util.IncrementorTest.testBelowMaxCount",,,,,,,,,,,,,,10,8,6,5,0,7,1,1,0,,,,0,,,,,,,,,,,,,0,2,2,0,1,6,2,5,1,1,,,0,0,,1,1,1,1,0.00
Public Method,"org.apache.commons.math3.util.IncrementorTest.testBulkIncrement",,,,,,,,,,,,,,9,8,6,5,0,7,1,1,0,,,,0,,,,,,,,,,,,,0,1,2,0,1,6,2,5,1,1,,,0,0,,1,1,1,1,0.00
Public Method,"org.apache.commons.math3.util.IncrementorTest.testCanIncrement1",,,,,,,,,,,,,,10,10,8,5,0,9,1,1,0,,,,0,,,,,,,,,,,,,0,0,2,0,1,8,2,7,1,1,,,0,0,,1,1,1,1,0.00
Public Method,"org.apache.commons.math3.util.IncrementorTest.testCanIncrement2",,,,,,,,,,,,,,15,11,7,4,1,7,3,3,1,,,,0,,,,,,,,,,,,,0,1,2,3,4,4,2,5,3,1,,,0,1,,3,3,1,3,0.27
Public Method,"org.apache.commons.math3.util.IncrementorTest.testConstructor1",,,,,,,,,,,,,,5,5,3,4,0,4,1,1,0,,,,0,,,,,,,,,,,,,0,0,2,0,1,3,2,2,1,1,,,0,0,,1,1,1,1,0.00
Public Method,"org.apache.commons.math3.util.IncrementorTest.testConstructor2",,,,,,,,,,,,,,5,5,3,4,0,4,1,1,0,,,,0,,,,,,,,,,,,,0,0,2,0,1,3,2,2,1,1,,,0,0,,1,1,1,1,0.00
Public Method,"org.apache.commons.math3.util.IncrementorTest.testReset",,,,,,,,,,,,,,11,10,8,6,0,9,1,1,0,,,,0,,,,,,,,,,,,,0,1,2,0,1,8,2,7,1,1,,,0,0,,1,1,1,1,0.00
Public Class,"org.apache.commons.math3.util.IterationEvent",1,1,0,7,0,,1,,2,2,0,0,2,36,11,4,,,8,,,,1,1,2,,1,1,10,3,1,1,0,,,1,2,0,,3,5,22,,5,5,3,,,1,1,,0,50,2,2,2,2,2.00
Public Constructor,"org.apache.commons.math3.util.IterationEvent.IterationEvent",,,,,,,,,,,,,,12,4,2,2,0,3,1,1,0,,,,0,,,,,,,,,,,,,3,0,1,8,1,2,1,2,1,1,,,0,0,,1,1,1,1,2.00
Public Method,"org.apache.commons.math3.util.IterationEvent.getIterations",,,,,,,,,,,,,,9,3,1,1,0,2,1,1,0,,,,0,,,,,,,,,,,,,5,0,1,6,1,1,1,1,1,1,,,0,0,,1,1,1,1,2.00
Public Interface,"org.apache.commons.math3.util.IterationListener",0,0,0,0,1,,0,,4,4,4,0,0,32,6,0,,,5,,,,0,0,2,,0,0,0,0,1,8,0,,,0,4,0,,3,5,23,,4,5,0,,,0,0,,0,0,0,0,0,0,3.83
Abstract Method,"org.apache.commons.math3.util.IterationListener.initializationPerformed",,,,,,,,,,,,,,7,1,0,0,0,1,0,0,0,,,,0,,,,,,,,,,,,,1,0,1,6,0,1,1,0,0,0,,,0,0,,0,0,0,0,6.00
Abstract Method,"org.apache.commons.math3.util.IterationListener.iterationPerformed",,,,,,,,,,,,,,6,1,0,0,0,1,0,0,0,,,,0,,,,,,,,,,,,,1,0,1,5,0,1,1,0,0,0,,,0,0,,0,0,0,0,5.00
Abstract Method,"org.apache.commons.math3.util.IterationListener.iterationStarted",,,,,,,,,,,,,,7,1,0,0,0,1,0,0,0,,,,0,,,,,,,,,,,,,1,0,1,6,0,1,1,0,0,0,,,0,0,,0,0,0,0,6.00
Abstract Method,"org.apache.commons.math3.util.IterationListener.terminationPerformed",,,,,,,,,,,,,,7,1,0,0,0,1,0,0,0,,,,0,,,,,,,,,,,,,1,0,1,6,0,1,1,0,0,0,,,0,0,,0,0,0,0,6.00
Public Class,"org.apache.commons.math3.util.IterationManager",1,1,0,5,4,,0,,11,11,0,0,11,136,48,17,,,35,,,,2,1,1,,1,1,9,4,1,0,0,,,2,11,0,,13,15,75,,15,18,17,,,2,2,,1,45,15,15,11,15,1.56
Public Constructor,"org.apache.commons.math3.util.IterationManager.IterationManager",,,,,,,,,,,,,,10,5,3,5,0,4,1,1,0,,,,0,,,,,,,,,,,,,3,0,1,5,1,3,1,3,1,1,,,0,0,,1,1,1,1,1.00
Public Method,"org.apache.commons.math3.util.IterationManager.addIterationListener",,,,,,,,,,,,,,8,3,1,1,0,2,1,1,0,,,,0,,,,,,,,,,,,,10,0,1,5,1,1,1,1,1,1,,,0,0,,1,1,1,1,1.67
Public Method,"org.apache.commons.math3.util.IterationManager.fireInitializationEvent",,,,,,,,,,,,,,11,5,2,1,0,4,2,2,0,,,,0,,,,,,,,,,,,,4,0,1,6,2,1,2,2,2,1,,,0,1,,2,2,1,2,1.20
Public Method,"org.apache.commons.math3.util.IterationManager.fireIterationPerformedEvent",,,,,,,,,,,,,,11,5,2,1,0,4,2,2,0,,,,0,,,,,,,,,,,,,4,0,1,6,2,1,2,2,2,1,,,0,1,,2,2,1,2,1.20
Public Method,"org.apache.commons.math3.util.IterationManager.fireIterationStartedEvent",,,,,,,,,,,,,,11,5,2,1,0,4,2,2,0,,,,0,,,,,,,,,,,,,4,0,1,6,2,1,2,2,2,1,,,0,1,,2,2,1,2,1.20
Public Method,"org.apache.commons.math3.util.IterationManager.fireTerminationEvent",,,,,,,,,,,,,,11,5,2,1,0,4,2,2,0,,,,0,,,,,,,,,,,,,4,0,1,6,2,1,2,2,2,1,,,0,1,,2,2,1,2,1.20
Public Method,"org.apache.commons.math3.util.IterationManager.getIterations",,,,,,,,,,,,,,9,3,1,2,0,2,1,1,0,,,,0,,,,,,,,,,,,,6,0,1,6,1,1,1,1,1,1,,,0,0,,1,1,1,1,2.00
Public Method,"org.apache.commons.math3.util.IterationManager.getMaxIterations",,,,,,,,,,,,,,8,3,1,2,0,2,1,1,0,,,,0,,,,,,,,,,,,,1,0,1,5,1,1,1,1,1,1,,,0,0,,1,1,1,1,1.67
Public Method,"org.apache.commons.math3.util.IterationManager.incrementIterationCount",,,,,,,,,,,,,,12,4,1,1,0,2,1,1,0,,,,0,,,,,,,,,,,,,3,0,2,8,1,1,1,1,1,1,,,0,0,,1,1,1,1,2.00
Public Method,"org.apache.commons.math3.util.IterationManager.removeIterationListener",,,,,,,,,,,,,,11,3,1,1,0,2,1,1,0,,,,0,,,,,,,,,,,,,2,0,1,8,1,1,1,1,1,1,,,0,0,,1,1,1,1,2.67
Public Method,"org.apache.commons.math3.util.IterationManager.resetIterationCount",,,,,,,,,,,,,,7,3,1,1,0,2,1,1,0,,,,0,,,,,,,,,,,,,3,0,1,4,1,1,1,1,1,1,,,0,0,,1,1,1,1,1.33
Public Class,"org.apache.commons.math3.util.MathArrays",3,2,1,15,11,,1,,1,28,0,1,27,1053,521,364,,,415,,,,11,12,1,,3,3,35,18,1,0,27,,,0,28,0,,84,208,448,,311,209,206,,,12,12,,5,85,102,107,64,100,0.86
Private Constructor,"org.apache.commons.math3.util.MathArrays.MathArrays",,,,,,,,,,,,,,4,1,0,1,0,1,1,1,0,,,,0,,,,,,,,,,,,,0,0,1,3,1,0,1,0,1,1,,,0,0,,1,1,1,1,3.00
Public Enum Type,"org.apache.commons.math3.util.MathArrays.OrderDirection",1,1,0,0,1,,0,,2,2,0,0,2,9,4,0,,,1,,,,1,1,1,,1,1,0,0,1,0,0,,,2,2,0,,0,3,5,,0,1,0,,,1,1,,0,100,2,2,2,2,1.25
Public Method,"org.apache.commons.math3.util.MathArrays.OrderDirection.valueOf",,,,,,,,,,,,,,0,0,0,1,0,0,1,1,0,,,,0,,,,,,,,,,,,,0,0,0,0,0,0,0,0,1,1,,,0,0,,1,1,1,1,0.00
Public Method,"org.apache.commons.math3.util.MathArrays.OrderDirection.values",,,,,,,,,,,,,,0,0,0,1,0,0,1,1,0,,,,0,,,,,,,,,,,,,0,0,0,0,0,0,0,0,1,1,,,0,0,,1,1,1,1,0.00
Public Static Method,"org.apache.commons.math3.util.MathArrays.checkOrder",,,,,,,,,,,,,,10,3,1,1,0,2,1,1,0,,,,0,,,,,,,,,,,,,13,0,1,7,1,1,1,1,1,1,,,0,0,,1,1,1,1,2.33
Public Static Method,"org.apache.commons.math3.util.MathArrays.checkOrder",,,,,,,,,,,,,,13,4,1,1,0,2,1,1,0,,,,0,,,,,,,,,,,,,5,0,2,9,1,1,1,1,1,1,,,0,0,,1,1,1,1,2.25
Public Static Method,"org.apache.commons.math3.util.MathArrays.checkOrder",,,,,,,,,,,,,,62,44,30,3,1,27,12,12,28,,,,27,,,,,,,,,,,,,10,4,5,14,30,16,4,23,11,12,,,28,4,,12,12,12,11,0.32
Public Static Method,"org.apache.commons.math3.util.MathArrays.copyOf",,,,,,,,,,,,,,9,3,1,2,0,2,1,1,0,,,,0,,,,,,,,,,,,,11,0,1,6,1,1,1,1,1,1,,,0,0,,1,1,1,1,2.00
Public Static Method,"org.apache.commons.math3.util.MathArrays.copyOf",,,,,,,,,,,,,,14,5,3,3,0,4,1,1,0,,,,0,,,,,,,,,,,,,8,0,2,9,1,3,2,2,1,1,,,0,0,,1,1,1,1,1.80
Public Static Method,"org.apache.commons.math3.util.MathArrays.copyOf",,,,,,,,,,,,,,9,3,1,2,0,2,1,1,0,,,,0,,,,,,,,,,,,,6,0,1,6,1,1,1,1,1,1,,,0,0,,1,1,1,1,2.00
Public Static Method,"org.apache.commons.math3.util.MathArrays.copyOf",,,,,,,,,,,,,,14,5,3,3,0,4,1,1,0,,,,0,,,,,,,,,,,,,8,0,2,9,1,3,2,2,1,1,,,0,0,,1,1,1,1,1.80
Public Static Method,"org.apache.commons.math3.util.MathArrays.distance",,,,,,,,,,,,,,15,8,5,2,0,8,2,2,0,,,,0,,,,,,,,,,,,,4,0,3,7,2,6,4,4,2,1,,,0,1,,2,2,1,2,0.88
Public Static Method,"org.apache.commons.math3.util.MathArrays.distance",,,,,,,,,,,,,,15,8,5,2,0,8,2,2,0,,,,0,,,,,,,,,,,,,5,0,3,7,2,6,4,4,2,1,,,0,1,,2,2,1,2,0.88
Public Static Method,"org.apache.commons.math3.util.MathArrays.distance1",,,,,,,,,,,,,,14,7,4,2,0,7,2,2,0,,,,0,,,,,,,,,,,,,4,0,2,7,2,5,3,4,2,1,,,0,1,,2,2,1,2,1.00
Public Static Method,"org.apache.commons.math3.util.MathArrays.distance1",,,,,,,,,,,,,,14,7,4,2,0,7,2,2,0,,,,0,,,,,,,,,,,,,4,0,2,7,2,5,3,4,2,1,,,0,1,,2,2,1,2,1.00
Public Static Method,"org.apache.commons.math3.util.MathArrays.distanceInf",,,,,,,,,,,,,,14,7,4,3,0,7,2,2,0,,,,0,,,,,,,,,,,,,4,0,2,7,2,5,3,4,2,1,,,0,1,,2,2,1,2,1.00
Public Static Method,"org.apache.commons.math3.util.MathArrays.distanceInf",,,,,,,,,,,,,,14,7,4,3,0,7,2,2,0,,,,0,,,,,,,,,,,,,4,0,2,7,2,5,3,4,2,1,,,0,1,,2,2,1,2,1.00
Public Static Method,"org.apache.commons.math3.util.MathArrays.equals",,,,,,,,,,,,,,24,14,8,2,1,11,5,6,5,,,,5,,,,,,,,,,,,,4,0,1,10,5,6,2,9,5,5,,,5,2,,5,6,5,5,0.71
Public Static Method,"org.apache.commons.math3.util.MathArrays.equals",,,,,,,,,,,,,,24,14,8,2,1,11,5,6,5,,,,5,,,,,,,,,,,,,3,0,1,10,5,6,2,9,5,5,,,5,2,,5,6,5,5,0.71
Public Static Method,"org.apache.commons.math3.util.MathArrays.equalsIncludingNaN",,,,,,,,,,,,,,25,14,8,2,1,11,5,6,5,,,,5,,,,,,,,,,,,,5,0,1,11,5,6,2,9,5,5,,,5,2,,5,6,5,5,0.79
Public Static Method,"org.apache.commons.math3.util.MathArrays.equalsIncludingNaN",,,,,,,,,,,,,,25,14,8,2,1,11,5,6,5,,,,5,,,,,,,,,,,,,3,0,1,11,5,6,2,9,5,5,,,5,2,,5,6,5,5,0.79
Public Static Method,"org.apache.commons.math3.util.MathArrays.isMonotonic",,,,,,,,,,,,,,13,5,1,2,0,2,1,1,0,,,,0,,,,,,,,,,,,,4,0,3,8,1,1,1,1,1,1,,,0,0,,1,1,1,1,1.60
Public Static Generic Method,"org.apache.commons.math3.util.MathArrays.isMonotonic",,,,,,,,,,,,,,50,39,26,3,1,25,10,10,29,,,,29,,,,,,,,,,,,,7,1,6,10,10,16,5,20,9,10,,,29,4,,10,10,10,9,0.26
TypeVariable,"org.apache.commons.math3.util.MathArrays.isMonotonic.T",0,0,0,0,0,,0,,0,0,0,0,0,0,0,0,,,0,,,,0,0,2,,0,0,0,0,1,0,0,,,0,0,0,,0,0,0,,0,0,0,,,0,0,,0,0,0,0,0,0,0.00
Public Static Method,"org.apache.commons.math3.util.MathArrays.linearCombination",,,,,,,,,,,,,,96,39,34,2,0,35,2,2,0,,,,0,,,,,,,,,,,,,12,12,34,45,2,33,32,3,2,1,,,0,1,,2,2,1,2,1.15
Public Static Method,"org.apache.commons.math3.util.MathArrays.linearCombination",,,,,,,,,,,,,,72,45,38,3,1,42,6,6,0,,,,0,,,,,,,,,,,,,7,9,22,18,24,36,24,18,6,1,,,0,2,,6,6,1,6,0.40
Public Static Method,"org.apache.commons.math3.util.MathArrays.linearCombination",,,,,,,,,,,,,,76,27,23,2,0,24,2,2,0,,,,0,,,,,,,,,,,,,8,9,22,40,2,22,21,3,2,1,,,0,1,,2,2,1,2,1.48
Public Static Method,"org.apache.commons.math3.util.MathArrays.linearCombination",,,,,,,,,,,,,,118,51,45,2,0,46,2,2,0,,,,0,,,,,,,,,,,,,11,15,46,52,2,44,43,3,2,1,,,0,1,,2,2,1,2,1.02
Public Static Method,"org.apache.commons.math3.util.MathArrays.normalizeArray",,,,,,,,,,,,,,52,30,20,5,2,24,9,9,1,,,,0,,,,,,,,,,,,,10,0,4,22,120,15,6,18,9,1,,,0,2,,9,9,1,9,0.73
Public Static Method,"org.apache.commons.math3.util.MathArrays.safeNorm",,,,,,,,,,,,,,114,54,42,3,1,39,10,11,7,,,,0,,,,,,,,,,,,,2,0,16,60,28,29,17,22,10,1,,,0,5,,10,11,1,10,1.11
Public Static Method,"org.apache.commons.math3.util.MathArrays.sortInPlace",,,,,,,,,,,,,,20,4,1,1,0,2,1,1,0,,,,0,,,,,,,,,,,,,6,0,2,16,1,1,1,1,1,1,,,0,0,,1,1,1,1,4.00
Public Static Method,"org.apache.commons.math3.util.MathArrays.sortInPlace",,,,,,,,,,,,,,75,52,35,10,2,41,8,8,0,,,,0,,,,,,,,,,,,,3,5,15,18,36,31,15,26,8,1,,,0,2,,8,8,1,8,0.35
Anonymous Class,"org.apache.commons.math3.util.MathArrays.sortInPlace.(Anon_1)",2,1,0,1,4,,0,,1,1,0,0,1,17,16,13,,,9,,,,2,1,2,,3,3,16,15,1,0,0,,,0,1,0,,0,2,1,,7,2,7,,,3,3,,1,0,3,3,1,2,0.06
Public Method,"org.apache.commons.math3.util.MathArrays.sortInPlace.(Anon_1).compare",,,,,,,,,,,,,,16,15,12,4,0,9,3,3,3,,,,0,,,,,,,,,,,,,5,0,1,1,3,7,2,7,2,1,,,0,1,,3,3,1,2,0.07
Public Class,"org.apache.commons.math3.util.MathArraysTest",1,1,1,0,12,,0,,24,24,0,0,24,624,547,452,,,263,,,,6,1,1,,1,1,23,21,1,0,0,,,0,24,0,,56,144,21,,217,95,168,,,6,6,,1,0,45,45,24,45,0.04
Public Method,"org.apache.commons.math3.util.MathArraysTest.testArrayEquals",,,,,,,,,,,,,,19,17,15,4,0,10,1,1,0,,,,0,,,,,,,,,,,,,3,2,1,0,1,9,1,9,1,1,,,0,0,,1,1,1,1,0.00
Public Method,"org.apache.commons.math3.util.MathArraysTest.testArrayEqualsIncludingNaN",,,,,,,,,,,,,,16,15,13,4,0,9,1,1,0,,,,0,,,,,,,,,,,,,3,1,1,0,1,8,1,8,1,1,,,0,0,,1,1,1,1,0.00
Public Method,"org.apache.commons.math3.util.MathArraysTest.testCheckOrder",,,,,,,,,,,,,,46,40,33,2,2,20,6,6,5,,,,0,,,,,,,,,,,,,2,1,1,5,32,14,1,19,6,1,,,0,1,,6,6,1,6,0.12
Public Method,"org.apache.commons.math3.util.MathArraysTest.testCopyOfDouble",,,,,,,,,,,,,,16,15,12,3,0,8,2,2,0,,,,0,,,,,,,,,,,,,5,1,10,0,2,6,4,4,2,1,,,0,1,,2,2,1,2,0.00
Public Method,"org.apache.commons.math3.util.MathArraysTest.testCopyOfDouble2",,,,,,,,,,,,,,17,16,13,3,0,9,2,2,0,,,,0,,,,,,,,,,,,,5,1,11,0,2,7,5,4,2,1,,,0,1,,2,2,1,2,0.00
Public Method,"org.apache.commons.math3.util.MathArraysTest.testCopyOfDouble3",,,,,,,,,,,,,,20,19,15,3,1,13,3,3,0,,,,0,,,,,,,,,,,,,5,1,11,0,4,10,6,7,3,1,,,0,1,,3,3,1,3,0.00
Public Method,"org.apache.commons.math3.util.MathArraysTest.testCopyOfInt",,,,,,,,,,,,,,11,10,7,2,0,8,2,2,0,,,,0,,,,,,,,,,,,,1,1,5,0,2,6,4,4,2,1,,,0,1,,2,2,1,2,0.00
Public Method,"org.apache.commons.math3.util.MathArraysTest.testCopyOfInt2",,,,,,,,,,,,,,12,11,8,2,0,9,2,2,0,,,,0,,,,,,,,,,,,,1,1,6,0,2,7,5,4,2,1,,,0,1,,2,2,1,2,0.00
Public Method,"org.apache.commons.math3.util.MathArraysTest.testCopyOfInt3",,,,,,,,,,,,,,15,14,10,2,1,13,3,3,0,,,,0,,,,,,,,,,,,,1,1,6,0,4,10,6,7,3,1,,,0,1,,3,3,1,3,0.00
Public Method,"org.apache.commons.math3.util.MathArraysTest.testIsMonotonic",,,,,,,,,,,,,,18,18,16,3,0,9,1,1,0,,,,0,,,,,,,,,,,,,2,0,1,0,1,8,1,8,1,1,,,0,0,,1,1,1,1,0.00
Public Method,"org.apache.commons.math3.util.MathArraysTest.testIsMonotonicComparable",,,,,,,,,,,,,,54,54,52,3,0,9,1,1,0,,,,0,,,,,,,,,,,,,2,0,1,0,1,8,1,8,1,1,,,0,0,,1,1,1,1,0.00
Public Method,"org.apache.commons.math3.util.MathArraysTest.testL1DistanceDouble",,,,,,,,,,,,,,5,5,3,3,0,4,1,1,0,,,,0,,,,,,,,,,,,,0,0,3,0,1,3,3,1,1,1,,,0,0,,1,1,1,1,0.00
Public Method,"org.apache.commons.math3.util.MathArraysTest.testL1DistanceInt",,,,,,,,,,,,,,5,5,3,2,0,4,1,1,0,,,,0,,,,,,,,,,,,,0,0,3,0,1,3,3,1,1,1,,,0,0,,1,1,1,1,0.00
Public Method,"org.apache.commons.math3.util.MathArraysTest.testL2DistanceDouble",,,,,,,,,,,,,,5,5,3,3,0,4,1,1,0,,,,0,,,,,,,,,,,,,0,0,3,0,1,3,3,1,1,1,,,0,0,,1,1,1,1,0.00
Public Method,"org.apache.commons.math3.util.MathArraysTest.testL2DistanceInt",,,,,,,,,,,,,,5,5,3,3,0,4,1,1,0,,,,0,,,,,,,,,,,,,0,0,3,0,1,3,3,1,1,1,,,0,0,,1,1,1,1,0.00
Public Method,"org.apache.commons.math3.util.MathArraysTest.testLInfDistanceDouble",,,,,,,,,,,,,,5,5,3,3,0,4,1,1,0,,,,0,,,,,,,,,,,,,0,0,3,0,1,3,3,1,1,1,,,0,0,,1,1,1,1,0.00
Public Method,"org.apache.commons.math3.util.MathArraysTest.testLInfDistanceInt",,,,,,,,,,,,,,5,5,3,2,0,4,1,1,0,,,,0,,,,,,,,,,,,,0,0,3,0,1,3,3,1,1,1,,,0,0,,1,1,1,1,0.00
Public Method,"org.apache.commons.math3.util.MathArraysTest.testLinearCombination1",,,,,,,,,,,,,,19,17,13,3,0,6,1,1,0,,,,0,,,,,,,,,,,,,0,2,8,0,1,5,5,1,1,1,,,0,0,,1,1,1,1,0.00
Public Method,"org.apache.commons.math3.util.MathArraysTest.testLinearCombination2",,,,,,,,,,,,,,20,17,14,5,0,14,2,2,0,,,,0,,,,,,,,,,,,,0,1,12,2,2,12,11,3,2,1,,,0,1,,2,2,1,2,0.12
Public Method,"org.apache.commons.math3.util.MathArraysTest.testLinearCombinationInfinite",,,,,,,,,,,,,,150,142,138,7,0,35,1,1,0,,,,0,,,,,,,,,,,,,3,8,5,0,1,34,3,32,1,1,,,0,0,,1,1,1,1,0.00
Public Method,"org.apache.commons.math3.util.MathArraysTest.testNormalizeArray",,,,,,,,,,,,,,43,32,30,3,1,21,5,5,4,,,,0,,,,,,,,,,,,,4,6,6,5,16,16,6,15,5,1,,,0,1,,5,5,1,5,0.16
Public Method,"org.apache.commons.math3.util.MathArraysTest.testSortInPlace",,,,,,,,,,,,,,27,21,19,3,0,20,1,1,0,,,,0,,,,,,,,,,,,,0,6,4,0,1,19,4,16,1,1,,,0,0,,1,1,1,1,0.00
Public Method,"org.apache.commons.math3.util.MathArraysTest.testSortInPlaceExample",,,,,,,,,,,,,,13,12,10,3,0,11,1,1,0,,,,0,,,,,,,,,,,,,0,0,7,1,1,10,7,4,1,1,,,0,0,,1,1,1,1,0.08
Public Method,"org.apache.commons.math3.util.MathArraysTest.testSortInPlaceFailures",,,,,,,,,,,,,,24,21,16,3,1,14,4,4,3,,,,0,,,,,,,,,,,,,0,0,5,3,8,10,5,9,4,1,,,0,1,,4,4,1,4,0.14
Public Class,"org.apache.commons.math3.util.MathUtils",2,1,0,9,6,,1,,1,13,0,1,12,234,89,48,,,52,,,,3,3,1,,2,3,15,6,1,0,12,,,0,13,0,,13,22,140,,25,18,34,,,3,7,,2,92,26,44,21,26,1.57
Private Constructor,"org.apache.commons.math3.util.MathUtils.MathUtils",,,,,,,,,,,,,,4,1,0,1,0,1,1,1,0,,,,0,,,,,,,,,,,,,0,0,1,3,1,0,1,0,1,1,,,0,0,,1,1,1,1,3.00
Public Static Method,"org.apache.commons.math3.util.MathUtils.checkFinite",,,,,,,,,,,,,,12,5,2,3,0,3,2,3,0,,,,0,,,,,,,,,,,,,2,0,1,7,2,1,1,2,2,1,,,0,1,,2,3,1,2,1.40
Public Static Method,"org.apache.commons.math3.util.MathUtils.checkFinite",,,,,,,,,,,,,,15,8,4,2,0,7,3,4,0,,,,0,,,,,,,,,,,,,4,0,2,7,3,4,3,4,3,1,,,0,2,,3,4,1,3,0.88
Public Static Method,"org.apache.commons.math3.util.MathUtils.checkNotNull",,,,,,,,,,,,,,12,6,2,1,0,3,2,2,0,,,,0,,,,,,,,,,,,,66,0,2,6,2,1,1,2,2,1,,,0,1,,2,2,1,2,1.00
Public Static Method,"org.apache.commons.math3.util.MathUtils.checkNotNull",,,,,,,,,,,,,,15,7,2,1,0,3,2,2,0,,,,0,,,,,,,,,,,,,5,0,3,8,2,1,1,2,2,1,,,0,1,,2,2,1,2,1.14
Public Static Method,"org.apache.commons.math3.util.MathUtils.copySign",,,,,,,,,,,,,,21,11,8,2,0,6,3,7,3,,,,2,,,,,,,,,,,,,6,0,1,12,3,3,1,5,3,3,,,2,1,,3,7,3,3,1.09
Public Static Method,"org.apache.commons.math3.util.MathUtils.copySign",,,,,,,,,,,,,,21,11,8,2,0,6,3,7,3,,,,2,,,,,,,,,,,,,6,0,1,12,3,3,1,5,3,3,,,2,1,,3,7,3,3,1.09
Public Static Method,"org.apache.commons.math3.util.MathUtils.copySign",,,,,,,,,,,,,,21,11,8,2,0,6,3,7,3,,,,2,,,,,,,,,,,,,5,0,1,12,3,3,1,5,3,3,,,2,1,,3,7,3,3,1.09
Public Static Method,"org.apache.commons.math3.util.MathUtils.copySign",,,,,,,,,,,,,,21,11,8,2,0,6,3,7,3,,,,2,,,,,,,,,,,,,5,0,1,12,3,3,1,5,3,3,,,2,1,,3,7,3,3,1.09
Public Static Method,"org.apache.commons.math3.util.MathUtils.hash",,,,,,,,,,,,,,9,3,1,2,0,2,1,1,0,,,,0,,,,,,,,,,,,,11,0,1,6,1,1,1,1,1,1,,,0,0,,1,1,1,1,2.00
Public Static Method,"org.apache.commons.math3.util.MathUtils.hash",,,,,,,,,,,,,,10,3,1,2,0,2,1,1,0,,,,0,,,,,,,,,,,,,5,0,1,7,1,1,1,1,1,1,,,0,0,,1,1,1,1,2.33
Public Static Method,"org.apache.commons.math3.util.MathUtils.normalizeAngle",,,,,,,,,,,,,,22,3,1,2,0,2,1,1,0,,,,0,,,,,,,,,,,,,15,0,1,19,1,1,1,1,1,1,,,0,0,,1,1,1,1,6.33
Public Static Method,"org.apache.commons.math3.util.MathUtils.reduce",,,,,,,,,,,,,,22,6,2,3,0,3,1,1,0,,,,0,,,,,,,,,,,,,7,0,4,16,1,2,2,1,1,1,,,0,0,,1,1,1,1,2.67
Public Class,"org.apache.commons.math3.util.MathUtilsTest",2,1,0,0,7,,0,,19,19,0,0,19,311,259,181,,,171,,,,7,1,1,,2,2,14,12,1,0,0,,,0,19,0,,33,77,19,,133,57,114,,,7,7,,3,0,38,38,19,38,0.07
Public Method,"org.apache.commons.math3.util.MathUtilsTest.testArrayHash",,,,,,,,,,,,,,15,15,13,4,0,5,1,1,0,,,,0,,,,,,,,,,,,,0,0,1,0,1,4,1,4,1,1,,,0,0,,1,1,1,1,0.00
Public Method,"org.apache.commons.math3.util.MathUtilsTest.testCheckFinite",,,,,,,,,,,,,,39,32,24,3,2,19,7,7,6,,,,0,,,,,,,,,,,,,0,1,1,6,64,12,1,18,7,1,,,0,1,,7,7,1,7,0.19
Public Method,"org.apache.commons.math3.util.MathUtilsTest.testCheckNotNull1",,,,,,,,,,,,,,8,7,4,1,0,4,2,2,1,,,,0,,,,,,,,,,,,,0,0,2,1,2,2,2,2,2,1,,,0,1,,2,2,1,2,0.14
Public Method,"org.apache.commons.math3.util.MathUtilsTest.testCheckNotNull2",,,,,,,,,,,,,,8,7,4,1,0,4,2,2,1,,,,0,,,,,,,,,,,,,1,0,2,1,2,2,2,2,2,1,,,0,1,,2,2,1,2,0.14
Public Method,"org.apache.commons.math3.util.MathUtilsTest.testCopySignByte",,,,,,,,,,,,,,29,23,21,3,0,22,1,1,0,,,,0,,,,,,,,,,,,,0,6,6,0,1,21,6,16,1,1,,,0,0,,1,1,1,1,0.00
Public Method,"org.apache.commons.math3.util.MathUtilsTest.testCopySignByte2",,,,,,,,,,,,,,3,3,1,1,0,2,1,1,0,,,,0,,,,,,,,,,,,,0,0,1,0,1,1,1,1,1,1,,,0,0,,1,1,1,1,0.00
Public Method,"org.apache.commons.math3.util.MathUtilsTest.testHash",,,,,,,,,,,,,,23,23,17,3,1,13,4,4,1,,,,0,,,,,,,,,,,,,1,0,11,0,4,9,4,9,4,1,,,0,3,,4,4,1,4,0.00
Public Method,"org.apache.commons.math3.util.MathUtilsTest.testIndicatorByte",,,,,,,,,,,,,,5,5,3,2,0,4,1,1,0,,,,0,,,,,,,,,,,,,0,0,1,0,1,3,1,3,1,1,,,0,0,,1,1,1,1,0.00
Public Method,"org.apache.commons.math3.util.MathUtilsTest.testIndicatorInt",,,,,,,,,,,,,,5,5,3,2,0,4,1,1,0,,,,0,,,,,,,,,,,,,0,0,1,0,1,3,1,3,1,1,,,0,0,,1,1,1,1,0.00
Public Method,"org.apache.commons.math3.util.MathUtilsTest.testIndicatorLong",,,,,,,,,,,,,,5,5,3,2,0,4,1,1,0,,,,0,,,,,,,,,,,,,0,0,1,0,1,3,1,3,1,1,,,0,0,,1,1,1,1,0.00
Public Method,"org.apache.commons.math3.util.MathUtilsTest.testIndicatorShort",,,,,,,,,,,,,,5,5,3,2,0,4,1,1,0,,,,0,,,,,,,,,,,,,0,0,1,0,1,3,1,3,1,1,,,0,0,,1,1,1,1,0.00
Public Method,"org.apache.commons.math3.util.MathUtilsTest.testNormalizeAngle",,,,,,,,,,,,,,11,11,7,4,0,12,3,3,0,,,,0,,,,,,,,,,,,,1,0,3,0,3,9,5,7,3,1,,,0,2,,3,3,1,3,0.00
Public Method,"org.apache.commons.math3.util.MathUtilsTest.testPermutedArrayHash",,,,,,,,,,,,,,28,19,14,5,1,18,5,5,0,,,,0,,,,,,,,,,,,,0,3,6,6,6,14,8,10,5,1,,,0,3,,5,5,1,5,0.32
Public Method,"org.apache.commons.math3.util.MathUtilsTest.testReduce",,,,,,,,,,,,,,51,46,44,5,0,26,1,1,0,,,,0,,,,,,,,,,,,,0,5,6,0,1,25,6,20,1,1,,,0,0,,1,1,1,1,0.00
Public Method,"org.apache.commons.math3.util.MathUtilsTest.testReduceComparedWithNormalizeAngle",,,,,,,,,,,,,,12,12,8,4,0,13,3,3,0,,,,0,,,,,,,,,,,,,0,0,6,0,3,10,8,5,3,1,,,0,2,,3,3,1,3,0.00
Public Method,"org.apache.commons.math3.util.MathUtilsTest.testSignByte",,,,,,,,,,,,,,5,5,3,2,0,4,1,1,0,,,,0,,,,,,,,,,,,,0,0,2,0,1,3,2,2,1,1,,,0,0,,1,1,1,1,0.00
Public Method,"org.apache.commons.math3.util.MathUtilsTest.testSignInt",,,,,,,,,,,,,,5,5,3,2,0,4,1,1,0,,,,0,,,,,,,,,,,,,0,0,2,0,1,3,2,2,1,1,,,0,0,,1,1,1,1,0.00
Public Method,"org.apache.commons.math3.util.MathUtilsTest.testSignLong",,,,,,,,,,,,,,5,5,3,2,0,4,1,1,0,,,,0,,,,,,,,,,,,,0,0,2,0,1,3,2,2,1,1,,,0,0,,1,1,1,1,0.00
Public Method,"org.apache.commons.math3.util.MathUtilsTest.testSignShort",,,,,,,,,,,,,,5,5,3,2,0,4,1,1,0,,,,0,,,,,,,,,,,,,0,0,2,0,1,3,2,2,1,1,,,0,0,,1,1,1,1,0.00
Public Class,"org.apache.commons.math3.util.MultidimensionalCounter",2,1,1,6,5,,0,,8,8,0,0,8,273,121,67,,,100,,,,4,1,1,,2,2,16,9,2,0,0,,,5,8,0,,23,34,129,,69,40,60,,,4,5,,2,57,18,20,8,18,1.07
Public Class,"org.apache.commons.math3.util.MultidimensionalCounter.Iterator",1,1,0,5,2,,0,,7,7,1,0,6,89,38,18,,,29,,,,3,3,1,,1,1,10,4,2,0,0,,,2,7,0,,7,10,44,,17,12,17,,,3,3,,2,50,11,11,11,11,1.16
Constructor,"org.apache.commons.math3.util.MultidimensionalCounter.Iterator.Iterator",,,,,,,,,,,,,,7,3,1,2,0,2,1,1,0,,,,0,,,,,,,,,,,,,2,0,1,4,1,1,1,1,1,1,,,0,0,,1,1,1,1,1.33
Public Method,"org.apache.commons.math3.util.MultidimensionalCounter.Iterator.getCount",,,,,,,,,,,,,,14,3,1,1,0,2,1,1,0,,,,0,,,,,,,,,,,,,4,0,1,11,1,1,1,1,1,1,,,0,0,,1,1,1,1,3.67
Public Method,"org.apache.commons.math3.util.MultidimensionalCounter.Iterator.getCount",,,,,,,,,,,,,,8,3,1,1,0,2,1,1,0,,,,0,,,,,,,,,,,,,1,0,1,5,1,1,1,1,1,1,,,0,0,,1,1,1,1,1.67
Public Method,"org.apache.commons.math3.util.MultidimensionalCounter.Iterator.getCounts",,,,,,,,,,,,,,8,3,1,2,0,2,1,1,0,,,,0,,,,,,,,,,,,,1,0,1,5,1,1,1,1,1,1,,,0,0,,1,1,1,1,1.67
Public Method,"org.apache.commons.math3.util.MultidimensionalCounter.Iterator.hasNext",,,,,,,,,,,,,,11,8,4,1,0,7,3,3,3,,,,3,,,,,,,,,,,,,4,0,1,3,3,4,2,5,3,3,,,3,2,,3,3,3,3,0.38
Public Method,"org.apache.commons.math3.util.MultidimensionalCounter.Iterator.next",,,,,,,,,,,,,,16,11,7,3,0,9,3,3,3,,,,1,,,,,,,,,,,,,5,1,1,4,3,6,2,7,3,3,,,2,2,,3,3,3,3,0.36
Public Method,"org.apache.commons.math3.util.MultidimensionalCounter.Iterator.remove",,,,,,,,,,,,,,6,3,1,0,0,2,1,1,0,,,,0,,,,,,,,,,,,,0,0,1,3,1,1,1,1,1,1,,,0,0,,1,1,1,1,1.00
Public Constructor,"org.apache.commons.math3.util.MultidimensionalCounter.MultidimensionalCounter",,,,,,,,,,,,,,31,20,15,8,1,20,4,4,0,,,,0,,,,,,,,,,,,,9,4,3,7,6,16,5,15,4,1,,,0,2,,4,4,1,4,0.35
Public Method,"org.apache.commons.math3.util.MultidimensionalCounter.getCount",,,,,,,,,,,,,,26,15,10,3,1,12,4,5,0,,,,0,,,,,,,,,,,,,10,0,3,11,6,8,4,8,4,1,,,0,2,,4,5,1,4,0.73
Public Method,"org.apache.commons.math3.util.MultidimensionalCounter.getCounts",,,,,,,,,,,,,,33,21,16,2,1,18,4,5,0,,,,0,,,,,,,,,,,,,7,4,5,8,6,14,6,12,4,1,,,0,2,,4,5,1,4,0.38
Public Method,"org.apache.commons.math3.util.MultidimensionalCounter.getDimension",,,,,,,,,,,,,,8,3,1,1,0,2,1,1,0,,,,0,,,,,,,,,,,,,3,0,1,5,1,1,1,1,1,1,,,0,0,,1,1,1,1,1.67
Public Method,"org.apache.commons.math3.util.MultidimensionalCounter.getSize",,,,,,,,,,,,,,8,3,1,1,0,2,1,1,0,,,,0,,,,,,,,,,,,,2,0,1,5,1,1,1,1,1,1,,,0,0,,1,1,1,1,1.67
Public Method,"org.apache.commons.math3.util.MultidimensionalCounter.getSizes",,,,,,,,,,,,,,8,3,1,2,0,2,1,1,0,,,,0,,,,,,,,,,,,,2,0,1,5,1,1,1,1,1,1,,,0,0,,1,1,1,1,1.67
Public Method,"org.apache.commons.math3.util.MultidimensionalCounter.iterator",,,,,,,,,,,,,,8,3,1,2,0,2,1,1,0,,,,0,,,,,,,,,,,,,2,0,1,5,1,1,1,1,1,1,,,0,0,,1,1,1,1,1.67
Public Method,"org.apache.commons.math3.util.MultidimensionalCounter.toString",,,,,,,,,,,,,,10,7,4,4,0,7,2,2,0,,,,0,,,,,,,,,,,,,1,0,2,3,2,5,3,4,2,1,,,0,1,,2,2,1,2,0.43
Public Class,"org.apache.commons.math3.util.MultidimensionalCounterTest",4,1,1,2,5,,0,,5,5,0,0,5,156,131,96,,,74,,,,9,1,1,,4,4,28,24,1,0,0,,,0,5,0,,12,26,13,,52,24,50,,,9,9,,2,0,21,21,5,21,0.10
Public Method,"org.apache.commons.math3.util.MultidimensionalCounterTest.testAccessors",,,,,,,,,,,,,,11,10,7,4,0,10,2,2,0,,,,0,,,,,,,,,,,,,1,1,5,0,2,8,6,4,2,1,,,0,1,,2,2,1,2,0.00
Public Method,"org.apache.commons.math3.util.MultidimensionalCounterTest.testIterationConsistency",,,,,,,,,,,,,,58,53,45,11,1,25,6,6,0,,,,0,,,,,,,,,,,,,0,5,9,0,18,19,11,14,6,1,,,0,2,,6,6,1,6,0.00
Public Method,"org.apache.commons.math3.util.MultidimensionalCounterTest.testIteratorPreconditions",,,,,,,,,,,,,,15,13,9,4,1,8,3,3,2,,,,0,,,,,,,,,,,,,0,0,2,2,4,5,2,6,3,1,,,0,1,,3,3,1,3,0.15
Public Method,"org.apache.commons.math3.util.MultidimensionalCounterTest.testMulti2UniConversion",,,,,,,,,,,,,,4,4,2,3,0,3,1,1,0,,,,0,,,,,,,,,,,,,0,0,2,0,1,2,2,1,1,1,,,0,0,,1,1,1,1,0.00
Public Method,"org.apache.commons.math3.util.MultidimensionalCounterTest.testPreconditions",,,,,,,,,,,,,,54,44,33,4,2,27,9,9,8,,,,0,,,,,,,,,,,,,0,2,2,8,256,18,2,25,9,1,,,0,1,,9,9,1,9,0.18
Public Interface,"org.apache.commons.math3.util.NumberTransformer",0,0,0,0,1,,0,,1,1,1,0,0,12,3,0,,,2,,,,0,0,0,,0,0,0,0,0,4,0,,,0,1,0,,1,2,8,,1,2,0,,,0,0,,0,0,0,0,0,0,2.67
Abstract Method,"org.apache.commons.math3.util.NumberTransformer.transform",,,,,,,,,,,,,,9,1,0,1,0,1,0,0,0,,,,0,,,,,,,,,,,,,2,0,1,8,0,1,1,0,0,0,,,0,0,,0,0,0,0,8.00
Public Class,"org.apache.commons.math3.util.OpenIntToDoubleHashMap",2,2,1,5,2,,8,,17,24,0,13,11,572,296,183,,,230,,,,11,11,1,,2,2,15,9,2,0,7,,,7,24,0,,88,89,188,,161,87,143,,,11,14,,3,82,53,58,48,53,0.64
Public Class,"org.apache.commons.math3.util.OpenIntToDoubleHashMap.Iterator",2,1,1,6,1,,0,,5,5,0,1,4,102,52,25,,,32,,,,5,1,1,,2,2,16,9,1,0,0,,,3,5,0,,16,12,34,,17,9,23,,,5,5,,2,33,14,14,5,14,0.65
Private Constructor,"org.apache.commons.math3.util.OpenIntToDoubleHashMap.Iterator.Iterator",,,,,,,,,,,,,,17,8,5,4,0,5,2,2,1,,,,0,,,,,,,,,,,,,2,3,1,6,2,3,1,4,2,1,,,0,1,,2,2,1,2,0.75
Public Method,"org.apache.commons.math3.util.OpenIntToDoubleHashMap.Iterator.advance",,,,,,,,,,,,,,28,16,9,2,1,9,5,5,1,,,,0,,,,,,,,,,,,,13,4,2,8,8,4,1,8,5,1,,,0,2,,5,5,1,5,0.50
Public Method,"org.apache.commons.math3.util.OpenIntToDoubleHashMap.Iterator.hasNext",,,,,,,,,,,,,,7,3,1,1,0,2,1,1,0,,,,0,,,,,,,,,,,,,6,0,1,4,1,1,1,1,1,1,,,0,0,,1,1,1,1,1.33
Public Method,"org.apache.commons.math3.util.OpenIntToDoubleHashMap.Iterator.key",,,,,,,,,,,,,,16,10,5,1,1,6,3,3,0,,,,0,,,,,,,,,,,,,11,0,2,6,4,3,1,5,3,1,,,0,1,,3,3,1,3,0.60
Public Method,"org.apache.commons.math3.util.OpenIntToDoubleHashMap.Iterator.value",,,,,,,,,,,,,,16,10,5,1,1,6,3,3,0,,,,0,,,,,,,,,,,,,10,0,2,6,4,3,1,5,3,1,,,0,1,,3,3,1,3,0.60
Public Constructor,"org.apache.commons.math3.util.OpenIntToDoubleHashMap.OpenIntToDoubleHashMap",,,,,,,,,,,,,,7,3,1,2,0,2,1,1,0,,,,0,,,,,,,,,,,,,7,0,1,4,1,1,1,1,1,1,,,0,0,,1,1,1,1,1.33
Public Constructor,"org.apache.commons.math3.util.OpenIntToDoubleHashMap.OpenIntToDoubleHashMap",,,,,,,,,,,,,,17,13,11,9,0,12,1,1,0,,,,0,,,,,,,,,,,,,13,0,2,4,1,11,2,10,1,1,,,0,0,,1,1,1,1,0.31
Public Constructor,"org.apache.commons.math3.util.OpenIntToDoubleHashMap.OpenIntToDoubleHashMap",,,,,,,,,,,,,,14,9,6,7,0,7,1,1,0,,,,0,,,,,,,,,,,,,6,0,3,5,1,6,2,5,1,1,,,0,0,,1,1,1,1,0.56
Public Constructor,"org.apache.commons.math3.util.OpenIntToDoubleHashMap.OpenIntToDoubleHashMap",,,,,,,,,,,,,,6,3,1,2,0,2,1,1,0,,,,0,,,,,,,,,,,,,7,0,1,3,1,1,1,1,1,1,,,0,0,,1,1,1,1,1.00
Public Constructor,"org.apache.commons.math3.util.OpenIntToDoubleHashMap.OpenIntToDoubleHashMap",,,,,,,,,,,,,,7,3,1,2,0,2,1,1,0,,,,0,,,,,,,,,,,,,3,0,1,4,1,1,1,1,1,1,,,0,0,,1,1,1,1,1.33
Private Static Method,"org.apache.commons.math3.util.OpenIntToDoubleHashMap.changeIndexSign",,,,,,,,,,,,,,8,3,1,1,0,2,1,1,0,,,,0,,,,,,,,,,,,,3,0,1,5,1,1,1,1,1,1,,,0,0,,1,1,1,1,1.67
Private Static Method,"org.apache.commons.math3.util.OpenIntToDoubleHashMap.computeCapacity",,,,,,,,,,,,,,16,11,7,4,0,8,3,3,2,,,,2,,,,,,,,,,,,,3,0,3,5,3,5,3,5,3,3,,,2,1,,3,3,3,3,0.45
Public Method,"org.apache.commons.math3.util.OpenIntToDoubleHashMap.containsKey",,,,,,,,,,,,,,29,19,13,5,1,16,5,5,5,,,,5,,,,,,,,,,,,,14,5,4,5,5,11,5,11,5,5,,,5,2,,5,5,5,5,0.26
Private Method,"org.apache.commons.math3.util.OpenIntToDoubleHashMap.containsKey",,,,,,,,,,,,,,10,3,1,1,0,2,1,3,0,,,,0,,,,,,,,,,,,,8,0,1,7,1,1,1,1,1,1,,,0,0,,1,3,1,1,2.33
Private Method,"org.apache.commons.math3.util.OpenIntToDoubleHashMap.doRemove",,,,,,,,,,,,,,14,9,7,6,0,8,1,1,0,,,,0,,,,,,,,,,,,,5,0,2,5,1,7,2,6,1,1,,,0,0,,1,1,1,1,0.56
Private Method,"org.apache.commons.math3.util.OpenIntToDoubleHashMap.findInsertionIndex",,,,,,,,,,,,,,8,3,1,2,0,2,1,1,0,,,,0,,,,,,,,,,,,,5,0,1,5,1,1,1,1,1,1,,,0,0,,1,1,1,1,1.67
Private Static Method,"org.apache.commons.math3.util.OpenIntToDoubleHashMap.findInsertionIndex",,,,,,,,,,,,,,56,38,28,5,1,29,11,14,10,,,,10,,,,,,,,,,,,,9,8,7,10,26,18,6,23,11,11,,,10,3,,11,14,11,11,0.26
Public Method,"org.apache.commons.math3.util.OpenIntToDoubleHashMap.get",,,,,,,,,,,,,,29,19,13,5,1,16,5,5,5,,,,5,,,,,,,,,,,,,27,5,4,5,5,11,5,11,5,5,,,5,2,,5,5,5,5,0.26
Private Method,"org.apache.commons.math3.util.OpenIntToDoubleHashMap.growTable",,,,,,,,,,,,,,31,24,20,5,0,23,3,3,0,,,,0,,,,,,,,,,,,,7,4,12,3,3,20,13,10,3,1,,,0,2,,3,3,1,3,0.12
Private Static Method,"org.apache.commons.math3.util.OpenIntToDoubleHashMap.hashOf",,,,,,,,,,,,,,9,4,2,1,0,3,1,1,0,,,,0,,,,,,,,,,,,,5,0,2,5,1,2,2,1,1,1,,,0,0,,1,1,1,1,1.25
Public Method,"org.apache.commons.math3.util.OpenIntToDoubleHashMap.iterator",,,,,,,,,,,,,,10,3,1,2,0,2,1,1,0,,,,0,,,,,,,,,,,,,23,0,1,7,1,1,1,1,1,1,,,0,0,,1,1,1,1,2.33
Private Static Method,"org.apache.commons.math3.util.OpenIntToDoubleHashMap.nextPowerOfTwo",,,,,,,,,,,,,,8,3,1,2,0,2,1,1,0,,,,0,,,,,,,,,,,,,2,0,1,5,1,1,1,1,1,1,,,0,0,,1,1,1,1,1.67
Private Static Method,"org.apache.commons.math3.util.OpenIntToDoubleHashMap.perturb",,,,,,,,,,,,,,8,3,1,1,0,2,1,1,0,,,,0,,,,,,,,,,,,,5,0,1,5,1,1,1,1,1,1,,,0,0,,1,1,1,1,1.67
Private Static Method,"org.apache.commons.math3.util.OpenIntToDoubleHashMap.probe",,,,,,,,,,,,,,9,3,1,1,0,2,1,1,0,,,,0,,,,,,,,,,,,,6,0,1,6,1,1,1,1,1,1,,,0,0,,1,1,1,1,2.00
Public Method,"org.apache.commons.math3.util.OpenIntToDoubleHashMap.put",,,,,,,,,,,,,,28,21,16,10,1,17,4,4,0,,,,0,,,,,,,,,,,,,22,1,4,6,6,13,4,13,4,1,,,0,2,,4,4,1,4,0.29
Private Method,"org.apache.commons.math3.util.OpenIntToDoubleHashMap.readObject",,,,,,,,,,,,,,12,5,2,2,0,3,1,1,0,,,,0,,,,,,,,,,,,,1,0,2,7,1,2,1,2,1,1,,,0,0,,1,1,1,1,1.40
Public Method,"org.apache.commons.math3.util.OpenIntToDoubleHashMap.remove",,,,,,,,,,,,,,29,19,13,6,1,16,5,5,5,,,,5,,,,,,,,,,,,,18,5,4,5,5,11,5,11,5,5,,,5,2,,5,5,5,5,0.26
Private Method,"org.apache.commons.math3.util.OpenIntToDoubleHashMap.shouldGrowTable",,,,,,,,,,,,,,7,3,1,1,0,2,1,1,0,,,,0,,,,,,,,,,,,,4,0,1,4,1,1,1,1,1,1,,,0,0,,1,1,1,1,1.33
Public Method,"org.apache.commons.math3.util.OpenIntToDoubleHashMap.size",,,,,,,,,,,,,,7,3,1,1,0,2,1,1,0,,,,0,,,,,,,,,,,,,14,0,1,4,1,1,1,1,1,1,,,0,0,,1,1,1,1,1.33
Public Class,"org.apache.commons.math3.util.OpenIntToDoubleHashMapTest",1,1,0,0,3,,0,,23,23,0,5,18,293,237,156,,,194,,,,4,3,1,,1,1,10,9,1,0,0,,,1,23,0,,35,87,21,,138,82,112,,,4,4,,2,52,43,43,25,43,0.09
Private Method,"org.apache.commons.math3.util.OpenIntToDoubleHashMapTest.assertPutAndGet",,,,,,,,,,,,,,3,3,1,1,0,2,1,1,0,,,,0,,,,,,,,,,,,,5,0,1,0,1,1,1,1,1,1,,,0,0,,1,1,1,1,0.00
Private Method,"org.apache.commons.math3.util.OpenIntToDoubleHashMapTest.assertPutAndGet",,,,,,,,,,,,,,11,11,7,10,0,9,3,3,0,,,,0,,,,,,,,,,,,,6,0,2,0,3,5,2,7,3,1,,,0,2,,3,3,1,3,0.00
Private Method,"org.apache.commons.math3.util.OpenIntToDoubleHashMapTest.createFromJavaMap",,,,,,,,,,,,,,7,7,4,6,0,6,2,2,0,,,,0,,,,,,,,,,,,,11,0,2,0,2,3,3,3,2,1,,,0,1,,2,2,1,2,0.00
Private Method,"org.apache.commons.math3.util.OpenIntToDoubleHashMapTest.generate",,,,,,,,,,,,,,7,7,5,4,0,8,2,2,0,,,,0,,,,,,,,,,,,,2,0,3,0,2,6,4,4,2,1,,,0,1,,2,2,1,2,0.00
Private Method,"org.apache.commons.math3.util.OpenIntToDoubleHashMapTest.generateAbsent",,,,,,,,,,,,,,12,9,7,6,0,8,3,3,0,,,,0,,,,,,,,,,,,,5,0,2,3,2,5,3,5,3,1,,,0,2,,3,3,1,3,0.33
Public Method,"org.apache.commons.math3.util.OpenIntToDoubleHashMapTest.setUp",,,,,,,,,,,,,,18,15,13,3,0,14,1,1,0,,,,0,,,,,,,,,,,,,3,2,1,1,1,13,1,13,1,1,,,0,0,,1,1,1,1,0.07
Public Method,"org.apache.commons.math3.util.OpenIntToDoubleHashMapTest.testConcurrentModification",,,,,,,,,,,,,,11,10,7,5,0,7,2,2,1,,,,0,,,,,,,,,,,,,0,0,3,1,2,5,3,4,2,1,,,0,1,,2,2,1,2,0.10
Public Method,"org.apache.commons.math3.util.OpenIntToDoubleHashMapTest.testContainsKey",,,,,,,,,,,,,,15,15,10,8,1,14,4,4,0,,,,0,,,,,,,,,,,,,1,0,3,0,8,7,6,8,4,1,,,0,1,,4,4,1,4,0.00
Public Method,"org.apache.commons.math3.util.OpenIntToDoubleHashMapTest.testCopy",,,,,,,,,,,,,,8,7,4,11,0,6,2,2,0,,,,0,,,,,,,,,,,,,1,1,3,0,2,3,3,3,2,1,,,0,1,,2,2,1,2,0.00
Public Method,"org.apache.commons.math3.util.OpenIntToDoubleHashMapTest.testGetAbsent",,,,,,,,,,,,,,7,6,4,7,0,6,2,2,0,,,,0,,,,,,,,,,,,,0,1,3,0,2,3,4,2,2,1,,,0,1,,2,2,1,2,0.00
Public Method,"org.apache.commons.math3.util.OpenIntToDoubleHashMapTest.testGetFromEmpty",,,,,,,,,,,,,,6,6,4,4,0,5,1,1,0,,,,0,,,,,,,,,,,,,0,0,2,0,1,4,2,3,1,1,,,0,0,,1,1,1,1,0.00
Public Method,"org.apache.commons.math3.util.OpenIntToDoubleHashMapTest.testIterator",,,,,,,,,,,,,,20,19,15,15,1,17,3,3,1,,,,0,,,,,,,,,,,,,1,0,4,1,4,14,5,12,3,1,,,0,1,,3,3,1,3,0.05
Public Method,"org.apache.commons.math3.util.OpenIntToDoubleHashMapTest.testPutAbsentOnExisting",,,,,,,,,,,,,,9,9,6,12,0,8,2,2,0,,,,0,,,,,,,,,,,,,1,0,3,0,2,5,4,4,2,1,,,0,1,,2,2,1,2,0.00
Public Method,"org.apache.commons.math3.util.OpenIntToDoubleHashMapTest.testPutAndGet",,,,,,,,,,,,,,4,4,2,2,0,3,1,1,0,,,,0,,,,,,,,,,,,,0,0,2,0,1,2,2,1,1,1,,,0,0,,1,1,1,1,0.00
Public Method,"org.apache.commons.math3.util.OpenIntToDoubleHashMapTest.testPutAndGetWith0ExpectedSize",,,,,,,,,,,,,,4,4,2,2,0,3,1,1,0,,,,0,,,,,,,,,,,,,0,0,2,0,1,2,2,1,1,1,,,0,0,,1,1,1,1,0.00
Public Method,"org.apache.commons.math3.util.OpenIntToDoubleHashMapTest.testPutAndGetWithExpectedSize",,,,,,,,,,,,,,4,4,2,2,0,3,1,1,0,,,,0,,,,,,,,,,,,,0,0,2,0,1,2,2,1,1,1,,,0,0,,1,1,1,1,0.00
Public Method,"org.apache.commons.math3.util.OpenIntToDoubleHashMapTest.testPutKeysWithCollision2",,,,,,,,,,,,,,20,15,13,8,0,14,1,1,0,,,,0,,,,,,,,,,,,,0,1,6,4,1,13,6,8,1,1,,,0,0,,1,1,1,1,0.27
Public Method,"org.apache.commons.math3.util.OpenIntToDoubleHashMapTest.testPutKeysWithCollisions",,,,,,,,,,,,,,23,17,15,8,0,16,1,1,0,,,,0,,,,,,,,,,,,,0,1,7,5,1,15,7,9,1,1,,,0,0,,1,1,1,1,0.29
Public Method,"org.apache.commons.math3.util.OpenIntToDoubleHashMapTest.testPutOnExisting",,,,,,,,,,,,,,8,8,5,11,0,7,2,2,0,,,,0,,,,,,,,,,,,,1,0,2,0,2,4,3,4,2,1,,,0,1,,2,2,1,2,0.00
Public Method,"org.apache.commons.math3.util.OpenIntToDoubleHashMapTest.testRemove",,,,,,,,,,,,,,13,11,8,11,0,10,2,2,0,,,,0,,,,,,,,,,,,,1,1,3,1,2,7,4,6,2,1,,,0,1,,2,2,1,2,0.09
Public Method,"org.apache.commons.math3.util.OpenIntToDoubleHashMapTest.testRemove2",,,,,,,,,,,,,,17,15,12,13,0,14,3,3,2,,,,2,,,,,,,,,,,,,1,1,5,1,3,10,6,8,3,3,,,2,2,,3,3,3,3,0.07
Public Method,"org.apache.commons.math3.util.OpenIntToDoubleHashMapTest.testRemoveAbsent",,,,,,,,,,,,,,12,10,7,10,0,9,2,2,0,,,,0,,,,,,,,,,,,,0,2,4,0,2,6,5,4,2,1,,,0,1,,2,2,1,2,0.00
Public Method,"org.apache.commons.math3.util.OpenIntToDoubleHashMapTest.testRemoveFromEmpty",,,,,,,,,,,,,,4,4,2,4,0,3,1,1,0,,,,0,,,,,,,,,,,,,0,0,2,0,1,2,2,1,1,1,,,0,0,,1,1,1,1,0.00
Public Generic Class,"org.apache.commons.math3.util.OpenIntToFieldHashMap",2,1,1,5,3,,8,,18,25,0,14,11,590,303,186,,,235,,,,11,11,1,,2,2,15,9,2,0,7,,,8,25,0,,89,92,199,,165,89,146,,,11,14,,3,83,54,59,49,54,0.66
Public Class,"org.apache.commons.math3.util.OpenIntToFieldHashMap.Iterator",2,1,1,6,1,,0,,5,5,0,1,4,102,52,25,,,32,,,,5,1,1,,2,2,16,9,1,0,0,,,3,5,0,,16,12,34,,17,9,23,,,5,5,,2,33,14,14,5,14,0.65
Private Constructor,"org.apache.commons.math3.util.OpenIntToFieldHashMap.Iterator.Iterator",,,,,,,,,,,,,,17,8,5,4,0,5,2,2,1,,,,0,,,,,,,,,,,,,2,3,1,6,2,3,1,4,2,1,,,0,1,,2,2,1,2,0.75
Public Method,"org.apache.commons.math3.util.OpenIntToFieldHashMap.Iterator.advance",,,,,,,,,,,,,,28,16,9,2,1,9,5,5,1,,,,0,,,,,,,,,,,,,23,4,2,8,8,4,1,8,5,1,,,0,2,,5,5,1,5,0.50
Public Method,"org.apache.commons.math3.util.OpenIntToFieldHashMap.Iterator.hasNext",,,,,,,,,,,,,,7,3,1,1,0,2,1,1,0,,,,0,,,,,,,,,,,,,16,0,1,4,1,1,1,1,1,1,,,0,0,,1,1,1,1,1.33
Public Method,"org.apache.commons.math3.util.OpenIntToFieldHashMap.Iterator.key",,,,,,,,,,,,,,16,10,5,1,1,6,3,3,0,,,,0,,,,,,,,,,,,,18,0,2,6,4,3,1,5,3,1,,,0,1,,3,3,1,3,0.60
Public Method,"org.apache.commons.math3.util.OpenIntToFieldHashMap.Iterator.value",,,,,,,,,,,,,,16,10,5,1,1,6,3,3,0,,,,0,,,,,,,,,,,,,19,0,2,6,4,3,1,5,3,1,,,0,1,,3,3,1,3,0.60
Public Constructor,"org.apache.commons.math3.util.OpenIntToFieldHashMap.OpenIntToFieldHashMap",,,,,,,,,,,,,,7,3,1,3,0,2,1,1,0,,,,0,,,,,,,,,,,,,13,0,1,4,1,1,1,1,1,1,,,0,0,,1,1,1,1,1.33
Public Constructor,"org.apache.commons.math3.util.OpenIntToFieldHashMap.OpenIntToFieldHashMap",,,,,,,,,,,,,,8,3,1,2,0,2,1,1,0,,,,0,,,,,,,,,,,,,3,0,1,5,1,1,1,1,1,1,,,0,0,,1,1,1,1,1.67
Public Constructor,"org.apache.commons.math3.util.OpenIntToFieldHashMap.OpenIntToFieldHashMap",,,,,,,,,,,,,,8,3,1,3,0,2,1,1,0,,,,0,,,,,,,,,,,,,5,0,1,5,1,1,1,1,1,1,,,0,0,,1,1,1,1,1.67
Public Constructor,"org.apache.commons.math3.util.OpenIntToFieldHashMap.OpenIntToFieldHashMap",,,,,,,,,,,,,,16,10,7,9,0,8,1,1,0,,,,0,,,,,,,,,,,,,6,0,3,6,1,7,2,6,1,1,,,0,0,,1,1,1,1,0.60
Public Constructor,"org.apache.commons.math3.util.OpenIntToFieldHashMap.OpenIntToFieldHashMap",,,,,,,,,,,,,,18,14,12,11,0,13,1,1,0,,,,0,,,,,,,,,,,,,14,0,2,4,1,12,2,11,1,1,,,0,0,,1,1,1,1,0.29
TypeVariable,"org.apache.commons.math3.util.OpenIntToFieldHashMap.T",0,0,0,0,0,,0,,0,0,0,0,0,0,0,0,,,0,,,,0,0,1,,0,0,0,0,2,0,0,,,0,0,0,,0,0,0,,0,0,0,,,0,0,,0,0,0,0,0,0,0.00
Private Method,"org.apache.commons.math3.util.OpenIntToFieldHashMap.buildArray",,,,,,,,,,,,,,7,3,1,3,0,2,1,1,0,,,,0,,,,,,,,,,,,,5,0,1,4,1,1,1,1,1,1,,,0,0,,1,1,1,1,1.33
Private Static Method,"org.apache.commons.math3.util.OpenIntToFieldHashMap.changeIndexSign",,,,,,,,,,,,,,8,3,1,1,0,2,1,1,0,,,,0,,,,,,,,,,,,,3,0,1,5,1,1,1,1,1,1,,,0,0,,1,1,1,1,1.67
Private Static Method,"org.apache.commons.math3.util.OpenIntToFieldHashMap.computeCapacity",,,,,,,,,,,,,,16,11,7,4,0,8,3,3,2,,,,2,,,,,,,,,,,,,3,0,3,5,3,5,3,5,3,3,,,2,1,,3,3,3,3,0.45
Public Method,"org.apache.commons.math3.util.OpenIntToFieldHashMap.containsKey",,,,,,,,,,,,,,29,19,13,5,1,16,5,5,5,,,,5,,,,,,,,,,,,,10,5,4,5,5,11,5,11,5,5,,,5,2,,5,5,5,5,0.26
Private Method,"org.apache.commons.math3.util.OpenIntToFieldHashMap.containsKey",,,,,,,,,,,,,,10,3,1,1,0,2,1,3,0,,,,0,,,,,,,,,,,,,8,0,1,7,1,1,1,1,1,1,,,0,0,,1,3,1,1,2.33
Private Method,"org.apache.commons.math3.util.OpenIntToFieldHashMap.doRemove",,,,,,,,,,,,,,14,9,7,6,0,8,1,1,0,,,,0,,,,,,,,,,,,,5,0,2,5,1,7,2,6,1,1,,,0,0,,1,1,1,1,0.56
Private Method,"org.apache.commons.math3.util.OpenIntToFieldHashMap.findInsertionIndex",,,,,,,,,,,,,,8,3,1,2,0,2,1,1,0,,,,0,,,,,,,,,,,,,5,0,1,5,1,1,1,1,1,1,,,0,0,,1,1,1,1,1.67
Private Static Method,"org.apache.commons.math3.util.OpenIntToFieldHashMap.findInsertionIndex",,,,,,,,,,,,,,56,38,28,5,1,29,11,14,10,,,,10,,,,,,,,,,,,,9,8,7,10,26,18,6,23,11,11,,,10,3,,11,14,11,11,0.26
Public Method,"org.apache.commons.math3.util.OpenIntToFieldHashMap.get",,,,,,,,,,,,,,29,19,13,5,1,16,5,5,5,,,,5,,,,,,,,,,,,,26,5,4,5,5,11,5,11,5,5,,,5,2,,5,5,5,5,0.26
Private Method,"org.apache.commons.math3.util.OpenIntToFieldHashMap.growTable",,,,,,,,,,,,,,31,24,20,6,0,23,3,3,0,,,,0,,,,,,,,,,,,,7,4,12,3,3,20,13,10,3,1,,,0,2,,3,3,1,3,0.12
Private Static Method,"org.apache.commons.math3.util.OpenIntToFieldHashMap.hashOf",,,,,,,,,,,,,,9,4,2,1,0,3,1,1,0,,,,0,,,,,,,,,,,,,5,0,2,5,1,2,2,1,1,1,,,0,0,,1,1,1,1,1.25
Public Method,"org.apache.commons.math3.util.OpenIntToFieldHashMap.iterator",,,,,,,,,,,,,,10,3,1,2,0,2,1,1,0,,,,0,,,,,,,,,,,,,16,0,1,7,1,1,1,1,1,1,,,0,0,,1,1,1,1,2.33
Private Static Method,"org.apache.commons.math3.util.OpenIntToFieldHashMap.nextPowerOfTwo",,,,,,,,,,,,,,8,3,1,2,0,2,1,1,0,,,,0,,,,,,,,,,,,,2,0,1,5,1,1,1,1,1,1,,,0,0,,1,1,1,1,1.67
Private Static Method,"org.apache.commons.math3.util.OpenIntToFieldHashMap.perturb",,,,,,,,,,,,,,8,3,1,1,0,2,1,1,0,,,,0,,,,,,,,,,,,,5,0,1,5,1,1,1,1,1,1,,,0,0,,1,1,1,1,1.67
Private Static Method,"org.apache.commons.math3.util.OpenIntToFieldHashMap.probe",,,,,,,,,,,,,,9,3,1,1,0,2,1,1,0,,,,0,,,,,,,,,,,,,6,0,1,6,1,1,1,1,1,1,,,0,0,,1,1,1,1,2.00
Public Method,"org.apache.commons.math3.util.OpenIntToFieldHashMap.put",,,,,,,,,,,,,,28,21,16,10,1,17,4,4,0,,,,0,,,,,,,,,,,,,19,1,4,6,6,13,4,13,4,1,,,0,2,,4,4,1,4,0.29
Private Method,"org.apache.commons.math3.util.OpenIntToFieldHashMap.readObject",,,,,,,,,,,,,,12,5,2,2,0,3,1,1,0,,,,0,,,,,,,,,,,,,1,0,2,7,1,2,1,2,1,1,,,0,0,,1,1,1,1,1.40
Public Method,"org.apache.commons.math3.util.OpenIntToFieldHashMap.remove",,,,,,,,,,,,,,29,19,13,6,1,16,5,5,5,,,,5,,,,,,,,,,,,,16,5,4,5,5,11,5,11,5,5,,,5,2,,5,5,5,5,0.26
Private Method,"org.apache.commons.math3.util.OpenIntToFieldHashMap.shouldGrowTable",,,,,,,,,,,,,,7,3,1,1,0,2,1,1,0,,,,0,,,,,,,,,,,,,4,0,1,4,1,1,1,1,1,1,,,0,0,,1,1,1,1,1.33
Public Method,"org.apache.commons.math3.util.OpenIntToFieldHashMap.size",,,,,,,,,,,,,,7,3,1,1,0,2,1,1,0,,,,0,,,,,,,,,,,,,11,0,1,4,1,1,1,1,1,1,,,0,0,,1,1,1,1,1.33
Public Class,"org.apache.commons.math3.util.OpenIntToFieldTest",1,1,0,0,6,,0,,23,23,0,5,18,298,244,162,,,199,,,,4,3,1,,1,1,10,9,1,0,0,,,2,23,0,,36,89,18,,142,84,115,,,4,4,,2,39,44,44,25,44,0.07
Private Method,"org.apache.commons.math3.util.OpenIntToFieldTest.assertPutAndGet",,,,,,,,,,,,,,3,3,1,1,0,2,1,1,0,,,,0,,,,,,,,,,,,,5,0,1,0,1,1,1,1,1,1,,,0,0,,1,1,1,1,0.00
Private Method,"org.apache.commons.math3.util.OpenIntToFieldTest.assertPutAndGet",,,,,,,,,,,,,,11,11,7,8,0,9,3,3,0,,,,0,,,,,,,,,,,,,6,0,2,0,3,5,2,7,3,1,,,0,2,,3,3,1,3,0.00
Private Method,"org.apache.commons.math3.util.OpenIntToFieldTest.createFromJavaMap",,,,,,,,,,,,,,7,7,4,6,0,6,2,2,0,,,,0,,,,,,,,,,,,,12,0,2,0,2,3,3,3,2,1,,,0,1,,2,2,1,2,0.00
Private Method,"org.apache.commons.math3.util.OpenIntToFieldTest.generate",,,,,,,,,,,,,,13,13,10,5,1,12,3,3,1,,,,0,,,,,,,,,,,,,3,0,4,0,4,9,5,7,3,1,,,0,1,,3,3,1,3,0.00
Private Method,"org.apache.commons.math3.util.OpenIntToFieldTest.generateAbsent",,,,,,,,,,,,,,12,9,7,6,0,8,3,3,0,,,,0,,,,,,,,,,,,,5,0,2,3,2,5,3,5,3,1,,,0,2,,3,3,1,3,0.33
Public Method,"org.apache.commons.math3.util.OpenIntToFieldTest.setUp",,,,,,,,,,,,,,18,15,13,4,0,14,1,1,0,,,,0,,,,,,,,,,,,,3,2,1,1,1,13,1,13,1,1,,,0,0,,1,1,1,1,0.07
Public Method,"org.apache.commons.math3.util.OpenIntToFieldTest.testConcurrentModification",,,,,,,,,,,,,,11,10,7,6,0,7,2,2,1,,,,0,,,,,,,,,,,,,1,0,3,1,2,5,3,4,2,1,,,0,1,,2,2,1,2,0.10
Public Method,"org.apache.commons.math3.util.OpenIntToFieldTest.testContainsKey",,,,,,,,,,,,,,15,15,10,8,1,14,4,4,0,,,,0,,,,,,,,,,,,,2,0,3,0,8,7,6,8,4,1,,,0,1,,4,4,1,4,0.00
Public Method,"org.apache.commons.math3.util.OpenIntToFieldTest.testCopy",,,,,,,,,,,,,,8,7,4,9,0,6,2,2,0,,,,0,,,,,,,,,,,,,2,1,3,0,2,3,3,3,2,1,,,0,1,,2,2,1,2,0.00
Public Method,"org.apache.commons.math3.util.OpenIntToFieldTest.testGetAbsent",,,,,,,,,,,,,,7,6,4,8,0,6,2,2,0,,,,0,,,,,,,,,,,,,1,1,3,0,2,3,4,2,2,1,,,0,1,,2,2,1,2,0.00
Public Method,"org.apache.commons.math3.util.OpenIntToFieldTest.testGetFromEmpty",,,,,,,,,,,,,,6,6,4,5,0,5,1,1,0,,,,0,,,,,,,,,,,,,1,0,2,0,1,4,2,3,1,1,,,0,0,,1,1,1,1,0.00
Public Method,"org.apache.commons.math3.util.OpenIntToFieldTest.testIterator",,,,,,,,,,,,,,20,19,15,15,1,17,3,3,1,,,,0,,,,,,,,,,,,,2,0,4,1,4,14,5,12,3,1,,,0,1,,3,3,1,3,0.05
Public Method,"org.apache.commons.math3.util.OpenIntToFieldTest.testPutAbsentOnExisting",,,,,,,,,,,,,,9,9,6,10,0,8,2,2,0,,,,0,,,,,,,,,,,,,2,0,3,0,2,5,4,4,2,1,,,0,1,,2,2,1,2,0.00
Public Method,"org.apache.commons.math3.util.OpenIntToFieldTest.testPutAndGet",,,,,,,,,,,,,,4,4,2,2,0,3,1,1,0,,,,0,,,,,,,,,,,,,1,0,2,0,1,2,2,1,1,1,,,0,0,,1,1,1,1,0.00
Public Method,"org.apache.commons.math3.util.OpenIntToFieldTest.testPutAndGetWith0ExpectedSize",,,,,,,,,,,,,,4,4,2,2,0,3,1,1,0,,,,0,,,,,,,,,,,,,1,0,2,0,1,2,2,1,1,1,,,0,0,,1,1,1,1,0.00
Public Method,"org.apache.commons.math3.util.OpenIntToFieldTest.testPutAndGetWithExpectedSize",,,,,,,,,,,,,,4,4,2,2,0,3,1,1,0,,,,0,,,,,,,,,,,,,1,0,2,0,1,2,2,1,1,1,,,0,0,,1,1,1,1,0.00
Public Method,"org.apache.commons.math3.util.OpenIntToFieldTest.testPutKeysWithCollision2",,,,,,,,,,,,,,20,15,13,7,0,14,1,1,0,,,,0,,,,,,,,,,,,,1,1,6,4,1,13,6,8,1,1,,,0,0,,1,1,1,1,0.27
Public Method,"org.apache.commons.math3.util.OpenIntToFieldTest.testPutKeysWithCollisions",,,,,,,,,,,,,,23,17,15,7,0,16,1,1,0,,,,0,,,,,,,,,,,,,1,1,7,5,1,15,7,9,1,1,,,0,0,,1,1,1,1,0.29
Public Method,"org.apache.commons.math3.util.OpenIntToFieldTest.testPutOnExisting",,,,,,,,,,,,,,8,8,5,9,0,7,2,2,0,,,,0,,,,,,,,,,,,,2,0,2,0,2,4,3,4,2,1,,,0,1,,2,2,1,2,0.00
Public Method,"org.apache.commons.math3.util.OpenIntToFieldTest.testRemove",,,,,,,,,,,,,,13,11,8,12,0,10,2,2,0,,,,0,,,,,,,,,,,,,2,1,3,1,2,7,4,6,2,1,,,0,1,,2,2,1,2,0.09
Public Method,"org.apache.commons.math3.util.OpenIntToFieldTest.testRemove2",,,,,,,,,,,,,,17,15,12,14,0,14,3,3,2,,,,2,,,,,,,,,,,,,2,1,5,1,3,10,6,8,3,3,,,2,2,,3,3,3,3,0.07
Public Method,"org.apache.commons.math3.util.OpenIntToFieldTest.testRemoveAbsent",,,,,,,,,,,,,,12,10,7,11,0,9,2,2,0,,,,0,,,,,,,,,,,,,1,2,4,0,2,6,5,4,2,1,,,0,1,,2,2,1,2,0.00
Public Method,"org.apache.commons.math3.util.OpenIntToFieldTest.testRemoveFromEmpty",,,,,,,,,,,,,,4,4,2,5,0,3,1,1,0,,,,0,,,,,,,,,,,,,1,0,2,0,1,2,2,1,1,1,,,0,0,,1,1,1,1,0.00
Public Generic Class,"org.apache.commons.math3.util.Pair",2,1,0,5,0,,0,,6,6,0,0,6,98,41,21,,,24,,,,5,3,1,,2,2,11,5,1,3,0,,,2,6,0,,8,14,49,,15,12,12,,,5,6,,1,33,12,13,8,12,1.20
TypeVariable,"org.apache.commons.math3.util.Pair.K",0,0,0,0,0,,0,,0,0,0,0,0,0,0,0,,,0,,,,0,0,1,,0,0,0,0,1,0,0,,,0,0,0,,0,0,0,,0,0,0,,,0,0,,0,0,0,0,0,0,0.00
Public Constructor,"org.apache.commons.math3.util.Pair.Pair",,,,,,,,,,,,,,11,4,2,3,0,3,1,1,0,,,,0,,,,,,,,,,,,,9,0,1,7,1,2,1,2,1,1,,,0,0,,1,1,1,1,1.75
Public Constructor,"org.apache.commons.math3.util.Pair.Pair",,,,,,,,,,,,,,8,3,1,4,0,2,1,1,0,,,,0,,,,,,,,,,,,,1,0,1,5,1,1,1,1,1,1,,,0,0,,1,1,1,1,1.67
TypeVariable,"org.apache.commons.math3.util.Pair.V",0,0,0,0,0,,0,,0,0,0,0,0,0,0,0,,,0,,,,0,0,1,,0,0,0,0,1,0,0,,,0,0,0,,0,0,0,,0,0,0,,,0,0,,0,0,0,0,0,0,0.00
Public Method,"org.apache.commons.math3.util.Pair.equals",,,,,,,,,,,,,,23,16,12,2,0,7,5,6,2,,,,2,,,,,,,,,,,,,4,0,2,7,3,4,2,5,5,3,,,2,1,,5,6,3,5,0.44
Public Method,"org.apache.commons.math3.util.Pair.getKey",,,,,,,,,,,,,,8,3,1,1,0,2,1,1,0,,,,0,,,,,,,,,,,,,14,0,1,5,1,1,1,1,1,1,,,0,0,,1,1,1,1,1.67
Public Method,"org.apache.commons.math3.util.Pair.getValue",,,,,,,,,,,,,,8,3,1,1,0,2,1,1,0,,,,0,,,,,,,,,,,,,58,0,1,5,1,1,1,1,1,1,,,0,0,,1,1,1,1,1.67
Public Method,"org.apache.commons.math3.util.Pair.hashCode",,,,,,,,,,,,,,13,6,4,2,0,5,3,3,0,,,,0,,,,,,,,,,,,,3,2,3,5,1,4,3,2,3,1,,,0,0,,3,3,1,3,0.83
Public Class,"org.apache.commons.math3.util.PairTest",1,1,2,0,2,,0,,3,3,0,0,3,75,53,27,,,36,,,,1,1,1,,1,1,11,9,1,0,0,,,0,3,0,,14,24,8,,26,18,18,,,1,1,,0,0,3,3,3,3,0.15
Private Static Class,"org.apache.commons.math3.util.PairTest.MyInteger",1,1,0,0,0,,0,,4,4,0,0,4,28,21,7,,,12,,,,2,1,1,,1,1,4,4,1,0,0,,,1,4,0,,4,8,3,,6,6,6,,,2,2,,1,0,5,5,4,5,0.14
Public Constructor,"org.apache.commons.math3.util.PairTest.MyInteger.MyInteger",,,,,,,,,,,,,,3,3,1,2,0,2,1,1,0,,,,0,,,,,,,,,,,,,2,0,1,0,1,1,1,1,1,1,,,0,0,,1,1,1,1,0.00
Public Method,"org.apache.commons.math3.util.PairTest.MyInteger.equals",,,,,,,,,,,,,,7,7,4,1,0,4,2,2,1,,,,0,,,,,,,,,,,,,2,0,1,0,2,2,1,3,2,1,,,0,1,,2,2,1,2,0.00
Public Method,"org.apache.commons.math3.util.PairTest.MyInteger.hashCode",,,,,,,,,,,,,,3,3,1,1,0,2,1,1,0,,,,0,,,,,,,,,,,,,1,0,1,0,1,1,1,1,1,1,,,0,0,,1,1,1,1,0.00
Public Method,"org.apache.commons.math3.util.PairTest.MyInteger.set",,,,,,,,,,,,,,3,3,1,1,0,2,1,1,0,,,,0,,,,,,,,,,,,,2,0,1,0,1,1,1,1,1,1,,,0,0,,1,1,1,1,0.00
Public Method,"org.apache.commons.math3.util.PairTest.testAccessor",,,,,,,,,,,,,,6,6,3,5,0,4,1,1,0,,,,0,,,,,,,,,,,,,0,0,3,0,1,3,2,2,1,1,,,0,0,,1,1,1,1,0.00
Public Method,"org.apache.commons.math3.util.PairTest.testEquals",,,,,,,,,,,,,,16,12,10,4,0,11,1,1,0,,,,0,,,,,,,,,,,,,0,4,4,0,1,10,4,7,1,1,,,0,0,,1,1,1,1,0.00
Public Method,"org.apache.commons.math3.util.PairTest.testHashCode",,,,,,,,,,,,,,13,9,7,6,0,8,1,1,0,,,,0,,,,,,,,,,,,,0,2,5,2,1,7,5,3,1,1,,,0,0,,1,1,1,1,0.22
Public Class,"org.apache.commons.math3.util.Precision",1,1,0,11,4,,5,,1,21,0,2,19,495,190,121,,,115,,,,10,3,1,,2,3,20,8,1,0,20,,,0,21,0,,33,42,274,,74,38,77,,,17,17,,3,98,47,63,27,40,1.44
Private Constructor,"org.apache.commons.math3.util.Precision.Precision",,,,,,,,,,,,,,4,1,0,1,0,1,1,1,0,,,,0,,,,,,,,,,,,,0,0,1,3,1,0,1,0,1,1,,,0,0,,1,1,1,1,3.00
Public Static Method,"org.apache.commons.math3.util.Precision.compareTo",,,,,,,,,,,,,,18,8,5,2,0,6,3,3,2,,,,2,,,,,,,,,,,,,16,0,1,10,3,3,1,5,3,3,,,2,1,,3,3,3,3,1.25
Public Static Method,"org.apache.commons.math3.util.Precision.compareTo",,,,,,,,,,,,,,25,8,5,2,0,6,3,3,2,,,,2,,,,,,,,,,,,,6,0,1,17,3,3,1,5,3,3,,,2,1,,3,3,3,3,2.12
Public Static Method,"org.apache.commons.math3.util.Precision.equals",,,,,,,,,,,,,,33,12,8,4,1,9,3,5,0,,,,0,,,,,,,,,,,,,27,3,4,18,4,6,4,5,3,1,,,0,1,,3,5,1,3,1.50
Public Static Method,"org.apache.commons.math3.util.Precision.equals",,,,,,,,,,,,,,14,3,1,3,0,2,1,2,0,,,,0,,,,,,,,,,,,,13,0,1,11,1,1,1,1,1,1,,,0,0,,1,2,1,1,3.67
Public Static Method,"org.apache.commons.math3.util.Precision.equals",,,,,,,,,,,,,,11,3,1,2,0,2,1,1,0,,,,0,,,,,,,,,,,,,4,0,1,8,1,1,1,1,1,1,,,0,0,,1,1,1,1,2.67
Public Static Method,"org.apache.commons.math3.util.Precision.equals",,,,,,,,,,,,,,11,3,1,2,0,2,1,1,0,,,,0,,,,,,,,,,,,,7,0,1,8,1,1,1,1,1,1,,,0,0,,1,1,1,1,2.67
Public Static Method,"org.apache.commons.math3.util.Precision.equals",,,,,,,,,,,,,,13,3,1,3,0,2,1,2,0,,,,0,,,,,,,,,,,,,3,0,1,10,1,1,1,1,1,1,,,0,0,,1,2,1,1,3.33
Public Static Method,"org.apache.commons.math3.util.Precision.equals",,,,,,,,,,,,,,34,12,8,4,1,9,3,5,0,,,,0,,,,,,,,,,,,,9,3,4,19,4,6,4,5,3,1,,,0,1,,3,5,1,3,1.58
Public Static Method,"org.apache.commons.math3.util.Precision.equalsIncludingNaN",,,,,,,,,,,,,,14,3,1,3,0,2,1,2,0,,,,0,,,,,,,,,,,,,5,0,1,11,1,1,1,1,1,1,,,0,0,,1,2,1,1,3.67
Public Static Method,"org.apache.commons.math3.util.Precision.equalsIncludingNaN",,,,,,,,,,,,,,12,3,1,3,0,2,1,3,0,,,,0,,,,,,,,,,,,,8,0,1,9,1,1,1,1,1,1,,,0,0,,1,3,1,1,3.00
Public Static Method,"org.apache.commons.math3.util.Precision.equalsIncludingNaN",,,,,,,,,,,,,,12,3,1,3,0,2,1,3,0,,,,0,,,,,,,,,,,,,9,0,1,9,1,1,1,1,1,1,,,0,0,,1,3,1,1,3.00
Public Static Method,"org.apache.commons.math3.util.Precision.equalsIncludingNaN",,,,,,,,,,,,,,14,3,1,3,0,2,1,2,0,,,,0,,,,,,,,,,,,,3,0,1,11,1,1,1,1,1,1,,,0,0,,1,2,1,1,3.67
Public Static Method,"org.apache.commons.math3.util.Precision.equalsIncludingNaN",,,,,,,,,,,,,,15,3,1,3,0,2,1,3,0,,,,0,,,,,,,,,,,,,3,0,1,12,1,1,1,1,1,1,,,0,0,,1,3,1,1,4.00
Public Static Method,"org.apache.commons.math3.util.Precision.equalsIncludingNaN",,,,,,,,,,,,,,15,3,1,3,0,2,1,3,0,,,,0,,,,,,,,,,,,,4,0,1,12,1,1,1,1,1,1,,,0,0,,1,3,1,1,4.00
Public Static Method,"org.apache.commons.math3.util.Precision.representableDelta",,,,,,,,,,,,,,18,4,1,1,0,2,1,1,0,,,,0,,,,,,,,,,,,,3,0,2,14,1,1,1,1,1,1,,,0,0,,1,1,1,1,3.50
Public Static Method,"org.apache.commons.math3.util.Precision.round",,,,,,,,,,,,,,12,3,1,2,0,2,1,1,0,,,,0,,,,,,,,,,,,,4,0,1,9,1,1,1,1,1,1,,,0,0,,1,1,1,1,3.00
Public Static Method,"org.apache.commons.math3.util.Precision.round",,,,,,,,,,,,,,31,14,10,5,0,6,3,3,2,,,,2,,,,,,,,,,,,,4,0,1,17,3,3,1,5,3,3,,,2,2,,3,3,3,3,1.21
Public Static Method,"org.apache.commons.math3.util.Precision.round",,,,,,,,,,,,,,12,3,1,2,0,2,1,1,0,,,,0,,,,,,,,,,,,,4,0,1,9,1,1,1,1,1,1,,,0,0,,1,1,1,1,3.00
Public Static Method,"org.apache.commons.math3.util.Precision.round",,,,,,,,,,,,,,16,5,3,4,0,4,1,1,0,,,,0,,,,,,,,,,,,,4,0,3,11,1,3,3,1,1,1,,,0,0,,1,1,1,1,2.20
Private Static Method,"org.apache.commons.math3.util.Precision.roundUnscaled",,,,,,,,,,,,,,92,79,64,7,1,40,17,17,43,,,,0,,,,,,,,,,,,,13,0,6,15,17,30,4,36,10,1,,,0,3,,17,17,1,10,0.19
Public Class,"org.apache.commons.math3.util.PrecisionTest",1,1,4,1,5,,0,,13,13,0,0,13,468,362,309,,,321,,,,4,1,1,,1,1,33,26,1,0,0,,,0,13,0,,75,52,31,,296,38,283,,,4,4,,3,0,24,24,13,24,0.09
Public Method,"org.apache.commons.math3.util.PrecisionTest.testCompareToEpsilon",,,,,,,,,,,,,,7,7,5,4,0,6,1,1,0,,,,0,,,,,,,,,,,,,0,0,1,0,1,5,1,5,1,1,,,0,0,,1,1,1,1,0.00
Public Method,"org.apache.commons.math3.util.PrecisionTest.testCompareToMaxUlps",,,,,,,,,,,,,,35,29,25,4,0,27,3,3,1,,,,0,,,,,,,,,,,,,0,6,3,0,3,24,4,23,3,1,,,0,2,,3,3,1,3,0.00
Public Method,"org.apache.commons.math3.util.PrecisionTest.testEqualsIncludingNaN",,,,,,,,,,,,,,19,19,13,2,1,13,4,4,1,,,,0,,,,,,,,,,,,,1,0,7,0,4,9,4,9,4,1,,,0,3,,4,4,1,4,0.00
Public Method,"org.apache.commons.math3.util.PrecisionTest.testEqualsIncludingNaNWithAllowedDelta",,,,,,,,,,,,,,11,11,9,4,0,10,1,1,0,,,,0,,,,,,,,,,,,,0,0,1,0,1,9,1,9,1,1,,,0,0,,1,1,1,1,0.00
Public Method,"org.apache.commons.math3.util.PrecisionTest.testEqualsIncludingNaNWithAllowedUlps",,,,,,,,,,,,,,37,27,25,6,0,26,1,1,0,,,,0,,,,,,,,,,,,,0,10,3,0,1,25,3,23,1,1,,,0,0,,1,1,1,1,0.00
Public Method,"org.apache.commons.math3.util.PrecisionTest.testEqualsWithAllowedDelta",,,,,,,,,,,,,,11,11,9,4,0,10,1,1,0,,,,0,,,,,,,,,,,,,0,0,1,0,1,9,1,9,1,1,,,0,0,,1,1,1,1,0.00
Public Method,"org.apache.commons.math3.util.PrecisionTest.testEqualsWithAllowedUlps",,,,,,,,,,,,,,41,31,29,6,0,30,1,1,0,,,,0,,,,,,,,,,,,,0,10,3,0,1,29,3,27,1,1,,,0,0,,1,1,1,1,0.00
Public Method,"org.apache.commons.math3.util.PrecisionTest.testFloatEqualsWithAllowedUlps",,,,,,,,,,,,,,35,19,17,7,0,18,1,1,0,,,,0,,,,,,,,,,,,,0,6,2,10,1,17,2,16,1,1,,,0,0,,1,1,1,1,0.53
Public Method,"org.apache.commons.math3.util.PrecisionTest.testIssue721",,,,,,,,,,,,,,4,4,2,2,0,3,1,1,0,,,,0,,,,,,,,,,,,,2,0,1,0,1,2,1,2,1,1,,,0,0,,1,1,1,1,0.00
Public Method,"org.apache.commons.math3.util.PrecisionTest.testMath475",,,,,,,,,,,,,,17,10,8,5,0,9,1,1,0,,,,0,,,,,,,,,,,,,0,2,5,5,1,8,5,4,1,1,,,0,0,,1,1,1,1,0.50
Public Method,"org.apache.commons.math3.util.PrecisionTest.testRepresentableDelta",,,,,,,,,,,,,,14,13,9,3,0,12,3,3,0,,,,0,,,,,,,,,,,,,0,1,6,0,3,9,7,5,3,1,,,0,2,,3,3,1,3,0.00
Public Method,"org.apache.commons.math3.util.PrecisionTest.testRoundDouble",,,,,,,,,,,,,,107,87,83,5,1,82,3,3,2,,,,0,,,,,,,,,,,,,8,14,3,6,4,79,3,79,3,1,,,0,1,,3,3,1,3,0.07
Public Method,"org.apache.commons.math3.util.PrecisionTest.testRoundFloat",,,,,,,,,,,,,,95,79,75,5,1,74,3,3,2,,,,0,,,,,,,,,,,,,8,12,2,4,4,71,2,72,3,1,,,0,1,,3,3,1,3,0.05
Public Class,"org.apache.commons.math3.util.ResizableDoubleArray",1,1,0,10,6,,3,,38,39,1,3,32,899,325,205,,,218,,,,5,4,1,,1,1,19,7,3,0,1,,,7,39,3,,72,68,502,,143,62,156,,,5,10,,2,76,66,73,44,66,1.54
Public Constructor,"org.apache.commons.math3.util.ResizableDoubleArray.ResizableDoubleArray",,,,,,,,,,,,,,15,4,2,3,0,3,1,1,0,,,,0,,,,,,,,,,,,,4,0,1,11,1,2,1,2,1,1,,,0,0,,1,1,1,1,2.75
Public Constructor,"org.apache.commons.math3.util.ResizableDoubleArray.ResizableDoubleArray",,,,,,,,,,,,,,12,3,1,2,0,2,1,1,0,,,,0,,,,,,,,,,,,,5,0,1,9,1,1,1,1,1,1,,,0,0,,1,1,1,1,3.00
Public Constructor,"org.apache.commons.math3.util.ResizableDoubleArray.ResizableDoubleArray",,,,,,,,,,,,,,27,10,7,5,0,7,2,2,1,,,,0,,,,,,,,,,,,,6,0,1,17,2,5,1,6,2,1,,,0,1,,2,2,1,2,1.70
Public Constructor,"org.apache.commons.math3.util.ResizableDoubleArray.ResizableDoubleArray",,,,,,,,,,,,,,28,6,4,5,0,5,1,1,0,,,,0,,,,,,,,,,,,,3,0,1,22,1,4,1,4,1,1,,,0,0,,1,1,1,1,3.67
Public Constructor,"org.apache.commons.math3.util.ResizableDoubleArray.ResizableDoubleArray",,,,,,,,,,,,,,26,7,4,5,0,5,1,1,0,,,,0,,,,,,,,,,,,,6,0,2,19,1,4,1,4,1,1,,,0,0,,1,1,1,1,2.71
Public Constructor,"org.apache.commons.math3.util.ResizableDoubleArray.ResizableDoubleArray",,,,,,,,,,,,,,29,8,5,6,0,6,1,1,0,,,,0,,,,,,,,,,,,,8,0,2,21,1,5,1,5,1,1,,,0,0,,1,1,1,1,2.62
Public Constructor,"org.apache.commons.math3.util.ResizableDoubleArray.ResizableDoubleArray",,,,,,,,,,,,,,15,5,2,3,0,3,1,1,0,,,,0,,,,,,,,,,,,,3,0,2,10,1,2,1,2,1,1,,,0,0,,1,1,1,1,2.00
Public Method,"org.apache.commons.math3.util.ResizableDoubleArray.addElement",,,,,,,,,,,,,,15,10,6,5,1,7,3,3,0,,,,0,,,,,,,,,,,,,12,0,1,5,4,4,1,6,3,1,,,0,1,,3,3,1,3,0.50
Public Method,"org.apache.commons.math3.util.ResizableDoubleArray.addElementRolling",,,,,,,,,,,,,,34,12,8,6,1,9,3,3,0,,,,0,,,,,,,,,,,,,8,3,2,19,4,6,2,7,3,1,,,0,1,,3,3,1,3,1.58
Public Method,"org.apache.commons.math3.util.ResizableDoubleArray.addElements",,,,,,,,,,,,,,14,8,6,4,0,7,1,1,0,,,,0,,,,,,,,,,,,,6,0,2,6,1,6,2,5,1,1,,,0,0,,1,1,1,1,0.75
Protected Method,"org.apache.commons.math3.util.ResizableDoubleArray.checkContractExpand",,,,,,,,,,,,,,30,17,12,1,1,7,4,4,0,,,,0,,,,,,,,,,,,,7,3,1,10,8,3,1,6,4,1,,,0,1,,4,4,1,4,0.59
Public Method,"org.apache.commons.math3.util.ResizableDoubleArray.clear",,,,,,,,,,,,,,9,5,3,3,0,4,1,1,0,,,,0,,,,,,,,,,,,,2,0,1,4,1,3,1,3,1,1,,,0,0,,1,1,1,1,0.80
Public Method,"org.apache.commons.math3.util.ResizableDoubleArray.contract",,,,,,,,,,,,,,15,6,4,3,0,5,1,1,0,,,,0,,,,,,,,,,,,,6,2,2,7,1,4,2,3,1,1,,,0,0,,1,1,1,1,1.17
Public Static Method,"org.apache.commons.math3.util.ResizableDoubleArray.copy",,,,,,,,,,,,,,35,18,13,9,0,13,1,1,0,,,,0,,,,,,,,,,,,,13,0,2,17,1,10,1,12,1,1,,,0,0,,1,1,1,1,0.94
Public Method,"org.apache.commons.math3.util.ResizableDoubleArray.copy",,,,,,,,,,,,,,13,5,3,3,0,4,1,1,0,,,,0,,,,,,,,,,,,,2,0,2,8,1,3,2,2,1,1,,,0,0,,1,1,1,1,1.60
Private Method,"org.apache.commons.math3.util.ResizableDoubleArray.discardExtremeElements",,,,,,,,,,,,,,39,19,14,5,1,10,5,5,2,,,,0,,,,,,,,,,,,,7,0,1,20,8,5,1,9,5,1,,,0,2,,5,5,1,5,1.05
Public Method,"org.apache.commons.math3.util.ResizableDoubleArray.discardFrontElements",,,,,,,,,,,,,,16,3,1,1,0,2,1,1,0,,,,0,,,,,,,,,,,,,4,2,1,11,1,1,1,1,1,1,,,0,0,,1,1,1,1,3.67
Public Method,"org.apache.commons.math3.util.ResizableDoubleArray.discardMostRecentElements",,,,,,,,,,,,,,16,3,1,1,0,2,1,1,0,,,,0,,,,,,,,,,,,,5,2,1,11,1,1,1,1,1,1,,,0,0,,1,1,1,1,3.67
Public Method,"org.apache.commons.math3.util.ResizableDoubleArray.equals",,,,,,,,,,,,,,34,25,18,2,1,18,4,10,3,,,,3,,,,,,,,,,,,,11,0,3,9,4,12,3,15,4,4,,,3,1,,4,10,4,4,0.36
Protected Method,"org.apache.commons.math3.util.ResizableDoubleArray.expand",,,,,,,,,,,,,,28,11,8,4,0,8,2,2,1,,,,0,,,,,,,,,,,,,7,2,3,15,2,6,3,5,2,1,,,0,1,,2,2,1,2,1.36
Private Method,"org.apache.commons.math3.util.ResizableDoubleArray.expandTo",,,,,,,,,,,,,,11,5,3,2,0,4,1,1,0,,,,0,,,,,,,,,,,,,5,0,2,6,1,3,2,2,1,1,,,0,0,,1,1,1,1,1.20
Public Method,"org.apache.commons.math3.util.ResizableDoubleArray.getContractionCriteria",,,,,,,,,,,,,,15,3,1,1,0,2,1,1,0,,,,0,,,,,,,,,,,,,4,0,1,12,1,1,1,1,1,1,,,0,0,,1,1,1,1,4.00
Public Method,"org.apache.commons.math3.util.ResizableDoubleArray.getElement",,,,,,,,,,,,,,17,9,6,1,0,6,3,3,3,,,,3,,,,,,,,,,,,,7,0,1,8,3,3,1,5,3,3,,,3,1,,3,3,3,3,0.89
Public Method,"org.apache.commons.math3.util.ResizableDoubleArray.getElements",,,,,,,,,,,,,,13,6,4,2,0,4,1,1,0,,,,0,,,,,,,,,,,,,4,0,2,7,1,3,2,2,1,1,,,0,0,,1,1,1,1,1.17
Public Method,"org.apache.commons.math3.util.ResizableDoubleArray.getExpansionFactor",,,,,,,,,,,,,,15,3,1,1,0,2,1,1,0,,,,0,,,,,,,,,,,,,5,0,1,12,1,1,1,1,1,1,,,0,0,,1,1,1,1,4.00
Public Method,"org.apache.commons.math3.util.ResizableDoubleArray.getExpansionMode",,,,,,,,,,,,,,10,3,1,1,0,2,1,1,0,,,,0,,,,,,,,,,,,,3,0,1,7,1,1,1,1,1,1,,,0,0,,1,1,1,1,2.33
Method,"org.apache.commons.math3.util.ResizableDoubleArray.getInternalLength",,,,,,,,,,,,,,11,3,1,1,0,2,1,1,0,,,,0,,,,,,,,,,,,,7,0,1,8,1,1,1,1,1,1,,,0,0,,1,1,1,1,2.67
Public Method,"org.apache.commons.math3.util.ResizableDoubleArray.getInternalValues",,,,,,,,,,,,,,15,3,1,1,0,2,1,1,0,,,,0,,,,,,,,,,,,,2,0,1,12,1,1,1,1,1,1,,,0,0,,1,1,1,1,4.00
Public Method,"org.apache.commons.math3.util.ResizableDoubleArray.getNumElements",,,,,,,,,,,,,,9,3,1,1,0,2,1,1,0,,,,0,,,,,,,,,,,,,9,0,1,6,1,1,1,1,1,1,,,0,0,,1,1,1,1,2.00
Public Method,"org.apache.commons.math3.util.ResizableDoubleArray.hashCode",,,,,,,,,,,,,,17,11,9,2,0,10,1,1,0,,,,0,,,,,,,,,,,,,9,0,2,6,1,9,2,8,1,1,,,0,0,,1,1,1,1,0.55
Public Method,"org.apache.commons.math3.util.ResizableDoubleArray.setContractionCriteria",,,,,,,,,,,,,,11,6,3,3,0,4,1,1,0,,,,0,,,,,,,,,,,,,5,0,1,5,1,2,1,3,1,1,,,0,0,,1,1,1,1,0.83
Public Method,"org.apache.commons.math3.util.ResizableDoubleArray.setElement",,,,,,,,,,,,,,24,12,7,3,1,8,4,4,0,,,,0,,,,,,,,,,,,,6,0,1,12,8,4,1,7,4,1,,,0,1,,4,4,1,4,1.00
Public Method,"org.apache.commons.math3.util.ResizableDoubleArray.setExpansionFactor",,,,,,,,,,,,,,18,6,3,3,0,4,1,1,0,,,,0,,,,,,,,,,,,,2,0,1,12,1,2,1,3,1,1,,,0,0,,1,1,1,1,2.00
Public Method,"org.apache.commons.math3.util.ResizableDoubleArray.setExpansionMode",,,,,,,,,,,,,,19,12,8,2,0,5,2,3,0,,,,0,,,,,,,,,,,,,6,0,1,7,2,2,1,4,2,1,,,0,1,,2,3,1,2,0.58
Protected Method,"org.apache.commons.math3.util.ResizableDoubleArray.setInitialCapacity",,,,,,,,,,,,,,18,11,7,2,0,5,2,2,1,,,,0,,,,,,,,,,,,,6,0,1,7,2,2,1,4,2,1,,,0,1,,2,2,1,2,0.64
Public Method,"org.apache.commons.math3.util.ResizableDoubleArray.setNumElements",,,,,,,,,,,,,,26,11,7,3,1,6,3,3,0,,,,0,,,,,,,,,,,,,6,3,1,12,4,3,1,5,3,1,,,0,1,,3,3,1,3,1.09
Private Method,"org.apache.commons.math3.util.ResizableDoubleArray.shouldContract",,,,,,,,,,,,,,13,7,4,1,0,4,2,2,1,,,,0,,,,,,,,,,,,,9,0,1,6,2,2,1,3,2,1,,,0,1,,2,2,1,2,0.86
Public Method,"org.apache.commons.math3.util.ResizableDoubleArray.start",,,,,,,,,,,,,,12,3,1,1,0,2,1,1,0,,,,0,,,,,,,,,,,,,2,0,1,9,1,1,1,1,1,1,,,0,0,,1,1,1,1,3.00
Public Method,"org.apache.commons.math3.util.ResizableDoubleArray.substituteMostRecentElement",,,,,,,,,,,,,,22,9,6,3,0,6,2,2,0,,,,0,,,,,,,,,,,,,7,3,2,10,2,4,2,4,2,1,,,0,1,,2,2,1,2,1.11
Public Class,"org.apache.commons.math3.util.ResizableDoubleArrayTest",2,1,4,2,4,,0,,16,20,0,2,14,527,404,337,,,327,,,,5,1,2,,2,2,30,24,1,0,0,,,0,16,0,,88,56,47,,293,40,287,,,5,5,,1,0,33,33,16,33,0.12
Public Method,"org.apache.commons.math3.util.ResizableDoubleArrayTest.setUp",,,,,,,,,,,,,,4,4,2,3,0,3,1,1,0,,,,0,,,,,,,,,,,,,0,0,1,0,1,2,1,2,1,1,,,0,0,,1,1,1,1,0.00
Public Method,"org.apache.commons.math3.util.ResizableDoubleArrayTest.tearDown",,,,,,,,,,,,,,4,4,2,2,0,3,1,1,0,,,,0,,,,,,,,,,,,,0,0,1,0,1,2,1,2,1,1,,,0,0,,1,1,1,1,0.00
Public Method,"org.apache.commons.math3.util.ResizableDoubleArrayTest.testAdd1000",,,,,,,,,,,,,,6,6,4,3,0,3,1,1,0,,,,0,,,,,,,,,,,,,1,0,1,0,1,2,1,2,1,1,,,0,0,,1,1,1,1,0.00
Public Method,"org.apache.commons.math3.util.ResizableDoubleArrayTest.testAddElementRolling",,,,,,,,,,,,,,56,50,46,13,1,44,3,3,2,,,,0,,,,,,,,,,,,,2,2,3,11,4,41,2,42,3,1,,,0,1,,3,3,1,3,0.22
Public Method,"org.apache.commons.math3.util.ResizableDoubleArrayTest.testAddElements",,,,,,,,,,,,,,26,21,19,7,0,19,1,1,0,,,,0,,,,,,,,,,,,,1,3,2,6,1,18,2,17,1,1,,,0,0,,1,1,1,1,0.29
Public Method,"org.apache.commons.math3.util.ResizableDoubleArrayTest.testConstructors",,,,,,,,,,,,,,82,66,60,15,1,54,5,5,4,,,,0,,,,,,,,,,,,,2,11,7,5,16,49,7,47,5,1,,,0,1,,5,5,1,5,0.08
Public Method,"org.apache.commons.math3.util.ResizableDoubleArrayTest.testDiscard",,,,,,,,,,,,,,51,43,37,6,1,34,5,5,4,,,,0,,,,,,,,,,,,,1,8,1,0,16,29,1,33,5,1,,,0,1,,5,5,1,5,0.00
Public Method,"org.apache.commons.math3.util.ResizableDoubleArrayTest.testEqualsAndHashCode",,,,,,,,,,,,,,75,50,48,14,0,49,1,1,0,,,,0,,,,,,,,,,,,,0,13,7,12,1,48,7,42,1,1,,,0,0,,1,1,1,1,0.24
Public Method,"org.apache.commons.math3.util.ResizableDoubleArrayTest.testMutators",,,,,,,,,,,,,,22,20,16,8,1,13,3,3,2,,,,0,,,,,,,,,,,,,2,0,1,3,4,10,1,12,3,1,,,0,1,,3,3,1,3,0.15
Public Method,"org.apache.commons.math3.util.ResizableDoubleArrayTest.testSetElementArbitraryExpansion",,,,,,,,,,,,,,57,43,40,10,0,35,2,2,1,,,,0,,,,,,,,,,,,,3,9,3,5,2,33,2,33,2,1,,,0,1,,2,2,1,2,0.12
Public Method,"org.apache.commons.math3.util.ResizableDoubleArrayTest.testSetNumberOfElements",,,,,,,,,,,,,,23,19,16,6,0,16,2,2,1,,,,0,,,,,,,,,,,,,2,4,1,0,2,14,1,15,2,1,,,0,1,,2,2,1,2,0.00
Public Method,"org.apache.commons.math3.util.ResizableDoubleArrayTest.testSubstitute",,,,,,,,,,,,,,30,23,20,6,0,20,2,2,1,,,,0,,,,,,,,,,,,,1,7,1,0,2,18,1,19,2,1,,,0,1,,2,2,1,2,0.00
Public Method,"org.apache.commons.math3.util.ResizableDoubleArrayTest.testWithInitialCapacity",,,,,,,,,,,,,,19,13,10,6,0,12,2,2,0,,,,0,,,,,,,,,,,,,0,6,4,0,2,10,5,7,2,1,,,0,1,,2,2,1,2,0.00
Public Method,"org.apache.commons.math3.util.ResizableDoubleArrayTest.testWithInitialCapacityAndExpansionFactor",,,,,,,,,,,,,,21,14,11,7,0,13,2,2,0,,,,0,,,,,,,,,,,,,1,7,4,0,2,11,5,8,2,1,,,0,1,,2,2,1,2,0.00
Private Method,"org.apache.commons.math3.util.ResizableDoubleArrayTest.verifyEquality",,,,,,,,,,,,,,5,5,3,4,0,4,1,1,0,,,,0,,,,,,,,,,,,,3,0,1,0,1,3,1,3,1,1,,,0,0,,1,1,1,1,0.00
Private Method,"org.apache.commons.math3.util.ResizableDoubleArrayTest.verifyInequality",,,,,,,,,,,,,,5,5,3,3,0,4,1,1,0,,,,0,,,,,,,,,,,,,3,0,1,0,1,3,1,3,1,1,,,0,0,,1,1,1,1,0.00
Public Class,"org.apache.commons.math3.util.TestBean",1,1,0,3,2,,0,,6,6,0,0,6,50,21,7,,,14,,,,1,1,1,,1,1,5,2,1,0,0,,,2,6,0,,8,9,21,,7,9,5,,,1,1,,0,66,6,6,6,6,1.00
Public Method,"org.apache.commons.math3.util.TestBean.getX",,,,,,,,,,,,,,6,3,1,1,0,2,1,1,0,,,,0,,,,,,,,,,,,,1,0,1,3,1,1,1,1,1,1,,,0,0,,1,1,1,1,1.00
Public Method,"org.apache.commons.math3.util.TestBean.getY",,,,,,,,,,,,,,6,3,1,1,0,2,1,1,0,,,,0,,,,,,,,,,,,,1,0,1,3,1,1,1,1,1,1,,,0,0,,1,1,1,1,1.00
Public Method,"org.apache.commons.math3.util.TestBean.getZ",,,,,,,,,,,,,,6,3,1,2,0,2,1,1,0,,,,0,,,,,,,,,,,,,1,0,1,3,1,1,1,1,1,1,,,0,0,,1,1,1,1,1.00
Public Method,"org.apache.commons.math3.util.TestBean.setX",,,,,,,,,,,,,,6,3,1,1,0,2,1,1,0,,,,0,,,,,,,,,,,,,1,0,1,3,1,1,1,1,1,1,,,0,0,,1,1,1,1,1.00
Public Method,"org.apache.commons.math3.util.TestBean.setY",,,,,,,,,,,,,,6,3,1,1,0,2,1,1,0,,,,0,,,,,,,,,,,,,1,0,1,3,1,1,1,1,1,1,,,0,0,,1,1,1,1,1.00
Public Method,"org.apache.commons.math3.util.TestBean.setZ",,,,,,,,,,,,,,5,2,0,0,0,1,1,1,0,,,,0,,,,,,,,,,,,,0,0,1,3,1,0,1,0,1,1,,,0,0,,1,1,1,1,1.50
Public Class,"org.apache.commons.math3.util.TransformerMap",1,1,0,4,2,,1,,12,12,0,0,12,164,75,38,,,52,,,,7,7,1,,1,1,10,5,3,0,0,,,2,12,0,,18,22,71,,28,22,30,,,7,7,,3,58,21,22,18,21,0.95
Public Constructor,"org.apache.commons.math3.util.TransformerMap.TransformerMap",,,,,,,,,,,,,,7,4,2,3,0,3,1,1,0,,,,0,,,,,,,,,,,,,9,0,1,3,1,2,1,2,1,1,,,0,0,,1,1,1,1,0.75
Public Method,"org.apache.commons.math3.util.TransformerMap.classes",,,,,,,,,,,,,,7,3,1,2,0,2,1,1,0,,,,0,,,,,,,,,,,,,2,0,1,4,1,1,1,1,1,1,,,0,0,,1,1,1,1,1.33
Public Method,"org.apache.commons.math3.util.TransformerMap.clear",,,,,,,,,,,,,,6,3,1,1,0,2,1,1,0,,,,0,,,,,,,,,,,,,2,0,1,3,1,1,1,1,1,1,,,0,0,,1,1,1,1,1.00
Public Method,"org.apache.commons.math3.util.TransformerMap.containsClass",,,,,,,,,,,,,,8,3,1,2,0,2,1,1,0,,,,0,,,,,,,,,,,,,5,0,1,5,1,1,1,1,1,1,,,0,0,,1,1,1,1,1.67
Public Method,"org.apache.commons.math3.util.TransformerMap.containsTransformer",,,,,,,,,,,,,,8,3,1,2,0,2,1,1,0,,,,0,,,,,,,,,,,,,4,0,1,5,1,1,1,1,1,1,,,0,0,,1,1,1,1,1.67
Public Method,"org.apache.commons.math3.util.TransformerMap.equals",,,,,,,,,,,,,,22,21,13,7,1,15,7,7,10,,,,10,,,,,,,,,,,,,3,0,2,1,7,7,3,12,7,7,,,10,3,,7,7,7,7,0.05
Public Method,"org.apache.commons.math3.util.TransformerMap.getTransformer",,,,,,,,,,,,,,9,3,1,2,0,2,1,1,0,,,,0,,,,,,,,,,,,,4,0,1,6,1,1,1,1,1,1,,,0,0,,1,1,1,1,2.00
Public Method,"org.apache.commons.math3.util.TransformerMap.hashCode",,,,,,,,,,,,,,8,7,4,3,0,6,2,2,0,,,,0,,,,,,,,,,,,,2,0,2,1,2,3,3,3,2,1,,,0,1,,2,2,1,2,0.14
Public Method,"org.apache.commons.math3.util.TransformerMap.putTransformer",,,,,,,,,,,,,,11,3,1,2,0,2,1,1,0,,,,0,,,,,,,,,,,,,12,0,1,8,1,1,1,1,1,1,,,0,0,,1,1,1,1,2.67
Public Method,"org.apache.commons.math3.util.TransformerMap.removeTransformer",,,,,,,,,,,,,,9,3,1,2,0,2,1,1,0,,,,0,,,,,,,,,,,,,3,0,1,6,1,1,1,1,1,1,,,0,0,,1,1,1,1,2.00
Public Method,"org.apache.commons.math3.util.TransformerMap.transform",,,,,,,,,,,,,,24,12,8,4,0,8,3,4,1,,,,0,,,,,,,,,,,,,2,2,3,10,3,5,3,5,3,1,,,0,2,,3,4,1,3,0.83
Public Method,"org.apache.commons.math3.util.TransformerMap.transformers",,,,,,,,,,,,,,8,3,1,2,0,2,1,1,0,,,,0,,,,,,,,,,,,,2,0,1,5,1,1,1,1,1,1,,,0,0,,1,1,1,1,1.67
Public Class,"org.apache.commons.math3.util.TransformerMapTest",1,1,0,2,4,,0,,8,8,0,0,8,99,64,38,,,47,,,,1,1,1,,1,1,9,6,1,0,0,,,0,8,0,,11,33,24,,38,25,22,,,1,1,,0,0,8,8,8,8,0.38
Public Method,"org.apache.commons.math3.util.TransformerMapTest.testClasses",,,,,,,,,,,,,,9,6,4,5,0,5,1,1,0,,,,0,,,,,,,,,,,,,1,0,3,3,1,4,3,2,1,1,,,0,0,,1,1,1,1,0.50
Public Method,"org.apache.commons.math3.util.TransformerMapTest.testClear",,,,,,,,,,,,,,12,8,6,6,0,7,1,1,0,,,,0,,,,,,,,,,,,,1,1,3,3,1,6,3,4,1,1,,,0,0,,1,1,1,1,0.38
Public Method,"org.apache.commons.math3.util.TransformerMapTest.testContainsClass",,,,,,,,,,,,,,9,6,4,4,0,5,1,1,0,,,,0,,,,,,,,,,,,,1,0,3,3,1,4,3,2,1,1,,,0,0,,1,1,1,1,0.50
Public Method,"org.apache.commons.math3.util.TransformerMapTest.testContainsTransformer",,,,,,,,,,,,,,9,6,4,4,0,5,1,1,0,,,,0,,,,,,,,,,,,,1,0,3,3,1,4,3,2,1,1,,,0,0,,1,1,1,1,0.50
Public Method,"org.apache.commons.math3.util.TransformerMapTest.testPutTransformer",,,,,,,,,,,,,,10,6,4,4,0,5,1,1,0,,,,0,,,,,,,,,,,,,1,1,3,3,1,4,3,2,1,1,,,0,0,,1,1,1,1,0.50
Public Method,"org.apache.commons.math3.util.TransformerMapTest.testRemoveTransformer",,,,,,,,,,,,,,14,10,8,7,0,9,1,1,0,,,,0,,,,,,,,,,,,,1,1,3,3,1,8,3,6,1,1,,,0,0,,1,1,1,1,0.30
Public Method,"org.apache.commons.math3.util.TransformerMapTest.testSerial",,,,,,,,,,,,,,6,6,4,4,0,5,1,1,0,,,,0,,,,,,,,,,,,,1,0,3,0,1,4,3,2,1,1,,,0,0,,1,1,1,1,0.00
Public Method,"org.apache.commons.math3.util.TransformerMapTest.testTransformers",,,,,,,,,,,,,,9,6,4,5,0,5,1,1,0,,,,0,,,,,,,,,,,,,1,0,3,3,1,4,3,2,1,1,,,0,0,,1,1,1,1,0.50
File,"package-info.java",0,0,0,0,,0,0,,0,,0,0,0,22,1,0,,,1,,,,0,0,,,0,0,0,0,,,0,0,0,0,0,0,,0,1,21,,1,1,0,,,0,0,,0,,0,0,0,0,21.00
File,"package-info.java",0,0,0,0,,0,0,,0,,0,0,0,30,1,0,,,1,,,,0,0,,,0,0,0,0,,,0,0,0,0,0,0,,0,1,29,,1,1,0,,,0,0,,0,,0,0,0,0,29.00
File,"package-info.java",0,0,0,0,,0,0,,0,,0,0,0,24,1,0,,,1,,,,0,0,,,0,0,0,0,,,0,0,0,0,0,0,,0,1,23,,1,1,0,,,0,0,,0,,0,0,0,0,23.00
File,"package-info.java",0,0,0,0,,0,0,,0,,0,0,0,20,1,0,,,1,,,,0,0,,,0,0,0,0,,,0,0,0,0,0,0,,0,1,19,,1,1,0,,,0,0,,0,,0,0,0,0,19.00
File,"package-info.java",0,0,0,0,,0,0,,0,,0,0,0,20,1,0,,,1,,,,0,0,,,0,0,0,0,,,0,0,0,0,0,0,,0,1,19,,1,1,0,,,0,0,,0,,0,0,0,0,19.00
File,"package-info.java",0,0,0,0,,0,0,,0,,0,0,0,25,1,0,,,1,,,,0,0,,,0,0,0,0,,,0,0,0,0,0,0,,0,1,24,,1,1,0,,,0,0,,0,,0,0,0,0,24.00
File,"package-info.java",0,0,0,0,,0,0,,0,,0,0,0,24,1,0,,,1,,,,0,0,,,0,0,0,0,,,0,0,0,0,0,0,,0,1,23,,1,1,0,,,0,0,,0,,0,0,0,0,23.00
File,"package-info.java",0,0,0,0,,0,0,,0,,0,0,0,22,1,0,,,1,,,,0,0,,,0,0,0,0,,,0,0,0,0,0,0,,0,1,21,,1,1,0,,,0,0,,0,,0,0,0,0,21.00
File,"package-info.java",0,0,0,0,,0,0,,0,,0,0,0,24,1,0,,,1,,,,0,0,,,0,0,0,0,,,0,0,0,0,0,0,,0,1,23,,1,1,0,,,0,0,,0,,0,0,0,0,23.00
File,"package-info.java",0,0,0,0,,0,0,,0,,0,0,0,20,1,0,,,1,,,,0,0,,,0,0,0,0,,,0,0,0,0,0,0,,0,1,19,,1,1,0,,,0,0,,0,,0,0,0,0,19.00
File,"package-info.java",0,0,0,0,,0,0,,0,,0,0,0,20,1,0,,,1,,,,0,0,,,0,0,0,0,,,0,0,0,0,0,0,,0,1,19,,1,1,0,,,0,0,,0,,0,0,0,0,19.00
File,"package-info.java",0,0,0,0,,0,0,,0,,0,0,0,26,1,0,,,1,,,,0,0,,,0,0,0,0,,,0,0,0,0,0,0,,0,1,25,,1,1,0,,,0,0,,0,,0,0,0,0,25.00
File,"package-info.java",0,0,0,0,,0,0,,0,,0,0,0,22,1,0,,,1,,,,0,0,,,0,0,0,0,,,0,0,0,0,0,0,,0,1,21,,1,1,0,,,0,0,,0,,0,0,0,0,21.00
File,"package-info.java",0,0,0,0,,0,0,,0,,0,0,0,72,1,0,,,1,,,,0,0,,,0,0,0,0,,,0,0,0,0,0,0,,0,1,71,,1,1,0,,,0,0,,0,,0,0,0,0,71.00
File,"package-info.java",0,0,0,0,,0,0,,0,,0,0,0,60,1,0,,,1,,,,0,0,,,0,0,0,0,,,0,0,0,0,0,0,,0,1,59,,1,1,0,,,0,0,,0,,0,0,0,0,59.00
File,"package-info.java",0,0,0,0,,0,0,,0,,0,0,0,20,1,0,,,1,,,,0,0,,,0,0,0,0,,,0,0,0,0,0,0,,0,1,19,,1,1,0,,,0,0,,0,,0,0,0,0,19.00
File,"package-info.java",0,0,0,0,,0,0,,0,,0,0,0,23,1,0,,,1,,,,0,0,,,0,0,0,0,,,0,0,0,0,0,0,,0,1,22,,1,1,0,,,0,0,,0,,0,0,0,0,22.00
File,"package-info.java",0,0,0,0,,0,0,,0,,0,0,0,22,1,0,,,1,,,,0,0,,,0,0,0,0,,,0,0,0,0,0,0,,0,1,21,,1,1,0,,,0,0,,0,,0,0,0,0,21.00
File,"package-info.java",0,0,0,0,,0,0,,0,,0,0,0,20,1,0,,,1,,,,0,0,,,0,0,0,0,,,0,0,0,0,0,0,,0,1,19,,1,1,0,,,0,0,,0,,0,0,0,0,19.00
File,"package-info.java",0,0,0,0,,0,0,,0,,0,0,0,22,1,0,,,1,,,,0,0,,,0,0,0,0,,,0,0,0,0,0,0,,0,1,21,,1,1,0,,,0,0,,0,,0,0,0,0,21.00
File,"package-info.java",0,0,0,0,,0,0,,0,,0,0,0,23,1,0,,,1,,,,0,0,,,0,0,0,0,,,0,0,0,0,0,0,,0,1,22,,1,1,0,,,0,0,,0,,0,0,0,0,22.00
File,"package-info.java",0,0,0,0,,0,0,,0,,0,0,0,22,1,0,,,1,,,,0,0,,,0,0,0,0,,,0,0,0,0,0,0,,0,1,21,,1,1,0,,,0,0,,0,,0,0,0,0,21.00
File,"package-info.java",0,0,0,0,,0,0,,0,,0,0,0,23,1,0,,,1,,,,0,0,,,0,0,0,0,,,0,0,0,0,0,0,,0,1,22,,1,1,0,,,0,0,,0,,0,0,0,0,22.00
File,"package-info.java",0,0,0,0,,0,0,,0,,0,0,0,22,1,0,,,1,,,,0,0,,,0,0,0,0,,,0,0,0,0,0,0,,0,1,21,,1,1,0,,,0,0,,0,,0,0,0,0,21.00
File,"package-info.java",0,0,0,0,,0,0,,0,,0,0,0,22,1,0,,,1,,,,0,0,,,0,0,0,0,,,0,0,0,0,0,0,,0,1,21,,1,1,0,,,0,0,,0,,0,0,0,0,21.00
File,"package-info.java",0,0,0,0,,0,0,,0,,0,0,0,20,1,0,,,1,,,,0,0,,,0,0,0,0,,,0,0,0,0,0,0,,0,1,19,,1,1,0,,,0,0,,0,,0,0,0,0,19.00
File,"package-info.java",0,0,0,0,,0,0,,0,,0,0,0,20,1,0,,,1,,,,0,0,,,0,0,0,0,,,0,0,0,0,0,0,,0,1,19,,1,1,0,,,0,0,,0,,0,0,0,0,19.00
File,"package-info.java",0,0,0,0,,0,0,,0,,0,0,0,33,1,0,,,1,,,,0,0,,,0,0,0,0,,,0,0,0,0,0,0,,0,1,32,,1,1,0,,,0,0,,0,,0,0,0,0,32.00
File,"package-info.java",0,0,0,0,,0,0,,0,,0,0,0,20,1,0,,,1,,,,0,0,,,0,0,0,0,,,0,0,0,0,0,0,,0,1,19,,1,1,0,,,0,0,,0,,0,0,0,0,19.00
File,"package-info.java",0,0,0,0,,0,0,,0,,0,0,0,108,1,0,,,1,,,,0,0,,,0,0,0,0,,,0,0,0,0,0,0,,0,1,107,,1,1,0,,,0,0,,0,,0,0,0,0,107.00
File,"package-info.java",0,0,0,0,,0,0,,0,,0,0,0,44,1,0,,,1,,,,0,0,,,0,0,0,0,,,0,0,0,0,0,0,,0,1,43,,1,1,0,,,0,0,,0,,0,0,0,0,43.00
File,"package-info.java",0,0,0,0,,0,0,,0,,0,0,0,22,1,0,,,1,,,,0,0,,,0,0,0,0,,,0,0,0,0,0,0,,0,1,21,,1,1,0,,,0,0,,0,,0,0,0,0,21.00
File,"package-info.java",0,0,0,0,,0,0,,0,,0,0,0,96,1,0,,,1,,,,0,0,,,0,0,0,0,,,0,0,0,0,0,0,,0,1,95,,1,1,0,,,0,0,,0,,0,0,0,0,95.00
File,"package-info.java",0,0,0,0,,0,0,,0,,0,0,0,132,1,0,,,1,,,,0,0,,,0,0,0,0,,,0,0,0,0,0,0,,0,1,131,,1,1,0,,,0,0,,0,,0,0,0,0,131.00
File,"package-info.java",0,0,0,0,,0,0,,0,,0,0,0,24,1,0,,,1,,,,0,0,,,0,0,0,0,,,0,0,0,0,0,0,,0,1,23,,1,1,0,,,0,0,,0,,0,0,0,0,23.00
File,"package-info.java",0,0,0,0,,0,0,,0,,0,0,0,88,1,0,,,1,,,,0,0,,,0,0,0,0,,,0,0,0,0,0,0,,0,1,87,,1,1,0,,,0,0,,0,,0,0,0,0,87.00
File,"package-info.java",0,0,0,0,,0,0,,0,,0,0,0,22,1,0,,,1,,,,0,0,,,0,0,0,0,,,0,0,0,0,0,0,,0,1,21,,1,1,0,,,0,0,,0,,0,0,0,0,21.00
File,"package-info.java",0,0,0,0,,0,0,,0,,0,0,0,163,1,0,,,1,,,,0,0,,,0,0,0,0,,,0,0,0,0,0,0,,0,1,162,,1,1,0,,,0,0,,0,,0,0,0,0,162.00
File,"package-info.java",0,0,0,0,,0,0,,0,,0,0,0,24,1,0,,,1,,,,0,0,,,0,0,0,0,,,0,0,0,0,0,0,,0,1,23,,1,1,0,,,0,0,,0,,0,0,0,0,23.00
File,"package-info.java",0,0,0,0,,0,0,,0,,0,0,0,23,1,0,,,1,,,,0,0,,,0,0,0,0,,,0,0,0,0,0,0,,0,1,22,,1,1,0,,,0,0,,0,,0,0,0,0,22.00
File,"package-info.java",0,0,0,0,,0,0,,0,,0,0,0,20,1,0,,,1,,,,0,0,,,0,0,0,0,,,0,0,0,0,0,0,,0,1,19,,1,1,0,,,0,0,,0,,0,0,0,0,19.00
File,"package-info.java",0,0,0,0,,0,0,,0,,0,0,0,20,1,0,,,1,,,,0,0,,,0,0,0,0,,,0,0,0,0,0,0,,0,1,19,,1,1,0,,,0,0,,0,,0,0,0,0,19.00
File,"package-info.java",0,0,0,0,,0,0,,0,,0,0,0,22,1,0,,,1,,,,0,0,,,0,0,0,0,,,0,0,0,0,0,0,,0,1,21,,1,1,0,,,0,0,,0,,0,0,0,0,21.00
File,"package-info.java",0,0,0,0,,0,0,,0,,0,0,0,24,1,0,,,1,,,,0,0,,,0,0,0,0,,,0,0,0,0,0,0,,0,1,23,,1,1,0,,,0,0,,0,,0,0,0,0,23.00
File,"package-info.java",0,0,0,0,,0,0,,0,,0,0,0,22,1,0,,,1,,,,0,0,,,0,0,0,0,,,0,0,0,0,0,0,,0,1,21,,1,1,0,,,0,0,,0,,0,0,0,0,21.00
File,"package-info.java",0,0,0,0,,0,0,,0,,0,0,0,25,1,0,,,1,,,,0,0,,,0,0,0,0,,,0,0,0,0,0,0,,0,1,24,,1,1,0,,,0,0,,0,,0,0,0,0,24.00
